9.574389575061140190e-02 1.399514574894250574e-01 9.513907234698683324e-02 9.508183680036089158e-02 1.220101835191226280e-01 9.574825748482491961e-02 7.939206644687468728e-02 1.004842000454968798e-01 8.143725719963751386e-02 9.501177291665917346e-02
9.197771490997372346e-02 1.509345233107834139e-01 9.263208987729755484e-02 9.256148315565099205e-02 1.224397808512922986e-01 9.207408163799896128e-02 8.204916048334516543e-02 1.000152826285871238e-01 8.272150194141660029e-02 9.259438120365415248e-02
9.589939291544105626e-02 1.313497185019553704e-01 9.398980853692001647e-02 9.393768864538573626e-02 1.198966523533876588e-01 9.595757945881755457e-02 8.535816953338486168e-02 1.016353671720657964e-01 8.804907149066967809e-02 9.392655139197224334e-02
9.296232986261288023e-02 1.519304601508678354e-01 9.360688493285422573e-02 9.352735628945446633e-02 1.225970431034361097e-01 9.301729041689610344e-02 7.937499691753967246e-02 9.887791911286927804e-02 8.060569926132073182e-02 9.350001995214869688e-02
9.199546567585208112e-02 1.485563201204057604e-01 9.336268068004288656e-02 9.333416586487709721e-02 1.271672068463651217e-01 9.200614695309437818e-02 7.958835667063993147e-02 9.999909248963705088e-02 8.067093098986993782e-02 9.331963370921578238e-02
9.139666952252865906e-02 1.396283596764556767e-01 9.358319405945215996e-02 9.361981354847892511e-02 1.143772607424573817e-01 9.132044990248243399e-02 9.307397092656177762e-02 9.477370147558582258e-02 9.464500273280278264e-02 9.358157741319439449e-02
9.422124127935135873e-02 1.438938233596800675e-01 9.420770376340704966e-02 9.416297954389994673e-02 1.269166300429754868e-01 9.419228410455114664e-02 7.819468919304659038e-02 1.003163112162675924e-01 7.982190058430371771e-02 9.407243691251698792e-02
9.347436404357856166e-02 1.288063804822807967e-01 9.637335979962775856e-02 9.630544134249663379e-02 1.227927349799544793e-01 9.351398303571926973e-02 8.434725766353787235e-02 1.018051279076299803e-01 8.629020938403117458e-02 9.629114136114344524e-02
9.454891133052496788e-02 1.366225427575886164e-01 9.479068609097286713e-02 9.471901999498889835e-02 1.182213812272244341e-01 9.458760095914824084e-02 8.606048578725775111e-02 9.795207458805191281e-02 8.781885804018642327e-02 9.467843922405588808e-02
9.152614713258391821e-02 1.541152639719855777e-01 9.294328033887096219e-02 9.287195619058633000e-02 1.216487296081177061e-01 9.160844668986573014e-02 8.120651803655351553e-02 9.649189423290567558e-02 8.469398008487628859e-02 9.289378371365430986e-02
8.950912775926640752e-02 1.532045586592466480e-01 9.190049054703759712e-02 9.183627108069128409e-02 1.260399676425737470e-01 8.959020160057508397e-02 8.256038270589033390e-02 9.963076344287845332e-02 8.385450952667389268e-02 9.187372703516655248e-02
9.401161106443188531e-02 1.483770879415534372e-01 9.238677426292199457e-02 9.229217578696868873e-02 1.291865616444751175e-01 9.412449991225556312e-02 7.926163221782106527e-02 9.833826577418529336e-02 7.972571993621886677e-02 9.229567145916808824e-02
9.015888780908309919e-02 1.591238518328664808e-01 9.287650949221000485e-02 9.285624527193143962e-02 1.178566592980402755e-01 9.008381571151539979e-02 8.317359962621181935e-02 9.441137595339001154e-02 8.670417229716975704e-02 9.275488270758171228e-02
9.054529217808357511e-02 1.677051047163587716e-01 9.106035465632450476e-02 9.097691330136277454e-02 1.281989862291399440e-01 9.063046246881459322e-02 7.711408981243711436e-02 9.466080825674233479e-02 7.812796896446815020e-02 9.098001941626820965e-02
9.145097363482768138e-02 1.632086926284433415e-01 9.240984706392668668e-02 9.234728364807202883e-02 1.264055756379082740e-01 9.148285546084511388e-02 7.594756755630741041e-02 9.739701308434366156e-02 7.703526273175408112e-02 9.231492855357173455e-02
9.234554113850208801e-02 1.541375810382379363e-01 9.107903079453448514e-02 9.102456536840590473e-02 1.273318406727381724e-01 9.242010815015697101e-02 8.048479398532953910e-02 9.891968827361370675e-02 8.122220864395614248e-02 9.103464193452512343e-02
9.302666625142520795e-02 1.437821221044985054e-01 9.390658257778812523e-02 9.383290744657998839e-02 1.196817824798525748e-01 9.313418203664226847e-02 8.480631174352103174e-02 9.729771855233503020e-02 8.665423603311411815e-02 9.387749077424320521e-02
9.758383296110345606e-02 1.317551092651264300e-01 9.678182256875657308e-02 9.666728774944201297e-02 1.200268243815934971e-01 9.769624886923576612e-02 7.877732067553536166e-02 1.045723347532235004e-01 7.948539174098691318e-02 9.665382703499648953e-02
9.134531565853439006e-02 1.648840344293281690e-01 9.291788189781326202e-02 9.282665875465880012e-02 1.263916544330540570e-01 9.139262830600831944e-02 7.421148275755846957e-02 9.724689070535023905e-02 7.599974786199721610e-02 9.278370519569706376e-02
8.918221759975934748e-02 1.601000648921961922e-01 9.291694602295438865e-02 9.285714241243203659e-02 1.220829707513998580e-01 8.918195184879500192e-02 8.231821498149562155e-02 9.557369257136928697e-02 8.297769654621585389e-02 9.280910237338244051e-02
9.119003308634852922e-02 1.508232265237064162e-01 9.324479378612894609e-02 9.318601963998840443e-02 1.269645165634560313e-01 9.122736088512997665e-02 7.962822727037502379e-02 9.918516917018861678e-02 8.137742640507653058e-02 9.317322666960155264e-02
9.443025312931535575e-02 1.286153707940252966e-01 9.522790602488881428e-02 9.514269491151917946e-02 1.207798195175324579e-01 9.455677501199009904e-02 8.511594681830199349e-02 1.038826846326472847e-01 8.705304249228576485e-02 9.519550666749372614e-02
9.384183847676406953e-02 1.404198147951022657e-01 9.294626075617759553e-02 9.289216778272034458e-02 1.219908754657327010e-01 9.391240226289360171e-02 8.554190652874163470e-02 9.951652117249640273e-02 8.603717794253329387e-02 9.290103481683810449e-02
9.159104506177413729e-02 1.492907700994769160e-01 9.436025078471139971e-02 9.428629475079450262e-02 1.241917623616258515e-01 9.163781510377179418e-02 7.992598728059309432e-02 9.821034044804974328e-02 8.223295480888644093e-02 9.427277930031617570e-02
9.076207479808412470e-02 1.623896666713337822e-01 9.075893729383083253e-02 9.072682884135430115e-02 1.201745757831916284e-01 9.075570039290650759e-02 8.405930178459995739e-02 9.638478133765852884e-02 8.330998238389923649e-02 9.067815071314104525e-02
9.157454157517905258e-02 1.792904780827553057e-01 9.059940926300880104e-02 9.050911770977455861e-02 1.252386383640453904e-01 9.162522228732283835e-02 7.125143334300189368e-02 9.701461471120595426e-02 7.244525207753670093e-02 9.045129258616951828e-02
9.672721115758946275e-02 1.244210261139376134e-01 9.567637628989497656e-02 9.561049684347486255e-02 1.203695554957548985e-01 9.680093319969274024e-02 8.465543810909119393e-02 1.025771153116768059e-01 8.755412825437260127e-02 9.560771922451483107e-02
9.462519795675669587e-02 1.367009455019948527e-01 9.387590567723609614e-02 9.385606934626887499e-02 1.190028053610587278e-01 9.461821961924568591e-02 8.505340312100281852e-02 1.016443911663656996e-01 8.680688481312755223e-02 9.381617743694296851e-02
9.215289068107133941e-02 1.497787957578322338e-01 9.315812027195055633e-02 9.310109010541939289e-02 1.229933251661462085e-01 9.221113836486587167e-02 8.245142692867157841e-02 9.762302716609862208e-02 8.342282025359291919e-02 9.310736530435130553e-02
9.419371187478108032e-02 1.385160592611108521e-01 9.306204326083250544e-02 9.300432653936201166e-02 1.179260433566506477e-01 9.423655153556134700e-02 8.671460753977940084e-02 1.006757907712827887e-01 8.869605839270022773e-02 9.297480746793916617e-02
9.144046090747431910e-02 1.605777328432292372e-01 9.131510268945569608e-02 9.126806821847689710e-02 1.264139380368494436e-01 9.146462128422756799e-02 7.676983969665336638e-02 1.002662375605309908e-01 7.924710141471213998e-02 9.123689734839030008e-02
9.419968843276051162e-02 1.436300155728846006e-01 9.372900122224429864e-02 9.364859244051179643e-02 1.229274406103397083e-01 9.432087599634959851e-02 8.157207876920803680e-02 9.801478423236867354e-02 8.426852577299237534e-02 9.368899695034044184e-02
9.181967325480375197e-02 1.516474719805133431e-01 9.447982293351878114e-02 9.440386156806657159e-02 1.232050609406569602e-01 9.191372300902067582e-02 7.995552592226132238e-02 9.616644314314759523e-02 8.196282438935958981e-02 9.444559285865143650e-02
1.047390008837727760e-01 1.254604522746629869e-01 9.493044678919018708e-02 9.490012567068395466e-02 1.074689242155946467e-01 1.048249659642653264e-01 8.700875122329747302e-02 9.801740483034326878e-02 8.776392226076562553e-02 9.488600588742375497e-02
9.306749471880094993e-02 1.373388984230202725e-01 9.551690982308920497e-02 9.551281750206221111e-02 1.156312088590966541e-01 9.302921709657550886e-02 8.848699400886583799e-02 9.656475622188515073e-02 8.937708593650986466e-02 9.547461741009427572e-02
8.961013288809897837e-02 1.612433177553529995e-01 8.969784981588869999e-02 8.964496742613806135e-02 1.274320441903713519e-01 8.962506913765862226e-02 8.339381894131744910e-02 9.577977098793048760e-02 8.397548775065306892e-02 8.959754110659029491e-02
9.378702867359998974e-02 1.711553564522155235e-01 9.100772249605734721e-02 9.095229790153365468e-02 1.235248171947481155e-01 9.379376156881873150e-02 7.237462014176422598e-02 9.891884569060338528e-02 7.361295101763555560e-02 9.087259886302345713e-02
9.215375269234446498e-02 1.551493089952125926e-01 9.215607313341592222e-02 9.209468232578157942e-02 1.252393590398012957e-01 9.219491247951618063e-02 8.009867440599909016e-02 9.808554494778516653e-02 8.076020860298809001e-02 9.206748337715564556e-02
8.894426874470647004e-02 1.655965238658475003e-01 8.996442632787438054e-02 8.993008491378559621e-02 1.298857555844741829e-01 8.892829286595479998e-02 8.035265752850406784e-02 9.568176938707211032e-02 8.084210153228678364e-02 8.987411924949412212e-02
9.031133387334278062e-02 1.599710390300546348e-01 9.256099429713279814e-02 9.252466658064829874e-02 1.298564769844803568e-01 9.031690838637405905e-02 7.790224895201729172e-02 9.366542467455482579e-02 8.038988709833300161e-02 9.250102012306198052e-02
9.109435527503532970e-02 1.476591289502435789e-01 9.345283321401609555e-02 9.339357393548175512e-02 1.260997911872800692e-01 9.113419266584733835e-02 8.275884594526970728e-02 9.663544758428282977e-02 8.438614519513389090e-02 9.338568604740940526e-02
9.243428559955443879e-02 1.492644042242327607e-01 9.360627588493701523e-02 9.355034665423724027e-02 1.211711635018752342e-01 9.250630706192949915e-02 8.261913612428124776e-02 9.660551522198945751e-02 8.466666339919944051e-02 9.357590232776373529e-02
8.889262960968816185e-02 1.652581848426484257e-01 9.105768033297545472e-02 9.101231097521728097e-02 1.241677312442970582e-01 8.886946849585293517e-02 8.272687461101571604e-02 9.542093797265237265e-02 8.165214710115489827e-02 9.094203481449762705e-02
9.424566999836812842e-02 1.461144164350436092e-01 9.415110789943764713e-02 9.406100715391295386e-02 1.252945705705648394e-01 9.434903633285125768e-02 7.987578007809507941e-02 9.619621498130763448e-02 8.163988296089604024e-02 9.407231358952282407e-02
9.790223242666029613e-02 1.393616580248767389e-01 9.475469833374815243e-02 9.469480796141911683e-02 1.221504137967183018e-01 9.796129211343593268e-02 7.891005990199911890e-02 9.741516068073534373e-02 8.218371212114092272e-02 9.466596463926607585e-02
9.324508734881169214e-02 1.459334879474964153e-01 9.242986252481100173e-02 9.241000963159611004e-02 1.206005471551856029e-01 9.321380434360697353e-02 8.463492050233692443e-02 1.004229205445081458e-01 8.476802672743108391e-02 9.234133327421602255e-02
9.533276274883932533e-02 1.622034825224449861e-01 9.332573975429414581e-02 9.328110438926022485e-02 1.241030707547489398e-01 9.529896203794413490e-02 7.355899143162816789e-02 9.408310275998037209e-02 7.563985121397105715e-02 9.317293238688868773e-02
9.273358268294860929e-02 1.669732651655730926e-01 9.009238809663626391e-02 9.003884963782723960e-02 1.256114261002063415e-01 9.276660190117129445e-02 7.723798906580053858e-02 9.644935616717502380e-02 7.810452750227994678e-02 8.999201368038160787e-02
9.432436777732661204e-02 1.442288300315597571e-01 9.405289181729382941e-02 9.401956723719609443e-02 1.194725221277472271e-01 9.433876044581152032e-02 8.347960027271174310e-02 9.616449496909491856e-02 8.592695178852464977e-02 9.399201353273363424e-02
9.746317776606794325e-02 1.247071933586013370e-01 9.538218631773366651e-02 9.533797382224329375e-02 1.220608276625643057e-01 9.749790267128684296e-02 8.112677557589406674e-02 1.040168474206802640e-01 8.709903887767711517e-02 9.530807652725115098e-02
9.622618766693878667e-02 1.270819961489444982e-01 9.752067428023723783e-02 9.754190166450736610e-02 1.047481471417385374e-01 9.620979961897169197e-02 9.070653785977887684e-02 9.889109707063352406e-02 9.352063516287267841e-02 9.755302338537677476e-02
9.296062221370396395e-02 1.447825662237300359e-01 9.228644405865217559e-02 9.220292446934576225e-02 1.200403686293466110e-01 9.304272193113245770e-02 8.381755703233881305e-02 1.033357104627857237e-01 8.533896401238647011e-02 9.219212096657798672e-02
9.772622127359155420e-02 1.211646675631073700e-01 9.715818426889963333e-02 9.708244962053283467e-02 1.163664913531282930e-01 9.784211223409265690e-02 8.566848458222485474e-02 1.023551359855352366e-01 8.751499159329637068e-02 9.712126152559118208e-02
9.443661587865552487e-02 1.283208776237232673e-01 9.700678984274509198e-02 9.690353325217243574e-02 1.163918616973888820e-01 9.461039721474384656e-02 8.702630173592472429e-02 1.004356962630398864e-01 8.785781428220613976e-02 9.701011220940018720e-02
9.261414145063116832e-02 1.573408724981033568e-01 8.989888576132440412e-02 8.985068796885002651e-02 1.279841598597320218e-01 9.265805770023639865e-02 8.093641819708717600e-02 9.866458316213416735e-02 8.023024058754490984e-02 8.982195281435635670e-02
9.389456112231187035e-02 1.657832547279050883e-01 9.229336924659602148e-02 9.223542447012601786e-02 1.279742348535520824e-01 9.390120245081853834e-02 7.413312972301568105e-02 9.367103771305974880e-02 7.395330433766274247e-02 9.216048135495220894e-02
9.041690790618069073e-02 1.609418931790662088e-01 8.914173345066708776e-02 8.911993609111119874e-02 1.303649470913015862e-01 9.041558117376941039e-02 8.071346824529650188e-02 9.815468573706850886e-02 8.164987642963117409e-02 8.908097069590761863e-02
9.223488297570524297e-02 1.639138831151177034e-01 9.202900809082541211e-02 9.200034943499081630e-02 1.263234437552918088e-01 9.218134306207868833e-02 7.759616873864522146e-02 9.328880754113856588e-02 7.853338233092591048e-02 9.189873095528067193e-02
9.454486468772717311e-02 1.424457224997026927e-01 9.466984179724328985e-02 9.461546229616270287e-02 1.232931682087275022e-01 9.457093139588404473e-02 8.007558539586269453e-02 9.901385369519573321e-02 8.219101598508349316e-02 9.457955403841065978e-02
1.001748767519013844e-01 1.249623375222576466e-01 9.686793756407026390e-02 9.683936911322253704e-02 1.198587940997132700e-01 1.002081724097034082e-01 8.659294578445614343e-02 9.407666591499599940e-02 8.360127601828858113e-02 9.681762482139080750e-02
8.926619702091770359e-02 1.536900380540309474e-01 9.092189037795933571e-02 9.088445522656193876e-02 1.305012795243308543e-01 8.927857979154738000e-02 8.356696505650744455e-02 9.553028850702884045e-02 8.549672079212941589e-02 9.086358564898619483e-02
9.662098740685834408e-02 1.326510170686996948e-01 9.599155395422739878e-02 9.599795906460144301e-02 1.118327095507691965e-01 9.660722451743153361e-02 8.729951444555394957e-02 9.621188945514913549e-02 9.080515345147427420e-02 9.598199108523497447e-02
9.337151085786085658e-02 1.349569980920792001e-01 9.421267653186392310e-02 9.412752333510368552e-02 1.234600143752418999e-01 9.349707488149069934e-02 8.568660031079951278e-02 1.002713978167728281e-01 8.623648107242490313e-02 9.417972272636254694e-02
9.639858268178574940e-02 1.313934835014608782e-01 9.422291092301283977e-02 9.413618524002877186e-02 1.243417783676002975e-01 9.651821746789816803e-02 8.047151485920855940e-02 1.058122534058461156e-01 8.255316650391136823e-02 9.415190704924730758e-02
8.871746734897321962e-02 1.383449075919846727e-01 9.610055385621785184e-02 9.610743080727711385e-02 1.143091172480973222e-01 8.866658003109745279e-02 9.073832474585520613e-02 9.515109941115464098e-02 9.576684827993414695e-02 9.609767067940834517e-02
9.467665350466715479e-02 1.441141059434223881e-01 9.330904948703275248e-02 9.328001859739439017e-02 1.238720375506674326e-01 9.464711197138053755e-02 8.016754671262907306e-02 9.972083936556910833e-02 8.301355656796953475e-02 9.319908029926768367e-02
9.738009997678487295e-02 1.466680674809567042e-01 9.334037105442832827e-02 9.332797426476635572e-02 1.203390853778198849e-01 9.739547770273705718e-02 8.129370177680346476e-02 9.296271731260397075e-02 8.399198616046781030e-02 9.330051889263157872e-02
9.565568272638398650e-02 1.357811928262340762e-01 9.479592998326445696e-02 9.473291106757451840e-02 1.204347424726784493e-01 9.571251914120736115e-02 8.492468094165216141e-02 9.790978666213279169e-02 8.533713109307158873e-02 9.471542308580060965e-02
9.519315178092548069e-02 1.384099408915600848e-01 9.538641818443861775e-02 9.533126836566452322e-02 1.231351363869088722e-01 9.521110899523435589e-02 8.186560081801357025e-02 9.814296191714033668e-02 8.203911256094578719e-02 9.528530009916844068e-02
9.385988017595690847e-02 1.422116133021158746e-01 9.376445416587721182e-02 9.372196817764121002e-02 1.185607505612216311e-01 9.385206210038364583e-02 8.450290218210132487e-02 9.970511415155969281e-02 8.616269926646721866e-02 9.365855591667532343e-02
9.284966785394806188e-02 1.386477775883691033e-01 9.288102184386967664e-02 9.288096675505606858e-02 1.204801260948300118e-01 9.282604231587320009e-02 8.646862034262720043e-02 1.016494422220782790e-01 8.846628660060576466e-02 9.285004838274257821e-02
9.251060991274848155e-02 1.511599978036400060e-01 9.268921611965082186e-02 9.260798678616598278e-02 1.243328722655944046e-01 9.258515009303421028e-02 8.044367418252494628e-02 9.954349295408075615e-02 8.152885002436725814e-02 9.259814985819314614e-02
9.618548579599288384e-02 1.423172541285860626e-01 9.400146801833633714e-02 9.394620031751739486e-02 1.195630314028725549e-01 9.627543395969402618e-02 8.391608708462654220e-02 9.328064740466200655e-02 8.654897164117981989e-02 9.396542024653235792e-02
9.497723182333958625e-02 1.542154653578721724e-01 9.136421651312401360e-02 9.133380332555826597e-02 1.251405606825897743e-01 9.498114390187248346e-02 7.802414295039143688e-02 9.842449104019421191e-02 8.026382236190861275e-02 9.127512204314940092e-02
9.421796629121455269e-02 1.414577217594942260e-01 9.378235969335052546e-02 9.376664127027063700e-02 1.301271749701204128e-01 9.417131864788250151e-02 8.154212588018415475e-02 9.615518087781513290e-02 8.109242961014065387e-02 9.368708099952716140e-02
9.359935648468427349e-02 1.619758051522320330e-01 8.924714635532086937e-02 8.923878335857619859e-02 1.291120229359388472e-01 9.357961910933557115e-02 7.882949106855499655e-02 9.388001449373732654e-02 8.136212883841538457e-02 8.917563220320447182e-02
9.201901042047007373e-02 1.634808745881616288e-01 9.125238584830663857e-02 9.122661389774394669e-02 1.275817022638985609e-01 9.201483297835842678e-02 7.825169685876801062e-02 9.446911103558626455e-02 7.852084574807946526e-02 9.118292636062697021e-02
9.149712740207580075e-02 1.434223392430165056e-01 9.361732450798634919e-02 9.353369134129935203e-02 1.217947409763597555e-01 9.160319243750739138e-02 8.415505545057273828e-02 1.008286715421398416e-01 8.597168848350561499e-02 9.357616861553666454e-02
9.153766961005375957e-02 2.002840737701256368e-01 9.152302262712666558e-02 9.126698458433427086e-02 1.412511192062733401e-01 9.168153148809081443e-02 4.952561398855153535e-02 1.013499394428625383e-01 5.045007745129071602e-02 9.112996783129072298e-02
9.615351957208438660e-02 1.475499901048416829e-01 9.479916105981366081e-02 9.474627390651696457e-02 1.198705751593121399e-01 9.621618814220306293e-02 7.957479450303479862e-02 9.479963324192271223e-02 8.154615863321910962e-02 9.474370567705150958e-02
9.416552484774000364e-02 1.492502636100089819e-01 9.333744971068058671e-02 9.325425079022030272e-02 1.210770211239612509e-01 9.425758559724149721e-02 8.041431266958380675e-02 9.883176723725364821e-02 8.215769852943721752e-02 9.325412588387269053e-02
9.124179179503673354e-02 1.463035059867669463e-01 9.373435611916269838e-02 9.369394885405302187e-02 1.247087904105669831e-01 9.126280698188525553e-02 8.291445613792045033e-02 9.774044468999877611e-02 8.471364373719236784e-02 9.368625528741673925e-02
8.838027229506811855e-02 1.602814334590605960e-01 9.278121563118608972e-02 9.275453242963592471e-02 1.221109286143516742e-01 8.837795863503629390e-02 8.329339950887433563e-02 9.263599507266544186e-02 8.663617702429336764e-02 9.274808732982814385e-02
9.291082310753998041e-02 1.600672081737386232e-01 9.085737886583174217e-02 9.078493393092294805e-02 1.278974163325439506e-01 9.296705793346711488e-02 7.775453247637929832e-02 9.764573644822989451e-02 7.836855579513543613e-02 9.074635693621095622e-02
9.846877044819384028e-02 1.384388165509089497e-01 9.530979107183941423e-02 9.527728944692830104e-02 1.205131626657768296e-01 9.850168464604339147e-02 8.156918020265817304e-02 9.303686152540011078e-02 8.363292125811193356e-02 9.525152218413909799e-02
9.262968589407008513e-02 1.583818323185179344e-01 9.315757031850686876e-02 9.304258495607162227e-02 1.264617487183398448e-01 9.273597542294134688e-02 7.368118782786893528e-02 1.009506314557969964e-01 7.592537501245122389e-02 9.303340807543512836e-02
9.452240896430209871e-02 1.314023338046906575e-01 9.366047386736001124e-02 9.361620833361107563e-02 1.229738439064016059e-01 9.459246033444902724e-02 8.761275129879926571e-02 1.001564276044678153e-01 8.782667004475568084e-02 9.363642184116280354e-02
9.206190539748061730e-02 1.502462598383145775e-01 9.262601782453069865e-02 9.251641718407700721e-02 1.287269363151064827e-01 9.220243196223432136e-02 7.940036150595601583e-02 9.855408555294589701e-02 8.111076598952471350e-02 9.255481842982964114e-02
9.910068573080937915e-02 1.232391311088243957e-01 9.518310847338139202e-02 9.513120846762949945e-02 1.180899202571943363e-01 9.918932603090675759e-02 8.887381289217408109e-02 9.727035556250002157e-02 8.878358327597528354e-02 9.513886820060488136e-02
9.221972281647973502e-02 1.571618640495587582e-01 9.374299299815336273e-02 9.368053882024260370e-02 1.245413826619906628e-01 9.224026786640204811e-02 7.667504186541837519e-02 9.708121621166251880e-02 7.901816633965169645e-02 9.363880637044028066e-02
9.733315313176142680e-02 1.465822368909850126e-01 9.292448207989195685e-02 9.286427578277872685e-02 1.233087702888920056e-01 9.738047821663771419e-02 7.957185135600999826e-02 9.691164492887761883e-02 8.031037174278875257e-02 9.281273558137675961e-02
9.382724967805025629e-02 1.558986620776257603e-01 9.019380087144571179e-02 9.013858335244459563e-02 1.250575569892134198e-01 9.390279450223414093e-02 8.099135094107076660e-02 9.867335918004072060e-02 8.118672627583407853e-02 9.012991613204059116e-02
9.711286276786068594e-02 1.419088490294904414e-01 9.462361683314311767e-02 9.460348913126473414e-02 1.141669074315918159e-01 9.715364240534514473e-02 8.425093823244791946e-02 9.586994534458251338e-02 8.570360730091464152e-02 9.460614152335894422e-02
9.233399758017175885e-02 1.528752152035224854e-01 9.268337973533749552e-02 9.262784790230166321e-02 1.254687922983375725e-01 9.238231332396074080e-02 8.010318175283188957e-02 9.769744776074766601e-02 8.120904811964717307e-02 9.261877632314152731e-02
9.338700062428779980e-02 1.422247047162512879e-01 9.418256306599166738e-02 9.414267295718761752e-02 1.193102643411588781e-01 9.340636747152204766e-02 8.568732303677445428e-02 9.890138378400419039e-02 8.463680091316611032e-02 9.412091908965590503e-02
9.163408052332708276e-02 1.532234227368893809e-01 9.244282114348137402e-02 9.238809733897232479e-02 1.230655200884189643e-01 9.167168252885188329e-02 8.345719711156131260e-02 9.711094733723585337e-02 8.263546034998116296e-02 9.237077084128063331e-02
9.492016079041667997e-02 1.507797987994361211e-01 9.196440075466137676e-02 9.193436781178909722e-02 1.162579198078684539e-01 9.495052765302723630e-02 8.155454425368716120e-02 1.022163001206679994e-01 8.351180980082660577e-02 9.191017020761925449e-02
9.086656765204556563e-02 1.547971540241365740e-01 9.206970267714743861e-02 9.202630742481639203e-02 1.292765770517919910e-01 9.090534383441072064e-02 8.058168874742491217e-02 9.693525656134723001e-02 8.051447258292901421e-02 9.202692944395023111e-02
8.933836393775296258e-02 1.534408449962033905e-01 9.085278609326619126e-02 9.080559002784988065e-02 1.303216878789982824e-01 8.936868184408665317e-02 8.531650946525272394e-02 9.534414669400863296e-02 8.441748264242390776e-02 9.079390642015741641e-02
8.790169939318803749e-02 1.500793921258390118e-01 9.435998422024581556e-02 9.431153774288641989e-02 1.188414338522707642e-01 8.789569424771377648e-02 8.661231002888267194e-02 9.683616061655260510e-02 8.887217097732597049e-02 9.428961679509484384e-02
9.737983940755452761e-02 1.377701911021000092e-01 9.390927959139294678e-02 9.383629877410441800e-02 1.272671419716489005e-01 9.744765311921521622e-02 7.708216675283273422e-02 1.031147073315224066e-01 7.839347836395918478e-02 9.379924358566964215e-02
9.783838298862221339e-02 1.220125525544121514e-01 9.545795173906271303e-02 9.545382825092421641e-02 1.187933998642042993e-01 9.783526601642057730e-02 9.366574503482578973e-02 9.186454975869556838e-02 9.165203286470134658e-02 9.542629092813115221e-02
8.902688050107424034e-02 1.550751440215316912e-01 9.159907691626674453e-02 9.157055412396239436e-02 1.291278286602203229e-01 8.904990955587696599e-02 8.259570014906471302e-02 9.472276642758895027e-02 8.565194788142686810e-02 9.158019176298713704e-02
9.248562282680358737e-02 1.651672244533571032e-01 9.192256349762500944e-02 9.182804553325395192e-02 1.291109742724649290e-01 9.257083192951456874e-02 7.357749110801499459e-02 9.654147463414550212e-02 7.498701404321844732e-02 9.180875770160194793e-02
9.364750602184637729e-02 1.566288910794787215e-01 9.361903062678995913e-02 9.351782725410309749e-02 1.232040124767512096e-01 9.370330865291344458e-02 7.520881171904139628e-02 1.002316735263365510e-01 7.677854645794238153e-02 9.346039218479686161e-02
9.557792446939616937e-02 1.460626019818150323e-01 9.452243797570081263e-02 9.442157178953548835e-02 1.282206166392628743e-01 9.566285323239544225e-02 7.516406064828794198e-02 1.001058485696745826e-01 7.587185472739269021e-02 9.439022996653892439e-02
1.016523342624132686e-01 1.053447468055948300e-01 1.000883211489957542e-01 1.001252849382612692e-01 9.972222970678973342e-02 1.015940261324306398e-01 9.329558454404462964e-02 1.002183490783911390e-01 9.787123531774483132e-02 1.000878880653339464e-01
9.480954462782210934e-02 1.093998542089891640e-01 1.012900968983146410e-01 1.013247730948810960e-01 1.014788931911458775e-01 9.472751122056541351e-02 9.948048292850696084e-02 9.081055020106619524e-02 1.053771097230695453e-01 1.013011839056389696e-01
9.657650091798312963e-02 1.413311778945321728e-01 9.285404304698535727e-02 9.286035942758157080e-02 1.166244850731327359e-01 9.656363889245876686e-02 8.824056044743411320e-02 9.270332339133936783e-02 8.942006915455462390e-02 9.282584175399817561e-02
9.392152849643932433e-02 1.621649871382889740e-01 9.185429020177922343e-02 9.182515480085469417e-02 1.144619546693255996e-01 9.394990472893859079e-02 8.459467833039098494e-02 9.122687850260954856e-02 8.419453975708825200e-02 9.180608337428478039e-02
9.466814054933342382e-02 1.526246282258530429e-01 9.321952411820204343e-02 9.315658279737897007e-02 1.214536829042888733e-01 9.472350101679051504e-02 7.902469820625764030e-02 9.853038542502230712e-02 7.946593715465632979e-02 9.313291960221684040e-02
9.392169479097463303e-02 1.368148575962872260e-01 9.467891695022841170e-02 9.458052560975564738e-02 1.208737177626590664e-01 9.402764602678365113e-02 8.386700954596632007e-02 1.011110282403753224e-01 8.553192556418010017e-02 9.459267791278959392e-02
9.539383393044963133e-02 1.441623885479271505e-01 9.348699803033183597e-02 9.341010606924531057e-02 1.245115900841946704e-01 9.546211811401461578e-02 7.993893800016338425e-02 9.900322585188925384e-02 8.124966628616800413e-02 9.338113508561617093e-02
9.356030106614071640e-02 1.421347776262695817e-01 9.346113796047908484e-02 9.343165559550861698e-02 1.224338552953203874e-01 9.353837150333789430e-02 8.221777937000956937e-02 1.018044211730663451e-01 8.405072349713210711e-02 9.336697691273565525e-02
9.345028719552125884e-02 1.527721482628123240e-01 9.257827350352723639e-02 9.247706889503169714e-02 1.279603095840801119e-01 9.355691701125860849e-02 7.595488831177366063e-02 1.016129176561490211e-01 7.716505113293151141e-02 9.247213844691461182e-02
9.305277121302653331e-02 1.462734605711966673e-01 9.544084472887438830e-02 9.542257409092232134e-02 1.209177345062179137e-01 9.301359942294167016e-02 8.277982304323849849e-02 9.265841584821407628e-02 8.507471622251454313e-02 9.536606035285340177e-02
9.415082059207971477e-02 1.431393035085960219e-01 9.438074804404265883e-02 9.435208172924119951e-02 1.183609163515428470e-01 9.412132317048664543e-02 8.364619091158574660e-02 9.833473018646463060e-02 8.523243665458880847e-02 9.428144885137171305e-02
8.947425168003771134e-02 1.639652848337856961e-01 9.213451488392682132e-02 9.205071916319049197e-02 1.259790554758866976e-01 8.951467566222216787e-02 7.780723504163553073e-02 9.739376047479091081e-02 7.966358898100867059e-02 9.201691380351526006e-02
9.248361085270694060e-02 1.466996450488667059e-01 9.300875641469613653e-02 9.292117021786650000e-02 1.233661638198275401e-01 9.259079196917112398e-02 8.126069251716755426e-02 1.014875435135271786e-01 8.323601923550698334e-02 9.294560641066330897e-02
9.397045225318363670e-02 1.382575753527236218e-01 9.333723625217875408e-02 9.327279489896282694e-02 1.307401933579832587e-01 9.403891937957743752e-02 8.016700037126323064e-02 1.008397980501126029e-01 8.210699125374738838e-02 9.326903883026722852e-02
8.885623850057275397e-02 1.726711020972474531e-01 8.870455142847799568e-02 8.870549525037556282e-02 1.285955566981335507e-01 8.882476976385715595e-02 8.236608961972544107e-02 9.195274533097658187e-02 8.065797935473531521e-02 8.866547195589818964e-02
9.157131854371884649e-02 1.370727199110469974e-01 9.378360897731023715e-02 9.376196695198628361e-02 1.255597189474206010e-01 9.155785404791950965e-02 8.647514012591621391e-02 9.891430508752958872e-02 8.757135211885297421e-02 9.373201528829877560e-02
9.137408634390870033e-02 1.661849985880879677e-01 9.073844909414346960e-02 9.067230032196579859e-02 1.303782179186757928e-01 9.143048334577018321e-02 7.614083444525887590e-02 9.576881609204944412e-02 7.665937227607712290e-02 9.065244157406270042e-02
9.714733056504011588e-02 1.289067986254313625e-01 9.695141522403001588e-02 9.684432098899131702e-02 1.184705427116601595e-01 9.729762093358888808e-02 8.150799026990521168e-02 1.021767634158235877e-01 8.380751569997803296e-02 9.688970156555125335e-02
8.924680441160968980e-02 1.731116080526012846e-01 9.127435340954556664e-02 9.119599343248907530e-02 1.284207931253732449e-01 8.925797478735826573e-02 7.406185091723409275e-02 9.686389225247440948e-02 7.543894842267835632e-02 9.112778118863604226e-02
9.330824373816767880e-02 1.380092919103274862e-01 9.437194843279037015e-02 9.431046128026167319e-02 1.162279833561752351e-01 9.335138819740426697e-02 8.713508570291596256e-02 1.010234607875040297e-01 8.796846854701913243e-02 9.429366804743413710e-02
9.342792509301132975e-02 1.325763848003874146e-01 9.785889587812754420e-02 9.779628617186984785e-02 1.152545137998353675e-01 9.346984587634696307e-02 8.569327304662739675e-02 9.881988545291764403e-02 8.729943628517058962e-02 9.780355359570587492e-02
9.005531988389263442e-02 1.591903399640009209e-01 8.959319815973772194e-02 8.957218860086135770e-02 1.353557906367680308e-01 9.004677578343929512e-02 8.163939824968458048e-02 9.469746054101885191e-02 8.031841614243184768e-02 8.953111203816477293e-02
8.975723634819736396e-02 1.341354679506251701e-01 9.599975274447852813e-02 9.598736083924915008e-02 1.158469371748622051e-01 8.976641678648608624e-02 9.087299669989604145e-02 9.727721558159156678e-02 9.432998054476227079e-02 9.602663532985163120e-02
9.127240044376232209e-02 1.367187191269114699e-01 9.846575352474909448e-02 9.840799947662916269e-02 1.132023292327541814e-01 9.130062965052926360e-02 8.701285850849488357e-02 9.524535056777727604e-02 8.994785458121627719e-02 9.842610488717602746e-02
9.441693327015439341e-02 1.459586292566753540e-01 9.335503128544204998e-02 9.329955064736719650e-02 1.237755329094907542e-01 9.447200541110585548e-02 7.982101197004498605e-02 9.974002387628687349e-02 8.187386596671310246e-02 9.328741540671940669e-02
8.557254544980044675e-02 2.133670131304206408e-01 8.630773121891903432e-02 8.631878669758934197e-02 1.087409448958244068e-01 8.550319850167455160e-02 7.852391696268203047e-02 8.981788440085899938e-02 7.959718536927955224e-02 8.625079337295102344e-02
9.020517638754993461e-02 1.770669464985772934e-01 9.028181707434075609e-02 9.025414907227012618e-02 1.242111691280296387e-01 9.021910308010443191e-02 7.540600808656904019e-02 9.509657342970805061e-02 7.702369750165308226e-02 9.023535974119771541e-02
9.236546484792532152e-02 1.515473789471834531e-01 9.266010822743331321e-02 9.258794492251928854e-02 1.281297400365500050e-01 9.242913795415697020e-02 7.908033584782638015e-02 9.755388045299503985e-02 8.106906800591123785e-02 9.257694075749897666e-02
9.137225886936713171e-02 1.278776220468698377e-01 9.838988220248236216e-02 9.837452453487664783e-02 1.147669506480715612e-01 9.136720574206388945e-02 9.179386132168890211e-02 9.254476631663557940e-02 9.511573374116025215e-02 9.839719457678378078e-02
9.546316133572550766e-02 1.228027485868015273e-01 9.608348269770823624e-02 9.611840694327450363e-02 1.137184447243294594e-01 9.538733825334716476e-02 8.836663442080212871e-02 1.026553461439673604e-01 9.333430847752793857e-02 9.607012841651614565e-02
9.473990593447845221e-02 1.427696351659497598e-01 9.567735173566989382e-02 9.564864131860555119e-02 1.156447564010123219e-01 9.473935564953596400e-02 8.569786346019264700e-02 9.320424052175819984e-02 8.626105778295989346e-02 9.561719202983733068e-02
9.746918462617829015e-02 1.333272762399419775e-01 9.400432311051495904e-02 9.394109163864104717e-02 1.231955608873656904e-01 9.755271327971469508e-02 8.097281172867791532e-02 1.034976880543859307e-01 8.210616145958593570e-02 9.393318897499355891e-02
9.031667289461810244e-02 1.555217085113412001e-01 9.280978917397592065e-02 9.274926318276835446e-02 1.252359551316641895e-01 9.037502677557135433e-02 8.152614560221349560e-02 9.587432482722861582e-02 8.282724708254719792e-02 9.276386681807159695e-02
9.579772340094437622e-02 1.406566048215424081e-01 9.653596956401851170e-02 9.641250504722824466e-02 1.219016855993327181e-01 9.595883001125916911e-02 7.685778680384050543e-02 1.008377798162179845e-01 7.858059275869241911e-02 9.646052217692367703e-02
9.363418420403676889e-02 1.473168818488299059e-01 9.355930765229673873e-02 9.349323692738774338e-02 1.192230072620908965e-01 9.368589925974359078e-02 8.212283378272910994e-02 1.003472366875917121e-01 8.314510167368910354e-02 9.347231070160440247e-02
9.475795716373554278e-02 1.487950313500706889e-01 9.440545411147299726e-02 9.434002976095856585e-02 1.212006913341966002e-01 9.482918923279362589e-02 8.034752456204645454e-02 9.475930639871385508e-02 8.222420340668737393e-02 9.434061267932430939e-02
9.657355213818721862e-02 1.394176166174604381e-01 9.347238401637134042e-02 9.342629745787033035e-02 1.177752993979700458e-01 9.666632283880903509e-02 8.456152017332109472e-02 9.773059775974507479e-02 8.692435607365520123e-02 9.345205352661020703e-02
9.462039892786944240e-02 1.399977922639478178e-01 9.362469685672797359e-02 9.355227859271147972e-02 1.193225038205672078e-01 9.469953148834332757e-02 8.629051814824592603e-02 9.836632176989773546e-02 8.597745353262024881e-02 9.354850459906889626e-02
9.689053814189796388e-02 1.313827728136209572e-01 9.624614129930998685e-02 9.617791553655558046e-02 1.216560640328553378e-01 9.693128747544903223e-02 8.276238482421878484e-02 9.952405165485668503e-02 8.229176522820638717e-02 9.613707899302925686e-02
9.140697978991399464e-02 1.452365651058310225e-01 9.310031370479703028e-02 9.310237680136690397e-02 1.208197196642716992e-01 9.134674924665868445e-02 8.545861002860406785e-02 9.879088746796590992e-02 8.769780687619568860e-02 9.303999131439495696e-02
9.375939737269871344e-02 1.490471670244464808e-01 9.353355144408581623e-02 9.350950055979659337e-02 1.201972986304090663e-01 9.371744715525069658e-02 8.150240340883350976e-02 9.708146151063787310e-02 8.422493175363696127e-02 9.342684114020430308e-02
9.083506579531681890e-02 1.538057988293273226e-01 9.250810639723003326e-02 9.246730048900268784e-02 1.221129605695938231e-01 9.086289311364885435e-02 8.537857237936098687e-02 9.277166429749898746e-02 8.679632194935481271e-02 9.246131617966568683e-02
9.160325767649454831e-02 1.533472041793100538e-01 9.135369499176802799e-02 9.133368272721972825e-02 1.248152498800598337e-01 9.160405336615376481e-02 8.434794766224727736e-02 9.509046744257904082e-02 8.519829393550938657e-02 9.130614813865825519e-02
1.010643330739745271e-01 1.270979554508409604e-01 9.636930488543136997e-02 9.633754048912028523e-02 1.194200851471100139e-01 1.010803683213404858e-01 8.235002073617149476e-02 9.760320390010029934e-02 8.239380702307455562e-02 9.628338097283598018e-02
9.116267265385306906e-02 1.712662560530341105e-01 9.033239285020745746e-02 9.030208747396079039e-02 1.241224663614685364e-01 9.112459710481060626e-02 7.806191692133182536e-02 9.467319200444841709e-02 7.874133063877526706e-02 9.021308793810990656e-02
9.485742752558677660e-02 1.372309072915738337e-01 9.391671258693214119e-02 9.384715220615107156e-02 1.222150879301855675e-01 9.490171791710783067e-02 8.161866719580988805e-02 1.031638317966205448e-01 8.444181253869446901e-02 9.380668301133784914e-02
9.438184201311895782e-02 1.509995367173501968e-01 9.462012324258618767e-02 9.460237217980481395e-02 1.175567285883757224e-01 9.433201720457255746e-02 8.378817424715485906e-02 9.048013140679776745e-02 8.471851712459932404e-02 9.452055727563964116e-02
9.536240080835572952e-02 1.422923836981283552e-01 9.497620502931150566e-02 9.485347486751925794e-02 1.255269719052238553e-01 9.549356792703049546e-02 7.580552270712226370e-02 1.037489598242062327e-01 7.708449859334787213e-02 9.485601463975450176e-02
9.137044777897855574e-02 1.665718904950913293e-01 9.190163213935885478e-02 9.187256256271859878e-02 1.250303931564061000e-01 9.131956114749684161e-02 7.713688145922401040e-02 9.497607554251595585e-02 7.804269798275462189e-02 9.177785773545520109e-02
9.210624475224185592e-02 1.454656197250418781e-01 9.131334112398559189e-02 9.129825019312697021e-02 1.258096799355806761e-01 9.212133861553897796e-02 8.673040427294353982e-02 9.821476824450707521e-02 8.565077661281454702e-02 9.128957652421890168e-02
9.463901298606355872e-02 1.477666385974992502e-01 9.486320844626401627e-02 9.478909102489974092e-02 1.167464642250733153e-01 9.473003697352892771e-02 8.189933129293401615e-02 9.726430404048186373e-02 8.249433895491102564e-02 9.480757345834431304e-02
9.328091695196527589e-02 1.486785652459804985e-01 9.274930193952925228e-02 9.269588507186819759e-02 1.262009011878437725e-01 9.332431289153456100e-02 8.077898686287160457e-02 9.773302952724886861e-02 8.188141764229127373e-02 9.267668267886668143e-02
9.290605953277480955e-02 1.222504381590754224e-01 9.752419689149499638e-02 9.752275627183337736e-02 1.104331955360594308e-01 9.289741946908464110e-02 9.514597004264331581e-02 9.216212626330076707e-02 1.016182413517585648e-01 9.753959648197470245e-02
9.521412007157811774e-02 1.495776963500159151e-01 9.344821720100146556e-02 9.341172786744696144e-02 1.184520665889829266e-01 9.527114540663587927e-02 7.836632092795109417e-02 1.007211476411081219e-01 8.211860780718049924e-02 9.341895013809906057e-02
