7.935983202043075946e-02 1.125641365682331918e-01 8.246699752901262559e-02 9.005125752260684235e-02 9.553817459213660712e-02 1.378010642456494461e-01 1.202996162003385494e-01 9.115637355090082383e-02 9.514367772944742896e-02 9.561887004124372536e-02
8.412699077374947987e-02 1.088384224755769986e-01 8.596006876850882661e-02 9.072652375881211373e-02 9.431628388178961431e-02 1.403586006481012394e-01 1.151751079802073169e-01 9.106297925821466022e-02 9.504082392610135877e-02 9.439419852893837781e-02
8.720697909134973724e-02 1.061519026456034243e-01 9.355404087052544837e-02 9.038625128478487702e-02 9.796437284119634270e-02 1.241930321365737472e-01 1.139038985987814445e-01 9.251172375865568398e-02 9.609996167154856439e-02 9.802783710098078584e-02
7.663891415102382088e-02 1.255212128872507937e-01 8.030628692138076785e-02 9.543540316631825282e-02 8.965335693236012315e-02 1.471795134348890810e-01 1.186910322541191165e-01 8.638166918339840183e-02 9.044447285233170319e-02 8.974813821692795290e-02
8.112389633064687189e-02 1.132078604248201448e-01 8.560509957714312890e-02 9.203942120091086754e-02 9.368882412565104900e-02 1.365527126613513276e-01 1.178809481504880102e-01 9.101505172436449853e-02 9.515896271548703045e-02 9.372722308913711275e-02
9.429701551240368684e-02 1.089697724193842282e-01 9.316570957319737778e-02 9.715910142051069343e-02 9.253184680257271755e-02 1.283040459035283409e-01 1.060094604268849161e-01 9.229336284478927011e-02 9.476801877313162370e-02 9.250166632359715924e-02
7.816089777503745784e-02 1.131849123002940105e-01 9.171714196945467135e-02 9.046985998765279258e-02 9.396981377063014229e-02 1.340281388028603804e-01 1.188674788731556159e-01 9.137508206491692930e-02 9.418646241493534854e-02 9.404021204106263743e-02
8.289727409488335808e-02 1.229818437141571158e-01 8.969253468876756119e-02 1.001678709666626033e-01 9.179255264707172901e-02 1.216450226278841529e-01 1.162113127273469854e-01 8.795190522197951499e-02 9.478581611875122603e-02 9.187386719249573952e-02
8.705317246544622134e-02 1.070063994939395302e-01 8.889172478219897755e-02 9.054922630886814983e-02 9.554165888926539896e-02 1.317261008983769133e-01 1.145407492179726233e-01 9.308405192555939400e-02 9.597242273308269345e-02 9.563449328529007032e-02
8.201710974933944243e-02 1.131949039102998489e-01 7.903817687991430974e-02 9.110492553393262360e-02 9.245897521280965758e-02 1.484808812532685818e-01 1.178886126291538161e-01 8.930720785525494976e-02 9.397023454408988397e-02 9.253897243193687228e-02
8.357829960681480153e-02 1.154846653349503038e-01 9.107166249687570492e-02 9.445110318365979030e-02 9.063306557538963748e-02 1.370210108457217135e-01 1.142580901548035932e-01 8.969819418671479139e-02 9.310158181725397553e-02 9.070232679781567442e-02
7.825890682128637532e-02 1.197720014358585189e-01 8.117389243568287616e-02 8.852567409941809740e-02 9.277371696770468634e-02 1.435311322519806920e-01 1.252384234173279653e-01 8.654679740190700243e-02 9.129706120645851575e-02 9.288239396237528422e-02
7.933549774203645100e-02 1.199193421354059208e-01 8.783671303531241648e-02 9.038451735048594338e-02 8.581879244439839793e-02 1.605989479244085139e-01 1.175223100079862693e-01 8.409635356871872358e-02 8.862445522386580565e-02 8.586307056738150256e-02
7.320268078915362353e-02 1.345365589526008598e-01 7.666156807673513152e-02 9.440282562433129077e-02 8.589892668751435145e-02 1.598109733514677389e-01 1.219812210474750386e-01 8.100758546274462735e-02 8.650700523430866762e-02 8.599065477366869825e-02
7.358505354539859877e-02 1.252240652261767118e-01 8.346831760876433082e-02 9.407892587376667781e-02 8.848290582986828579e-02 1.529152141124786590e-01 1.189024579718139102e-01 8.521746503736009337e-02 8.956547714252290071e-02 8.856011765184981788e-02
8.056078236815433780e-02 1.178739470073829898e-01 8.530845020658113509e-02 9.074166977226302833e-02 9.241795881289301129e-02 1.432622444750778767e-01 1.192169821877197555e-01 8.693434309179323694e-02 9.120468122324240645e-02 9.247894085489224980e-02
8.405705744927752243e-02 1.157154688013289495e-01 8.629937236180844351e-02 9.291074119725371838e-02 9.225613524777553920e-02 1.401003293460438559e-01 1.167795130767583789e-01 8.638271734035504745e-02 9.316590849221273452e-02 9.233275668718578244e-02
7.982784129748933533e-02 1.085275772248516929e-01 8.503833331333326973e-02 9.333510197459557456e-02 9.877408106806535859e-02 1.259158435307425328e-01 1.153488603272153079e-01 9.615826174931807468e-02 9.816151951074886250e-02 9.891258000364000491e-02
7.601945545288425754e-02 1.062401270146074717e-01 8.043191034577022724e-02 8.450911873817747166e-02 9.341272431332739434e-02 1.582377445594668197e-01 1.225283287511015340e-01 8.983575383037994966e-02 9.525504238746942964e-02 9.352979460681540291e-02
8.064514564978479683e-02 1.215998564352121780e-01 8.356632702207553165e-02 9.467905959572855967e-02 8.722290913001953805e-02 1.527946051554355256e-01 1.168848626444101563e-01 8.423164140020801549e-02 9.107416678636276464e-02 8.730142618076300320e-02
8.118643692129194622e-02 1.108525433289644091e-01 8.669750562563643959e-02 8.904331597159771683e-02 9.289657070032551756e-02 1.413966641483845044e-01 1.200072606905900757e-01 8.983152366616177498e-02 9.511828324867199758e-02 9.296989569837560419e-02
8.512766365974970550e-02 1.161536966989685365e-01 9.059899746305438706e-02 9.752439706083250448e-02 9.450522102976811889e-02 1.209702300898183869e-01 1.139931487560725820e-01 9.118871543645166999e-02 9.534376698254026783e-02 9.459416282274382692e-02
8.555645109741363830e-02 1.158103482185696975e-01 8.705895508792167725e-02 9.319880069937666600e-02 9.384931302133187048e-02 1.330892199009414967e-01 1.161002908702345876e-01 8.841438080729022153e-02 9.301199366863742435e-02 9.391024662828267866e-02
7.786645009044798615e-02 1.276011331734897558e-01 8.344806313911200257e-02 1.005414215766435859e-01 8.915297611854890170e-02 1.387689211769237430e-01 1.160310134353063072e-01 8.534948136957191955e-02 9.200069652640412154e-02 8.923984339355166273e-02
8.515676292892281063e-02 1.073505006057069999e-01 8.253347474673566886e-02 8.492481072782391560e-02 9.181378071659744566e-02 1.586992529890722536e-01 1.179293555558136447e-01 8.778366046025594394e-02 9.194661875726377331e-02 9.186178251180759924e-02
6.312559654650941321e-02 1.726997146084081614e-01 6.489406618269544236e-02 1.200154968875064981e-01 8.097052689589033514e-02 1.528300598679071531e-01 1.075332995603236891e-01 7.653781844468815487e-02 8.031903597310273424e-02 8.107438503296841847e-02
8.600486506154697564e-02 1.075923079089482759e-01 8.945618497259712198e-02 8.996016904466995479e-02 9.825692191075414972e-02 1.215872069243221776e-01 1.178364376944374542e-01 9.368229517659833194e-02 9.728830123869190716e-02 9.833531006743369274e-02
8.544484254719723892e-02 1.126985267123872952e-01 8.836353394248346038e-02 9.337487880241750193e-02 9.497901910335358744e-02 1.308008493746718737e-01 1.142169526018967790e-01 9.079114769723567457e-02 9.432050336484792963e-02 9.500974585350863144e-02
8.203143355623912503e-02 1.153368774550531245e-01 8.592970145356118583e-02 9.190540058163203241e-02 9.164894345864002534e-02 1.419018580527998952e-01 1.170937280455271040e-01 8.970803747878235146e-02 9.272960043753721016e-02 9.171441948022797386e-02
8.471791390680485923e-02 1.195772801168558941e-01 9.140619550615471101e-02 9.610623893558271902e-02 9.197304131999668730e-02 1.324477730449493962e-01 1.129748769530371927e-01 8.775477669241006640e-02 9.099759187897386858e-02 9.204431164523457776e-02
7.807881786743711694e-02 1.127309850825502502e-01 8.180768929257367650e-02 8.837580781441072009e-02 9.291192616551695316e-02 1.508424618738953560e-01 1.199131383959455288e-01 8.945288506511188398e-02 9.291215795714689862e-02 9.297413048541160185e-02
8.104561138223148609e-02 1.156830133610923378e-01 8.373431364524680509e-02 9.092049843513055896e-02 9.364297002556656868e-02 1.397612329910477569e-01 1.198312995993061209e-01 8.843210270655214866e-02 9.322086376123191187e-02 9.372809409259429125e-02
7.903644733707858305e-02 1.174411828445008077e-01 7.955302968581991208e-02 9.174094036107809103e-02 9.077454949553093178e-02 1.485824911566108186e-01 1.207570035565747463e-01 8.779696481890769677e-02 9.346293158255720990e-02 9.085445916134123057e-02
8.599529129190758292e-02 1.033149874674311047e-01 9.699188440295110347e-02 9.277102869117749562e-02 1.035390081727813189e-01 1.222407383430260952e-01 1.047815749216881309e-01 9.295747541396674751e-02 9.384136350234806301e-02 1.035666477927223161e-01
8.918849340937504144e-02 1.102630830916980081e-01 8.863492221611177224e-02 9.720584818920405268e-02 9.370301193486783864e-02 1.289536536672339084e-01 1.092074861600123847e-01 9.286620355428316931e-02 9.625807594984070459e-02 9.371922182737311979e-02
7.980386734906441681e-02 1.328879910863599578e-01 8.571199678000042399e-02 9.513278602628692793e-02 8.564534247801698641e-02 1.490540283078127526e-01 1.182221427154443449e-01 8.194027389436317477e-02 8.588799330289720313e-02 8.571357805975383937e-02
6.897811876188841840e-02 1.298670492728620507e-01 7.360254106461742996e-02 9.356684848336667415e-02 8.919645802627203246e-02 1.660664726957687687e-01 1.192739165039652799e-01 8.342258239051840440e-02 8.675321030983239312e-02 8.927280249090849273e-02
8.238119679218618152e-02 1.064829850073171352e-01 8.217510315528588072e-02 8.549169584685296919e-02 9.467720319740793866e-02 1.476865658429373229e-01 1.203107744273458485e-01 9.121228866967824589e-02 9.482567772666469774e-02 9.475650933432382128e-02
8.024318510935392335e-02 1.238100039482997183e-01 7.992620747827743066e-02 9.270409638712867606e-02 8.867896381059081623e-02 1.511395596043327572e-01 1.198459413476127000e-01 8.506695464159415299e-02 8.985407245416143773e-02 8.873101521864838748e-02
7.583683255965149861e-02 1.277098296564130875e-01 7.901253286662798803e-02 9.355465617659587674e-02 8.783373689022470898e-02 1.509147985027588512e-01 1.227573910586052253e-01 8.436852530640219505e-02 9.013028486313212628e-02 8.788141211958849786e-02
8.371959973948786549e-02 1.168867049953849768e-01 8.300124752084850344e-02 9.416803682075801374e-02 9.209186057380820689e-02 1.371653969782102578e-01 1.180555004476004505e-01 8.814965978246186440e-02 9.459766901997772315e-02 9.216432412146211006e-02
8.093492821944843485e-02 1.223037939846831068e-01 8.099124256522588494e-02 9.556807741691061842e-02 9.056265660434276166e-02 1.445511605825268442e-01 1.173701593448801678e-01 8.533985424242751527e-02 9.175585026614629935e-02 9.062227677340832510e-02
8.484180416009538817e-02 1.099797700215171259e-01 8.158787748597995382e-02 8.797195836657201173e-02 9.096571368027490945e-02 1.551772361263198119e-01 1.181221781101372270e-01 8.692216876505062806e-02 9.339589153345032035e-02 9.103540175060260975e-02
7.893953584361966536e-02 1.180601047764407857e-01 8.266822650694298502e-02 9.228468494868892480e-02 9.311205844016746946e-02 1.396078729388982587e-01 1.201382226208875525e-01 8.884113125916708043e-02 9.313447643425648570e-02 9.321368623093079231e-02
7.774639321668151692e-02 1.166269289559523220e-01 8.380338663606536065e-02 9.197633365176044462e-02 9.640010246419647433e-02 1.360284544022872799e-01 1.193006214534144960e-01 8.822411239607003131e-02 9.342002851900590987e-02 9.647363830456615053e-02
8.489394355197291131e-02 1.104904057554696589e-01 9.062023985290557082e-02 8.966421952874355228e-02 9.337658805098958403e-02 1.384099731793572707e-01 1.149556236623305444e-01 9.147000611073970167e-02 9.270590356951377564e-02 9.341309673797736080e-02
7.100665514090506725e-02 1.234210763984402576e-01 7.367091285162463699e-02 9.111364547916335488e-02 9.179245655296862372e-02 1.607356448861049503e-01 1.223179791473330835e-01 8.397789497160380867e-02 9.010065782432434556e-02 9.186307674753189934e-02
7.666122982457951318e-02 1.124549397205904244e-01 8.114737020125269151e-02 8.332388391345119105e-02 9.192258803031658210e-02 1.633747402855618980e-01 1.230046389561087750e-01 8.666668735736059170e-02 8.945086247035342886e-02 9.199305924042490423e-02
8.404032945107313413e-02 1.130335865122197858e-01 8.543307889761275753e-02 9.484323145994701110e-02 9.489658639577308596e-02 1.357623290603342248e-01 1.131946726420126476e-01 8.913510418346280717e-02 9.471984065720430446e-02 9.494124074036021377e-02
8.096575705677480639e-02 1.142758706386251821e-01 9.583634139289934351e-02 9.598634633377207959e-02 9.725144467506915968e-02 1.159789693959890622e-01 1.137302857911016568e-01 9.338774787083091444e-02 9.527951780355661815e-02 9.730771904138113548e-02
9.019202056328061434e-02 1.056478018553464043e-01 9.731178620744060370e-02 1.001863513256087967e-01 9.570483946402089104e-02 1.238671220548233920e-01 1.020991400164955459e-01 9.236718881470432074e-02 9.694276944183032041e-02 9.568098025644913851e-02
8.452082776448055501e-02 1.118322807857419082e-01 8.788372777812401837e-02 9.133280418064587680e-02 9.369906635218677726e-02 1.377637571349198953e-01 1.150108451282303434e-01 9.099324141656414677e-02 9.316386514771657357e-02 9.379958431138986363e-02
8.606985694106375484e-02 1.077852244256721492e-01 9.030433015990375900e-02 9.249759754381731147e-02 9.822557113453783684e-02 1.195284254993846662e-01 1.149452215960319601e-01 9.464196834592164542e-02 9.769539605141876193e-02 9.830640830224818272e-02
8.706342761349168680e-02 1.119944347984421634e-01 9.291744184118798378e-02 9.863798566524722977e-02 9.460184779781906361e-02 1.217914211092769039e-01 1.109331650084307702e-01 9.019831036976090621e-02 9.716110924462324772e-02 9.470085655172005845e-02
7.921355947026206823e-02 1.249190086107901387e-01 8.439397075880188115e-02 9.184086948880128276e-02 9.055375845939234170e-02 1.460138436563880593e-01 1.193906666494174429e-01 8.505947739980579403e-02 8.800171581864350834e-02 9.061312968769751064e-02
7.195867399464050962e-02 1.230580454616515829e-01 7.840990771918163182e-02 9.075481262575739450e-02 9.092937300304262949e-02 1.574688115182356907e-01 1.218281068489395075e-01 8.499774047724095727e-02 8.958522981828725973e-02 9.100929853302275330e-02
7.852104123081941889e-02 1.292754956049195492e-01 8.568016586841199766e-02 9.213630772346260989e-02 8.787634695311284661e-02 1.483314934529239015e-01 1.206811241444373933e-01 8.286468478331644738e-02 8.672569747767293336e-02 8.790764276092290219e-02
7.320303375685018044e-02 1.315092214986879060e-01 8.106323270545658100e-02 9.353925301510372659e-02 8.679526010806250247e-02 1.572765274592149709e-01 1.206577789702309306e-01 8.229725314454931773e-02 8.681236366479304356e-02 8.684607567705084075e-02
7.976725142215147779e-02 1.149762745247339679e-01 8.223380827959748951e-02 9.115791265764550122e-02 9.407784060327671616e-02 1.385113859387871460e-01 1.201039287842599890e-01 9.067426732970437775e-02 9.434899193412067675e-02 9.414833852572268569e-02
8.510794278381329792e-02 1.151573520093943787e-01 8.637391159314175559e-02 9.614339574452657189e-02 9.834724054339342991e-02 1.189431398078371477e-01 1.141639363236181537e-01 9.222670806433200252e-02 9.515519350964823930e-02 9.838117962029502284e-02
8.465393704934469354e-02 1.168882856494267292e-01 8.711108132152624306e-02 9.170275860332148532e-02 9.036971055487173776e-02 1.374520348860530927e-01 1.180141158100958682e-01 9.123713044376091652e-02 9.215136841021007164e-02 9.041957727138909273e-02
8.600904459299833771e-02 1.115933988001835825e-01 8.960061627998784639e-02 9.568073463066140150e-02 9.518421222823894579e-02 1.311461602185632069e-01 1.102850611781029250e-01 9.074926836301080990e-02 9.457218728398640584e-02 9.517931642426655237e-02
8.639482350422102164e-02 1.162965453550221656e-01 8.452240482310088843e-02 9.477734959801834003e-02 9.419195571070161643e-02 1.278884377977846654e-01 1.174728802293504154e-01 8.909145403919570272e-02 9.508249723121205144e-02 9.428165171139318845e-02
8.128680334722235279e-02 1.117151039981333221e-01 9.000185517566815230e-02 9.150556478608927458e-02 9.737625968753783889e-02 1.237681870028067566e-01 1.175700390211184138e-01 9.403196690709418604e-02 9.526883250581755225e-02 9.747538756851213682e-02
9.039594966865510672e-02 1.139919675621732797e-01 9.032790746121593939e-02 9.926239793146889034e-02 8.835690509575937213e-02 1.325512727038009875e-01 1.097717573627983167e-01 9.121094987564939971e-02 9.576794269647581626e-02 8.836294964200290536e-02
8.121093555069938685e-02 1.069940363796441918e-01 8.703527270109200076e-02 8.440600835760549148e-02 9.575240395286925554e-02 1.419109120042666150e-01 1.221880476895015888e-01 9.014986897425976420e-02 9.455018068024041711e-02 9.580233370982134400e-02
7.769606692058010633e-02 1.213048493419018187e-01 8.187721466110625679e-02 9.031329152894258805e-02 9.303959954473496607e-02 1.474785543343908323e-01 1.199564719187684730e-01 8.606696952474952866e-02 8.921307118742288766e-02 9.305391103740258407e-02
8.166397224451651948e-02 1.242842842313091611e-01 8.655654594451710204e-02 9.649514973551405472e-02 9.191461460031224995e-02 1.321983934764680013e-01 1.171273206655776555e-01 8.656651993929467825e-02 9.120472013560307345e-02 9.198847902688750411e-02
8.078627022345670483e-02 1.190767258957411423e-01 8.474767619209186420e-02 9.547192096819070994e-02 9.379311576210523638e-02 1.319892956986656873e-01 1.177212634564623051e-01 8.839932116844337329e-02 9.414858392785215024e-02 9.386582670699089581e-02
8.582746879439587251e-02 1.060304358161524851e-01 8.603335009212889628e-02 8.824417237198158015e-02 9.519400295417429492e-02 1.382620395216947184e-01 1.157630216896609471e-01 9.411128452891848184e-02 9.527687520894716211e-02 9.525734902194551990e-02
8.498237101778118030e-02 1.199595546022314968e-01 9.694121524650643751e-02 9.820791458323001322e-02 9.120004704502814030e-02 1.269176579895806567e-01 1.107638281045496692e-01 8.853999682512646296e-02 9.128083485049340307e-02 9.120657973547255382e-02
7.979837474130493935e-02 1.207480784137804769e-01 8.254963124298753119e-02 9.474149298195298774e-02 9.170110799313774264e-02 1.419861018938265995e-01 1.175364623980145046e-01 8.712130227017207684e-02 9.202041703605969014e-02 9.179703102876345111e-02
8.035163422795456312e-02 1.260700936383432336e-01 8.198728702366542276e-02 9.704357197104133970e-02 9.213750179679650043e-02 1.389031792945487898e-01 1.163343087829622896e-01 8.490199775590281939e-02 9.007600848188589138e-02 9.219441702689916418e-02
7.401769741113826961e-02 1.293592901434417464e-01 8.332737967345844876e-02 9.186610309997260415e-02 8.999512184460195519e-02 1.500559081680373774e-01 1.211443086866000607e-01 8.350672262822123049e-02 8.669010683970435061e-02 9.003736150482398448e-02
7.835298340923724236e-02 1.303051597462935585e-01 8.398437994978028009e-02 9.561075702436415413e-02 9.034039316878023085e-02 1.323563174795736874e-01 1.217878426560471822e-01 8.681163676888929703e-02 9.007734636325769040e-02 9.037318343377666319e-02
7.885123788250404664e-02 1.155923088060262088e-01 8.264075884726246324e-02 8.759951472592185373e-02 9.353090869053970469e-02 1.471046836240546274e-01 1.184723051548392803e-01 9.338604691625557175e-02 8.927402024639229106e-02 9.354821510620395242e-02
7.547828004481026143e-02 1.240147342806097869e-01 8.323845245980245056e-02 8.911720194734279454e-02 8.863433896485420349e-02 1.575620861647782367e-01 1.226718039488984280e-01 8.261016537011485472e-02 8.800163985596769212e-02 8.867129696282133322e-02
8.408701883096315888e-02 1.171745208152668027e-01 9.009743611940343455e-02 9.715043212640976644e-02 9.145811232548831105e-02 1.322245396148926111e-01 1.132015826419983523e-01 8.941567799092058066e-02 9.364344540626078073e-02 9.154723412839624319e-02
5.375296034856381910e-02 8.781442928544554161e-02 5.744267907450974903e-02 6.687238491289626552e-02 9.879594045792935986e-02 1.979542966406248050e-01 1.429975268347908335e-01 9.573273900847366347e-02 9.948891348105613763e-02 9.914812995570984611e-02
7.841239292936641458e-02 1.149295694478968538e-01 8.330352212647532117e-02 9.281425134968759871e-02 9.471095709230227533e-02 1.430517358570584652e-01 1.163353985800170964e-01 8.822087494098405924e-02 9.344969307864328667e-02 9.477160459756864275e-02
8.022393842546421405e-02 1.148145187017532431e-01 7.994719143226096392e-02 9.152460263186641687e-02 9.390498858158910500e-02 1.448866213515709322e-01 1.179339490456476347e-01 8.956139209757706110e-02 9.320091141744955843e-02 9.400188631482087054e-02
8.325907355553825717e-02 1.142896953627788315e-01 8.972215850150960792e-02 9.192965808965236629e-02 9.156580063775683620e-02 1.375475527334642234e-01 1.178763966725328988e-01 8.803443098941070299e-02 9.415856406717137972e-02 9.161666939018489608e-02
8.050567658832472051e-02 1.268611526552285707e-01 8.298101333026623727e-02 9.630401246506181678e-02 8.538622518691250940e-02 1.542397237792081932e-01 1.173021735012582806e-01 8.128135239318147465e-02 8.971673267569656163e-02 8.542193742486163532e-02
7.663149199394511668e-02 1.205744908024718454e-01 7.762152428706001195e-02 8.837381873609005678e-02 9.145374830751938633e-02 1.540057776979646131e-01 1.233797546210465973e-01 8.681776899736876052e-02 8.959695668292526338e-02 9.154466787360836244e-02
7.940547716831605762e-02 1.195981064063170174e-01 8.031316216608226644e-02 9.428332601367329924e-02 9.580173178575007720e-02 1.356411238498418659e-01 1.178744551854573885e-01 8.844458496073481779e-02 9.279696903239854910e-02 9.584106343142868856e-02
7.392308440054068397e-02 1.167423035150452065e-01 7.863286667339540459e-02 9.188693728169820829e-02 9.284087538303649467e-02 1.490567714860281112e-01 1.201380826189529932e-01 9.023326477412374480e-02 9.356905678664668990e-02 9.297675708053247667e-02
8.898107731853580060e-02 1.139721105039813581e-01 8.787333915012277008e-02 9.507905492207030518e-02 9.601482488641197022e-02 1.219086665085979265e-01 1.145260582132518329e-01 9.042064916311746969e-02 9.516163696495780200e-02 9.606258236895279246e-02
7.931613913974483454e-02 1.207168189067019670e-01 8.279441707063091294e-02 9.354620528690399395e-02 9.197892661270903880e-02 1.394309997228819209e-01 1.203890643783516040e-01 8.708257790952722566e-02 9.264620595773451206e-02 9.209864501481400401e-02
8.789719021627637185e-02 1.160890097814109567e-01 8.910828891964028831e-02 9.597578874647580416e-02 9.801987076228400875e-02 1.190412689427370607e-01 1.141692442871391766e-01 8.744360784512482387e-02 9.417989231587751975e-02 9.807583818303405865e-02
7.626556459739602944e-02 1.095108931736586549e-01 8.183487501629503613e-02 8.383364866325852816e-02 9.159823148101846335e-02 1.577088310278294825e-01 1.247140328048495367e-01 8.956390569856748085e-02 9.329066943045394300e-02 9.167934810667290046e-02
7.842647919185785632e-02 1.188108502266555788e-01 8.054587843399252378e-02 9.247807522711036510e-02 9.580998359649144092e-02 1.400036475017943371e-01 1.181328163851169538e-01 8.828082702637900236e-02 9.162308309186931177e-02 9.588835931873256058e-02
7.819929531444143322e-02 1.281527050312816218e-01 8.404800090371354615e-02 9.436060577778378200e-02 9.055845991002263451e-02 1.458128127799973028e-01 1.173045711127362195e-01 8.382047948397521042e-02 8.712227775648714867e-02 9.062079192956110085e-02
8.430821111419341263e-02 1.081994210875905221e-01 9.068845674715116101e-02 9.465929431057333587e-02 9.717807203743901445e-02 1.340377755898999323e-01 1.084534377987807358e-01 9.058690346490654022e-02 9.469026146630599161e-02 9.719816638315934010e-02
8.005281205551022239e-02 1.153120218165082506e-01 8.489596992884433646e-02 9.033942934807785707e-02 9.221217425992132843e-02 1.445645670143168582e-01 1.193131632339323039e-01 8.836773971394691618e-02 9.266316388034784302e-02 9.227895874859413927e-02
8.444129223682840524e-02 1.128814211374415677e-01 8.691066244509310090e-02 8.973423774842342882e-02 9.192983714643720994e-02 1.405751060107309214e-01 1.177483861602593301e-01 9.098363008258306128e-02 9.281473769774517546e-02 9.198068933445779916e-02
8.483742074511693709e-02 1.106677317195530613e-01 8.178711459839300979e-02 8.929407669388911284e-02 9.305403829426624196e-02 1.454921306714687113e-01 1.177813090863192164e-01 8.996697585102030048e-02 9.399632793808018749e-02 9.312287440189326304e-02
8.056785970368129934e-02 1.177107474297058587e-01 8.708190881113372916e-02 9.713879898118435441e-02 9.372962328197799453e-02 1.413590193807910678e-01 1.096701338150781885e-01 8.809995265348172233e-02 9.087547219632037543e-02 9.376648374664539598e-02
8.228975919197416278e-02 1.133292311999561791e-01 8.297959224386083910e-02 9.041347488533875432e-02 9.272872908235510470e-02 1.409036078342646159e-01 1.189862442264213449e-01 9.155868232427050168e-02 9.402940555011371493e-02 9.278127346144476872e-02
8.682246129748261154e-02 1.202364254094168833e-01 8.246459795576796536e-02 9.504315755422809708e-02 9.084135509465943170e-02 1.361458252476746844e-01 1.170920839628596388e-01 8.796832145607710873e-02 9.248502993679928730e-02 9.090074208503426401e-02
8.667036074384228128e-02 1.139301758071562531e-01 8.804644478501695570e-02 9.387977270473085722e-02 8.787418574944370897e-02 1.449017822870337369e-01 1.151927072734644925e-01 8.707784953639927106e-02 9.448826824723180473e-02 8.793845286568061081e-02
7.717948824562709254e-02 1.148883015340912139e-01 8.269243473234334785e-02 8.907788017761894550e-02 9.739092139232788381e-02 1.328775817268491866e-01 1.230640489494795042e-01 9.127046026198770701e-02 9.407545151384612281e-02 9.748343146582902352e-02
9.247429025330357322e-02 1.155441596388448733e-01 8.531330074952214737e-02 9.734464033840529995e-02 9.652373603091864152e-02 1.146245548551647897e-01 1.116366699090041437e-01 9.579968506162767072e-02 9.420812710971217252e-02 9.653083605349667418e-02
8.187587284231445661e-02 1.231104878936558900e-01 8.716278055793443003e-02 9.423997141842230252e-02 8.825190516601164048e-02 1.412447312745850614e-01 1.184766570808875180e-01 8.650874148002227204e-02 9.084310543843122920e-02 8.828574684773517200e-02
7.453495031665212378e-02 1.151961991087487036e-01 7.665113935759365615e-02 8.955738179653839615e-02 9.358045295670430752e-02 1.534423488027539806e-01 1.214484041827494504e-01 8.870294636221630336e-02 9.318999351553612642e-02 9.369618360050693817e-02
7.667339033675757420e-02 1.087267768664720163e-01 7.796429357243166158e-02 8.841536825313570103e-02 9.529099237925713062e-02 1.503021995832527768e-01 1.193335204552689044e-01 9.234297386211902381e-02 9.552755434529806855e-02 9.542293034600707324e-02
7.394713515646361701e-02 1.212418193999768717e-01 8.118198090504005759e-02 9.308495190426700761e-02 9.388891926551019840e-02 1.385089322348152518e-01 1.220874512410175666e-01 8.899309385103536252e-02 9.305448651616844702e-02 9.401122952570563351e-02
9.380817318157434748e-02 9.887009974079868924e-02 1.011116779151339656e-01 1.021323642788807134e-01 1.021948725237945693e-01 1.026545988842764157e-01 9.720892710611860055e-02 9.924992991546005561e-02 1.006131937303772067e-01 1.021561627235853947e-01
1.002662162291257514e-01 1.046971161566889463e-01 9.271873693045455667e-02 1.067186846333358918e-01 9.553697974003143301e-02 1.078762661162892267e-01 1.000635707993267065e-01 9.450751624657781347e-02 1.020999211629215198e-01 9.551499198524814049e-02
8.390609554752963273e-02 1.253887283811130071e-01 8.884994292031883623e-02 9.692575014280256640e-02 9.179549609408284294e-02 1.374767738358497193e-01 1.128303251601424639e-01 8.276152376224110707e-02 8.827579686012770877e-02 9.178956729579208773e-02
8.316077345162588286e-02 1.150452054157471982e-01 8.154109480708053581e-02 9.304656361663578290e-02 9.226976017723917400e-02 1.582810111062925296e-01 1.116015210682286402e-01 8.245027739746882411e-02 9.029863568801578533e-02 9.230515727166570261e-02
7.716580779550628877e-02 1.242714417299340124e-01 7.768318518945528661e-02 9.770861920617955609e-02 9.234541351148978228e-02 1.443559930469276442e-01 1.152881602809423811e-01 8.770259389798491789e-02 9.105738873038436709e-02 9.242139661119579130e-02
8.376776426512087814e-02 1.110310369034140238e-01 9.160248686940047902e-02 9.105800641661374040e-02 9.379055322322911448e-02 1.316138775171101782e-01 1.167370416225245178e-01 9.181541364319428800e-02 9.468131716237231099e-02 9.390250237702048308e-02
7.887081290477108986e-02 1.196908520417526434e-01 8.045088296260019534e-02 9.207896518774540129e-02 9.402857275746383248e-02 1.395598883928504952e-01 1.207699207924863710e-01 8.812310193676935188e-02 9.230416482527135924e-02 9.412283819828927423e-02
8.253050967018722706e-02 1.130555550166061074e-01 8.993427082571989195e-02 9.109594953632828285e-02 9.377576747897815868e-02 1.355587624221900878e-01 1.172196262422215557e-01 8.917080613315900295e-02 9.383531464104073738e-02 9.382343803356898992e-02
7.813390171839673659e-02 1.094554645260882725e-01 8.042224261025152088e-02 8.735993220173005058e-02 9.605270644242559774e-02 1.438390886399339985e-01 1.217101894021283826e-01 9.153054791545568725e-02 9.532044558252619759e-02 9.617548096106355582e-02
7.792910328365479367e-02 1.285448020564682881e-01 7.923827723916304633e-02 9.391297966598140257e-02 8.747246528563658308e-02 1.498632594915293714e-01 1.223865028229921964e-01 8.329480455801799299e-02 8.985206631432611502e-02 8.750573928223022435e-02
8.353702030677101487e-02 1.150499929297362778e-01 8.471060534765111061e-02 9.591261485833214862e-02 9.387417184037773199e-02 1.362095167935521989e-01 1.131485903264398268e-01 8.936211817457365147e-02 9.427326287339969635e-02 9.392210654916639812e-02
7.850385446179281024e-02 1.127133026967836460e-01 8.259276330027200130e-02 8.808338920018229934e-02 9.015204508831710373e-02 1.558110186490649085e-01 1.207881012658185843e-01 8.805680426134547545e-02 9.304191867901759339e-02 9.025680239740556388e-02
8.179442241145021275e-02 1.141372811603542370e-01 8.831004491678913493e-02 9.284258074087761714e-02 9.309651638023930253e-02 1.369244832432071901e-01 1.160871005480637458e-01 8.989370368033719472e-02 9.371947444543726746e-02 9.319439247324409759e-02
8.061694685343380462e-02 1.184561731009875357e-01 8.724868547472502955e-02 9.275734370495422598e-02 9.445791721458725310e-02 1.272890245361772699e-01 1.208247928755076667e-01 8.989320118308544161e-02 9.392178138158700784e-02 9.453413367495472341e-02
8.318055689770441352e-02 1.173992294263160874e-01 7.853530029234942478e-02 8.849705490356946092e-02 8.961106311155640769e-02 1.581239674448712551e-01 1.192678966157144499e-01 8.624335466903390590e-02 8.952340879372647220e-02 8.961816784515810874e-02
8.422255235604471368e-02 1.255435276962185154e-01 9.125781487879257303e-02 9.631778684481526187e-02 8.910245182422815713e-02 1.292692438471804428e-01 1.184911571104075995e-01 8.530820099151202596e-02 9.135191796235206385e-02 8.913534648844864683e-02
7.524366112357547265e-02 1.259537164751356464e-01 7.921261999831591405e-02 9.431926268302934235e-02 9.020090571531784451e-02 1.506046859516734227e-01 1.194906457545846928e-01 8.498961498612010723e-02 8.970388919470728695e-02 9.028099811754029813e-02
8.234150442517808310e-02 1.056388385663347002e-01 8.768411312756393960e-02 8.937181849860480198e-02 9.817261389314703435e-02 1.277938855565890763e-01 1.177226464224675889e-01 9.492787978206565502e-02 9.805702475137453855e-02 9.828967497667458197e-02
7.251225103784067483e-02 1.204260169100167810e-01 8.130487540709650796e-02 8.794973099890031343e-02 8.718695886176953957e-02 1.662347669360089153e-01 1.236559332392134225e-01 8.402108102126713829e-02 8.941915641350331456e-02 8.728922917438333706e-02
8.914116997474710868e-02 1.032657818177121628e-01 9.031162071616798126e-02 8.915071667848810388e-02 9.539111626620903894e-02 1.334902776995015028e-01 1.130777899368404782e-01 9.409103531748433391e-02 9.661214337133004759e-02 9.546834822151928357e-02
8.517205259541082984e-02 1.124210844424461536e-01 8.686295985386796592e-02 9.627167209742945597e-02 9.280662665236526221e-02 1.313691089661673528e-01 1.142268907962549068e-01 9.066979766246065220e-02 9.732028393402043787e-02 9.287952299957703828e-02
8.014956119115812516e-02 1.339206961829179365e-01 7.970637340792802172e-02 9.613923927878967324e-02 8.828711263763830419e-02 1.409406513401553207e-01 1.208172822579014483e-01 8.378835233913117797e-02 8.793172003984264795e-02 8.831901132453735814e-02
9.156833905946995533e-02 1.105590011674226492e-01 9.213508135171923075e-02 9.689167622635115606e-02 9.048899252548921190e-02 1.276451495233789646e-01 1.106280998735961751e-01 9.280477333228395742e-02 9.677419146674438866e-02 9.050469547354432487e-02
8.641479434503605839e-02 1.079321033848650163e-01 8.412293526897487994e-02 9.079798221988383267e-02 9.061370675383621787e-02 1.431117650429120369e-01 1.176853425801587111e-01 9.077999684902966770e-02 9.786077760212788523e-02 9.068059595317568000e-02
7.995663218711178410e-02 1.165173797602513106e-01 8.489823645227609350e-02 9.438738800161340647e-02 9.452722264646379324e-02 1.357251479144283568e-01 1.159003576329908358e-01 8.993162307864575877e-02 9.356192072688311601e-02 9.459409159933557243e-02
7.865108745112739386e-02 1.040429001463044345e-01 8.144603899187040363e-02 8.582603211424413847e-02 8.556905224932992438e-02 2.034717923492454228e-01 1.048736330765471653e-01 8.413778062331155050e-02 8.641031830204060071e-02 8.557136469597895201e-02
7.254164780037507254e-02 1.289944396222002798e-01 7.831671601652025194e-02 9.510225576104182343e-02 8.670608568525636772e-02 1.654557127566104457e-01 1.163854229893739184e-01 8.290630473599540362e-02 8.685041023331718790e-02 8.674100439930922113e-02
7.856016720671103737e-02 1.200553714744221206e-01 8.148019001644515868e-02 9.166133864824085875e-02 9.169689902359103029e-02 1.429974764124735120e-01 1.215077380480566738e-01 8.813766230127162427e-02 9.212038925811523449e-02 9.178276761067273581e-02
8.837709624241189832e-02 1.229000701881015900e-01 9.396361401233835342e-02 1.035853817107917213e-01 8.797501612810500193e-02 1.248560544433613556e-01 1.117829203303629254e-01 8.380062142676690529e-02 9.476237769255381471e-02 8.799684782520637849e-02
8.832965277877655175e-02 1.055792019668758824e-01 1.005439742491156391e-01 9.078830850650040918e-02 9.537382072888443696e-02 1.212260472617990165e-01 1.120930625505996842e-01 9.469696025137901152e-02 9.602434665958807514e-02 9.534462504648134884e-02
8.587560782258600589e-02 1.079963224800470356e-01 7.869326346773866665e-02 8.929985748435102788e-02 9.483651179786176111e-02 1.451507255458559520e-01 1.171805764255341026e-01 9.021058037791818141e-02 9.587909809916386750e-02 9.487745649894338551e-02
8.034572303795435577e-02 1.178707090558282627e-01 8.960243538972022248e-02 9.668544665594408505e-02 9.667474334903232436e-02 1.226964797369000798e-01 1.138670317658336817e-01 9.218587350183092555e-02 9.332318403437249443e-02 9.674837347258351261e-02
8.029900750262697340e-02 1.181779222744605978e-01 8.516997933482130245e-02 9.037854374290352211e-02 8.892921407411077950e-02 1.493714517134871467e-01 1.205314393151002278e-01 8.668014557050933433e-02 9.146536965350871018e-02 8.899692681847139186e-02
7.491462897485968997e-02 1.224608284301443029e-01 7.857150651818635423e-02 9.781022309156228722e-02 9.337081529362119270e-02 1.363425118723098906e-01 1.183631047755116100e-01 9.046812107986487717e-02 9.419698500482330539e-02 9.350127495911653153e-02
8.335888691440758447e-02 1.078036921016023025e-01 8.638322213199398081e-02 9.018485892982214258e-02 9.496159727977833420e-02 1.407006678906158603e-01 1.147106256520225853e-01 9.182708057973840154e-02 9.502525689566555800e-02 9.504411162435329186e-02
7.962392600711223900e-02 1.103581747379620004e-01 7.796521606104242497e-02 8.583366056007654676e-02 9.386615005931732425e-02 1.511894685232210989e-01 1.226645847384234683e-01 9.094573207600607778e-02 9.361147679783815567e-02 9.394161043900062236e-02
8.281086452212370330e-02 1.165344610762458766e-01 8.635738590106301071e-02 9.232513850958568025e-02 9.463487311577131744e-02 1.376423829097308815e-01 1.160324401217905782e-01 8.738786516961026540e-02 9.159442944470719272e-02 9.468015922937149387e-02
8.827233944872693583e-02 1.081966110722320518e-01 8.376918808837305330e-02 9.178560102254472441e-02 9.674690801284221986e-02 1.327022592845595872e-01 1.139720597176860639e-01 9.187957607735400267e-02 9.584148157176893001e-02 9.683397570391244491e-02
8.349228758846485854e-02 1.116743912290787122e-01 8.334908675715860249e-02 9.359872238591393501e-02 9.759794933412065110e-02 1.257046771350016079e-01 1.168135496433058557e-01 9.295942313998502293e-02 9.712350544628688132e-02 9.768640734068388676e-02
8.746785364760491233e-02 1.090777938111332640e-01 8.864012763231517156e-02 9.108283966065380821e-02 9.343076361273074115e-02 1.369434705104921879e-01 1.147307121021623327e-01 8.990150075757270820e-02 9.528102224869279546e-02 9.344391601664209235e-02
8.276178044457044303e-02 1.072726759586588585e-01 8.056830465503100891e-02 8.681681093843382491e-02 9.504522647350090170e-02 1.472331393837913172e-01 1.189921509023367518e-01 9.121874464472856658e-02 9.500056086014455059e-02 9.509060573880376288e-02
8.236972367479825086e-02 1.253497989105263055e-01 8.126883941838665415e-02 9.411534864075829510e-02 8.759814698069630368e-02 1.496155108686446633e-01 1.184371658071707162e-01 8.430763016596508341e-02 8.929128658935552021e-02 8.764654894369820759e-02
7.924483089781622636e-02 1.390865777996855568e-01 8.330092007611997196e-02 1.001096980463597880e-01 8.599752236322311116e-02 1.430086618800283926e-01 1.162350705375334026e-01 8.115872026386085347e-02 8.583339463270767133e-02 8.602460350266502576e-02
8.306676752171758549e-02 1.078382433795265771e-01 8.442559398613626309e-02 9.134075791110446429e-02 1.018092414341507934e-01 1.229032836886340546e-01 1.156851609870333530e-01 9.388578633242572469e-02 9.719141896312744056e-02 1.018537457961437714e-01
7.701363829136481653e-02 1.172368194147494491e-01 7.857515363792136331e-02 8.738109067360895488e-02 8.973968803549681184e-02 1.659946021208293931e-01 1.204273647078966530e-01 8.472101435433714023e-02 8.911881933432541647e-02 8.979180942946997368e-02
8.088567738367043181e-02 1.191838640184050002e-01 8.657461168960819964e-02 9.570712099936296013e-02 9.391756252813526773e-02 1.299789974098888856e-01 1.162029577965031091e-01 9.038572989023201110e-02 9.315749824863457651e-02 9.400598003555958593e-02
8.041640370609007271e-02 1.191287217167395635e-01 7.795497980592942799e-02 9.072378244048910634e-02 9.040896043337023902e-02 1.555748265618068504e-01 1.195776506376268478e-01 8.496641921525467656e-02 9.080319026822891715e-02 9.044506521446432634e-02
7.734451750852770757e-02 1.062317023143189570e-01 8.251911722098874413e-02 8.558090415838204290e-02 9.721413637784978579e-02 1.391578925679645973e-01 1.233805688772783571e-01 9.420369456729142665e-02 9.700761781938468942e-02 9.735984858801366437e-02
7.625067284899263165e-02 1.152356884115409985e-01 7.916991691222882710e-02 8.672962244859314107e-02 9.009991466833704166e-02 1.626353296951269511e-01 1.220831703676937691e-01 8.680519977208116245e-02 9.083774254732208953e-02 9.015274232808341559e-02
8.654713448558208622e-02 1.229373856283839800e-01 8.464921989935082769e-02 9.708888684378134959e-02 9.186544781436414842e-02 1.317194745928638444e-01 1.147000040585443859e-01 8.750545682933259795e-02 9.110300800627518791e-02 9.188398184152155035e-02
8.131021134779502224e-02 1.105794231781228459e-01 8.097564482635966066e-02 9.062533991860585725e-02 9.393175291954213024e-02 1.471449816841252645e-01 1.161380214732015553e-01 9.104619507472511142e-02 9.423445423016378608e-02 9.401397534735878025e-02
7.864387086959866158e-02 1.296938871632285772e-01 8.335991824355697133e-02 1.003942194356167023e-01 9.074382509935144392e-02 1.352119026363768628e-01 1.154769265580586207e-01 8.533264826901211519e-02 9.033471854723119920e-02 9.080808317796884577e-02
9.664388302163781641e-02 1.067309693233165907e-01 9.216875472856436713e-02 9.825394552270766413e-02 9.443536608368560681e-02 1.191484567305677589e-01 1.077935250833892133e-01 9.125243699557092358e-02 9.913138716006029971e-02 9.444127535049973154e-02
7.603842506165306436e-02 1.185188919244717226e-01 8.459108005661022944e-02 9.184137153913936313e-02 9.239924949861393066e-02 1.490241970183364406e-01 1.173502723130756958e-01 8.708739498776084387e-02 9.071138152430385793e-02 9.243773607603486542e-02
