9.077626445762275453e-02 9.904839305248466785e-02 1.144698698101885292e-01 1.158533176772822970e-01 9.056119686481017839e-02 1.159394816336944134e-01 1.156304430824393742e-01 7.573461057176293643e-02 9.130350954197298530e-02 9.068291330774191916e-02
9.039588274644212718e-02 9.627147022357002148e-02 1.089133565021750127e-01 1.181816409026887615e-01 9.028864465351031654e-02 1.183074031368511470e-01 1.176580682874300982e-01 7.991418248906458077e-02 8.959477910997877548e-02 9.047457194828914528e-02
9.104517562814294640e-02 9.840918199503113917e-02 1.075454404192872637e-01 1.153009337076068425e-01 9.091839932207924913e-02 1.153855879958064767e-01 1.149562023509396319e-01 8.260731237047876097e-02 9.278829901962744320e-02 9.104346719100027407e-02
8.967855817621080139e-02 9.992918637571783502e-02 1.170520548217394291e-01 1.165130906616093781e-01 8.947282428466471482e-02 1.166422519891267828e-01 1.161493599029377460e-01 7.595933578289575105e-02 8.894003624777430117e-02 8.966330175732324659e-02
8.938484508634250703e-02 9.562974077340644086e-02 1.103630817171760981e-01 1.207185769905493589e-01 8.930525772596359380e-02 1.207750338440163745e-01 1.202735349648475643e-01 7.614207321440538689e-02 8.804068288944912057e-02 8.936717279384348567e-02
9.286449019553444373e-02 9.478788196860631066e-02 1.039803636295344447e-01 1.132223116311490141e-01 9.289265893514218886e-02 1.131707728199709828e-01 1.130455158592788001e-01 9.245342290498372029e-02 9.080584956753498527e-02 9.277673248826516506e-02
8.904893426400481427e-02 1.000555622754609741e-01 1.122047511382856938e-01 1.193729491956680849e-01 8.883486911616775283e-02 1.194450312401918179e-01 1.191269485636075598e-01 7.393465704738297339e-02 8.905757829753246924e-02 8.891871886169787353e-02
9.167889721485063259e-02 9.663807201848180484e-02 1.119207427693541396e-01 1.159434466786707224e-01 9.151671651734116786e-02 1.160495213756433525e-01 1.155983505142268303e-01 8.014834987075487860e-02 8.882683316984954502e-02 9.167906987082691250e-02
9.195217271813366233e-02 9.800832739581176456e-02 1.093973288165504404e-01 1.140252014769725514e-01 9.174271548947368626e-02 1.141317255683346049e-01 1.137736156257322662e-01 8.343865580851805852e-02 9.161866711322867729e-02 9.191158998724428819e-02
9.026239825869621092e-02 9.877506116355316834e-02 1.125558260275838079e-01 1.169497116871526382e-01 9.013895325373619261e-02 1.170725663239453734e-01 1.164735120075435226e-01 7.870921030097363658e-02 8.873972228794756167e-02 9.032303868886787379e-02
8.896682641127143243e-02 9.717717364015643344e-02 1.085318107074405153e-01 1.205312079591147889e-01 8.888043373148060700e-02 1.206547480498636332e-01 1.199262861962727134e-01 7.976923527813137293e-02 8.651287759851233883e-02 8.904940042775610909e-02
8.699163183764709040e-02 9.776166204965106021e-02 1.184123415705423538e-01 1.201888692638090061e-01 8.679879127109593751e-02 1.203609849122825731e-01 1.196233777009555049e-01 7.450168607559524980e-02 8.832871059794644708e-02 8.703194472047483254e-02
9.025247760836402344e-02 9.867634543533571057e-02 1.195368081669092863e-01 1.142921229010087497e-01 9.007044342351944177e-02 1.143189985749632626e-01 1.141795004091274018e-01 8.090565121237169866e-02 8.767750443472616118e-02 9.009014783367433332e-02
8.676348448221300746e-02 9.732474319660128215e-02 1.213787800415887935e-01 1.206978776460340408e-01 8.659147728429311686e-02 1.208547963099795147e-01 1.201246761903102811e-01 7.334859191145114143e-02 8.611682290484423685e-02 8.679875003268454348e-02
8.848373721401592285e-02 9.807397998230459046e-02 1.168909040103561364e-01 1.199888650978400556e-01 8.830747840642640123e-02 1.201002160826960541e-01 1.195670490516612811e-01 7.265246958990567716e-02 8.748236622806745966e-02 8.845293433672642147e-02
8.741126401178025973e-02 9.655922883472409235e-02 1.135897624180321336e-01 1.208337461138100644e-01 8.730935841158800337e-02 1.209409366800329177e-01 1.202690704602515093e-01 7.713993505707611442e-02 8.850183499972255619e-02 8.744486301298232123e-02
9.101038370653803666e-02 9.764108114203125244e-02 1.133037308531881365e-01 1.147948294022147070e-01 9.091325829589548546e-02 1.149171374765142611e-01 1.143169781361208087e-01 8.201211959461954248e-02 8.998171025874944495e-02 9.110877113412838013e-02
9.298602458183653774e-02 1.003653231237442156e-01 1.087251180172621179e-01 1.144174851330104770e-01 9.272367714305038144e-02 1.145855943898123341e-01 1.140942277979866415e-01 7.554810175734132105e-02 9.354586789073401909e-02 9.300858016522199623e-02
8.914396639732027894e-02 9.977149389200487550e-02 1.141058044008582545e-01 1.202003882243830313e-01 8.889183224471269851e-02 1.203568443625823020e-01 1.197982366139033195e-01 7.110810354338405193e-02 8.751436889305280742e-02 8.910896142779842211e-02
8.986957952550836404e-02 9.823975110218903517e-02 1.149097847113163123e-01 1.172998997175328795e-01 8.967607641879844771e-02 1.173978643264518285e-01 1.169880741651496692e-01 7.959530231898163943e-02 8.621182526189222206e-02 8.981184245217957440e-02
8.917158307354682012e-02 9.695886615804646946e-02 1.119895434174108945e-01 1.202843355756010174e-01 8.903001715392522275e-02 1.203905437048499033e-01 1.198217178497845981e-01 7.606241191550275338e-02 8.712068200315023492e-02 8.917029914818205838e-02
9.170379220273824905e-02 9.864142534955581965e-02 1.089265406957392046e-01 1.150579837052993354e-01 9.159374430540492829e-02 1.151962773964558817e-01 1.145649085741209938e-01 8.176381514701265563e-02 9.073155107848648870e-02 9.181996154518641540e-02
8.981687142878221064e-02 9.585139562911046407e-02 1.115542226874940285e-01 1.168110293448065828e-01 8.971343316799346157e-02 1.169056634369886188e-01 1.163699816696731615e-01 8.256771279916906570e-02 9.056125837058817685e-02 8.984843146539417402e-02
9.056039475720363552e-02 9.624708610050412838e-02 1.136445208733374429e-01 1.181613438843611696e-01 9.038492211953147448e-02 1.182847110708319799e-01 1.177546944337050927e-01 7.660219602151659146e-02 8.779542356918618173e-02 9.056470716982224778e-02
8.912108628193803062e-02 9.555605044353475408e-02 1.139832749048942800e-01 1.172941500377187446e-01 8.898425023576224391e-02 1.173500505721675607e-01 1.169882299846654317e-01 8.256988070834452020e-02 8.910414406948279076e-02 8.904888276149168502e-02
8.811941897179420558e-02 9.831328170632852581e-02 1.173798708800699447e-01 1.207797765079391267e-01 8.784540176238235520e-02 1.209396593521011309e-01 1.203905936425724577e-01 6.923146536204352608e-02 8.894102263571243561e-02 8.805950917905629172e-02
9.165925585012867083e-02 9.798974545789586321e-02 1.105300745445777777e-01 1.144485625352969216e-01 9.151584907079300668e-02 1.145508392912776147e-01 1.141022291966348606e-01 8.099272345594361877e-02 9.253371253946503228e-02 9.167700805798663366e-02
9.066397117605862199e-02 1.021688787352519889e-01 1.095859593613132121e-01 1.143698706032124923e-01 9.056777084482814377e-02 1.144023010301913473e-01 1.141170456489670193e-01 8.214551535005430727e-02 9.137735994114390414e-02 9.060132730897896280e-02
8.966181979936933832e-02 9.911922630683078772e-02 1.126345720304785525e-01 1.172841287361719581e-01 8.954898200623220839e-02 1.173838858224051790e-01 1.168368164965841172e-01 7.925435436928214561e-02 8.858581341237398155e-02 8.969040102027173167e-02
9.051670812190916460e-02 9.913944387200611386e-02 1.119584958662295654e-01 1.139742251258504119e-01 9.035205335374019153e-02 1.140645228747121237e-01 1.136823489448914593e-01 8.430096021493653502e-02 9.152347743306146755e-02 9.048776419266296722e-02
8.800610975538526726e-02 9.905373395567021455e-02 1.131282117300402013e-01 1.207787705871366246e-01 8.786361136087880719e-02 1.208671105821304548e-01 1.203406498467991248e-01 7.392905151669128261e-02 8.806266644657691212e-02 8.797008421869116634e-02
8.979641965401748138e-02 9.906798890752184505e-02 1.145863785314170796e-01 1.164489601490424214e-01 8.968039030679718360e-02 1.165866028919787384e-01 1.159246546104116954e-01 7.796548804880043537e-02 9.005306564901156829e-02 8.989005125100160698e-02
9.052690473782354363e-02 9.818197685190130364e-02 1.161130560942790491e-01 1.167581662407884829e-01 9.042215131089460789e-02 1.168877544482108122e-01 1.162417895949850177e-01 7.642966914412167856e-02 8.781793495290010632e-02 9.062059662409539806e-02
9.389037407508092625e-02 1.064982049915075557e-01 1.046550083833692607e-01 1.059670072533331481e-01 9.380476892263553412e-02 1.060061426374782484e-01 1.058237092193374529e-01 8.601578396503321844e-02 1.034654905130344832e-01 9.387351003919013059e-02
9.371465934715683677e-02 9.545527092449020146e-02 1.062723068724867048e-01 1.130805025432101013e-01 9.365366933198833455e-02 1.130873295848480453e-01 1.128971011359578835e-01 8.684418114265685107e-02 9.134854090154677364e-02 9.364643821565825366e-02
8.563911036811600042e-02 9.942101824817975442e-02 1.173271594954183039e-01 1.205964569279736193e-01 8.546360404789815624e-02 1.206969000609000170e-01 1.201580361140199282e-01 7.961986399076957654e-02 8.549759932006549545e-02 8.558025142665914853e-02
8.791952473693755155e-02 9.997209930156954194e-02 1.204410880767035896e-01 1.186312070659389928e-01 8.769249777440665805e-02 1.187246867797572547e-01 1.183497808623190928e-01 6.990805781296514920e-02 9.055208281803009407e-02 8.780897477137208917e-02
8.878038659641816766e-02 9.739504479319902042e-02 1.121580843089249047e-01 1.196067251768653250e-01 8.861257111979069234e-02 1.197159266732666510e-01 1.191844400315279079e-01 7.710493096835183136e-02 8.868470871772754505e-02 8.875718161392794070e-02
8.636921097345964804e-02 9.316899105818186866e-02 1.148223080017306830e-01 1.236553431638074130e-01 8.622077778594280928e-02 1.237250979988695626e-01 1.232126260822533903e-01 7.715816555819586531e-02 8.537946831890415311e-02 8.628801105865456511e-02
8.744636044395932839e-02 9.617288035361588883e-02 1.185296834011244221e-01 1.215579587577425985e-01 8.733923219145200978e-02 1.216297963712474201e-01 1.210809110626512447e-01 7.353863006823774251e-02 8.528647158345517565e-02 8.741807576651419720e-02
8.938811135374125083e-02 9.667644932360028309e-02 1.110443512719038739e-01 1.194933337443638555e-01 8.925210807287717318e-02 1.195990011924849411e-01 1.190360436057053273e-01 7.907240673530037400e-02 8.704332897382802137e-02 8.939486572619489979e-02
9.027897972695698992e-02 9.891515071690654137e-02 1.147901529377174101e-01 1.157566513112394391e-01 9.019452671205152594e-02 1.158530475733827447e-01 1.153019300185126883e-01 7.954574214356499584e-02 8.902566869920205961e-02 9.033815016046560509e-02
8.848584544761238513e-02 9.687222830230839132e-02 1.116571403552305414e-01 1.199110876112152030e-01 8.829214060422277410e-02 1.199901847806557759e-01 1.196006788669375515e-01 8.043368178300594473e-02 8.637164472067460075e-02 8.838536752813673514e-02
8.941635350766571899e-02 9.939378417418150147e-02 1.145710087218637235e-01 1.177367007980339719e-01 8.924184335542820201e-02 1.178892361256980575e-01 1.172474903011365560e-01 7.571042464973939956e-02 8.932589081393357833e-02 8.946726755231933226e-02
8.999777033342064303e-02 1.025999861540623365e-01 1.144399795169697004e-01 1.152141616362761939e-01 8.983330906639375169e-02 1.153089342075201279e-01 1.148904853725498942e-01 7.486835892977970752e-02 9.287559862792002519e-02 8.997141615510759194e-02
8.933236437622603388e-02 1.016591442790460570e-01 1.106335507142282848e-01 1.160521515608132076e-01 8.919677749318939697e-02 1.160841872237075023e-01 1.158227001989386717e-01 8.185888983386754858e-02 9.013682026677870274e-02 8.922341405320463603e-02
8.889444142164508456e-02 9.918464115274441828e-02 1.204252697965630114e-01 1.177728467307393445e-01 8.865522096543537733e-02 1.178413169487597945e-01 1.175937030850539577e-01 7.009064507022375046e-02 9.080666968454127741e-02 8.873524514429394217e-02
8.663690628225047263e-02 9.932894731217128959e-02 1.185738142632223741e-01 1.197956814034956685e-01 8.645953299622714805e-02 1.198943406633777436e-01 1.193877146772293479e-01 7.424695072078819902e-02 8.909727709152140407e-02 8.657883458971629698e-02
9.124597556809807553e-02 9.977194314588481994e-02 1.087764810640363261e-01 1.152275826832596106e-01 9.113711310789335274e-02 1.152818519448237378e-01 1.149353937184056651e-01 8.094903452244568698e-02 9.146550167172147472e-02 9.120912257343123664e-02
9.074368720258971233e-02 1.041932283684505745e-01 1.080265593663996548e-01 1.153980388770165788e-01 9.061074161058683962e-02 1.154682367033167956e-01 1.150941062876999904e-01 7.710696401888937623e-02 9.264986073654719878e-02 9.070857682850326509e-02
9.742376852692334610e-02 1.049560212407526227e-01 1.025903004838647631e-01 1.045020024613125958e-01 9.748758921015905632e-02 1.044773234026712821e-01 1.043993143668065227e-01 9.057701879090029884e-02 9.616225978242104455e-02 9.742440173418850935e-02
8.993157795832353030e-02 1.002881855777463249e-01 1.104589852798986693e-01 1.159614036019282063e-01 8.973637460271854938e-02 1.160988385870539985e-01 1.155692238490289986e-01 8.157867057800778643e-02 9.043181931049260047e-02 8.994492065480136356e-02
9.319544647376035162e-02 1.039031147799556742e-01 1.090520634497515184e-01 1.107220605452834267e-01 9.308713412783385655e-02 1.108319188655128434e-01 1.103683702751331458e-01 8.200082287697911532e-02 9.355482846736305758e-02 9.328424013842696871e-02
9.428597806799529635e-02 9.932506666082274727e-02 1.068108055254261696e-01 1.118063093021450793e-01 9.420963176710012155e-02 1.119614026625488507e-01 1.112956684705473515e-01 8.428889077652780559e-02 9.151735090399835959e-02 9.449889586288817700e-02
8.592997660172162211e-02 9.755303938719429857e-02 1.160025407281394388e-01 1.211495180850607339e-01 8.578944667502294563e-02 1.212444641368867898e-01 1.206583074747453188e-01 7.733555939422161185e-02 8.843838379427740315e-02 8.589876372272982341e-02
8.743860393673505427e-02 9.940549434886401803e-02 1.184701080476397855e-01 1.204119302586550838e-01 8.721701791457719954e-02 1.205126020112607665e-01 1.200776486506696800e-01 7.022505915566934487e-02 8.890281012624023926e-02 8.733872554968882818e-02
8.474729843434780641e-02 9.787120210531950748e-02 1.174386947484129945e-01 1.227909483967776216e-01 8.464965352570101575e-02 1.228410660083781303e-01 1.222915830537882609e-01 7.673925926360951333e-02 8.594195643715456245e-02 8.468833802651065668e-02
8.734532674621944826e-02 9.799787157483043354e-02 1.211346569276148671e-01 1.193617287604345351e-01 8.714946010292191902e-02 1.194089208948278663e-01 1.191287604705634079e-01 7.370826103763453152e-02 8.757487851197928719e-02 8.719013497297373183e-02
9.020970113930687484e-02 9.907957403834354027e-02 1.143964331257213279e-01 1.166893117207961766e-01 9.004689146125197108e-02 1.167772196366720777e-01 1.163651289444365133e-01 7.624653618692488199e-02 9.001963759865891368e-02 9.016956614788766700e-02
9.143017153608021252e-02 1.028010260230320383e-01 1.094152985545873702e-01 1.125381670653086835e-01 9.134201647558930215e-02 1.125818385495905571e-01 1.122786027891731347e-01 8.172076401644161325e-02 9.449096808882413712e-02 9.140114690137296494e-02
8.670486211034658663e-02 9.553103668721778241e-02 1.106044859497810895e-01 1.231986255129120383e-01 8.659810031948175779e-02 1.232768946584261588e-01 1.226696854483467353e-01 7.965218969399757987e-02 8.508276693950700409e-02 8.668135267998326732e-02
9.356439624068804695e-02 1.052077354651576868e-01 1.089714165971816667e-01 1.086923929427618118e-01 9.355718658370280882e-02 1.086854790697613926e-01 1.085260289104943432e-01 8.507279588226784872e-02 9.419465674637449160e-02 9.352791156160987496e-02
9.037888110385368379e-02 9.591907272520429351e-02 1.108675479683983722e-01 1.170342309546451298e-01 9.026853940438843427e-02 1.171803813562738439e-01 1.164796097841332839e-01 8.200829230650301394e-02 8.936976474084103172e-02 9.049367965575894068e-02
8.986488221827797218e-02 1.002011473650431528e-01 1.102399401818335845e-01 1.173558540234342085e-01 8.970273954654822690e-02 1.175018800051375878e-01 1.168729317308234983e-01 7.659636742190489844e-02 9.174272659359959670e-02 8.992153091339731563e-02
9.450999722962885596e-02 9.599368680479697380e-02 1.082014585830881614e-01 1.119992925254079258e-01 9.451237961270236854e-02 1.119929468869198114e-01 1.117865886709380613e-01 8.921114609975350218e-02 8.730936999900416884e-02 9.448313358776011528e-02
8.897767396144465324e-02 9.924297037933201004e-02 1.147818520544182652e-01 1.175860196009086561e-01 8.880792999755056372e-02 1.176325351049984647e-01 1.173516342075433538e-01 7.647536808054268553e-02 9.028932525947641619e-02 8.885469135378486205e-02
8.891565948240932882e-02 1.024525352802035660e-01 1.191131925612764764e-01 1.139746775395320960e-01 8.885326762062541184e-02 1.139983127094839899e-01 1.136739847729607844e-01 7.741387126782237060e-02 9.273414689508521769e-02 8.887035187060074448e-02
9.052007252704007134e-02 9.832652496012821153e-02 1.156871578115258453e-01 1.141870359105586624e-01 9.036338142722001587e-02 1.142852683830932331e-01 1.138608122120737115e-01 8.102689718168791522e-02 9.122976421148469572e-02 9.051308537518763797e-02
9.052090079320984639e-02 9.967949086305766260e-02 1.128207117201094623e-01 1.161451618485853932e-01 9.034366407863146653e-02 1.162313385739965482e-01 1.158578038868352533e-01 7.766062951288264793e-02 9.027501945746627121e-02 9.046527926522540675e-02
9.104539841885712914e-02 9.979806205345714831e-02 1.104202566282121017e-01 1.146256408681155803e-01 9.086750039040314419e-02 1.146893626310341446e-01 1.144187956144568363e-01 8.206836157823292621e-02 9.111202001875687295e-02 9.095460179847414395e-02
8.971801709164241301e-02 1.020625348821268680e-01 1.086968791719047228e-01 1.157435298007740282e-01 8.967655942084853948e-02 1.157485549470398528e-01 1.154434184654019591e-01 8.353889917486724548e-02 8.971064797836607319e-02 8.966095906702831186e-02
8.926429713848840763e-02 9.723551438916762379e-02 1.133795327329697594e-01 1.185872446383589435e-01 8.907761046832363139e-02 1.187275598956765571e-01 1.181364704253375364e-01 7.736604413725385598e-02 8.894775594168352617e-02 8.927797023274007537e-02
9.028064633868256028e-02 9.937808632928664399e-02 1.159096826660368645e-01 1.138418413246194416e-01 9.018937482032371444e-02 1.139329279903386616e-01 1.134363257626999077e-01 8.046668371699276789e-02 9.223535929001173972e-02 9.032907176100765656e-02
8.676406735908841206e-02 1.009764553742855953e-01 1.207846044568873511e-01 1.180651077633820684e-01 8.662191369322334855e-02 1.181197653470740516e-01 1.177308580780158515e-01 7.409481961176139775e-02 9.016481131456569043e-02 8.667759700171623338e-02
8.721453034680370919e-02 9.665746585171798577e-02 1.176653978134585138e-01 1.203409088061339061e-01 8.707834806400674421e-02 1.203697557229848614e-01 1.200364497535630487e-01 7.589133692727274838e-02 8.765487108430351781e-02 8.709093562975497860e-02
8.562618988886228077e-02 9.592351476680066602e-02 1.133959542127401243e-01 1.229715105160897465e-01 8.552357908178270796e-02 1.229933101812218793e-01 1.225633905699315546e-01 7.566720087218428703e-02 8.981336444294486798e-02 8.552198546744191332e-02
8.657398424216752875e-02 9.880835962420024543e-02 1.201800125084810378e-01 1.201017075227108627e-01 8.646184372529969187e-02 1.201528609667131819e-01 1.196936524197432794e-01 7.423435583865134468e-02 8.728394854260014546e-02 8.650927460943266811e-02
9.086137728226093002e-02 9.788801315382106294e-02 1.091354342910593328e-01 1.168922818957696258e-01 9.073970184904606162e-02 1.170348077708460721e-01 1.163724280347961382e-01 8.149256245291162937e-02 8.862230546385013730e-02 9.096108780563894047e-02
8.527112015160454028e-02 1.026440263235649519e-01 1.214814427145718273e-01 1.299747061989535990e-01 8.456126813208675319e-02 1.304764099454733817e-01 1.294952067094227721e-01 4.598691561051648780e-02 8.494671953147146792e-02 8.516218468233417715e-02
9.101265032831767909e-02 1.033332721523890219e-01 1.127930807244292150e-01 1.142353285087409909e-01 9.089698057700627831e-02 1.143197398419699834e-01 1.138873758892277738e-01 7.629465155572119628e-02 9.220194199354767028e-02 9.102497842865021893e-02
9.025259251700472329e-02 9.956736693978367192e-02 1.135419466440382580e-01 1.160134280167605392e-01 9.007416699888343148e-02 1.161497640480405047e-01 1.156007298084696239e-01 7.763017865588985045e-02 9.088696046935811068e-02 9.028286590177132809e-02
8.980230220725343715e-02 9.691608995617309597e-02 1.119674398019896294e-01 1.184771928415182390e-01 8.970654972793193349e-02 1.185502619922595841e-01 1.180550171191983438e-01 7.936477828907724519e-02 8.735949776245137410e-02 8.980087030214710386e-02
8.992137865183012779e-02 9.501166465510332837e-02 1.170525775010964331e-01 1.174310307722438579e-01 8.985582390391766427e-02 1.174816084269329902e-01 1.170331863975457437e-01 8.065989783962428106e-02 8.563705279460478992e-02 8.991577905710081142e-02
8.630436664216882547e-02 1.005322240865874489e-01 1.181758185418508855e-01 1.203344200348845511e-01 8.610027046642323989e-02 1.204673298745383009e-01 1.198770008427794825e-01 7.380252828430217127e-02 8.813758719172382072e-02 8.626845403474123208e-02
9.055495961356055390e-02 1.016175182384577436e-01 1.146296205729868123e-01 1.138380209323673481e-01 9.045249355288821624e-02 1.138896629465466076e-01 1.135518369314123949e-01 7.745160542257188696e-02 9.349304487843351774e-02 9.052123691077494649e-02
8.940355594250005977e-02 9.891842367611831943e-02 1.140182317570281878e-01 1.200417100792194464e-01 8.914630826189684498e-02 1.202400779179663981e-01 1.195474074330341863e-01 7.055712224733827476e-02 8.869370754954167269e-02 8.943345513535663760e-02
9.023383886960678613e-02 9.423448775391092547e-02 1.081149161037578549e-01 1.173648958677793869e-01 9.016723099823507892e-02 1.174452367866384711e-01 1.168995838322275521e-01 8.430938089598383200e-02 9.095138464858378013e-02 9.027904424327631849e-02
8.799070197981778696e-02 9.895086281320207566e-02 1.133814110906726375e-01 1.205925070648068420e-01 8.781120946344256328e-02 1.207930442907086260e-01 1.199397742879689671e-01 7.522622096707227979e-02 8.722068807220084707e-02 8.809357997010740238e-02
9.128655408982926101e-02 9.891436459683346227e-02 1.101814499090058852e-01 1.124384718987269105e-01 9.118696180734288392e-02 1.125191266216549052e-01 1.121021271362405008e-01 8.515181596420555443e-02 9.490435139631331340e-02 9.131477657984733709e-02
8.910889702464734607e-02 1.016116473738216397e-01 1.185656366047352500e-01 1.175202026038316694e-01 8.892158202795483191e-02 1.176235609748191163e-01 1.171739520282158720e-01 7.282041001673357494e-02 8.759083063382895606e-02 8.906328071141172975e-02
8.867926721062785456e-02 1.011825702381714681e-01 1.139152895380743380e-01 1.168824483677152193e-01 8.848277456600459057e-02 1.169813211316764606e-01 1.165650368898095840e-01 7.590800960656834961e-02 9.278638088053822730e-02 8.861690157081390795e-02
8.672987392860996569e-02 9.917774399873346969e-02 1.161042116303740157e-01 1.190459970928735428e-01 8.660071205229771807e-02 1.191507138553294376e-01 1.185503315131598567e-01 7.781048586014716051e-02 9.009608884594530465e-02 8.673384122252952855e-02
9.284051413858869506e-02 1.036014640239215079e-01 1.060853930000878464e-01 1.114154341201989695e-01 9.280108870211134509e-02 1.114484449302515501e-01 1.111464067908745634e-01 8.259638184655336557e-02 9.521830273335987749e-02 9.284656971405230719e-02
8.884793096432361259e-02 9.749359124436848822e-02 1.138343938798054844e-01 1.191633373603995377e-01 8.871797303355356823e-02 1.192636308955595803e-01 1.187068149106327297e-01 7.670451359534301294e-02 8.841662834191120479e-02 8.885118577410280882e-02
9.030830721651880721e-02 1.026139036375513514e-01 1.141346236179529572e-01 1.136912711060130005e-01 9.019455021769502701e-02 1.137548268053023698e-01 1.133909037275339787e-01 8.213528597159024114e-02 8.949222427915801137e-02 9.028410342068428351e-02
8.950331818908172088e-02 9.640064497586615933e-02 1.116803101436429080e-01 1.181607690267841987e-01 8.936252010032204318e-02 1.182565150021735872e-01 1.177549812948018859e-01 8.075248907359332262e-02 8.863554302363660375e-02 8.949290917009757040e-02
9.047473375999025291e-02 1.053849604429853704e-01 1.089012723189356491e-01 1.137137150150587389e-01 9.037619010060998770e-02 1.137633518537610744e-01 1.134272597184513703e-01 8.019502241671808140e-02 9.332197353539992135e-02 9.044152083808951192e-02
8.772193647031929775e-02 9.806888324435973636e-02 1.104922128180878677e-01 1.218700385848948131e-01 8.763154323952973557e-02 1.219574757310576268e-01 1.213240586079095268e-01 7.669933196198987224e-02 8.649931271806932109e-02 8.773520662378218871e-02
8.686876203647073136e-02 9.378715861370222340e-02 1.095036317098228573e-01 1.232664473266689431e-01 8.675333954258229729e-02 1.233632771922800603e-01 1.227082485553412511e-01 8.153412255757190585e-02 8.535077614408832780e-02 8.686423632147138862e-02
9.184050789158834660e-02 9.866474055694704481e-02 1.115846965672327995e-01 1.149446920109122861e-01 9.170627361153406432e-02 1.150210413687459271e-01 1.146459280037271794e-01 8.424807935613591592e-02 8.552448119624921075e-02 9.181955943692723943e-02
8.853296264940385685e-02 9.846333559388927015e-02 1.152575608112834243e-01 1.189724712833921394e-01 8.833132493665551976e-02 1.190965481446887714e-01 1.185743483616977928e-01 7.259682864633705546e-02 9.167489743022227966e-02 8.849972214242990409e-02
9.059020591160447944e-02 1.029039238704391596e-01 1.071931661844289924e-01 1.122261675914783402e-01 9.054543460697403456e-02 1.122353654779159327e-01 1.119829929492314469e-01 8.893561776838711241e-02 9.284602312300542504e-02 9.054110251653511854e-02
8.748395895146073020e-02 9.477021426954265748e-02 1.135285215343602994e-01 1.220014102698804836e-01 8.743712382726981369e-02 1.220650672385688723e-01 1.214325206943171476e-01 7.879701856145908401e-02 8.497917383471402519e-02 8.750499081842681715e-02
8.819882349411729827e-02 9.511427503307490205e-02 1.142494693757168528e-01 1.225205209778374854e-01 8.797164740798234239e-02 1.226946487846863193e-01 1.219955315650989164e-01 7.047841357644667182e-02 8.857332929965035240e-02 8.820334048538884530e-02
9.059218211533646981e-02 9.780555620081952950e-02 1.126891644980657498e-01 1.183506742071712137e-01 9.029662304318678001e-02 1.185134788325668403e-01 1.180351636312999414e-01 7.269903286480522420e-02 9.048020705423091836e-02 9.053791755251727746e-02
8.913351852635786887e-02 9.682583275522133048e-02 1.162548039364187796e-01 1.197698703144429860e-01 8.888091446024769249e-02 1.199397661248019081e-01 1.193393649189521399e-01 7.077306010108540268e-02 8.996130557867035304e-02 8.912156328380149706e-02
1.003260947932454322e-01 1.055596937707609234e-01 9.720532069934108288e-02 1.002455022647689570e-01 1.003565672277428183e-01 1.002001984247855998e-01 1.003190749458306996e-01 9.356413663231995248e-02 1.019852620497132129e-01 1.002381491914912937e-01
1.017408462670943148e-01 9.311468641948893177e-02 9.992826947258801051e-02 1.021475474455885851e-01 1.017858701249821779e-01 1.021054783252503262e-01 1.021919947414376556e-01 9.995936958676121531e-02 9.534915815109039350e-02 1.016767794657184448e-01
8.972989318235424783e-02 1.013500448771958995e-01 1.144521474038869280e-01 1.122314767183254375e-01 8.969721110801050223e-02 1.122251583476009951e-01 1.119972211226183817e-01 8.531051447043083713e-02 9.334219251196078371e-02 8.966414025761595963e-02
9.115839638100065034e-02 9.858634843436349382e-02 1.123110576586334730e-01 1.129621758345640548e-01 9.106815248256315554e-02 1.130097033473909662e-01 1.126870991436952490e-01 8.393208061255728880e-02 9.315201446664024554e-02 9.113297163859139516e-02
9.024307997722608166e-02 9.793460136232151614e-02 1.137539698377291325e-01 1.166850291142016716e-01 9.007594410478088343e-02 1.167888429433646541e-01 1.163281843400836152e-01 7.643012953567573931e-02 9.153411921799751994e-02 9.022609956661921393e-02
9.112549144797653378e-02 9.889566769121627132e-02 1.116602348346044660e-01 1.152322760237596139e-01 9.093202677211219276e-02 1.153879100278558389e-01 1.148124945664063257e-01 8.056622699884798122e-02 9.020549720383637393e-02 9.118217443338441641e-02
8.867856686015000711e-02 1.015562041195434279e-01 1.154227422156765964e-01 1.171198650120140738e-01 8.847824398588938211e-02 1.172475500102807822e-01 1.167336881491322226e-01 7.574953494541303289e-02 9.035389909321184243e-02 8.865970560868861872e-02
8.970929891330106654e-02 9.990450406083903334e-02 1.118624401637964838e-01 1.169389422398140199e-01 8.955949908905272427e-02 1.169866733806373821e-01 1.166860836658111661e-01 7.893708486943702696e-02 8.980375365093620776e-02 8.961171996637488923e-02
8.844579680943109867e-02 9.888932235485461963e-02 1.122138506716453682e-01 1.208626442440598053e-01 8.822473444345087235e-02 1.210438322341518963e-01 1.203314132305185746e-01 7.242669673995492940e-02 8.908551734012713774e-02 8.847619193180572550e-02
9.018153769348986881e-02 9.985584766646077304e-02 1.224492104514355723e-01 1.137862932371089680e-01 9.006855358493086328e-02 1.138141254852695489e-01 1.135717317143980915e-01 7.822785053742618844e-02 8.795159760857476638e-02 9.009325202090533169e-02
9.128175549314676562e-02 1.028486515311593102e-01 1.094492161502410021e-01 1.140844160824841941e-01 9.112445215201434023e-02 1.141257565290899889e-01 1.139117674872815317e-01 8.093292564535378708e-02 9.106766751939147919e-02 9.117339140983760082e-02
8.867757395005956833e-02 9.871856638865907085e-02 1.145302816985843269e-01 1.201449529618805051e-01 8.845294893181417095e-02 1.202919421429830826e-01 1.197160516302432087e-01 7.480442533258478688e-02 8.600937478998811614e-02 8.865388217320313569e-02
8.980281837052371541e-02 9.971162364292894542e-02 1.105262960674982253e-01 1.177979842486812506e-01 8.964868533323591682e-02 1.179493344062419596e-01 1.172827729612949260e-01 7.829522784414234826e-02 8.911052747889401660e-02 8.987472964655868202e-02
8.776109003090235006e-02 9.666170198722420781e-02 1.122925282781465223e-01 1.215991078109004003e-01 8.762203248710058456e-02 1.217201038912411465e-01 1.210588443467955910e-01 7.527450169544511183e-02 8.823356966804028756e-02 8.777651980420378419e-02
8.584170518036125797e-02 9.297485104515400278e-02 1.140607006366269049e-01 1.234152642117256338e-01 8.578984379202958532e-02 1.234232060803113901e-01 1.229443182467460927e-01 7.975940914053790409e-02 8.602096422820362798e-02 8.576973743830368369e-02
8.866871933565102781e-02 9.785911875474360977e-02 1.146287558237397419e-01 1.178782968909373591e-01 8.858401024832508741e-02 1.179193020861486751e-01 1.175109695129920723e-01 8.175345568797504070e-02 8.657349977081511827e-02 8.862387188867236476e-02
8.684129557371882135e-02 9.465817320913028077e-02 1.150387995189429691e-01 1.234159643884187169e-01 8.667434647811497750e-02 1.235460810079834909e-01 1.228657352571863454e-01 7.279088012644588379e-02 8.733650052579282341e-02 8.683222391426570486e-02
9.323902774285586226e-02 9.960466527143670146e-02 1.111639389412944351e-01 1.128250512113049553e-01 9.307219355649094805e-02 1.129836758564039534e-01 1.124072381725353259e-01 7.817027855658162383e-02 9.318101403501642677e-02 9.335291665607971245e-02
8.732428543688600109e-02 9.672902942069544485e-02 1.201730988807461625e-01 1.218604727295984486e-01 8.706613719442528321e-02 1.220011965307312707e-01 1.214723707419461118e-01 7.081712875278346753e-02 8.531291529640142035e-02 8.724336501578637548e-02
9.242995095277692363e-02 9.925811123070081565e-02 1.078262912730675871e-01 1.131350348701518072e-01 9.227353087350402550e-02 1.132275422638378964e-01 1.128560408565795897e-01 8.527903658474283999e-02 9.129121092573201646e-02 9.242325016890644285e-02
9.459250973514447824e-02 1.007189616834157780e-01 1.105744415583306411e-01 1.107539801506850635e-01 9.446857440138552164e-02 1.108410792576948189e-01 1.104938470342912565e-01 8.271607856705791295e-02 9.021554423379460341e-02 9.462498337820000882e-02
8.421271006747498011e-02 9.357086648374819682e-02 1.152630570211451155e-01 1.259333952389845579e-01 8.411502077380589304e-02 1.259853908959168156e-01 1.253712164605945145e-01 7.675948428509293819e-02 8.463813154460600452e-02 8.415072722863098376e-02
9.411120104878144266e-02 9.531446162286424939e-02 1.072387260902425976e-01 1.128014088003218840e-01 9.413941243377657586e-02 1.128272372116664035e-01 1.124551479518914737e-01 8.896874447442057465e-02 8.797019084023513513e-02 9.417346952579963570e-02
9.539941128966586414e-02 1.000706210737979662e-01 1.141933594510918942e-01 1.090762277956982135e-01 9.530049061026930890e-02 1.091540585822830256e-01 1.088342818998418449e-01 8.416866251584818881e-02 8.835564902972302403e-02 9.544723775178065583e-02
8.944528331854567638e-02 1.022615475437809729e-01 1.103360759174375344e-01 1.175890830695297401e-01 8.931136510106940651e-02 1.176848865361806162e-01 1.171786684099660331e-01 7.639103917815341649e-02 9.035849231140188897e-02 8.944355861393465945e-02
9.129060612171048528e-02 9.768377765608912688e-02 1.108164305827022689e-01 1.147524690181753043e-01 9.121592912028911315e-02 1.147336106290585550e-01 1.145994768062100905e-01 8.314714542152507049e-02 9.060266145521708725e-02 9.115789318902291216e-02
8.796885696517402209e-02 9.797308561809008054e-02 1.173619933380459779e-01 1.199948816319613143e-01 8.788381042661930209e-02 1.200513869832040420e-01 1.195484994574113197e-01 7.341857347325572714e-02 8.785510487378914157e-02 8.794380723244907272e-02
8.764511462903765149e-02 1.008667091885611516e-01 1.149329170243044013e-01 1.199496382505700898e-01 8.747928651758500596e-02 1.200803154000662926e-01 1.194519383343754237e-01 7.469865601824901558e-02 8.724275649915955166e-02 8.765266813809145796e-02
9.473026802846755412e-02 9.855518299449532449e-02 1.113812434277157287e-01 1.099387379586864028e-01 9.472905735293014884e-02 1.099638483080480483e-01 1.096829539111624785e-01 8.828645186242496667e-02 8.796634800554742339e-02 9.476590815052186867e-02
9.278343311051813480e-02 1.068140910099144442e-01 1.083692994371590335e-01 1.096799308419960234e-01 9.279352604506259372e-02 1.096323045727872758e-01 1.095686102637265097e-01 8.538569321657803191e-02 9.229065349779792815e-02 9.268245800446002491e-02
9.277718902209947105e-02 9.892119189579376415e-02 1.131017474024443303e-01 1.116764681768180889e-01 9.267301999605638552e-02 1.117179370773788982e-01 1.114724677970641564e-01 8.308357499843176119e-02 9.184457450545320534e-02 9.273182912845996662e-02
8.993197977389816300e-02 1.003306110789122241e-01 1.092565737898504863e-01 1.168580034934008222e-01 8.978747751424144552e-02 1.169639226635716955e-01 1.164544501802596971e-01 7.737149903891714364e-02 9.310502734851575091e-02 8.994045511843248852e-02
8.873542125303489347e-02 9.851937865080259704e-02 1.161977950866490000e-01 1.184905396919119364e-01 8.862712571755797242e-02 1.186005344652544813e-01 1.179814949064654922e-01 7.782706854345482206e-02 8.624192276660143375e-02 8.877871891826735751e-02
9.216159645182903093e-02 9.952583887558688613e-02 1.148440084829764757e-01 1.150610530954958161e-01 9.196472898630669857e-02 1.152521404567369845e-01 1.145701842287139838e-01 7.314505705938248448e-02 9.118907844838233800e-02 9.228631391458931577e-02
9.123888799137774841e-02 9.943675469308077552e-02 1.097206940601116176e-01 1.154390725108102728e-01 9.106749832290803037e-02 1.155441698935167349e-01 1.151113415426133907e-01 8.001190412253017525e-02 9.120203042213495537e-02 9.122764644091627129e-02
9.030744069737071944e-02 9.963466082103369925e-02 1.176437426972856554e-01 1.149773656523250809e-01 9.016974164709316841e-02 1.150832035319918206e-01 1.145912585190563132e-01 7.674620190406210296e-02 9.051595224682121299e-02 9.033043228296019911e-02
9.050743845088456141e-02 1.004158113033347816e-01 1.140219380951597306e-01 1.130825995665715733e-01 9.044414363773167764e-02 1.131597985575353432e-01 1.126832182315226361e-01 8.175271169210369948e-02 9.336965865334628800e-02 9.056268181180970878e-02
9.087576859724834366e-02 1.001445584257498883e-01 1.076018447900710800e-01 1.148842783865007960e-01 9.071496032266608556e-02 1.150001469459867448e-01 1.145159070735110168e-01 8.366977118308160932e-02 9.169747649696766145e-02 9.089528777821674621e-02
9.171350691409635436e-02 9.857143013037501789e-02 1.099595212405374278e-01 1.152294713688782196e-01 9.151471653380711946e-02 1.153319555468758778e-01 1.149570138899855543e-01 7.882060662114204197e-02 9.223019022543943457e-02 9.167158752886298001e-02
9.057173357126739599e-02 9.626753020803842376e-02 1.090206594752975572e-01 1.170763552056732215e-01 9.049134542659875713e-02 1.170746970334092252e-01 1.168473485775128884e-01 8.319802348299276673e-02 8.899002252404256130e-02 9.046228449516718895e-02
9.049966454820296269e-02 9.835305035231152460e-02 1.132305493558428688e-01 1.159030372106953782e-01 9.033580430942177164e-02 1.159387137080510194e-01 1.157244351783428271e-01 7.890135197184477978e-02 9.074354958118580061e-02 9.036984378410108099e-02
8.919506513671933423e-02 9.504776051548438631e-02 1.177061236461480476e-01 1.167707425200202043e-01 8.910015935087160777e-02 1.168437205180849203e-01 1.163625431758840839e-01 8.225844598035239597e-02 8.751878717119364326e-02 8.919665198524139027e-02
8.724702190237680621e-02 9.819255166929820311e-02 1.176703040016055801e-01 1.182872852439415118e-01 8.716815612557619886e-02 1.183282694014187869e-01 1.178836078951644023e-01 8.055094537419746348e-02 8.746682887106101145e-02 8.720502951536003577e-02
9.184089998776522046e-02 1.008567261171305351e-01 1.091521169329530971e-01 1.133614937974454506e-01 9.170150184763282974e-02 1.134070984732577503e-01 1.131664836975662253e-01 7.848194568852065456e-02 9.627020684297263320e-02 9.176152661475560357e-02
8.756012496288995139e-02 9.657949549324494620e-02 1.180631199511711776e-01 1.197030750252505299e-01 8.737378225408963528e-02 1.197554564236288643e-01 1.194389974490061707e-01 7.572172472892058082e-02 8.838133034426652601e-02 8.742289336753161777e-02
9.012846942268590289e-02 9.945485839392606553e-02 1.119971845033108093e-01 1.164729821162581308e-01 8.992589684632391889e-02 1.165841859986533335e-01 1.161544295588131520e-01 7.826609313689864011e-02 9.092827887273396970e-02 9.008762115039607721e-02
9.072884719076036719e-02 1.006125392476740210e-01 1.192734245488924066e-01 1.124556676755007478e-01 9.058105093629297000e-02 1.124788947120403115e-01 1.123272487635121747e-01 8.040484779704273888e-02 9.053883043123692187e-02 9.059864869704735424e-02
9.010844606143003643e-02 1.009315821748762304e-01 1.137909278347201542e-01 1.178120446448845809e-01 8.985347385246424123e-02 1.180123264012892109e-01 1.173389292016394914e-01 7.175142290791131083e-02 9.024091375080456334e-02 9.015993316998016649e-02
8.822815658594740373e-02 9.716798172737065031e-02 1.183513895098168012e-01 1.194889178371936755e-01 8.803852215759154498e-02 1.195370442056391397e-01 1.192515693152251116e-01 7.410422441154562723e-02 8.774975857769931609e-02 8.808243567197070190e-02
8.781851793965091135e-02 9.508089169311455258e-02 1.101948384597395136e-01 1.199361596268513075e-01 8.777524655812088406e-02 1.199722584283647864e-01 1.194681845466833009e-01 8.339941439675205292e-02 8.855021910730075108e-02 8.780426924342192574e-02
9.231822864880497026e-02 1.006214003151585240e-01 1.131358218342534833e-01 1.127026510252343433e-01 9.218389819447773970e-02 1.128157806904224875e-01 1.123439649706470811e-01 7.956257869028630914e-02 9.194099456418715344e-02 9.237468106652793609e-02
8.879362405382466850e-02 9.539019563020162407e-02 1.130047862645880141e-01 1.197467557202660932e-01 8.865465704068897779e-02 1.198433804702647432e-01 1.193059883829674234e-01 7.726800209257476959e-02 8.921288865701945681e-02 8.877972168760422944e-02
9.639831945032076299e-02 9.418608843711467893e-02 1.046721506002849522e-01 1.087620806181781030e-01 9.641956016569740162e-02 1.087672109399410031e-01 1.085658059945886350e-01 9.397012753774394711e-02 9.183976152704864671e-02 9.641889472908186931e-02
9.071905914502917390e-02 1.007122836634784524e-01 1.167764174481576295e-01 1.141328763100675076e-01 9.065094050080754751e-02 1.141951130600554754e-01 1.137668628799532733e-01 7.596686779634306830e-02 9.233956418862326876e-02 9.074001500748460347e-02
