9.285908377456018881e-02 1.129434144336741580e-01 7.694862109774139314e-02 1.108743583151174938e-01 1.163846812352667265e-01 7.704032818198505717e-02 9.278287834271189971e-02 1.008664789672593237e-01 1.183325280332060692e-01 1.009676276184778149e-01
9.100671446876952564e-02 1.142810847005122782e-01 8.119841515507313090e-02 1.143564795465581291e-01 1.103294530825023601e-01 8.124031570652615053e-02 9.101175542527747964e-02 9.754584077001918208e-02 1.213099319012499039e-01 9.772000924351184614e-02
9.424320554347992429e-02 1.074305992299776774e-01 8.381174259998888654e-02 1.095539178438318106e-01 1.090736298817736316e-01 8.393602432332401830e-02 9.423036649538941989e-02 9.983800408550902450e-02 1.179233047705428722e-01 9.995920522618280402e-02
8.821800488273584540e-02 1.187625905391181957e-01 7.527613353737852564e-02 1.236726127675181613e-01 1.158953527015663815e-01 7.538448537001601890e-02 8.816727474012422960e-02 9.903928516689596007e-02 1.163671067974834106e-01 9.921715349716327126e-02
9.014724043402062847e-02 1.108846173401722424e-01 7.806916712906593336e-02 1.193504543390238731e-01 1.127898673360570592e-01 7.799754735231342884e-02 9.011943402130635772e-02 9.785978759927356496e-02 1.248537683097454137e-01 9.792811613902148438e-02
9.133155763225520030e-02 1.041685122829045518e-01 9.302642347989296956e-02 1.173194708056888719e-01 1.045354161364466933e-01 9.296707970587245184e-02 9.129899651696828100e-02 9.545473479002962447e-02 1.145233655452832094e-01 9.537444310465816033e-02
9.053248188932744300e-02 1.128394522425128499e-01 7.509125284186897453e-02 1.160074021121163396e-01 1.140980317834453528e-01 7.515980351983518604e-02 9.043984523119040497e-02 1.018797646020517395e-01 1.219950421175432093e-01 1.019569236601085005e-01
8.946784369376931112e-02 1.096436226053544294e-01 8.068366882640581883e-02 1.250394427083876270e-01 1.125833900297821127e-01 8.078989679745308961e-02 8.941952659013657767e-02 9.732623010153319820e-02 1.175870373190884138e-01 9.745934132808940775e-02
9.289125955085543451e-02 1.106769437191881950e-01 8.439810722683112332e-02 1.085642249640110385e-01 1.108856994349827624e-01 8.462526288243832351e-02 9.283164714642298809e-02 9.943112239090029503e-02 1.161296330286144679e-01 9.956609965575537180e-02
8.922425362512442781e-02 1.192539868977774975e-01 7.913562606865794102e-02 1.140533848814564988e-01 1.128580042512071363e-01 7.923063320891161887e-02 8.921423785108015259e-02 9.906413201336178309e-02 1.187182542943646113e-01 9.924748690805833273e-02
8.734273247728684131e-02 1.111749057746344443e-01 8.057299668757977873e-02 1.246911128585703188e-01 1.092494640394903183e-01 8.061798843660791802e-02 8.734259460373608452e-02 9.780367536471992751e-02 1.232238603356863582e-01 9.798066942168802418e-02
8.830596932684371680e-02 1.233196852821611539e-01 7.440922472309181857e-02 1.164984097623354420e-01 1.179817213813077609e-01 7.452391642253342052e-02 8.829070248622390704e-02 9.749597697402084817e-02 1.214498402784513348e-01 9.772455336303061124e-02
8.687296808216710131e-02 1.220220945244026717e-01 8.001238135875009261e-02 1.160189732441011534e-01 1.184431319594836662e-01 8.016646882077187175e-02 8.676607557710212804e-02 9.804885345051032874e-02 1.135895129591575486e-01 9.805954002355336818e-02
8.427707029692764473e-02 1.273699281211348455e-01 7.176263857249561007e-02 1.324298710004615520e-01 1.183471702635258554e-01 7.183644592045101973e-02 8.425283904408382984e-02 9.502975395587250074e-02 1.194619989903840107e-01 9.523228383466313118e-02
8.701090069813283145e-02 1.226237353515223505e-01 7.227688815387001142e-02 1.272763727984118631e-01 1.160399316311168799e-01 7.229731102699013534e-02 8.695951114482103339e-02 9.749992447723600242e-02 1.203771922691633245e-01 9.763823244873560958e-02
8.899103577801191489e-02 1.147082465277621671e-01 7.757765225036335199e-02 1.215029479992272288e-01 1.138372657252721548e-01 7.760022440513454633e-02 8.899307486008066481e-02 9.685223093632959468e-02 1.229388471276902511e-01 9.699847439012813932e-02
9.017758046333121391e-02 1.152236746307270104e-01 8.219528079990673364e-02 1.153462309281468312e-01 1.131551081046305723e-01 8.227718666194962227e-02 9.019048768813776873e-02 9.755040808535235530e-02 1.161460159078846199e-01 9.773802672993327223e-02
9.571566065845961424e-02 1.086887290266986550e-01 7.723085947627206238e-02 1.110435898288252843e-01 1.111801125116173433e-01 7.735317748456069231e-02 9.567216351235216520e-02 1.026143106838465352e-01 1.176457074041300788e-01 1.028556894132375693e-01
8.986618456871103833e-02 1.202081873225861602e-01 7.297653051418594161e-02 1.075647533880974421e-01 1.170774846060210483e-01 7.307443532509010076e-02 8.979057531046079343e-02 1.024447368494909860e-01 1.243506084832590036e-01 1.026465036320974578e-01
8.590233420066246961e-02 1.187992693861100735e-01 7.920723085685187070e-02 1.228470222192608596e-01 1.144080252517303969e-01 7.934131397813293241e-02 8.582331631133428840e-02 9.795588901426272033e-02 1.176414191828365347e-01 9.807417959881781222e-02
8.918194185739980462e-02 1.142522111094075171e-01 7.787654855601700010e-02 1.144044748877035417e-01 1.144302414448306465e-01 7.791826222094204446e-02 8.914162042972556543e-02 9.916730881445244561e-02 1.243244411765330043e-01 9.930294950298848566e-02
9.137685397047408398e-02 1.082107382422488745e-01 8.234860939370357291e-02 1.196530001631202905e-01 1.093747224440684701e-01 8.244156084811139762e-02 9.139379736956342037e-02 9.899977799422624014e-02 1.169853365890536900e-01 9.921560298542989043e-02
9.089983567767291606e-02 1.121206737999412700e-01 8.283115221379236393e-02 1.181180062925390045e-01 1.116751052794413140e-01 8.290690694765823210e-02 9.089860219426465493e-02 9.605048048494901902e-02 1.183213143265249567e-01 9.617792278321626864e-02
8.782792625700275302e-02 1.137906984807406513e-01 7.661319031944452407e-02 1.319584700623837314e-01 1.135047597686950072e-01 7.670094619233638888e-02 8.777893227976604762e-02 9.625684660692954142e-02 1.191623147653518427e-01 9.640591526734955397e-02
8.981734236062885457e-02 1.193758171758179387e-01 8.312307476846972354e-02 1.080607443211652891e-01 1.147485205512748657e-01 8.320703321719508105e-02 8.976477342035930895e-02 9.639857604909439492e-02 1.190487296088621610e-01 9.645538852713242406e-02
8.280771830584392201e-02 1.134130404008112381e-01 6.440190093406113203e-02 1.864011946075498083e-01 1.091793058874627187e-01 6.448472729076948351e-02 8.273802872534666286e-02 9.158169530548952719e-02 1.132379878937477546e-01 9.175440064891772496e-02
9.426500460325722142e-02 1.100985246176992560e-01 8.244300255641591468e-02 1.070574706972730605e-01 1.123962851886481235e-01 8.256179048957430766e-02 9.424999034584935487e-02 9.970624014037178517e-02 1.173697160335146344e-01 9.985197532739632786e-02
9.153913560620989542e-02 1.093277325320876764e-01 8.225892898877183723e-02 1.135663741572118246e-01 1.096631872542798425e-01 8.229204495177072642e-02 9.150424746496997608e-02 1.022716511478049123e-01 1.152465639404491871e-01 1.023301339564441359e-01
8.891479873070867734e-02 1.156384986671902260e-01 7.955744148185792119e-02 1.171029872529817245e-01 1.127660352532664501e-01 7.959810471621725503e-02 8.889845466081983116e-02 9.927518861328034350e-02 1.188228184794211800e-01 9.942567214425643285e-02
9.042185987066504727e-02 1.128138323727046755e-01 8.310108669676578852e-02 1.203490187392586980e-01 1.104628547842738950e-01 8.330461993083218553e-02 9.038584744502381474e-02 9.789417787916145086e-02 1.132470899828032923e-01 9.801961229851123558e-02
8.905919497011836883e-02 1.190344869030424274e-01 7.477390909964692911e-02 1.155396398003907948e-01 1.142028672164020903e-01 7.480255768043012066e-02 8.901896906424569544e-02 1.000792959645027541e-01 1.232912913235575669e-01 1.001977879776632524e-01
9.038369815634500481e-02 1.173898786952745216e-01 7.826348723464737756e-02 1.142074214369704216e-01 1.145772562079525464e-01 7.833672154885897021e-02 9.039935487723022023e-02 9.907142016894414371e-02 1.180850597619191311e-01 9.928570191185763505e-02
8.858394918908810145e-02 1.190980217735492647e-01 7.718987455217271587e-02 1.159719202294368229e-01 1.166995969147337636e-01 7.719401998308347834e-02 8.858208741414956566e-02 9.873596575264967368e-02 1.190120834471546235e-01 9.893248074398190706e-02
1.021798258021354711e-01 1.044016238247067185e-01 8.487528352329595793e-02 1.034700804788749179e-01 1.032077576795115831e-01 8.489923319394164503e-02 1.022250974410346680e-01 1.048915085430612709e-01 1.048580379906346172e-01 1.049915515228031643e-01
9.244193722532509372e-02 1.074818073926072093e-01 8.790274011732412962e-02 1.159422722124797966e-01 1.075192462480542843e-01 8.788828747246264783e-02 9.239446517734495323e-02 9.673125570620626223e-02 1.149741936918241836e-01 9.672379475637141177e-02
8.324211976900776355e-02 1.186598960915834916e-01 7.733477048531443854e-02 1.339613559719114722e-01 1.140040804330930829e-01 7.751862729279956898e-02 8.318657197690627891e-02 9.672216766483318628e-02 1.185178548880457955e-01 9.685255542650490768e-02
8.946722873356999228e-02 1.196706050080196954e-01 6.903788570232370636e-02 1.287962916094365362e-01 1.188661205736878806e-01 6.906838430793842132e-02 8.939476584054749375e-02 9.886152400482903224e-02 1.178664447831496848e-01 9.897074943649751544e-02
9.039038014040633173e-02 1.181871188686652863e-01 7.853236737762984976e-02 1.082703278513221651e-01 1.141376034765591158e-01 7.861232118197358787e-02 9.034785462516829735e-02 9.921318241711961361e-02 1.229582315656481684e-01 9.935061249550750095e-02
8.587381060528558041e-02 1.146269690823824988e-01 7.753008492520593875e-02 1.299354445164956628e-01 1.153223484772229190e-01 7.760259414894594976e-02 8.580979027047422325e-02 9.381342257796740358e-02 1.256142582929616336e-01 9.387127710305820383e-02
8.532621553059262232e-02 1.205597523646427943e-01 7.364068657392920658e-02 1.279870628066827332e-01 1.182631460482755220e-01 7.362256718449683435e-02 8.528413552435563927e-02 9.615342074366402259e-02 1.229220767051215774e-01 9.624093651823907580e-02
8.803837645125668632e-02 1.134744070613723788e-01 7.994874833570254913e-02 1.208592566720971817e-01 1.121107980682499450e-01 8.003313208797480094e-02 8.800090301313259755e-02 9.768975811149342714e-02 1.220199515045334304e-01 9.782466869418701694e-02
8.850147488689757980e-02 1.172052650367838289e-01 7.912734013535327460e-02 1.213289610136007307e-01 1.137353259673014455e-01 7.914865776531715413e-02 8.850149995571407469e-02 9.806060007230667230e-02 1.161770365757659323e-01 9.821383859095932090e-02
8.745328325484234833e-02 1.171826578520205747e-01 8.129019505976210758e-02 1.134428782426008114e-01 1.130447200800626523e-01 8.142234143743637409e-02 8.736575806761591456e-02 9.823775770359560733e-02 1.222435038410460556e-01 9.831690446101754022e-02
8.968762883837733124e-02 1.175794006046779472e-01 7.598929182117661330e-02 1.176303970656022574e-01 1.147204907639482463e-01 7.608352912263471879e-02 8.967160820823372180e-02 9.955077821676372452e-02 1.193158413514152222e-01 9.977103400717027282e-02
9.317444356401244354e-02 1.129221920771481813e-01 7.508376894207463570e-02 1.139332300584431773e-01 1.145923580543134201e-01 7.514276896195311306e-02 9.315033158885452358e-02 1.027686882971550197e-01 1.163115813207285937e-01 1.029206371353169197e-01
9.007490748896967991e-02 1.142145098677186249e-01 8.169895393716121446e-02 1.118169656194159256e-01 1.105099082461322713e-01 8.176761789439304651e-02 9.001408636645390204e-02 1.016247652868710188e-01 1.166091011072271089e-01 1.016691841856572215e-01
9.025206658415194094e-02 1.265822148465968744e-01 6.962304087587954660e-02 1.188641005560389513e-01 1.196723515733243287e-01 6.965861681443084874e-02 9.015417962657509832e-02 9.882138414284384609e-02 1.174886426272324369e-01 9.888340235292614189e-02
8.899024680501008144e-02 1.263063068894110519e-01 7.408490174267146067e-02 1.102861542004043710e-01 1.181689653997100853e-01 7.415616283277920440e-02 8.894805632114551053e-02 9.913313760616772330e-02 1.206630708169480898e-01 9.926299738575243559e-02
9.218979186460628250e-02 1.082774384863686851e-01 8.157236573635098797e-02 1.167024913832805100e-01 1.095163289995575023e-01 8.161669447448884063e-02 9.215841456535067699e-02 1.005014207420486805e-01 1.168835663682470521e-01 1.005814873797007541e-01
9.355737065695640675e-02 1.027947671261405377e-01 7.783160006320274937e-02 1.179320662574535605e-01 1.089683887631941323e-01 7.791771318625419218e-02 9.353131555965475685e-02 1.050403089283042934e-01 1.172618512694311166e-01 1.051646181894082405e-01
9.589369833964084266e-02 1.037758324321857717e-01 9.052335164161548486e-02 1.079486622669150325e-01 1.021937255433087305e-01 9.036265678587064587e-02 9.590635221396796861e-02 1.044560774225974237e-01 1.044923929493489639e-01 1.044472504045491495e-01
9.082551344123836190e-02 1.108865794140565519e-01 8.175843884780041593e-02 1.143490387828150351e-01 1.107681630335896894e-01 8.197656215071943975e-02 9.079447482724690988e-02 1.005620663497848871e-01 1.173160158388791563e-01 1.007631473138695666e-01
9.452295923202394534e-02 1.075194118387743369e-01 8.286702334870091335e-02 1.057372508476018408e-01 1.099015365765065172e-01 8.292394474581307739e-02 9.453966497220014920e-02 1.045842731703562345e-01 1.126054943113557610e-01 1.047984409566672381e-01
9.253233373719736699e-02 1.066325876769299297e-01 8.531337703512212323e-02 1.157158597908760772e-01 1.076056790481696585e-01 8.536340840671802210e-02 9.257890001464247343e-02 9.992683850799898015e-02 1.141364239811222814e-01 1.001945918012230735e-01
8.752578902753714585e-02 1.163385733794236598e-01 7.645796355396224098e-02 1.270709581403168531e-01 1.144940621988667362e-01 7.652148385642280892e-02 8.750323194600537202e-02 9.640910526763421529e-02 1.211471887133015179e-01 9.653164391652947762e-02
8.866275286160964220e-02 1.227818024505164946e-01 7.001453866074060228e-02 1.224629679607139726e-01 1.180254965291459290e-01 7.002738883535215841e-02 8.858873636213167313e-02 9.920792614342877069e-02 1.209038676416468311e-01 9.932452255471392599e-02
8.463249041033051034e-02 1.182860292066121310e-01 7.553325457501575135e-02 1.311678195822649218e-01 1.153164372642412894e-01 7.556141898258721123e-02 8.460164210901226223e-02 9.625829840601343723e-02 1.223150130612564723e-01 9.632759640266598533e-02
8.660812521876204428e-02 1.188970410713175024e-01 7.282667097254959254e-02 1.295649580979659210e-01 1.197188778252695207e-01 7.287344425855213359e-02 8.651399348182843563e-02 9.712974480257050014e-02 1.187018370631760383e-01 9.716530720800828358e-02
9.109333112758100093e-02 1.146073041189906577e-01 7.713803211962642903e-02 1.138710795196953007e-01 1.155957482523318064e-01 7.719055027279686509e-02 9.104552027756078469e-02 1.002361327519621925e-01 1.188684823606751123e-01 1.003538191987798645e-01
9.404332322845979086e-02 1.099108514889537008e-01 8.137156674530918177e-02 1.136379603953351636e-01 1.087184586949119930e-01 8.128931584024380597e-02 9.403804911486018936e-02 1.021391832349929918e-01 1.126271882266010327e-01 1.022241030303321502e-01
8.590948132648969227e-02 1.128551945160546632e-01 8.036789953647988094e-02 1.243696343632456763e-01 1.114574003671813529e-01 8.046101711211192664e-02 8.587196611120716250e-02 9.637719621298976302e-02 1.258597983527855180e-01 9.647041210145430867e-02
9.341079688370472478e-02 1.105563882561275274e-01 8.445452551701365662e-02 1.093511012394839804e-01 1.078934474994482917e-01 8.438711624994191252e-02 9.340612406395999712e-02 1.041391284689292679e-01 1.082428228552056587e-01 1.041585489661850106e-01
9.042866807596280920e-02 1.091152101116842355e-01 8.296703638461795649e-02 1.187609895966588447e-01 1.117991478062426991e-01 8.306307318005308471e-02 9.044476930856443220e-02 9.674962558828506531e-02 1.197154106543067836e-01 9.695606929362403370e-02
9.305062527643441495e-02 1.097953443864142231e-01 7.765364064394947308e-02 1.141616030673527349e-01 1.115343624465090361e-01 7.774704723940875639e-02 9.305258384308462416e-02 1.013358179837690887e-01 1.201118158824432819e-01 1.015571592306343668e-01
8.807648507467664978e-02 1.093427468693946580e-01 9.008937422893037450e-02 1.178886050814813569e-01 1.090509292948394493e-01 9.008706941449007299e-02 8.802859260973329436e-02 9.689716328679877366e-02 1.136546814485197426e-01 9.688435269113562787e-02
9.184396492884322472e-02 1.167913441063365976e-01 7.771199914622498039e-02 1.049373162360402872e-01 1.166965349603143742e-01 7.778939243247107171e-02 9.177134279353214852e-02 1.010786955153012839e-01 1.202526506883471596e-01 1.011267591925888859e-01
9.101706227192281340e-02 1.222027090081536649e-01 7.602654134643321848e-02 1.138113033806633922e-01 1.165377547948409642e-01 7.598078649760742209e-02 9.101647775597321299e-02 1.003493831315589585e-01 1.126504637531547115e-01 1.004075180596916000e-01
9.042272411258761577e-02 1.141487419858857877e-01 8.022613703703249111e-02 1.212738700911223932e-01 1.144219600730936870e-01 8.032933893488548860e-02 9.039478714240346824e-02 9.737232519471647474e-02 1.139013336849582919e-01 9.750878174331430170e-02
9.070079000544804815e-02 1.125500222674539474e-01 7.798467059595480533e-02 1.190202391815250726e-01 1.132527357738641050e-01 7.803637997198328846e-02 9.064399404448264530e-02 1.001617495728402141e-01 1.173739443026141915e-01 1.002754742838336544e-01
9.214043863546658719e-02 1.133106442824880350e-01 8.284791902350868709e-02 1.064401425685258668e-01 1.116564682381549489e-01 8.299430946807354048e-02 9.207182456175247443e-02 1.010207642138528095e-01 1.164180069015932628e-01 1.010994821065838295e-01
8.899731564707130671e-02 1.051533203302594394e-01 8.288696534323755638e-02 1.254887181886850667e-01 1.076708815176845996e-01 8.287633536451305405e-02 8.897293923833242413e-02 1.011152386215472959e-01 1.156966544056542839e-01 1.011416313430149733e-01
8.917848968959481148e-02 1.144880880232795467e-01 7.749032213890837129e-02 1.237685409530242531e-01 1.134478902054261162e-01 7.761321699121130624e-02 8.914459193948920390e-02 9.737994549663979427e-02 1.199291714868646885e-01 9.755974307556194991e-02
9.060217591747841970e-02 1.171525170265242249e-01 7.903758166132987539e-02 1.224627237906459054e-01 1.134559708783779985e-01 7.909206713156738400e-02 9.061811376609850421e-02 9.733936530485028105e-02 1.127514282242546850e-01 9.748805629887266622e-02
8.839042928417768785e-02 1.207963187796940729e-01 7.259809826201582550e-02 1.245855221530640794e-01 1.181247895639474382e-01 7.262890661896780065e-02 8.835203228797371133e-02 9.891858085212970608e-02 1.166073834673236470e-01 9.899793873070603101e-02
8.698047687463739130e-02 1.176861985717434639e-01 7.528979884944088374e-02 1.288321481474056784e-01 1.166151023514902518e-01 7.527328536318188268e-02 8.691239787346372037e-02 9.604175127077146934e-02 1.203082726116320028e-01 9.606056808623322785e-02
9.024163432538878649e-02 1.151088634137415467e-01 7.598263680139008547e-02 1.211498174414232798e-01 1.137312138507994563e-01 7.600101208444748346e-02 9.020964270966515264e-02 9.640125885922104509e-02 1.247559344891085026e-01 9.641798602481467528e-02
8.627897115211377588e-02 1.260341684872574031e-01 7.341215416395549531e-02 1.210882962629937498e-01 1.184761905155232720e-01 7.337467837506085611e-02 8.623979808722993801e-02 9.759366251981826945e-02 1.198377954803420548e-01 9.766428495570518564e-02
8.891108261095659326e-02 1.116594822279474708e-01 8.174129184716202867e-02 1.232136121509004451e-01 1.091926846637353843e-01 8.185543177576130869e-02 8.891076217212975918e-02 9.791485446472451837e-02 1.184773522780758759e-01 9.812344580860654641e-02
9.174100478931783431e-02 1.359499638225809270e-01 4.965200407722326903e-02 8.592384598266211704e-02 1.315531597442066158e-01 4.974682075984206836e-02 9.152626989713621986e-02 1.112090034312730874e-01 1.409002938819662598e-01 1.117976336137916360e-01
9.173418736355685998e-02 1.197292188009456831e-01 7.596417409703103141e-02 1.132243218419927561e-01 1.119621265152970224e-01 7.594897859183630251e-02 9.172593513508446594e-02 1.025501716265838914e-01 1.144594013925940568e-01 1.027014846350779859e-01
9.143820135378896707e-02 1.143391917933471863e-01 7.803941631007817181e-02 1.148484776718196321e-01 1.139750540184839844e-01 7.815470055220266610e-02 9.141822445092409599e-02 9.998334025891100763e-02 1.176212280033656910e-01 1.001821655870785560e-01
8.828539477194241591e-02 1.164252684872417176e-01 8.023859633976491990e-02 1.169626500161521504e-01 1.129233974903041532e-01 8.025832134893209902e-02 8.825341691363523811e-02 9.785036739192769228e-02 1.208542559393633725e-01 9.794833130073626881e-02
8.509909152537735444e-02 1.193174045131134980e-01 8.020619088764120719e-02 1.274843432223320694e-01 1.160097857849469311e-01 8.022635568528092842e-02 8.506174094332939750e-02 9.437312701176008012e-02 1.177860765158550010e-01 9.443588391036350504e-02
8.775146953229136237e-02 1.208775492027114318e-01 7.338031750123730212e-02 1.184277423863346751e-01 1.173902114529077056e-01 7.349001191664418509e-02 8.770780951170234485e-02 9.995154556098820309e-02 1.208898770098389835e-01 1.001334659253438480e-01
9.311478306973101915e-02 1.134452662574335358e-01 7.716924209242555233e-02 1.158237951186232989e-01 1.139152684385017072e-01 7.714882221768394610e-02 9.310337223089953929e-02 1.010588842828702566e-01 1.140722676736029007e-01 1.011482986182282440e-01
9.009082289014587464e-02 1.168856463524022143e-01 7.163097658925098032e-02 1.200513380078591513e-01 1.156170090796443950e-01 7.174579479319247166e-02 9.004378357530849752e-02 1.003418427171017258e-01 1.229911962538397380e-01 1.006015897412549931e-01
9.199339889401392245e-02 1.068603967774310187e-01 8.526754504681885449e-02 1.192045653284677792e-01 1.090678225276892760e-01 8.530566115036376795e-02 9.200583071253300160e-02 9.515117969350257721e-02 1.198873160278036004e-01 9.525628384137613258e-02
8.773148223512189370e-02 1.144354395759036996e-01 7.562393726209010181e-02 1.236931593267992929e-01 1.136532437415266883e-01 7.575792031462116882e-02 8.772884581615832122e-02 9.915122396920145187e-02 1.227903246137031362e-01 9.943442314487427325e-02
9.451025911558032233e-02 1.077305553804255994e-01 8.472262209788403164e-02 1.148311002274210180e-01 1.094518122427841078e-01 8.480008425245889880e-02 9.452819021639069508e-02 9.829102372020004363e-02 1.127140860649967352e-01 9.842026668185857585e-02
8.868269181364701881e-02 1.243707555619809058e-01 7.372830558748147411e-02 1.053723353137913515e-01 1.198424510985398872e-01 7.377607430884050577e-02 8.861958062196791108e-02 1.028136122776263511e-01 1.198298902328831517e-01 1.029643031832414846e-01
9.230515177142502303e-02 1.150501898034584775e-01 7.541309346820217197e-02 1.179775667634790776e-01 1.131731745075665874e-01 7.550211499129301507e-02 9.226673041516501861e-02 1.005938642483473339e-01 1.169862108460504174e-01 1.007319031850128499e-01
8.801898181625741890e-02 1.191203780866892659e-01 7.595041918554147620e-02 1.288895086671095480e-01 1.130545250493420195e-01 7.601837445567444229e-02 8.801821819250726930e-02 9.664337585247373408e-02 1.174910698072440113e-01 9.679514888716081455e-02
9.531135927022214849e-02 1.069729967712392260e-01 8.276096345146474742e-02 1.117990823595530342e-01 1.059983167172321578e-01 8.269251488843519515e-02 9.532686691777786381e-02 1.034376583873161393e-01 1.121810624270851431e-01 1.035191788096743587e-01
8.907341089906850584e-02 1.183000652005224279e-01 7.728314207854329598e-02 1.170738276614324558e-01 1.144078829421567994e-01 7.731315894108614639e-02 8.904784075136097654e-02 9.808461866744945523e-02 1.211970688698045806e-01 9.821898398857528689e-02
8.920620508733302645e-02 1.164980416359487070e-01 8.184921214633783526e-02 1.094102376096603574e-01 1.135518122530439766e-01 8.187482949201331517e-02 8.917236394920481646e-02 1.021261072406903503e-01 1.140715809459880159e-01 1.022396096397795856e-01
8.965450494407911641e-02 1.160489319366567740e-01 8.162677257711831169e-02 1.130251561098212093e-01 1.127700904561397127e-01 8.169480731990962086e-02 8.961866711872826241e-02 9.745341014866099050e-02 1.205343013530551649e-01 9.757335803583083722e-02
9.200576821989098208e-02 1.090150881575994296e-01 7.904965313191403276e-02 1.214351590905568407e-01 1.071982027925918873e-01 7.906977574297213707e-02 9.199501877941589079e-02 1.036619091095819789e-01 1.128030081010480273e-01 1.037664168744287935e-01
8.792214164934347709e-02 1.129081965586227337e-01 7.802459975201195275e-02 1.188081269026605574e-01 1.120283395781514202e-01 7.799369485636749311e-02 8.790405080849972297e-02 9.946802631626161517e-02 1.253487878997102678e-01 9.959403567837078752e-02
8.595032110797382052e-02 1.102504906671866458e-01 8.202875184962057920e-02 1.292073386663963874e-01 1.100478949425071906e-01 8.212110389776326735e-02 8.591843004949854812e-02 9.436868025652812852e-02 1.256307700724978438e-01 9.447621849002761640e-02
8.673206309174702477e-02 1.089000404166300118e-01 8.537427264397726145e-02 1.161775606831971647e-01 1.130620391325620477e-01 8.551271589793427164e-02 8.666264809367685285e-02 1.000660881862917018e-01 1.173411655720233010e-01 1.001714062819603762e-01
9.290435517165489265e-02 1.159679350248864899e-01 7.352868555032499032e-02 1.134736691723454566e-01 1.165921733814392486e-01 7.358630526916561110e-02 9.286964299726339911e-02 9.971792691286891774e-02 1.214822815358115315e-01 9.987702498423951802e-02
9.186684735767124133e-02 1.039007633838561762e-01 8.794157420693149430e-02 1.155490029001478292e-01 1.059071829995565373e-01 8.794000334320951906e-02 9.185900514707663611e-02 1.016492087027970059e-01 1.117005219985079539e-01 1.016858899602456207e-01
8.539447707609643112e-02 1.135567449086312408e-01 7.924845195898846950e-02 1.290625205161593514e-01 1.137126375683892854e-01 7.925084146105940142e-02 8.538089570869561440e-02 9.506157068461898452e-02 1.241849298153109293e-01 9.514693030205031987e-02
9.005314294916264006e-02 1.219574126016033377e-01 7.163455946549719677e-02 1.194030274763609040e-01 1.159432152489090762e-01 7.170689901090106233e-02 9.000996150432785670e-02 9.665589042476038784e-02 1.257843222935275673e-01 9.685156902494997111e-02
9.286404774063566903e-02 1.148517187148618141e-01 7.450375378614247646e-02 1.113997498859876784e-01 1.156565678212814335e-01 7.465554351913117337e-02 9.277943213042828818e-02 1.005010877571567707e-01 1.220952375553384095e-01 1.006928610890363007e-01
9.111189159153838812e-02 1.163991275995510666e-01 7.164039988320755614e-02 1.219886623820733429e-01 1.175567714889790699e-01 7.171659690465509440e-02 9.105940352589109166e-02 9.804744645071156173e-02 1.222299237364862234e-01 9.824977643690660511e-02
1.022170705054910311e-01 9.672991514885047326e-02 9.387355810131735312e-02 1.018305643487451562e-01 9.751764166941606637e-02 9.377252590127561904e-02 1.022090189702187651e-01 1.058225199157248053e-01 1.002781970085787483e-01 1.057489884303819683e-01
9.680329869298147372e-02 1.002443151047762715e-01 1.015702316882610007e-01 1.083403614299718598e-01 1.015545557162593621e-01 1.015517645373659184e-01 9.675652780729765423e-02 9.481673285934140438e-02 1.036382237870267509e-01 9.472398837671826277e-02
9.069009059413053742e-02 1.139267678997507305e-01 8.286285915719192319e-02 1.216754849575748670e-01 1.109309641836221799e-01 8.284821275503748139e-02 9.068751373988848119e-02 9.833858084152671819e-02 1.096925348786876309e-01 9.834699099258945032e-02
9.196064319085428540e-02 1.172815406883993689e-01 8.282778212083451164e-02 1.157457147998628560e-01 1.106564161234744464e-01 8.284439140706521820e-02 9.194942086751838051e-02 9.724043468806883861e-02 1.121819732585125212e-01 9.731168285540957308e-02
9.113225071179556491e-02 1.137808966727512361e-01 7.607695378955398047e-02 1.267274899289057843e-01 1.130561808157923842e-01 7.611297668177019471e-02 9.110154432675207636e-02 9.744538849744543985e-02 1.169865534730699097e-01 9.757976510216344324e-02
9.139392110286552462e-02 1.110222464417572052e-01 8.151409692696025278e-02 1.122096055688250188e-01 1.129036886789107214e-01 8.170225326449348513e-02 9.137033424783956581e-02 1.000091501291165696e-01 1.176398148819310513e-01 1.002348887573006192e-01
9.040746043822675548e-02 1.138727027586265705e-01 7.570342079685689340e-02 1.173883038080146823e-01 1.152711364357756063e-01 7.581969711663351374e-02 9.037023635044931502e-02 1.014641807569090642e-01 1.180502800278738496e-01 1.016525815106336800e-01
9.050672037159090966e-02 1.130691105991316614e-01 7.948739264469432964e-02 1.141605735199024280e-01 1.126789871593297798e-01 7.955479470732913783e-02 9.044239884051177847e-02 1.007529574232794711e-01 1.185361932030440241e-01 1.008108715311865355e-01
9.081659256416688142e-02 1.190371679323434101e-01 7.378854325433213679e-02 1.116236447735058090e-01 1.141643511199582212e-01 7.388905610721131778e-02 9.078617381325722324e-02 1.006196304947814257e-01 1.244137264368441326e-01 1.008611135035994422e-01
8.677452785809189328e-02 1.230468085186249005e-01 7.720086003903962879e-02 1.184411208555850997e-01 1.205823275189079474e-01 7.720215511040755263e-02 8.671054372689679379e-02 9.857027719801057797e-02 1.128638336893342947e-01 9.860754548510135276e-02
9.101837330506992729e-02 1.101525519397066194e-01 8.080465305060266501e-02 1.165357473769958185e-01 1.094067424683576872e-01 8.088344648139859927e-02 9.094732791043586007e-02 1.028625552354417161e-01 1.144679304738783904e-01 1.029206717581126612e-01
8.743017207082338926e-02 1.179194240380961184e-01 7.595467397628501149e-02 1.149794132539322389e-01 1.162828469860567454e-01 7.609936810247547312e-02 8.735995715262159789e-02 1.003199269295019375e-01 1.231474485342001907e-01 1.005067689560073391e-01
8.984918378817546847e-02 1.123694743399464291e-01 7.890576408420715837e-02 1.181942666802614367e-01 1.111552763931083904e-01 7.902338267232406066e-02 8.984165338321017935e-02 1.002391095631846307e-01 1.199565410669723720e-01 1.004653480286098743e-01
8.973331880583541864e-02 1.094943119372122492e-01 7.654444634465162878e-02 1.225383015171409018e-01 1.139133624537930212e-01 7.660111988468676358e-02 8.971560306998788148e-02 9.813540123021685657e-02 1.250330412411215231e-01 9.829109351535376959e-02
8.626933124801546005e-02 1.191056607618900531e-01 8.001782349672514894e-02 1.225847986907065285e-01 1.141146155480607383e-01 7.994743410219579127e-02 8.623765234376090660e-02 9.325670011892708833e-02 1.252087715973005388e-01 9.325721209241776000e-02
8.590161038213914302e-02 1.152429393935233554e-01 8.110151571629090061e-02 1.251076604667825942e-01 1.135088176507598329e-01 8.113653932717881934e-02 8.585940578183950955e-02 9.704820312319249742e-02 1.179879535423213333e-01 9.710535461597202822e-02
8.733722179802892727e-02 1.187071399223491169e-01 7.278510540566067444e-02 1.321750844034262351e-01 1.147618586013743613e-01 7.281888725136453910e-02 8.730430306398583029e-02 9.458649957753706428e-02 1.247940249813023900e-01 9.472987499497088903e-02
9.516248925758070965e-02 1.131300358555932528e-01 7.983941325814512824e-02 1.043883202722854370e-01 1.132254458183032941e-01 7.993016673072610156e-02 9.517210957208327438e-02 1.014196869408542506e-01 1.160606239091852149e-01 1.016717083852433229e-01
8.571602451149797075e-02 1.270731309386365915e-01 7.107549216089158184e-02 1.205602091718753349e-01 1.206237632147446337e-01 7.118644591634548657e-02 8.562228115642854520e-02 9.731316183297178402e-02 1.233668721756095293e-01 9.746261892099858382e-02
9.276823789287992617e-02 1.090778117892218652e-01 8.653035718718769809e-02 1.053746453013707091e-01 1.094835961926746010e-01 8.669238174989525592e-02 9.272854344647292468e-02 1.008124828051349398e-01 1.155851087169763869e-01 1.009468349181856933e-01
9.138493098346764376e-02 1.097277944927681215e-01 8.382343941663844555e-02 1.112578843554478253e-01 1.118605661090562586e-01 8.387027287673470832e-02 9.134705465564871285e-02 1.019124675380729955e-01 1.127593008801189706e-01 1.020562886920463180e-01
8.388214657467228663e-02 1.135490500042732054e-01 7.605240134836484256e-02 1.408040646659413364e-01 1.139382805937085019e-01 7.604614758089017768e-02 8.384536440616734143e-02 9.270670003991320074e-02 1.264186739145755078e-01 9.275717087149358553e-02
8.901683019714759504e-02 1.108017369795358531e-01 9.018333518706500573e-02 1.147851717490374068e-01 1.082722422449348271e-01 9.014072873293188515e-02 8.901019497133942637e-02 9.631849163304179173e-02 1.151068059233281288e-01 9.636446238163808020e-02
8.947519684079725810e-02 1.191918401595397220e-01 8.530271090822860725e-02 1.022058109395992953e-01 1.154343428515060971e-01 8.535297147076890967e-02 8.943184378275619018e-02 1.012350889866567988e-01 1.110024102972410331e-01 1.013677837629061024e-01
9.043475839532928717e-02 1.134185429997605493e-01 7.645766480079675687e-02 1.194769047454165706e-01 1.102214650790886569e-01 7.649392415869465944e-02 9.041502203413732952e-02 1.021216880247201447e-01 1.186834635842662772e-01 1.022765661777897961e-01
9.080153204627726404e-02 1.148731652930937847e-01 8.332993441829940340e-02 1.142880231071048969e-01 1.110333019137925564e-01 8.329978507749334626e-02 9.073765447583802268e-02 9.807343181565000845e-02 1.155319489219775037e-01 9.803122293047324132e-02
8.680156698683742789e-02 1.193865882800866501e-01 7.264053682102401821e-02 1.330271486911049350e-01 1.156195083612147484e-01 7.256752966069938970e-02 8.677827910295370095e-02 9.667046651653389555e-02 1.197581286459924593e-01 9.675024693355276095e-02
8.759862334139778550e-02 1.153366822012658333e-01 7.496972350845872157e-02 1.204116946343159744e-01 1.151175405689162934e-01 7.505546151909085750e-02 8.756659192796163727e-02 1.010509782813572011e-01 1.216494460095915858e-01 1.012432580076440963e-01
8.762859181048864021e-02 1.103572130911578270e-01 8.807651604142016644e-02 1.211753772744303681e-01 1.107238236694201711e-01 8.805105560421944144e-02 8.760344228375646636e-02 9.806318604808633710e-02 1.102056158144224252e-01 9.811517836259819880e-02
9.176345572261715433e-02 1.147189515071789651e-01 8.498316865426742972e-02 1.026020191828044825e-01 1.076627323220715193e-01 8.490777830976473095e-02 9.173194700460207685e-02 1.061037052108264600e-01 1.094737298524582070e-01 1.060525122334089743e-01
9.275816632035355225e-02 1.149780085629527882e-01 8.391236011825414787e-02 1.044392431710442493e-01 1.140838554575964309e-01 8.392078700809864344e-02 9.271776933192571457e-02 9.991882528005377462e-02 1.132939454771868942e-01 9.997703927253373535e-02
9.352326047238959661e-02 1.054421396946977618e-01 7.769233875758864427e-02 1.229266182563309440e-01 1.095357730745172287e-01 7.773902965011916799e-02 9.351946175518391358e-02 1.005759947337679511e-01 1.183100153001256649e-01 1.007353683052791271e-01
8.619473522773798968e-02 1.224327643956967665e-01 7.781716334964502990e-02 1.174567924524298895e-01 1.157596012150661768e-01 7.785232743412803802e-02 8.617571258487562169e-02 9.822308643705068842e-02 1.197018534917965865e-01 9.838596341157322678e-02
9.175584201136860463e-02 1.155803924846743325e-01 7.365110183819130463e-02 1.216622426379585925e-01 1.151970832013464591e-01 7.370064409642708425e-02 9.175612982964270747e-02 9.982255494313081734e-02 1.167645305765804969e-01 1.001094783806796423e-01
9.231839071987692213e-02 1.131459956453408772e-01 8.091766132436502279e-02 1.104655006517015897e-01 1.109425974232149531e-01 8.102350814530775991e-02 9.228029680010604863e-02 1.005830038739140009e-01 1.175921394529257508e-01 1.007309059632470749e-01
9.125253756221235468e-02 1.216208273877040086e-01 7.738516200269288103e-02 1.053495473723148751e-01 1.182591528920958895e-01 7.742276858599389522e-02 9.123660746240161434e-02 1.002520941803629606e-01 1.168063939401859513e-01 1.004149086140355973e-01
9.232346714011217814e-02 1.171314256922567076e-01 8.085181911523155185e-02 1.133401866491512422e-01 1.123341882054086777e-01 8.087860547451698745e-02 9.235508852949078640e-02 9.895099806151691491e-02 1.127423630751500094e-01 9.909185805716495821e-02
9.245402838994623562e-02 1.090618013505264827e-01 8.422880282251507533e-02 1.106932696480778799e-01 1.083333773693516411e-01 8.438139065423436169e-02 9.243534192922751858e-02 1.007952909573828770e-01 1.166457108752224081e-01 1.009709860035155338e-01
9.392350530743316661e-02 1.080576778940120636e-01 8.019713466973509008e-02 1.128539322930061650e-01 1.119225458307585019e-01 8.027355702294754203e-02 9.387051778381752531e-02 1.004168945020338238e-01 1.179359846166612297e-01 1.005482500795948503e-01
9.032451947833515515e-02 1.116239614268792341e-01 8.442014313017787153e-02 1.130353038423983908e-01 1.106208961830301291e-01 8.444124361703302106e-02 9.026201276946932417e-02 9.786212274993481841e-02 1.195668813870748859e-01 9.784291541566715600e-02
9.216443563652618187e-02 1.158612992734730923e-01 8.005200843590666582e-02 1.062965805586441187e-01 1.149972031280316886e-01 8.013376124783584686e-02 9.208509663935876555e-02 1.000835903654664905e-01 1.182151043897013837e-01 1.001109203250557939e-01
8.650844579102853760e-02 1.206491869427461089e-01 8.127555872358693811e-02 1.234204279641673285e-01 1.160072070023355079e-01 8.134926050638541239e-02 8.648300655812951598e-02 9.387400506123723398e-02 1.164670326945661943e-01 9.396586875581719456e-02
8.477033697413662028e-02 1.159510097770387327e-01 7.804308280407055987e-02 1.388134627280395716e-01 1.137161422869993749e-01 7.806806070559810240e-02 8.474476642439368601e-02 9.505056992427490803e-02 1.157301978012128668e-01 9.511237057423556351e-02
9.749960969903065378e-02 1.087750391733494498e-01 7.947491188018419861e-02 1.072221051987124613e-01 1.104775844118176670e-01 7.945206031097291899e-02 9.747032002262739914e-02 1.021529737669861077e-01 1.152590467395573220e-01 1.022163487967617940e-01
8.849643541746284037e-02 1.216129109122410651e-01 7.572699508661365209e-02 1.173886220771827860e-01 1.181364451599160592e-01 7.579446942707493418e-02 8.841300513262677352e-02 9.689945777007739902e-02 1.205919626105939474e-01 9.693969640621052930e-02
9.109607178483110357e-02 1.113454795150207177e-01 7.828167061721970355e-02 1.209031718354529189e-01 1.120993284119211758e-01 7.844526901457350709e-02 9.104496682846309474e-02 9.962139678551225341e-02 1.173944169919989428e-01 9.976822821500661020e-02
8.969834048430473661e-02 1.204726065278445557e-01 7.959229174616021252e-02 1.114691631803443744e-01 1.180738733878429342e-01 7.963628799723619645e-02 8.962222535313038585e-02 9.982248646060316866e-02 1.117676593807504642e-01 9.984506548178297136e-02
9.280868596232047518e-02 1.151719401938526427e-01 7.375334920569706632e-02 1.052400240435357459e-01 1.167987619487212692e-01 7.386398369627958371e-02 9.277489465879720787e-02 1.035780191963852070e-01 1.221394687233145621e-01 1.038708723710962262e-01
8.889150780299959198e-02 1.184750995156392817e-01 7.502209394553333022e-02 1.148329333856381307e-01 1.198445088803054004e-01 7.505493709332604346e-02 8.879660574156085506e-02 9.866063197688169917e-02 1.217265839981468978e-01 9.869509765996882511e-02
8.796311662004310805e-02 1.107221892757516424e-01 8.285358356281953551e-02 1.293437833768421308e-01 1.091805498765708038e-01 8.283111244231351755e-02 8.795861505126073565e-02 9.432806160371257076e-02 1.204419185092936301e-01 9.437706968139233932e-02
9.225841234445762706e-02 1.182879514018058548e-01 7.985986824504642811e-02 1.086975486282766717e-01 1.132439173109246605e-01 7.989339827713046183e-02 9.225202228926106252e-02 1.007301282527166553e-01 1.138615868142874438e-01 1.009151664360931761e-01
8.876459494403041162e-02 1.104246833301677361e-01 7.685705271755487178e-02 1.360321750148445197e-01 1.122072361359105902e-01 7.690575921171795282e-02 8.873619486584935490e-02 9.485909903701368606e-02 1.202421402315202725e-01 9.497106451139063210e-02
9.297144967910765667e-02 1.071367820271849208e-01 9.517947732015033524e-02 1.093148615825167008e-01 1.058380036349660241e-01 9.523548427602702982e-02 9.295970948000392697e-02 9.535980762451572168e-02 1.106417697394719984e-01 9.536265463605568538e-02
9.163069851667680898e-02 1.213306837561745205e-01 7.548530818988066771e-02 1.153504895621893095e-01 1.154943201931325353e-01 7.543832861344067220e-02 9.163964564498812415e-02 9.968494602962246764e-02 1.141483690737698509e-01 9.979721042012504317e-02
