9.314371400088918007e-02 1.021282399513955136e-01 7.536101241021242458e-02 9.341026263298111976e-02 9.351280102279255213e-02 9.635533425583413247e-02 1.195050616723967313e-01 9.472780382523446341e-02 9.442371335384244779e-02 1.374320568744214210e-01
9.147299211564488552e-02 9.771172814284455332e-02 7.776997831996433630e-02 9.167840221755632624e-02 9.173716170752026222e-02 9.323145228294113518e-02 1.202965036802652876e-01 9.527777853292344890e-02 9.153151846879230280e-02 1.492924845315474203e-01
9.295265277407527282e-02 1.007683983642152503e-01 8.351225887954120963e-02 9.314299698695542584e-02 9.320652531924275563e-02 9.455714603171067045e-02 1.182694791096683407e-01 9.741198335097280003e-02 9.609775520252766823e-02 1.300808039810905925e-01
8.964443613416106516e-02 1.003817862956949136e-01 7.412243984735462921e-02 8.993364940275895558e-02 9.003432650878984145e-02 1.063804455699029344e-01 1.172440730478220006e-01 9.601182504049390887e-02 9.030162071079024522e-02 1.459453974422315337e-01
9.170606709076881136e-02 9.827880995862382785e-02 7.584340528368230250e-02 9.182053450016465501e-02 9.185915727058177604e-02 9.495463599078456107e-02 1.243136001174447447e-01 9.358060012869447164e-02 9.148639487212423260e-02 1.461567947871306450e-01
9.247845310670915753e-02 9.427356370936645913e-02 9.481253179238247064e-02 9.240189502485957052e-02 9.238133465036306446e-02 9.660440242587993442e-02 1.126556003972950110e-01 9.661495407538644997e-02 8.947786268726377890e-02 1.382994021304940480e-01
9.133936349570348501e-02 1.030912431319900152e-01 7.380346005966172129e-02 9.158347220919400844e-02 9.168284728208805912e-02 9.868311245481209415e-02 1.230538368883495465e-01 9.487715042038391555e-02 9.194758529726326790e-02 1.399379287605538869e-01
9.406752754574974895e-02 9.956925165743424344e-02 7.827071754081173227e-02 9.431074636486062868e-02 9.439283571824942654e-02 1.054662589890028868e-01 1.196267721543013973e-01 9.621713451177675569e-02 9.220256342415766859e-02 1.258761920936554979e-01
9.390361688273260454e-02 1.006038113009038587e-01 8.183333447130476668e-02 9.419050868001994925e-02 9.429343422784865203e-02 9.472250827866686429e-02 1.171278655060161988e-01 9.384336652153082992e-02 9.376112622178722766e-02 1.357204279091890620e-01
9.120337552315456453e-02 1.001153377624823260e-01 7.591412172976909345e-02 9.142139447365164873e-02 9.148696469697470413e-02 9.702008321701864613e-02 1.188693236698605132e-01 9.159521010969388921e-02 9.081061673569489068e-02 1.515635720816996823e-01
8.962328289058008046e-02 9.811339243153491263e-02 7.949879784675904781e-02 8.980040759924159954e-02 8.984873202708944240e-02 9.976193707291347579e-02 1.221224918528430181e-01 9.340765124917910223e-02 8.823602889679783845e-02 1.495872781330614965e-01
8.986031533460567267e-02 1.014835742612716918e-01 7.306309451301726265e-02 9.017160672548797662e-02 9.027300969027203525e-02 9.831138420636661990e-02 1.251416947817419467e-01 9.480838326183073372e-02 9.234413662135899925e-02 1.445428006040470337e-01
9.017992832109719692e-02 9.895126886678036471e-02 7.859480562636564360e-02 9.035545766284465430e-02 9.043402417445881025e-02 1.009155341156297431e-01 1.145660386308611223e-01 9.271357852296771562e-02 8.797909718712769445e-02 1.553102668918670826e-01
8.734829566970768455e-02 9.840410043906432092e-02 6.959885887568816043e-02 8.761953627293456170e-02 8.770752825790212315e-02 1.082135558138881959e-01 1.224100193450829988e-01 8.947397598558716469e-02 8.793072510198998715e-02 1.612934042381547473e-01
8.891707674516591275e-02 9.895842849033305300e-02 7.019206997627495948e-02 8.915769404791579200e-02 8.924302569819897446e-02 1.043190457801788790e-01 1.212973387912516382e-01 9.175621366001456003e-02 8.860557437487050214e-02 1.575535324357957290e-01
8.904711232466638871e-02 9.859894653866844993e-02 7.594992474222282686e-02 8.922087731852397507e-02 8.927417197716061570e-02 9.816821504578208957e-02 1.237680326223258298e-01 9.413033768999169715e-02 9.090606237849499505e-02 1.509363193621630905e-01
9.229750446669701680e-02 9.929287658002639017e-02 7.869579990793913737e-02 9.250001365063832692e-02 9.255517255272338595e-02 9.916178471629874536e-02 1.170848393477070537e-01 9.472002469335845387e-02 9.218055556058925293e-02 1.415114285240222092e-01
9.468594230272418810e-02 1.028912165469780676e-01 7.470999468563950530e-02 9.508266521499864066e-02 9.521672614661090550e-02 9.769252807000713967e-02 1.174582171187598528e-01 9.671418395058889450e-02 9.635946679031394402e-02 1.291890591733788340e-01
9.028528712042499516e-02 1.016692691559173412e-01 6.996697116173483666e-02 9.063311633406385959e-02 9.075726569967297597e-02 8.951654025679602056e-02 1.226834569022794696e-01 9.311365057613986418e-02 9.055204737255947989e-02 1.608223954204111572e-01
9.004723250769078313e-02 9.887708993628123444e-02 7.459267105668467013e-02 9.029671304059853909e-02 9.038853629852225402e-02 1.030199483503350111e-01 1.181893551568159589e-01 9.227817217586779808e-02 8.654703062727621410e-02 1.557632508499275092e-01
9.152492091452985035e-02 9.985662405434490851e-02 7.493334349785471526e-02 9.173752750220862118e-02 9.180900971764663354e-02 9.322380262989689303e-02 1.241477825140563512e-01 9.404465979202339398e-02 9.038326914373376320e-02 1.483390602337049391e-01
9.317276559067820541e-02 1.005361743957716852e-01 8.213152399909587342e-02 9.340393253319864697e-02 9.346697671470435842e-02 1.031228195253538898e-01 1.176360899634052715e-01 9.728007032296327738e-02 9.337852326532097846e-02 1.258711236895078134e-01
9.207187294086205398e-02 9.851801661676927446e-02 7.934770048701292322e-02 9.224805801391405824e-02 9.230230344483351945e-02 9.880469222239844640e-02 1.203356363169941073e-01 9.334942899195698696e-02 9.373254395335249567e-02 1.392897470119061343e-01
9.138087670350665548e-02 9.756056266856075188e-02 7.359556025607828789e-02 9.164098725593647354e-02 9.172871573581087290e-02 1.070473524070357785e-01 1.199758004416360546e-01 9.255091863928992246e-02 8.959383127624555299e-02 1.449253946158996775e-01
9.053112983836496264e-02 9.736069038504543971e-02 7.644482802586070880e-02 9.069539863346498532e-02 9.075874914572554242e-02 8.961039727918426734e-02 1.196244455437271981e-01 9.125509626038420807e-02 9.107805265216373236e-02 1.626412122360789969e-01
8.319127911531756792e-02 9.344216174671637898e-02 6.202885974377710804e-02 8.353148453604390677e-02 8.365594450809581140e-02 1.440963889808629939e-01 1.149406118860795412e-01 8.438040211816132119e-02 8.527735062388847043e-02 1.654555167410569350e-01
9.506029241749010261e-02 1.019923506311965350e-01 8.212372253390638754e-02 9.528886763681852778e-02 9.536339293287472707e-02 9.408123892709890912e-02 1.193282151616758269e-01 9.661513784386513426e-02 9.641796425815855887e-02 1.237288176569152770e-01
9.168571213606037384e-02 1.034641382776912144e-01 7.997700157895652751e-02 9.179726371760919823e-02 9.184052746935009170e-02 1.023557041218749741e-01 1.159863457216470800e-01 9.506675652541782262e-02 9.403110275027734555e-02 1.337954477011154553e-01
9.093109561139825492e-02 1.007801160322007450e-01 7.656181837072463525e-02 9.111705195722578920e-02 9.117525706232990079e-02 9.992641155701317834e-02 1.195594502487443561e-01 9.282678111684668221e-02 9.063445419422944127e-02 1.464875638492870724e-01
9.080962997369133871e-02 9.983648586401062952e-02 8.271775915632577358e-02 9.103480755993369200e-02 9.111429329421290302e-02 1.058087999690632969e-01 1.149294934088310460e-01 9.595511901675782274e-02 9.228736899577108521e-02 1.355062427614023568e-01
8.902140605396564876e-02 1.004939684310644926e-01 7.414537702622485404e-02 8.921290059405875827e-02 8.928139073502901202e-02 9.527952020861589488e-02 1.227975179582361243e-01 9.250307241879930642e-02 9.026166444387451193e-02 1.570031821301313968e-01
9.167787461663173820e-02 1.014487501492649657e-01 7.686040174937677771e-02 9.190592083851031879e-02 9.197073860980842230e-02 9.896072973126400496e-02 1.196462441460456744e-01 9.305311073509113517e-02 9.383202915499430641e-02 1.406442002690126980e-01
9.199847308113635880e-02 1.000609761595151470e-01 7.384802836191987907e-02 9.220957471858205745e-02 9.226838285014701824e-02 9.827922202022826292e-02 1.193697297008319141e-01 9.333114539441379753e-02 9.073801036455317326e-02 1.478964573486724055e-01
9.198785791117537747e-02 1.044641282867523613e-01 8.639682166693567200e-02 9.210633400460588316e-02 9.214616790929157364e-02 1.032392105554638395e-01 1.040907188970849884e-01 1.006050893405711633e-01 1.031175134448684833e-01 1.218461579832506719e-01
9.384233931112888338e-02 9.570700778407124909e-02 8.814227278459614567e-02 9.390081866282502798e-02 9.392572659592691997e-02 9.661345123386891331e-02 1.134122005669199740e-01 9.650023103286579917e-02 9.269846735434685014e-02 1.352574846734502789e-01
8.601643967175635896e-02 1.002235406086350450e-01 7.585771191247113465e-02 8.624014918385185247e-02 8.632313362176781413e-02 1.121441615503894762e-01 1.218311788081438696e-01 8.995877093173017258e-02 8.628566788400075793e-02 1.551192458272535046e-01
8.686079803834394208e-02 9.925720873723779814e-02 6.706165827601258400e-02 8.712437714711791792e-02 8.722786880705864221e-02 1.076814698590660979e-01 1.178789757283632833e-01 9.199046494762445902e-02 9.073481023190030359e-02 1.641823682272749996e-01
9.102594013882976676e-02 1.002557239764849117e-01 7.477144353649176067e-02 9.126362465813415981e-02 9.134690333600901935e-02 8.990953563425405082e-02 1.233489531039138193e-01 9.237160894812516954e-02 9.203564406295325351e-02 1.536706226048040747e-01
8.809428151968515253e-02 9.534974071697863152e-02 7.423639580737398380e-02 8.827042916298259712e-02 8.833932505120604961e-02 9.848504038260599835e-02 1.267243326622786714e-01 8.983881586442746259e-02 8.797683436848856287e-02 1.626848044639728763e-01
8.924700734526512524e-02 9.837116436406405373e-02 7.330884869018416961e-02 8.939400562001037498e-02 8.944567575639507384e-02 1.023656834866683435e-01 1.246146150845543060e-01 9.079288844095140254e-02 8.786000249794218009e-02 1.546001087139649566e-01
9.157109683745737194e-02 9.936728299189964697e-02 7.643369949290448884e-02 9.177985474660398102e-02 9.184892749097481324e-02 9.895925015583853512e-02 1.230868366862047786e-01 9.133921369487697783e-02 9.066579669869910540e-02 1.449480412045403011e-01
9.080310754238794801e-02 9.968703831274344784e-02 7.679902661675702680e-02 9.096452260479977181e-02 9.101016165367345478e-02 1.041987719924823697e-01 1.169937065951313776e-01 9.383684892451085724e-02 9.065590376174414988e-02 1.450509119957696103e-01
8.937409309845380234e-02 9.826957438883857088e-02 7.561728676583730213e-02 8.960207638157181853e-02 8.969175146458341352e-02 9.222554165588138508e-02 1.217341114106623157e-01 9.261703798607305582e-02 8.796356413986024247e-02 1.629049627082380935e-01
9.132242976161177028e-02 1.019599268340242448e-01 7.378133670388359322e-02 9.161020103121110536e-02 9.170182358638813425e-02 1.011023652178573429e-01 1.211113965076509175e-01 9.306119074151786297e-02 9.238193717784681791e-02 1.419673924380081553e-01
9.147094323770661728e-02 1.046377831625734667e-01 7.435774238672275549e-02 9.170017526380822015e-02 9.178079171554129334e-02 1.029500803908634243e-01 1.177210410222231385e-01 9.427203513652010480e-02 9.628574600199699129e-02 1.348236616820440437e-01
9.016935436416907701e-02 1.028396316265090121e-01 8.003848857728762534e-02 9.031051889767727214e-02 9.037026104558265605e-02 9.916568438822984111e-02 1.175126866659850361e-01 9.496240822543308702e-02 9.181085497185055566e-02 1.428201112372758097e-01
8.995850883033765233e-02 1.008886585200536035e-01 6.708933816621644175e-02 9.021890174198191059e-02 9.032763735856168263e-02 1.020063909061682539e-01 1.197803976472685827e-01 8.980732516659030440e-02 9.279284458858085005e-02 1.571299970742406904e-01
8.794407393913632187e-02 1.012078782700090857e-01 7.133510023683391210e-02 8.817336257015492840e-02 8.825822050700146693e-02 9.374417504210376395e-02 1.222967027584666577e-01 9.226732352617539323e-02 9.116627467161182719e-02 1.636068884785066568e-01
9.201072109876103078e-02 1.008249527602740475e-01 7.724359044848379263e-02 9.215410455510610055e-02 9.220539567318387919e-02 1.009841398788419442e-01 1.166119301000943242e-01 9.253441120283480148e-02 9.397774942869940862e-02 1.414530048537206708e-01
9.176629265840260952e-02 1.056193916392149240e-01 8.212167976037113015e-02 9.194504149031505758e-02 9.200873597585269847e-02 1.065216742727063265e-01 1.171989492124256710e-01 9.794733453080577135e-02 9.477302207829473024e-02 1.200978783816111090e-01
9.487285003706946718e-02 1.019816956310825168e-01 8.880266561180380491e-02 9.479722295757060657e-02 9.476585598199453730e-02 1.055856110378954743e-01 1.016731586974523455e-01 9.818053913840861513e-02 9.549335303334884062e-02 1.238470478733737778e-01
9.031999293561947251e-02 1.011985701813399724e-01 8.078997405642028562e-02 9.061149342353064240e-02 9.070934998559851414e-02 9.917056174606674046e-02 1.172596987220432263e-01 9.596416412290913189e-02 9.191796985257189023e-02 1.420582249739000824e-01
9.449327870181337130e-02 1.056171909145753318e-01 8.242949856452250201e-02 9.470653236651993545e-02 9.476663549852702706e-02 9.979612877416346728e-02 1.128601465019436617e-01 1.002778475019489302e-01 9.715810679301249697e-02 1.178946343829732901e-01
9.506031013233651183e-02 1.004248304012889947e-01 8.097964323728060188e-02 9.529571547779563945e-02 9.534807755243962513e-02 1.022622586169714132e-01 1.134678426283090014e-01 9.910745166542384021e-02 9.231081946316670173e-02 1.257430508249876844e-01
8.713105037713170242e-02 9.920837358499763614e-02 7.495626654027263969e-02 8.732265285251845921e-02 8.739067207380579738e-02 1.039387811923235955e-01 1.235089345686024159e-01 9.245324851446168335e-02 9.122003920907584273e-02 1.528699810868102416e-01
8.858189711047502468e-02 1.011969982377349114e-01 6.616120091019525584e-02 8.885032800327354041e-02 8.895445245305337589e-02 1.026031927875587918e-01 1.227170073638814557e-01 8.979343325972145851e-02 9.136898372094851006e-02 1.597725061531576340e-01
8.604545828249479666e-02 9.950826418716739175e-02 7.493893801230085139e-02 8.616088142810907069e-02 8.620535605229387444e-02 1.063173660304237017e-01 1.251663798657690618e-01 9.139524572619195375e-02 8.853165088377397407e-02 1.557304595314752960e-01
8.837623696715272981e-02 9.954632292968319807e-02 6.948433071189395738e-02 8.857721079075049631e-02 8.866429252002121231e-02 1.077385966914024412e-01 1.212807073894943410e-01 8.900381442438000390e-02 8.920129384354417990e-02 1.581271937316774956e-01
9.246037768290757408e-02 1.019231913604997791e-01 7.474489675402988531e-02 9.268147312175376018e-02 9.276094167073019314e-02 9.830737941098026400e-02 1.202073649350576534e-01 9.446857459148931546e-02 9.299907719791272731e-02 1.394467232746388896e-01
9.349247449326811288e-02 1.052609459196356401e-01 7.714586918975580021e-02 9.361268416993334673e-02 9.365471447719429798e-02 1.064756654001761532e-01 1.154287372899906045e-01 9.574606997879028802e-02 9.846253388619781444e-02 1.207203051950579559e-01
8.837756489399534177e-02 9.759253933223666078e-02 8.305743974768453608e-02 8.852643295800964596e-02 8.857819519268228525e-02 9.712562558690433778e-02 1.261680222025796938e-01 9.316698097702066916e-02 8.776026814800798326e-02 1.496469309608788323e-01
9.277113311298443299e-02 1.042154029410451571e-01 8.423932677743271868e-02 9.277179865123159896e-02 9.277219084047839959e-02 1.055490694074251584e-01 1.078342058026035832e-01 9.587093995002791968e-02 9.552388385892125744e-02 1.284520486578498155e-01
9.326717771041757865e-02 9.931369993744745828e-02 7.819329288862264526e-02 9.350146828137108346e-02 9.356556686142761259e-02 9.914970649990251239e-02 1.215680409449552968e-01 9.437182059411979018e-02 9.342140635807329174e-02 1.336478199236627307e-01
9.218782425218843835e-02 1.032052960199390246e-01 7.833304693080039849e-02 9.246239141008542883e-02 9.254848692001811650e-02 9.899703350734342933e-02 1.212202046684090068e-01 9.695665020727564642e-02 9.543562430914370731e-02 1.286534417747967618e-01
9.440079641271333089e-02 9.586438671374331033e-02 9.016318543500000116e-02 9.439346446099644572e-02 9.438977058661346398e-02 9.937942765968969805e-02 1.119428568945256552e-01 9.570452743899952874e-02 8.759145415571820137e-02 1.361701302420003645e-01
9.197296330720365620e-02 1.029256904363539671e-01 7.615475842870797485e-02 9.215892598617210496e-02 9.223670634713486416e-02 9.115941709277410043e-02 1.220192145588530619e-01 9.547692449575850837e-02 9.341268853292626628e-02 1.424827108141154541e-01
9.005728738067257655e-02 1.038032311158907511e-01 7.580805856026373579e-02 9.013058347850784469e-02 9.015812378958017181e-02 1.052268767696390162e-01 1.157179810103748374e-01 9.108272164662011006e-02 9.616812377232478171e-02 1.418470124761261886e-01
9.231304797404296658e-02 1.006503381219358978e-01 7.758455461433486078e-02 9.254283324310477732e-02 9.262113413242256676e-02 1.068598447529260226e-01 1.170703198830767428e-01 9.401590197934321658e-02 9.386386696548869313e-02 1.324781583333242696e-01
9.234855185960524904e-02 1.020934202861885631e-01 7.470664556636621989e-02 9.258059986556110843e-02 9.266594521687900043e-02 1.036262561830214035e-01 1.190928715225638423e-01 9.424040842756543912e-02 9.433475593877765908e-02 1.343105451334715150e-01
9.249235120471420435e-02 1.017688531005918745e-01 8.073760270011758056e-02 9.270485467835477833e-02 9.278768515434933362e-02 9.383543033332991667e-02 1.169515133923494377e-01 9.483361427806488719e-02 9.314397270623980818e-02 1.407441224518881651e-01
8.953192470989852769e-02 1.018296770795049655e-01 8.368001025514053282e-02 8.956863112671777094e-02 8.958457851997728150e-02 1.102168624310337630e-01 1.157024387949687483e-01 9.513996711422027797e-02 9.087025330853328031e-02 1.338756566600048103e-01
9.025410452657968430e-02 9.878168120889385673e-02 7.500063654679287040e-02 9.053562992627996187e-02 9.062987263312974329e-02 1.019463656465879747e-01 1.207279427906655656e-01 9.318062861204252922e-02 9.139653133268228757e-02 1.475466067763455125e-01
9.096729772744747977e-02 1.003418579795286592e-01 7.813546071000743165e-02 9.113268468476561079e-02 9.118107462830429832e-02 1.087188873281571821e-01 1.152481548516102183e-01 9.168992671071574119e-02 9.463698871140513447e-02 1.379476666680582719e-01
8.753972479264565676e-02 1.021261183444009124e-01 7.341954855058885343e-02 8.770223619205881616e-02 8.776685429036212849e-02 1.088226384257791196e-01 1.196124459414227292e-01 9.275635446436221454e-02 9.203277211879752617e-02 1.482213068795820710e-01
9.070127994908801228e-02 1.007716201866563771e-01 7.308405664730374673e-02 9.083899741269421679e-02 9.089982157613898939e-02 1.072941875259816047e-01 1.255712047718302027e-01 9.155982786931565753e-02 9.219052481057352089e-02 1.370884792504177274e-01
8.695144819854015716e-02 9.755921087553667825e-02 7.950307942492799984e-02 8.704886480741676202e-02 8.709266215904958031e-02 9.555756442692624197e-02 1.252659664927300298e-01 9.097024677017025163e-02 9.175261760982317272e-02 1.582983392348790985e-01
8.816610989627617079e-02 1.008111095947319541e-01 7.053993405664325811e-02 8.829951960764191587e-02 8.835105497109142780e-02 1.022015845799348066e-01 1.227874765809787716e-01 9.058841626211482090e-02 8.981127912425587723e-02 1.584435153263309692e-01
9.102359247198914260e-02 9.839592301064961632e-02 8.173047458843901714e-02 9.125870574186291384e-02 9.132553764716197509e-02 1.024225763916248311e-01 1.178630076901204943e-01 9.624690943992159076e-02 9.011478103405362594e-02 1.396184919841768346e-01
8.754590571817648381e-02 1.074291028827487893e-01 4.649925907641193346e-02 8.851717294527186586e-02 8.887607488479108697e-02 6.926978698202969353e-02 1.360702958873360735e-01 9.303802531094330919e-02 8.995118454989116386e-02 1.928031917623996006e-01
9.125771831492662800e-02 1.038443923736969005e-01 7.319148968769413621e-02 9.143678401610259854e-02 9.149460429396392980e-02 1.031783765368341071e-01 1.150713521617162671e-01 9.362902115721606633e-02 9.451650506209270663e-02 1.423797563957567569e-01
9.117397033780108573e-02 1.010297617629037498e-01 7.490830014425738093e-02 9.145284813806707491e-02 9.154399233187268670e-02 9.920797188522871568e-02 1.179823930817293087e-01 9.290932803216216118e-02 9.363149070601634039e-02 1.461599435799615654e-01
9.210508689916722946e-02 9.961432209330028931e-02 7.650433232776468473e-02 9.225184512025694228e-02 9.229985193365151941e-02 9.719796524179960540e-02 1.220314739304280555e-01 9.395344469618809036e-02 9.003474769952249379e-02 1.440069300579210898e-01
9.012118653997151785e-02 9.536199955224303193e-02 7.817727282843187075e-02 9.022003867576558478e-02 9.025161067221616762e-02 1.026441466318106233e-01 1.180853858568637199e-01 9.253495717019218081e-02 8.647969316406248219e-02 1.561237089084428209e-01
8.782681570732667198e-02 1.027718549020849442e-01 7.100886760453140045e-02 8.810704281362870260e-02 8.820728140194694644e-02 1.012985443148848586e-01 1.233025814937764447e-01 9.122379189399787425e-02 9.105379297806175110e-02 1.551994268897604057e-01
9.233407248632731490e-02 1.037967910425360851e-01 7.439322019072582004e-02 9.247161023230349164e-02 9.252045544825558687e-02 1.056158144302103974e-01 1.164791624154840888e-01 9.114183130266369226e-02 9.686682044668368241e-02 1.343802220048098128e-01
8.999339393360339390e-02 1.002400579370581885e-01 7.027586316790365717e-02 9.038202949203887060e-02 9.051255055926359094e-02 9.844026521807416885e-02 1.219260497530666454e-01 9.356285511990905523e-02 9.122282760242138300e-02 1.534441072166610742e-01
9.343527067927807905e-02 9.776077224065188309e-02 8.220073728764670795e-02 9.356773016110229990e-02 9.360452740173716424e-02 9.775301131875117899e-02 1.220463546516668274e-01 9.389343521181328645e-02 9.460856854954514950e-02 1.311295924978074234e-01
8.960675013307062287e-02 1.012523089948404037e-01 7.385761878999946850e-02 8.992950852451475630e-02 9.002709434151597023e-02 1.025135983924377742e-01 1.238735910190102707e-01 9.312390944337767262e-02 9.030469986884395728e-02 1.455109204923891453e-01
9.343299930764015215e-02 1.014755769710232597e-01 8.238980972935615321e-02 9.360171137761025273e-02 9.365366364452190617e-02 1.035953886810777602e-01 1.155842464543267167e-01 9.789589885752528198e-02 9.731852402243490463e-02 1.210521809544836402e-01
9.077716058463142224e-02 1.039319714705008307e-01 7.272223846119686697e-02 9.102866117228418374e-02 9.111973685074804818e-02 9.264678878320015132e-02 1.204104918691949883e-01 9.444808392627457305e-02 9.021623755879518147e-02 1.526986293231737124e-01
8.998151015263772257e-02 1.031032447915896932e-01 7.231962960394289208e-02 9.023569846976522979e-02 9.032988972981943754e-02 1.041673002723825237e-01 1.192750807833850846e-01 9.257974733424617630e-02 9.564987443044657700e-02 1.423580244317846910e-01
8.707643512852873691e-02 9.984248809139922853e-02 7.454036415058622189e-02 8.726960058185291580e-02 8.733370288149064353e-02 1.089795676675966718e-01 1.201889393255771571e-01 9.219727058823347365e-02 9.171280894631100855e-02 1.508588226384239006e-01
9.168821823012600347e-02 1.023378787638579285e-01 7.963751491175696806e-02 9.175621219509950965e-02 9.177528399837013573e-02 1.023716035652396522e-01 1.102856956077037931e-01 9.595805540792973209e-02 9.636961739213462108e-02 1.378199199277816422e-01
9.074858697189303047e-02 9.988025695181161623e-02 7.435850192284949867e-02 9.094607890665469541e-02 9.101162647590378685e-02 9.730137844346190001e-02 1.223628298869073316e-01 9.262902963460240002e-02 9.075057499543119632e-02 1.500111358104845027e-01
9.145061269395088344e-02 1.041219010867476952e-01 7.923546750169101205e-02 9.160843485111558326e-02 9.166330665254153465e-02 1.004530533824048583e-01 1.155844266664240172e-01 9.599235408619488652e-02 9.146773941521117723e-02 1.384227036637183661e-01
9.136530609493043187e-02 9.874155687056511421e-02 7.606110426302406524e-02 9.157060274778651421e-02 9.164065525454093142e-02 9.362897259628431834e-02 1.212497006139577199e-01 9.251450956348117316e-02 9.138974030779457858e-02 1.518378516876351947e-01
8.798102936791693529e-02 1.026129176773797613e-01 7.881097766545842875e-02 8.810713099220285338e-02 8.815185172435446859e-02 1.104561568468993976e-01 1.109552017975781457e-01 9.573824383114092063e-02 9.247093334067732484e-02 1.447155567563917777e-01
8.979358117595198641e-02 1.005646194099593105e-01 7.504697273623753273e-02 8.994037534034519943e-02 8.998661732977714101e-02 9.652033869526033261e-02 1.253481578758433301e-01 9.217962344391619767e-02 8.941350369895871564e-02 1.512062102937502817e-01
8.895992429284586833e-02 9.631305750637605967e-02 7.902101447803042134e-02 8.913254208499929443e-02 8.919031028267856986e-02 9.915501999683447309e-02 1.269024237246375308e-01 9.260240372113082152e-02 8.823827171044841544e-02 1.504850322020185038e-01
9.191299087398741019e-02 9.904804669620813351e-02 8.167779428572254086e-02 9.209956748696049300e-02 9.216421790282644522e-02 9.841424677465568371e-02 1.155453419327081566e-01 9.625653171449187473e-02 8.624827606947128855e-02 1.466329862629679459e-01
9.187186659815126111e-02 1.026660933484073029e-01 7.249767407147837683e-02 9.215581732480238042e-02 9.225692119272443925e-02 9.691019945373398337e-02 1.242636770951028730e-01 9.566451546652529614e-02 9.669231062829887480e-02 1.350209248207751012e-01
9.222442173641540175e-02 1.047532621446974899e-01 8.792146768353208131e-02 9.227111516547154002e-02 9.228961136263028053e-02 1.085396482490528225e-01 1.144431338251669511e-01 9.367676916524377007e-02 9.593125533349014522e-02 1.179493153342995038e-01
8.902257350616581133e-02 9.652146175675194173e-02 7.981019975175385195e-02 8.911088125879114419e-02 8.913536791670470527e-02 1.003846276589809572e-01 1.246275199570821557e-01 9.354596157020039771e-02 8.693642241082963351e-02 1.509049842127394014e-01
9.000534224632432412e-02 9.764935186340539808e-02 6.801752702810152929e-02 9.034208809305992183e-02 9.045724293042244069e-02 9.373824791775384191e-02 1.260470916045874357e-01 8.975663393258598299e-02 9.178156211879918980e-02 1.622049122649599773e-01
9.181889832412851171e-02 9.987193378530524746e-02 7.089088619670599889e-02 9.221812189548843353e-02 9.236305558264425175e-02 9.212081145265704762e-02 1.209343132433820384e-01 9.306637936528745769e-02 9.247061479118290350e-02 1.542449853632180679e-01
9.156171939079829625e-02 1.001153677475451892e-01 6.910596312624285587e-02 9.192812701127509034e-02 9.205593975072913493e-02 1.002115093306802651e-01 1.240380761551017758e-01 9.568054209000882715e-02 9.347971451881620375e-02 1.418230408788023200e-01
9.757535792655776252e-02 1.025088877023151435e-01 9.830196918108892457e-02 9.749818574268567795e-02 9.747693306355603715e-02 1.040424164968135889e-01 9.731158063308079087e-02 1.023904625093495918e-01 1.000897828018813135e-01 1.028044239426711554e-01
1.014538119636458485e-01 9.280770052548076299e-02 1.038719571616550374e-01 1.013676573538696141e-01 1.013403250494807478e-01 9.668793809979073228e-02 1.016755555801393957e-01 9.778891705382881938e-02 9.331773163540343918e-02 1.096884055767056304e-01
9.009026056465591070e-02 1.017129033965110119e-01 7.999615701145311453e-02 9.011010563887020264e-02 9.012117636201610882e-02 1.124758346564496414e-01 1.128113039450907434e-01 9.079494436435232851e-02 9.443646828016794004e-02 1.374508457804330397e-01
9.046994011380531109e-02 9.801797576977919202e-02 7.519938725511046695e-02 9.059143210586129147e-02 9.063350542776955898e-02 1.011723308139773625e-01 1.124705476179191505e-01 8.837543665446240260e-02 9.268020131788763660e-02 1.603892429234276551e-01
9.061505170756314897e-02 9.873329171788057523e-02 7.179182436789686983e-02 9.085045369252370273e-02 9.093209069444342652e-02 1.063789646174463921e-01 1.178217811533758957e-01 9.074712426421026323e-02 9.332058968369172369e-02 1.488088281009679603e-01
9.296935814998261161e-02 1.014116011371128945e-01 7.955798546606727972e-02 9.328728239114175702e-02 9.338886183039682432e-02 9.746203472311665283e-02 1.184311070555032347e-01 9.598259205963290130e-02 9.293560999328454031e-02 1.345735671937612898e-01
9.017957484666375145e-02 1.037441834291866760e-01 7.375337924035058057e-02 9.046397936777893223e-02 9.056340510025870372e-02 1.035451885364992858e-01 1.198908673812376230e-01 9.465802071913369253e-02 9.381208182128107642e-02 1.393893195576096644e-01
9.136827137026976020e-02 1.020447175902435416e-01 7.789000828696558687e-02 9.153734790792847353e-02 9.160564603597078082e-02 9.884102916473849754e-02 1.195500434150432723e-01 9.587098828614244728e-02 9.196026091578288209e-02 1.393316870269147578e-01
9.064073466287597691e-02 1.019161809908875060e-01 7.166014657422691003e-02 9.098465540672369400e-02 9.109900485127625513e-02 9.296178461534927717e-02 1.248936594258105992e-01 9.386344229702710262e-02 9.208004849925389979e-02 1.499003426765687652e-01
9.173232197417721667e-02 1.017673250379920874e-01 7.557211112688294596e-02 9.185404808148717182e-02 9.190425566191082196e-02 1.066313081984208849e-01 1.160666525185530956e-01 9.330247357744882175e-02 9.016019907151424928e-02 1.410093047516127185e-01
9.124698662421308615e-02 1.031033279889626564e-01 7.744583950190833677e-02 9.141768872721998951e-02 9.148769708971905834e-02 1.049896150785011584e-01 1.144350268563490841e-01 9.439274600584141028e-02 9.262205223098717022e-02 1.388590198962980082e-01
8.947443222167089649e-02 1.001523689259302685e-01 7.327035403112661105e-02 8.978827446513629185e-02 8.989885380066228726e-02 9.452817109351938085e-02 1.221130271324254030e-01 9.331687072654050452e-02 8.766472223298711619e-02 1.597929253700012264e-01
9.038178830879942116e-02 1.007483047907848650e-01 7.788049281233248855e-02 9.064827002933466271e-02 9.072977914352238493e-02 9.989624172453151485e-02 1.193890519516062343e-01 9.620752910451806084e-02 9.133134885595511898e-02 1.427871932786152209e-01
9.087032856875368325e-02 1.004231873893804416e-01 7.769685474650298018e-02 9.109047489067763348e-02 9.116250627477252844e-02 9.918871890613562003e-02 1.266729346853255056e-01 9.545225518637705242e-02 9.274849055374857765e-02 1.346942487983259773e-01
8.774280582903223880e-02 9.508432683547900222e-02 7.402837620530237916e-02 8.778645807354253094e-02 8.780704446070813907e-02 9.391194731495661197e-02 1.264558680592270112e-01 8.729059769664480883e-02 8.852846813367853951e-02 1.713641073914287383e-01
9.103268809834613728e-02 1.006097159148194448e-01 7.999333156820151447e-02 9.113922585208306115e-02 9.117856301670339281e-02 1.064361486256425321e-01 1.214136971686532590e-01 9.558326370618029644e-02 8.939615798661992851e-02 1.332172080627504474e-01
8.820965479612584426e-02 9.655319158803654656e-02 6.930783400750444023e-02 8.845153240566004660e-02 8.853461597345033129e-02 1.018543113554228469e-01 1.261832419395926275e-01 8.919090948776889349e-02 8.972770331432983193e-02 1.619870051321086191e-01
9.575064495644407259e-02 1.027675810291502900e-01 7.809932772044213267e-02 9.606470819467469169e-02 9.615734231407842281e-02 9.347575227072606185e-02 1.167079330472033244e-01 9.702306657641839027e-02 9.651626881838661076e-02 1.274373750724760168e-01
8.816512561385468627e-02 9.827654102156788141e-02 6.838088491061433682e-02 8.849481473956831434e-02 8.861841248779778191e-02 9.655486765827087092e-02 1.239436776320785305e-01 9.274996169092253329e-02 8.685517348521000491e-02 1.679605407601151013e-01
9.348751523722077794e-02 1.007715552309686041e-01 8.397984193143989695e-02 9.371540403363701199e-02 9.379292639555328326e-02 9.271607107027010630e-02 1.150080140393877765e-01 9.667839924910674732e-02 9.278943117227347881e-02 1.370608416401422891e-01
9.563222206428693972e-02 1.021385870635684312e-01 7.864208867397189107e-02 9.583598771650034265e-02 9.589982849948124055e-02 1.010784527131144833e-01 1.124830454589390710e-01 9.613156313965796895e-02 9.235245795664109858e-02 1.298057667138385052e-01
8.685669222161084002e-02 9.667841546585204116e-02 7.350064634386693774e-02 8.697223817061984497e-02 8.701722828888573680e-02 1.063238659325715235e-01 1.304251185055213813e-01 8.926077253652468790e-02 8.835203480048449409e-02 1.546129877340625403e-01
9.489969190597288828e-02 9.607619598601699340e-02 9.092335858111104396e-02 9.490508203254299779e-02 9.489465684824809066e-02 9.626152422049855106e-02 1.139313523800033756e-01 9.624341041373217498e-02 8.917221568981434365e-02 1.326925119420595822e-01
9.705826703494041530e-02 1.020746964860140271e-01 7.973478606916786782e-02 9.723638553571452292e-02 9.728903273215559755e-02 9.458611670199248977e-02 1.114225516472614613e-01 9.468460435940372066e-02 9.084985583277688237e-02 1.350637036005730152e-01
8.988687177531481942e-02 1.030426446354247294e-01 7.564616077114180714e-02 9.008407663365157469e-02 9.015019931740296533e-02 1.041148025448365294e-01 1.187827600215705937e-01 9.457876194854758500e-02 9.289521752557604317e-02 1.408185048265332973e-01
8.518860881259007756e-02 9.123545056944745713e-02 7.320338463190290135e-02 8.522770324483892879e-02 8.525310713566866538e-02 9.050804284069544070e-02 1.071920100798744585e-01 8.460023451141564232e-02 8.496240937664893689e-02 2.126290487969174359e-01
8.686621588582522924e-02 9.688600258749587024e-02 6.946309755938651076e-02 8.697977579796752068e-02 8.701913624998555696e-02 1.067903155376793561e-01 1.189425093870384587e-01 8.825382641814158435e-02 8.777501222057829122e-02 1.710241083559016773e-01
8.926628520851243032e-02 1.031113470522521253e-01 7.354135933457084384e-02 8.951656552948482337e-02 8.960047061310112693e-02 1.026565375767233695e-01 1.229671230219407246e-01 9.268417214962583472e-02 9.037044011143602340e-02 1.462856994023527257e-01
9.540034565428710811e-02 9.925291146434010725e-02 8.579815010903263373e-02 9.543247411340283204e-02 9.543488209635597741e-02 1.087942559742050702e-01 1.108997525088437630e-01 9.605855342960657739e-02 8.883979518342302595e-02 1.240888794665028910e-01
9.295986723520811845e-02 1.068033887344194827e-01 9.150405497438597602e-02 9.290084425957012559e-02 9.288820365020558634e-02 1.004624414683672889e-01 1.097967937775616715e-01 1.006399846122513486e-01 9.309514693370593563e-02 1.189492743543244663e-01
9.478985339491968753e-02 1.012865842195068283e-01 7.680005106355415612e-02 9.492384489861004082e-02 9.497281126026803355e-02 9.408275898337427334e-02 1.144409715728488541e-01 9.222279597564340958e-02 9.461649616764987447e-02 1.418638324636248005e-01
9.069864007159704478e-02 1.015158806004121672e-01 7.821965276413406221e-02 9.091715326276796072e-02 9.098954367518442832e-02 1.055177017882003854e-01 1.185072151814789143e-01 9.845927252634667504e-02 9.637867395372133605e-02 1.287962661761569982e-01
9.027125302658867145e-02 1.004756119869038289e-01 7.526880301710540955e-02 9.045940530553424341e-02 9.051653523122715761e-02 9.931991885188730385e-02 1.212055770260652698e-01 9.232369954160686565e-02 8.859895761651832846e-02 1.515602383965629629e-01
9.314903684932972217e-02 1.011491973865789457e-01 7.130301806458724800e-02 9.350643984077255944e-02 9.361355580598755555e-02 1.054303727801848140e-01 1.172826133396632636e-01 9.511903882570370283e-02 9.352702858695662036e-02 1.359196985202356378e-01
9.204872715101627967e-02 1.007282687856936448e-01 7.756175865216882737e-02 9.229452369062958461e-02 9.237908135550848554e-02 9.538778189202605506e-02 1.171176450451040935e-01 9.455146546578876987e-02 9.256993351225224764e-02 1.453608144498120258e-01
9.259800553286133551e-02 1.024922568426916841e-01 7.485873060102785082e-02 9.281859262212950601e-02 9.288974179027684186e-02 9.358117719805737755e-02 1.185393049781249680e-01 9.192221718726578672e-02 9.400862771658945183e-02 1.462913455309751698e-01
9.149216248953100095e-02 1.016338894480513927e-01 7.938376860993094641e-02 9.162237436991484130e-02 9.165733228285406764e-02 1.026221918185430126e-01 1.147778588018824875e-01 9.409756103319387444e-02 9.605927710101620776e-02 1.366535840450821826e-01
9.234956215844027094e-02 1.021609023938671174e-01 7.901529892719290349e-02 9.259915558037566663e-02 9.268113547658497764e-02 9.767508774789968040e-02 1.174378877037667024e-01 9.293360427611400965e-02 9.476443932479296228e-02 1.383829264109656954e-01
9.456936124324626103e-02 1.021270951010692235e-01 7.585641176059330915e-02 9.484286446292690409e-02 9.494119763950774338e-02 9.827911434898055354e-02 1.194919840066211991e-01 9.409548536715216238e-02 9.644087667946361908e-02 1.293556093904390525e-01
9.255447659117541082e-02 9.849768197929782698e-02 8.097583683416480216e-02 9.261839829499710075e-02 9.265076977494277055e-02 9.393830233991315448e-02 1.198493513778407654e-01 9.317316306358082445e-02 9.095176434167460966e-02 1.447902554024127209e-01
9.241673369988459563e-02 1.007673262152634502e-01 7.725546970026930804e-02 9.258838770725594247e-02 9.266173012623557526e-02 9.161247088379093073e-02 1.187609697493458155e-01 9.338095384761042894e-02 9.272494045745187374e-02 1.478310176128920794e-01
9.042964764516453480e-02 9.658254238855958074e-02 7.914662964080566854e-02 9.057512263448236345e-02 9.062236696035941286e-02 1.020607439037283515e-01 1.188895397455390496e-01 9.163882982360538332e-02 8.933604457596146242e-02 1.507185326817941651e-01
8.755402670721390557e-02 9.864659405113677948e-02 7.636026213268275187e-02 8.765137780583566463e-02 8.768712247904517088e-02 1.164408891758061809e-01 1.190955928441493755e-01 9.100295925450427315e-02 8.824611923015475423e-02 1.473150563194711993e-01
9.436535574355292555e-02 1.039112887698222937e-01 7.565824475036071750e-02 9.453146798739060774e-02 9.459632085390491663e-02 9.729842769914434641e-02 1.168779503983277401e-01 9.626909221807089523e-02 1.018127792786832214e-01 1.246790723007423218e-01
8.835518246318163627e-02 9.783760224790689908e-02 7.174919022289076576e-02 8.855212404274977189e-02 8.863543073736682154e-02 9.574125340709012388e-02 1.213114732930391237e-01 8.979010965094894048e-02 8.966523378133568756e-02 1.683624001534902714e-01
9.142791440187218732e-02 1.013678062943755842e-01 7.859106898536152852e-02 9.170277177261637602e-02 9.180152319706837150e-02 1.043477603181128532e-01 1.188672279131838816e-01 9.479987280222496038e-02 9.318973863845980699e-02 1.339043156767244502e-01
9.179901212828188439e-02 1.020685404957604042e-01 7.506415896641120689e-02 9.194616619627128673e-02 9.201070147721915338e-02 1.019020336868144000e-01 1.140995405872248514e-01 9.195825025329736058e-02 9.203244865032376987e-02 1.471191475583956687e-01
9.273193064901860683e-02 1.045549105297823717e-01 7.173561310206362507e-02 9.313818692700763513e-02 9.327199010228701126e-02 9.158050556494233552e-02 1.223489812424718437e-01 9.660126623264603252e-02 9.483209543078192916e-02 1.392045202189986230e-01
8.972172540586045852e-02 9.920206743367501745e-02 7.107982040993492123e-02 8.992022512240298304e-02 9.000524300714944637e-02 9.437889981835780040e-02 1.220176904031948784e-01 9.089913358616290295e-02 8.938062176906901024e-02 1.633945730441926092e-01
8.943779536418942910e-02 9.689001037157167484e-02 8.127145610400292319e-02 8.950148987500339270e-02 8.952170955751531656e-02 1.036126396174649744e-01 1.225087561862060609e-01 9.364586813212004424e-02 9.095529712847209847e-02 1.426549776634540301e-01
9.279076310355989510e-02 1.014747747209060469e-01 7.552809754740417991e-02 9.302086265433044676e-02 9.309123157107625224e-02 9.750493777666027762e-02 1.139147927358093865e-01 9.399920326762672973e-02 9.376551927450631208e-02 1.449098173481205287e-01
8.975120367670898214e-02 9.674603556747959909e-02 7.509054541459454779e-02 8.994988645757322210e-02 9.001809035419926219e-02 1.080799595721499695e-01 1.216788357346845206e-01 9.334562581582002416e-02 9.117591318676766809e-02 1.441639042200221765e-01
9.708539120174021486e-02 9.485082505194071534e-02 9.959251203768822169e-02 9.707786340659063651e-02 9.706801690212876754e-02 9.403541583273268556e-02 1.096135409550880735e-01 9.780317547661243616e-02 9.108262820238519075e-02 1.217906309330930581e-01
9.090415115854551253e-02 1.010370188256067003e-01 7.556354251211407080e-02 9.102121863796454326e-02 9.105589596406724051e-02 1.024649622721066772e-01 1.147791829274510816e-01 9.353528002866620672e-02 9.379480204753751216e-02 1.458439456259403855e-01
