9.192528529996574216e-02 8.785859305144783082e-02 8.759158987992318735e-02 9.992810150634913458e-02 1.153591202405679778e-01 9.139608484316602555e-02 1.155862626280715483e-01 1.153885110373017442e-01 7.831516985262312880e-02 1.166512816605836944e-01
9.201291337195242892e-02 8.878692777740304631e-02 8.872946678956145083e-02 9.858248818211109987e-02 1.115890876503783380e-01 9.266174441043989463e-02 1.120646614840687116e-01 1.118417709075533312e-01 8.276094441159780046e-02 1.209699950149339259e-01
9.465707828221174569e-02 8.942684180058090015e-02 8.929362454815387151e-02 1.002672207272473359e-01 1.096000896629831800e-01 9.277342275433490826e-02 1.098771782115922635e-01 1.097185033819773892e-01 8.698705954437026266e-02 1.173989810865481292e-01
8.939724763460980828e-02 8.619394860138165915e-02 8.599809294503256429e-02 1.003951273275934808e-01 1.175822658242365315e-01 9.005356101279857195e-02 1.180468002917651055e-01 1.177606621372053602e-01 7.762183163482790083e-02 1.169504625905489897e-01
9.047513756926381379e-02 8.796214652237460685e-02 8.783327906180868339e-02 9.823347269550047889e-02 1.132452253390383301e-01 9.184257945608173546e-02 1.136366409071222633e-01 1.135797837558185780e-01 7.932627306583291127e-02 1.238654616271586267e-01
9.269754226970879085e-02 9.260085798597217366e-02 9.249374914322364138e-02 9.693293690732915358e-02 1.060970308263143452e-01 9.494699965613991044e-02 1.062078579628855796e-01 1.063725367105505942e-01 9.601125418562204972e-02 1.156392343522537197e-01
9.049420526412357835e-02 8.817930357595854529e-02 8.789157587882957812e-02 1.019407158361257393e-01 1.142079128763232448e-01 9.054790024026869444e-02 1.143590290700460671e-01 1.142069809400393932e-01 7.679810832600689197e-02 1.213742679922782813e-01
9.051613811183727154e-02 8.680722949419966694e-02 8.661013915284909714e-02 9.850199025876282821e-02 1.140167877141870095e-01 9.336533828429115223e-02 1.143645524519931872e-01 1.141436859773887896e-01 8.366611737110467295e-02 1.180080211833862691e-01
9.273748085002868347e-02 9.042588307322359242e-02 9.022090557098913499e-02 9.931569113512862812e-02 1.108326352174043711e-01 9.301618473377173957e-02 1.110164922791661013e-01 1.107688553274511073e-01 8.632384255659536487e-02 1.153420292562413324e-01
9.007340022139902203e-02 8.698277019769896923e-02 8.689023419672925463e-02 9.998170116607264790e-02 1.139949549068239865e-01 9.147592493225727150e-02 1.145240673313779323e-01 1.142946542684631500e-01 8.340289879387673133e-02 1.183793939853010208e-01
8.918536426811214668e-02 8.820258322238071214e-02 8.816917896309106606e-02 9.982823069579285780e-02 1.115946748734024524e-01 9.157156243657232908e-02 1.121214108424029854e-01 1.119271326108320780e-01 8.356618220167236211e-02 1.238336798857410243e-01
8.945378852214269649e-02 8.344831076946775117e-02 8.329988792720646740e-02 9.873873293327004030e-02 1.196184094624537231e-01 8.791025096253790583e-02 1.203172776699408808e-01 1.199652011235967652e-01 7.592983698201778708e-02 1.213183036473659826e-01
8.699962726728018014e-02 8.549408534464610077e-02 8.518005263924254000e-02 9.832628786041086588e-02 1.187777853165224301e-01 8.970967457429780689e-02 1.190203866383560544e-01 1.189799419676614428e-01 8.388242735774237291e-02 1.136297310338402200e-01
8.687721631100843445e-02 8.195094446548632783e-02 8.179605586281192553e-02 9.795305073926321993e-02 1.221074663323153536e-01 8.738748668852955315e-02 1.229023186729124167e-01 1.225955105291229863e-01 7.502142503573774879e-02 1.214085253628120753e-01
8.861988651361832336e-02 8.543280910976368270e-02 8.523483103021163576e-02 9.934200557141639742e-02 1.183078369324916113e-01 8.958786163062863739e-02 1.187942359497015654e-01 1.185812451376842408e-01 7.471042718266730776e-02 1.213888609418165565e-01
9.053559038329313247e-02 8.517036167364680499e-02 8.507182739942013849e-02 9.849851787569059713e-02 1.158419940194209546e-01 8.928575327231283443e-02 1.164497927999215698e-01 1.162900289149157024e-01 7.963494150742106426e-02 1.232211921539571875e-01
9.139929582709137301e-02 8.554811230220031593e-02 8.546813682725319661e-02 9.881674471220928957e-02 1.147186934318171619e-01 9.225254086140932674e-02 1.153305059573513369e-01 1.151011597992926544e-01 8.515709615279741518e-02 1.162077141285779158e-01
9.492201218991234979e-02 9.238837716242005726e-02 9.222153937829206949e-02 1.017745553426042115e-01 1.104011036556785397e-01 9.416634775362608956e-02 1.106182114670455213e-01 1.102168503453863219e-01 7.741460272097946960e-02 1.158763999840553421e-01
8.924582268069793101e-02 8.592312280258258828e-02 8.566770574692954276e-02 1.017999228941635914e-01 1.164555371690691871e-01 9.083913519157564564e-02 1.167978207539719232e-01 1.164498852505666260e-01 7.437416272358399194e-02 1.224468847868590005e-01
8.760522821774767432e-02 8.474621355969240433e-02 8.448298109728211158e-02 9.997954067978041814e-02 1.168380139570373011e-01 9.134344544864185511e-02 1.171783184727852728e-01 1.169707877790924638e-01 8.167298314911482227e-02 1.191824876388257459e-01
8.928579797338413726e-02 8.639974730097470246e-02 8.623525818083162264e-02 9.930627501365549281e-02 1.146589883125351955e-01 9.133089215471147659e-02 1.150852255542167829e-01 1.148983512143170044e-01 7.973833110043571093e-02 1.230611331949378329e-01
9.255969333567415358e-02 8.921747040764656245e-02 8.918804667529896257e-02 1.002159698391846820e-01 1.108249316552984698e-01 9.332651155290117018e-02 1.113222854367147407e-01 1.110546614144102967e-01 8.534710283643487383e-02 1.169433268464360326e-01
9.234257411795453174e-02 8.700888098882143817e-02 8.690247356395874867e-02 9.754981988354445577e-02 1.134805590842104250e-01 9.145661754101984398e-02 1.139590319260988666e-01 1.138003849472224716e-01 8.470066572451079301e-02 1.187989922226584255e-01
8.951216817250098878e-02 8.576529210631742006e-02 8.556555312633236376e-02 9.813694802960554187e-02 1.158072882515221586e-01 9.226072883885044762e-02 1.162251182404295397e-01 1.159720456023433377e-01 8.046173539313090928e-02 1.202931222389673205e-01
9.038090169902225635e-02 8.654591307384540411e-02 8.633682714184189033e-02 9.705634841453254780e-02 1.155559199109798540e-01 9.041515078652836990e-02 1.159026681384666552e-01 1.158185904174014458e-01 8.306747044917894840e-02 1.189202099682026142e-01
9.007672395884196159e-02 8.525510896951651874e-02 8.497937078050296633e-02 9.968480297629679632e-02 1.189566165942562287e-01 8.916675714566674182e-02 1.193383494124222871e-01 1.189722858698893243e-01 7.137592005138114482e-02 1.221940642412260719e-01
9.365700152969740067e-02 8.931021051036221181e-02 8.918578622034471770e-02 9.905297400469240121e-02 1.117336065133070488e-01 9.264418274436315992e-02 1.120867604539639018e-01 1.118791475599653223e-01 8.484926502648805491e-02 1.156010654368158780e-01
9.266238845859647855e-02 8.869171429245895077e-02 8.852267038229716389e-02 1.035538600518938618e-01 1.110569099348961419e-01 9.195112116495757215e-02 1.113063343243641395e-01 1.112727184253946844e-01 8.506551643112425509e-02 1.159167665340167519e-01
8.987613241567216082e-02 8.796955928732280716e-02 8.787920235064801411e-02 1.003366464670450431e-01 1.140428095066859521e-01 9.086859188974558132e-02 1.145402323012723739e-01 1.143694053310941594e-01 8.139604106262428307e-02 1.187213793878895834e-01
9.226196534081149148e-02 8.809734436129522395e-02 8.792288108070089869e-02 9.990655201715187284e-02 1.127986473883643148e-01 9.117445155666270562e-02 1.131201513172256090e-01 1.129314243112561622e-01 8.703035282167263798e-02 1.147562298048590695e-01
8.974525023771856569e-02 8.648290794413319993e-02 8.631239433533763328e-02 1.008759785332108971e-01 1.151674581702963468e-01 8.964939925104488394e-02 1.155861354048309531e-01 1.154430901816761723e-01 7.783205421440229921e-02 1.229053317273490903e-01
9.110978819118890903e-02 8.598180743225013190e-02 8.591992899692972585e-02 9.980328395786169926e-02 1.155319846010981061e-01 9.063735393439298349e-02 1.161923863650445032e-01 1.159323661998871713e-01 8.151510215228530143e-02 1.173759981690614823e-01
8.880538943942967167e-02 8.584981563550329875e-02 8.578014872416642178e-02 9.894440907249382744e-02 1.170459903017953829e-01 9.138322888951719292e-02 1.177355351091008417e-01 1.174962170144639856e-01 7.926372379381453614e-02 1.176955420197147995e-01
1.039762074732133168e-01 9.337236635140058749e-02 9.328929846096649381e-02 1.066577863340461563e-01 1.049847264727190033e-01 9.417914443947450476e-02 1.051292640075093404e-01 1.050495619681101472e-01 8.709261210237204121e-02 1.062690323901884504e-01
9.302485540361263294e-02 9.231811321321040098e-02 9.216432407918553893e-02 9.739830268148276515e-02 1.082491952773543958e-01 9.551534329601575612e-02 1.083705449279098593e-01 1.083848426481527766e-01 8.938811513742589421e-02 1.151863633356500077e-01
8.659196218666934119e-02 8.295823053492715204e-02 8.274149264504154777e-02 1.006619991302982048e-01 1.187151498754793200e-01 8.671733129319370015e-02 1.192337509082618680e-01 1.190580801234209923e-01 8.131594336792259681e-02 1.220060599347852215e-01
9.057592578723366872e-02 8.487523651960572624e-02 8.459399858527473504e-02 1.001587314514926080e-01 1.204885038013052967e-01 8.793515071777414926e-02 1.208776779041360883e-01 1.206762180894346559e-01 7.117823850685132958e-02 1.186403186368917007e-01
9.053011895457170610e-02 8.728010076493705749e-02 8.710472221483045452e-02 9.939294086169454812e-02 1.144162500855241404e-01 9.056093863755326767e-02 1.147981429800530723e-01 1.145919634493465511e-01 7.942205635248808515e-02 1.219027656990010755e-01
8.754073389215007162e-02 8.412584968295795662e-02 8.389302389570446605e-02 9.570366620457541884e-02 1.176722034028525044e-01 8.859463553925424339e-02 1.180875337678018444e-01 1.179954902404416889e-01 7.968010180481237270e-02 1.267067615694494886e-01
8.649139588458952532e-02 8.318011562918421753e-02 8.300443776830206122e-02 9.749998635535049585e-02 1.199548135021264311e-01 8.868224410436779948e-02 1.205688354077374125e-01 1.204898134445840097e-01 7.702102636802582447e-02 1.231073315357322090e-01
8.945920931848332092e-02 8.569548879351679416e-02 8.552422353517420694e-02 9.928655217578727377e-02 1.140120109647652369e-01 9.180778138194481408e-02 1.144276798515312665e-01 1.142404628907392472e-01 8.295489900479052769e-02 1.225916920832673673e-01
9.021201540235282423e-02 8.501890061836066270e-02 8.491820720521985055e-02 9.992131920231295261e-02 1.159649019184974400e-01 9.135590903271485763e-02 1.165760705426078514e-01 1.164184946222839162e-01 8.263411181942278971e-02 1.169800696362268272e-01
8.883153484710150372e-02 8.507241213821713222e-02 8.477738455087621694e-02 9.988457024582700350e-02 1.149834062984169958e-01 9.106628330264600335e-02 1.152046751979069472e-01 1.150491926779950713e-01 8.176915487433317198e-02 1.233613858666799262e-01
9.053366229787505881e-02 8.636347770799354673e-02 8.623986062506762418e-02 1.004673030809485612e-01 1.158951103664148941e-01 9.045023919090003361e-02 1.164502462817433720e-01 1.161362791664563993e-01 7.848261932584811584e-02 1.189812019567524776e-01
9.365204566475206216e-02 8.579423515457799965e-02 8.559776693728081420e-02 1.032942445015369165e-01 1.152519075581987656e-01 9.064729701499520120e-02 1.156510546005202755e-01 1.154582848563689423e-01 7.866755135760163109e-02 1.159856123541674611e-01
9.118917388662213519e-02 8.947112559175868229e-02 8.926851767736500298e-02 1.029473946629558684e-01 1.119629590137516950e-01 9.043381272525839731e-02 1.121615630353886423e-01 1.121209300241599177e-01 8.301005715874415491e-02 1.174344662239955456e-01
9.101046996342451734e-02 8.351011762272381178e-02 8.314999355450881924e-02 9.976505709348744422e-02 1.208525664447835657e-01 8.915942415809194332e-02 1.211124729045007231e-01 1.209563884765734176e-01 7.232600459781954316e-02 1.181575051840862006e-01
8.965444469660970028e-02 8.462249992875614524e-02 8.442305714833399366e-02 9.990008883066327228e-02 1.191495592470705467e-01 8.712209136733019277e-02 1.196705804130460266e-01 1.194923158416895947e-01 7.559202596733630153e-02 1.203733365591641707e-01
9.339718482281492151e-02 8.783516198395888153e-02 8.765228930039860311e-02 1.018381272564591045e-01 1.110065904086898481e-01 9.314905294191411222e-02 1.112609598069175670e-01 1.111732154946248191e-01 8.514004802582439413e-02 1.175473699583977072e-01
9.381041103074573562e-02 9.014130157563930712e-02 8.999919001930201112e-02 1.053288942796543337e-01 1.093207730816083828e-01 9.181842492816687240e-02 1.095558838497777687e-01 1.094268975016191719e-01 8.390616463303748884e-02 1.166920591004488861e-01
9.718228240088026826e-02 9.385631384358952833e-02 9.381360671404344320e-02 1.058341955020388331e-01 1.035263564670557690e-01 9.848335372018575395e-02 1.036533447275508057e-01 1.037508353589557814e-01 9.434488973632390585e-02 1.055548215293758835e-01
9.168590199161109899e-02 8.903662686176012919e-02 8.889790421037002677e-02 1.015156337277756532e-01 1.119233646636100532e-01 9.103817172845096728e-02 1.122789562866188806e-01 1.119844999044388167e-01 8.431640396494657907e-02 1.173225366604177533e-01
9.437964776673381240e-02 9.085886363407351396e-02 9.082476051507748505e-02 1.043594861820478087e-01 1.097607576053357681e-01 9.381309869336146301e-02 1.101732723894514182e-01 1.099451427410071541e-01 8.451975989416253554e-02 1.113652105787490826e-01
9.387745034403775779e-02 8.934644613215200759e-02 8.937023829377060968e-02 1.012663831403973619e-01 1.091764616971956092e-01 9.639874121302355325e-02 1.097191020444580334e-01 1.094057015489022094e-01 8.729222632540158122e-02 1.141472492606612349e-01
8.991394247124152861e-02 8.452489263395454588e-02 8.436623994463705867e-02 9.904153585321068265e-02 1.176795636879024443e-01 8.728474189572960062e-02 1.182385487849190037e-01 1.180937731004006314e-01 7.795017684738517194e-02 1.229065847806192768e-01
8.992361584156313703e-02 8.422187708124509453e-02 8.393693694413821571e-02 1.006923893394579689e-01 1.198577607845278253e-01 8.843831331249976668e-02 1.202407627518884692e-01 1.200325816679920915e-01 7.090440320999678858e-02 1.217513590666906009e-01
8.738649081351296255e-02 8.251781069777806843e-02 8.234618300981166872e-02 9.941094055272292618e-02 1.191116881626203550e-01 8.617247574273913246e-02 1.197184208914888748e-01 1.197053519776119790e-01 7.896609714596175555e-02 1.246645410057523606e-01
8.774974443248159672e-02 8.343395973498987650e-02 8.311715136090183642e-02 9.852421622233502319e-02 1.214514112315546596e-01 8.762269737426528482e-02 1.218032406325051248e-01 1.217308231924726786e-01 7.484309497628455210e-02 1.197236608422093812e-01
9.081330764954612111e-02 8.761280428149935406e-02 8.742537735839518709e-02 9.996422731909657133e-02 1.153416231574929118e-01 9.096637672963206467e-02 1.157109196282950919e-01 1.155388241392161508e-01 7.902192234383244307e-02 1.176046173929941180e-01
9.591435126442268699e-02 9.001128394128450616e-02 8.988511375968889772e-02 1.041557266193631065e-01 1.108966723548609618e-01 9.274118359598708394e-02 1.111852597959384625e-01 1.111238621288459655e-01 8.001384777999573372e-02 1.140726987596126507e-01
8.720102181595325297e-02 8.807220997611855950e-02 8.796914847487330436e-02 9.785250439675542700e-02 1.132034432676910368e-01 8.884950618177375747e-02 1.136416481498504216e-01 1.135462853794836774e-01 8.361259629028001961e-02 1.260516360672205571e-01
9.452202615600061031e-02 9.021031586919187051e-02 9.010964469547448619e-02 1.053690560196365311e-01 1.091607560915865832e-01 9.390727584641642145e-02 1.094212159175817073e-01 1.094922393816642053e-01 8.879988269739605422e-02 1.090075873250515442e-01
9.160891318109545822e-02 8.658183874433010574e-02 8.652282583998378851e-02 9.795084045164238751e-02 1.132952476479259368e-01 9.241993924566489771e-02 1.138832685924140581e-01 1.136095194256909330e-01 8.463036997273289119e-02 1.194972368985195849e-01
9.318719753908547010e-02 8.991823196470614954e-02 8.985238644546517106e-02 1.014384737902584294e-01 1.117578372151726424e-01 9.107228906352650422e-02 1.122055690306735659e-01 1.119152990438933154e-01 7.984154405967409940e-02 1.188111718475446527e-01
8.821672799399588039e-02 9.115809068722180442e-02 9.105923430005941066e-02 9.710810104269131104e-02 1.092662161489460215e-01 9.561706686165850899e-02 1.095096034934637114e-01 1.095793663060216916e-01 9.528471030358018345e-02 1.132008828623614904e-01
9.113469205684722463e-02 8.599412210869010476e-02 8.572196803435387646e-02 1.003778088372839078e-01 1.159073117589124458e-01 8.986598632934375552e-02 1.161584207464563812e-01 1.160814290368070018e-01 8.002914751548316497e-02 1.187291135758221233e-01
9.212844680202034175e-02 8.531407604935511979e-02 8.518625540185982559e-02 1.015558706340420475e-01 1.179460553946543450e-01 8.829518074864496635e-02 1.185199843123803665e-01 1.185527651576696734e-01 7.943710207047119387e-02 1.130642634289021620e-01
9.173899285003973836e-02 8.645964105814220313e-02 8.628991631568870557e-02 9.879745760290938039e-02 1.161691753632830698e-01 9.092982183863182466e-02 1.166254171440384430e-01 1.164226487122583809e-01 8.192614893867793124e-02 1.146407801763302675e-01
9.178415129763077551e-02 8.663386215135733537e-02 8.639643223814320872e-02 1.014078070703429701e-01 1.147207683300258546e-01 9.201104752499651707e-02 1.150103854063201508e-01 1.148308720127590443e-01 7.918803301120426463e-02 1.180166409572198927e-01
9.179847319287363916e-02 9.087168850677079801e-02 9.066273889731918390e-02 1.007157894926391378e-01 1.113592042487902140e-01 9.175343454516840525e-02 1.115199048597225323e-01 1.113833471775620421e-01 8.442742613836695664e-02 1.155079929407870770e-01
9.125080299745454149e-02 8.869238959395592259e-02 8.856943157415854417e-02 1.036921271730958244e-01 1.104114650941859649e-01 9.129941215540607335e-02 1.107063088921270005e-01 1.107586533356543501e-01 8.696901501046129523e-02 1.176503941735005387e-01
9.063832401945287609e-02 8.614684753539145201e-02 8.597422757511384572e-02 9.898270683679839810e-02 1.154164199240114291e-01 9.083551528234069805e-02 1.158706230814553206e-01 1.155825486196634666e-01 7.997579994278884719e-02 1.205769871829837081e-01
9.266200206348024215e-02 8.538954347454123794e-02 8.529431154195996068e-02 9.949934958284525899e-02 1.160432647998996258e-01 9.053695962921730345e-02 1.166556299416392078e-01 1.165012025584680894e-01 8.338345908098096504e-02 1.140342773269681226e-01
8.997063007802597046e-02 8.361981659353680263e-02 8.341034409595399213e-02 1.007165391984430197e-01 1.203011516849250701e-01 8.656514447450749938e-02 1.208397903937368928e-01 1.207784784676997347e-01 7.609076141270897098e-02 1.177073436004619916e-01
8.855045399712027643e-02 8.527589734731667870e-02 8.503426596337644583e-02 9.785586638349424993e-02 1.188145003071493927e-01 8.819014094280540339e-02 1.191976175540459815e-01 1.191946050325475431e-01 7.628428305697065870e-02 1.216023694151733420e-01
9.051508857988779799e-02 9.044981158440855429e-02 9.034696019236848619e-02 9.672560375796253329e-02 1.141060458112170412e-01 8.631694159068313554e-02 1.144850091194743041e-01 1.145137723138166808e-01 7.872905727138042320e-02 1.238117097788010573e-01
8.809520890246147484e-02 8.224614546574615659e-02 8.204181025716664188e-02 9.967992968816780097e-02 1.210302643747431656e-01 8.738708181879149828e-02 1.216326161314823656e-01 1.216004992645730864e-01 7.519528487664203786e-02 1.210911592202257442e-01
9.069397838698287084e-02 8.859620916982870187e-02 8.854400835801023995e-02 9.983612391654918261e-02 1.114410853984867528e-01 9.279762500036414785e-02 1.119346948853664481e-01 1.116638339281716963e-01 8.526806087518770672e-02 1.192243800810522530e-01
8.661583117538421139e-02 8.406598201829260097e-02 8.350678148891026165e-02 1.052090524562851181e-01 1.248525082748624671e-01 8.674372229123637756e-02 1.249549249317429833e-01 1.236685310612024580e-01 4.790555299129109490e-02 1.324771133107924270e-01
9.327551281776229331e-02 8.692836812355902998e-02 8.678968707720985387e-02 1.042493541829738607e-01 1.138847323879845358e-01 9.196116903609111159e-02 1.143182608515674881e-01 1.141639792479016979e-01 7.909905972142913799e-02 1.153298765535210185e-01
9.185645509560294575e-02 8.760587275931547291e-02 8.747118108791097912e-02 1.004273183270950609e-01 1.145869339513817531e-01 9.105710993106271023e-02 1.150506370549515683e-01 1.147612899080753396e-01 8.021860993153887009e-02 1.169645919530653416e-01
8.936491617226673123e-02 8.599259983569339238e-02 8.584057974060020635e-02 9.906498735675202394e-02 1.143678025103742057e-01 9.183537150816731276e-02 1.148056349111603869e-01 1.147018063644119068e-01 8.301394434588094118e-02 1.210123572546929621e-01
8.681115125250528364e-02 8.275092062464807496e-02 8.257572822821157565e-02 9.630327019318568604e-02 1.184013344456059380e-01 9.117405626653705963e-02 1.189780412540920179e-01 1.189434758373698053e-01 8.514962327004212128e-02 1.189123986278024236e-01
8.889287967579849459e-02 8.445226590126538035e-02 8.425723357531457458e-02 1.012729035150466694e-01 1.190409514447653971e-01 8.695167696264786972e-02 1.195872174327895499e-01 1.193212466837212937e-01 7.508083419655070534e-02 1.211427906121001069e-01
9.394960549438746700e-02 8.682312571159402081e-02 8.666536178918118893e-02 1.019572180965307995e-01 1.149621165368835130e-01 9.093350881199271929e-02 1.153776956354733429e-01 1.153070293153153625e-01 7.979313123930707741e-02 1.142312073693344948e-01
9.014591943178894284e-02 8.760461665300585399e-02 8.742907079246553526e-02 1.004173111143878971e-01 1.158548857525978221e-01 9.069113035153628100e-02 1.163033951567321589e-01 1.158641563708039807e-01 7.398691584951697098e-02 1.217025985271645988e-01
9.356202185969006435e-02 8.811139879510493378e-02 8.803576594183111503e-02 9.673621536323388781e-02 1.109318623604443055e-01 9.269424957974041479e-02 1.113600585559930412e-01 1.112454169903606127e-01 8.693686290936299133e-02 1.203861476442386197e-01
8.940312905418718037e-02 8.458123192212904651e-02 8.448087939304543825e-02 1.009887751081462171e-01 1.159136855714749670e-01 8.994933847188350817e-02 1.165774746175767679e-01 1.161788588343502099e-01 7.883089072550099330e-02 1.230957363017056994e-01
9.669004295409601435e-02 8.630233930823258404e-02 8.616376091461513953e-02 1.005085583684728334e-01 1.119811563852711883e-01 9.284081919324425891e-02 1.123816454521615882e-01 1.122339898069133757e-01 8.664337826800062869e-02 1.142543093489924028e-01
8.773499980941514009e-02 8.587736017973827962e-02 8.567229635553198774e-02 1.017670618863267956e-01 1.186997272818483135e-01 8.923235527530766487e-02 1.191707854318001664e-01 1.189592389227807911e-01 7.526093502502365085e-02 1.176252398322271547e-01
9.382769742234690902e-02 8.655880001942571622e-02 8.633630767232047809e-02 1.022741722056896563e-01 1.151353713011408764e-01 8.959122963239800341e-02 1.154680761015264290e-01 1.152610766928163777e-01 7.750461199178737548e-02 1.180426569605481507e-01
9.125341222307008227e-02 8.449232637393838674e-02 8.436584927403170675e-02 1.001617326416325560e-01 1.172444972815765291e-01 8.770735960102486739e-02 1.178593594757413737e-01 1.176888641365572835e-01 7.899526271368177699e-02 1.202313362787454792e-01
9.695434395987616305e-02 9.042091986933858960e-02 9.033442302675834257e-02 1.051776312502860911e-01 1.078082780852936545e-01 9.444883623706293307e-02 1.080707284327116074e-01 1.080391814026718939e-01 8.550729085622012227e-02 1.132383668797806026e-01
9.000190057819874856e-02 8.629238937825151057e-02 8.615159646208868371e-02 9.911104776579870990e-02 1.156714281847699977e-01 9.035969129956895884e-02 1.161668533269611392e-01 1.159963177445164917e-01 7.919687737812541872e-02 1.210518978817202995e-01
8.978258101501050692e-02 8.890427876663217766e-02 8.878463855477776445e-02 1.028025167572121229e-01 1.143511131985209955e-01 9.057276028916713684e-02 1.147699263641422524e-01 1.146666074407505925e-01 8.142192576064044562e-02 1.139436518531459913e-01
9.052916205069359845e-02 8.758126703699381510e-02 8.742588128608839992e-02 9.842472826031634092e-02 1.139552383218374182e-01 9.135456338787381614e-02 1.143477297108325130e-01 1.141747740735772620e-01 8.171310975576168145e-02 1.204935461160251686e-01
9.457545538058956258e-02 8.896486737445348514e-02 8.883004251998082024e-02 1.065428760493703636e-01 1.102174979410642242e-01 9.162821963788052304e-02 1.105030849044997543e-01 1.104298249520258568e-01 8.323052404274407234e-02 1.150776071973913239e-01
8.893562592580853132e-02 8.782187796331702989e-02 8.773936784007117795e-02 1.006080107231181603e-01 1.133659999831267695e-01 9.012771044298907575e-02 1.138535476186486317e-01 1.137396320436818292e-01 7.880354577809750571e-02 1.250046816811412331e-01
8.856748645011498777e-02 8.582263337776437073e-02 8.567881767312383878e-02 9.725973972154972058e-02 1.134718012110275953e-01 9.009520753132732596e-02 1.139117120658951349e-01 1.137731125965225493e-01 8.377591740160295064e-02 1.276435719710715400e-01
8.704525623426001557e-02 8.636963124754229448e-02 8.616183375643983455e-02 1.004961348521209302e-01 1.135990193100979151e-01 9.351157252171830858e-02 1.139157813212958170e-01 1.137686974936623907e-01 8.816378475712656482e-02 1.169682885057359290e-01
9.270326959027945513e-02 8.693866405606437420e-02 8.674719491690635609e-02 9.951489206437354185e-02 1.164427169467523726e-01 8.941180427797588981e-02 1.168628584662513986e-01 1.166063546249799382e-01 7.468882678179693257e-02 1.200834182746197687e-01
9.366905290271580753e-02 9.300241458425373420e-02 9.295193508397027460e-02 1.036371649491554109e-01 1.079824022822491320e-01 9.138851605243579479e-02 1.082306225387646426e-01 1.082604045796899395e-01 8.776338573206431126e-02 1.131141012947009389e-01
8.690874407942246471e-02 8.521995451548886047e-02 8.513997156881550343e-02 9.674194698817928373e-02 1.157510703117521356e-01 8.943544060593949796e-02 1.163691332911581527e-01 1.163311660397355340e-01 8.362551381848379317e-02 1.244770587810247464e-01
9.068559682268524658e-02 8.599573866863612082e-02 8.579890047636355710e-02 9.735327444265715058e-02 1.168999858854941620e-01 9.015971525388848107e-02 1.173627087892843285e-01 1.170038903065617752e-01 7.360074559864658583e-02 1.251394437557825368e-01
9.180692730872606899e-02 8.905573878732471471e-02 8.878557923556834597e-02 9.942990646196639415e-02 1.145422515050408818e-01 9.183671926324173118e-02 1.147527109487515712e-01 1.143625097803345203e-01 7.542749671695306302e-02 1.200001599920927087e-01
9.119832371545102956e-02 8.649256339506426750e-02 8.627368577121331816e-02 9.817004136042117857e-02 1.178297098451563663e-01 9.022262076379572449e-02 1.182659305110688591e-01 1.178831558233835175e-01 7.247884077404877223e-02 1.211851280403969250e-01
1.023541453067868673e-01 9.953204726174583183e-02 9.944408679415672747e-02 1.059825419268132785e-01 9.763523041350832821e-02 1.007813454492535732e-01 9.748017634655059549e-02 9.757989866692802494e-02 9.850434483203526770e-02 1.007061830022214916e-01
9.650764486193583180e-02 9.564320410919682769e-02 9.548864675772569810e-02 9.459966976493761059e-02 1.012721185161636894e-01 1.031602712595725141e-01 1.011726779171726459e-01 1.012760321277099418e-01 1.073187943421327756e-01 1.035609403434525067e-01
9.384292835405490252e-02 8.475516407094858817e-02 8.458894506569435146e-02 1.017505822062430287e-01 1.147607234034919849e-01 9.021722389333679260e-02 1.151809430710447613e-01 1.152790587503928765e-01 8.689044503016353505e-02 1.127339861546291511e-01
9.479914408643351498e-02 8.483657222694034050e-02 8.463894785611285332e-02 1.002388364408599991e-01 1.140959927732440871e-01 9.271314309232191186e-02 1.144665040690894114e-01 1.144019942395486378e-01 8.500481158974801388e-02 1.148040536257012301e-01
9.262364084306518031e-02 8.802028429604745463e-02 8.785300522496870823e-02 9.905200480611738023e-02 1.149925613065912039e-01 9.122201940401575282e-02 1.153851760342114452e-01 1.151754052022038594e-01 7.779724553271957777e-02 1.178786573500595070e-01
9.124552166123016395e-02 8.927952919270397414e-02 8.917092064314784128e-02 9.983419536153742557e-02 1.128280025613335597e-01 9.199623303426146537e-02 1.132577312710093820e-01 1.129156430381924453e-01 8.321207217248441368e-02 1.162601510640993707e-01
9.125338680772747402e-02 8.558436656572158963e-02 8.538783279685818739e-02 1.024246577934256469e-01 1.164618313052896148e-01 8.944806201061034079e-02 1.169099598684629621e-01 1.166371847448809812e-01 7.782022043902983577e-02 1.180724976679932980e-01
9.123726754817207407e-02 8.692431692423997769e-02 8.667969260877875226e-02 1.016344379155482425e-01 1.136891778861622848e-01 9.118671988347855362e-02 1.139186474317693681e-01 1.138400489360369416e-01 8.207349985472629783e-02 1.188161910110875075e-01
9.121293573516971176e-02 8.691404535352746652e-02 8.675376076123081370e-02 1.010527652748036964e-01 1.147889414394063917e-01 9.037720817404995555e-02 1.152446330773478911e-01 1.148697439375564178e-01 7.539260490221449951e-02 1.233933613446931699e-01
8.724650142651746432e-02 8.325809617619125969e-02 8.302007783994297396e-02 9.917731853650815776e-02 1.213279822780249650e-01 8.953935480752654719e-02 1.218342728771730221e-01 1.218329211134127482e-01 7.983912216204325230e-02 1.129243527826596094e-01
9.250362018647961815e-02 8.824089391519808478e-02 8.797861332401439582e-02 1.046191099109638478e-01 1.113007773370418008e-01 9.278224052216742235e-02 1.114201393785040073e-01 1.113370422813861615e-01 8.386707851004053527e-02 1.159504846342041678e-01
8.756467729050973481e-02 8.560901140930415876e-02 8.538318870388179882e-02 1.005322627040310945e-01 1.166352508518667397e-01 9.022532031791463680e-02 1.170389144513339780e-01 1.167255136935208965e-01 7.811161554504268689e-02 1.221742450325942475e-01
9.099256112997912427e-02 8.781405292243792127e-02 8.772639255598357888e-02 1.014791186994081912e-01 1.126450416280224825e-01 9.151202985316543581e-02 1.131360253840949098e-01 1.128386369349999307e-01 8.195582728928101079e-02 1.199003136026274424e-01
9.043631848615363289e-02 8.608830147176647907e-02 8.595756152819990226e-02 9.889457570084117521e-02 1.148737256068743384e-01 8.983505114165263317e-02 1.153779416177718314e-01 1.151722957049491486e-01 7.906214084116489071e-02 1.243020879006259405e-01
8.827571444450915683e-02 8.508578988790677089e-02 8.493587372357330745e-02 9.546030926525095328e-02 1.167863082712697759e-01 8.814791396089562137e-02 1.172837217502759044e-01 1.173698841282539429e-01 8.013796625517170813e-02 1.265165183128929005e-01
8.799315987144692985e-02 8.437145766844933448e-02 8.418939210635757731e-02 9.944955097990028359e-02 1.163327485027401825e-01 9.015619352516567042e-02 1.167940110296502021e-01 1.167727525943484668e-01 8.422015607163962914e-02 1.197205776503017238e-01
8.957129691796485160e-02 8.445749908921222626e-02 8.427798140518394376e-02 9.701954908722953963e-02 1.177954904092595595e-01 8.896806432905388085e-02 1.183329510006336655e-01 1.181036727724765756e-01 7.519495287454802668e-02 1.262785421144377307e-01
9.397317406359188829e-02 9.075714863432571278e-02 9.071098447805722720e-02 1.000933367770376198e-01 1.118753190405703674e-01 9.377084715018697836e-02 1.123466806137987106e-01 1.119919200581863533e-01 8.109285010064862242e-02 1.133877390835965199e-01
8.621917213137442193e-02 8.323864093394070518e-02 8.294092058137826629e-02 9.798126172895411934e-02 1.215494247451734955e-01 8.825145725104253935e-02 1.219888538841771009e-01 1.216763400990540228e-01 7.303306339904971911e-02 1.231208652458556096e-01
9.260226014495132052e-02 9.137101250140090836e-02 9.123161220282494099e-02 1.006550619167543015e-01 1.093798625254370493e-01 9.368741622280352122e-02 1.096043841254830120e-01 1.094054171015856197e-01 8.743158784460697275e-02 1.146313854141523120e-01
9.125807025478410717e-02 8.919850783971297603e-02 8.905178274297718966e-02 1.017894791214277728e-01 1.117950312361619958e-01 9.562465402598135933e-02 1.121128117230526522e-01 1.119229728315663669e-01 8.533213591639614293e-02 1.119145543079394234e-01
8.720606186268980986e-02 8.288527532305556278e-02 8.270595555377967256e-02 9.641382345047586067e-02 1.185053158658679329e-01 8.678409671047766782e-02 1.190690458439927768e-01 1.190561767286150985e-01 7.782019648259017042e-02 1.295540521784554477e-01
8.935685502239265610e-02 9.162170399696920042e-02 9.162517450407955955e-02 9.667978758425956054e-02 1.086856203981610425e-01 9.559359380951025498e-02 1.090680932631413330e-01 1.090792930684139767e-01 9.388593994019414635e-02 1.144039384128782422e-01
8.837697031017040239e-02 8.857132523374684763e-02 8.844554261446607724e-02 1.000197143912788245e-01 1.141114103924088935e-01 9.539360241493737014e-02 1.145325518629013994e-01 1.143677746019977626e-01 8.716271883075954463e-02 1.090183893473328641e-01
9.215631513598904201e-02 8.771527681833074519e-02 8.757710621691856823e-02 1.040568930470470305e-01 1.123809602938769386e-01 9.112871560592125664e-02 1.127604585981714924e-01 1.125890902270204330e-01 7.994919082155614587e-02 1.196859932351683475e-01
9.147345556046909687e-02 9.013430677553177506e-02 8.992914607792583392e-02 9.888257164949480760e-02 1.119135352096186364e-01 9.230949085318417013e-02 1.120706220054813740e-01 1.121584839277052631e-01 8.515063797633486142e-02 1.159777499642541398e-01
8.885239954088246239e-02 8.503599944389485243e-02 8.489835686519918434e-02 9.896335580099679952e-02 1.183886183507351780e-01 8.894390566994110625e-02 1.189762480207435524e-01 1.189344277022650331e-01 7.584969663706664367e-02 1.211569919682751878e-01
8.862135104950803755e-02 8.521249484331500090e-02 8.506061532252001678e-02 1.022334694137085054e-01 1.165618916720807391e-01 8.892547120980665021e-02 1.171020733701957639e-01 1.168561123964670379e-01 7.785745762591643471e-02 1.215690630964818136e-01
8.934086386499005827e-02 8.520516183806114974e-02 8.505812916679351965e-02 9.999455337374765773e-02 1.129149138829831228e-01 9.624141690746375322e-02 1.133268724946371597e-01 1.133305900214545275e-01 9.301246141677717294e-02 1.115750370330918784e-01
9.222307945841676236e-02 9.170961027928158094e-02 9.159983593186563078e-02 1.066704442986923795e-01 1.081970368236589986e-01 9.284813861597185358e-02 1.083696171157561422e-01 1.085398150141691220e-01 9.016501182133780656e-02 1.096774106408497790e-01
9.246409515023167047e-02 8.807284618552975453e-02 8.788610614319895820e-02 9.963795905721350987e-02 1.137851853413990311e-01 9.340985132132072211e-02 1.140888169550867554e-01 1.140244147139385794e-01 8.423865756262123583e-02 1.123920675694597693e-01
9.469370083119235670e-02 9.028860896276272308e-02 9.018987716156706691e-02 1.018064154048507752e-01 1.109524494164893516e-01 9.131753963341297797e-02 1.113028638073554066e-01 1.111020794775697956e-01 7.979235155982124239e-02 1.185541137449782484e-01
8.735416969770783135e-02 8.514919693784579746e-02 8.504787509757928687e-02 9.953344783858246447e-02 1.173831146738052583e-01 8.978391502474199204e-02 1.180332500653661215e-01 1.178510973288766500e-01 8.014341761818774557e-02 1.197205157173068246e-01
9.186959077940293206e-02 8.890023241071898230e-02 8.883590094663279535e-02 9.989257369514017992e-02 1.154380548547819796e-01 9.257368381817258907e-02 1.160369605243061070e-01 1.156021525116482512e-01 7.536831086637320321e-02 1.154825395928229803e-01
9.270134543906208280e-02 8.968527424489816657e-02 8.952342558703373088e-02 1.010190739288664291e-01 1.114994817892967643e-01 9.265204138641590370e-02 1.117794740574417495e-01 1.115582106931798934e-01 8.241062686130629089e-02 1.171710460124990166e-01
9.035485599158403491e-02 8.754031563913748648e-02 8.743781940384157125e-02 9.925253797311384130e-02 1.171616358479180137e-01 9.002609281494580729e-02 1.177387752948230865e-01 1.175325415057810463e-01 7.843289013215243299e-02 1.145225353967026655e-01
9.387665804818351445e-02 8.667082163826786423e-02 8.661271410124928016e-02 1.005434880291139893e-01 1.142014612745942820e-01 9.082739333668092552e-02 1.147865426428843622e-01 1.146728829944507616e-01 8.446971580442724781e-02 1.133383221301477589e-01
9.381576745569313036e-02 8.911148816915116788e-02 8.897208319873053939e-02 1.022682553245206349e-01 1.100035551218433022e-01 9.283596739746154125e-02 1.103013517459980747e-01 1.100615392605219373e-01 8.534451743744671248e-02 1.172854748886329596e-01
9.392235635930019921e-02 8.954920095089863308e-02 8.933215712661624064e-02 1.004567432707447472e-01 1.120388773136764271e-01 9.333182304485304615e-02 1.122458867651243558e-01 1.120150771994050526e-01 7.986372704778145482e-02 1.172441509215997879e-01
9.101632216105437490e-02 8.777299375552338745e-02 8.754621005402676848e-02 9.868962117497920294e-02 1.115346977506509463e-01 9.275403805871827723e-02 1.117062890159582766e-01 1.117539466755178984e-01 8.741338283222550853e-02 1.198124985213453314e-01
9.145650426964814506e-02 8.796941304561843589e-02 8.770114353356874004e-02 9.940647400279900570e-02 1.142295837075128773e-01 9.129258011589466704e-02 1.144040676583110844e-01 1.143426306085228578e-01 8.228990182248366314e-02 1.169077012356405515e-01
8.807165234847444402e-02 8.482143982205118948e-02 8.468746581482426705e-02 9.558176774594089042e-02 1.181582766198389645e-01 8.971553276227439699e-02 1.187622854431415881e-01 1.186642430686071920e-01 8.422332298177956367e-02 1.173140133930674345e-01
8.828528347910834240e-02 8.342500678823000504e-02 8.326562867520957700e-02 9.900668296144884972e-02 1.184634568242482200e-01 8.806225866484670983e-02 1.190496246401364921e-01 1.190458825600377857e-01 8.215819281916073025e-02 1.192379825875732879e-01
9.763744513675805259e-02 9.016722399298676693e-02 8.996239107841864924e-02 1.023190846691215267e-01 1.106850186996911484e-01 9.310832992347323200e-02 1.108445356008528615e-01 1.107565085054969950e-01 7.961963780056989515e-02 1.148998245926308864e-01
8.918160864567975521e-02 8.440397427017005960e-02 8.410838522227025160e-02 9.774682380386651159e-02 1.191871949492845500e-01 8.842760596276341700e-02 1.195074618212468021e-01 1.194235202592107553e-01 7.715935346313013143e-02 1.208540716023777939e-01
9.191870812732150231e-02 8.853472409657577036e-02 8.833512913381144638e-02 1.005577564879423791e-01 1.132327238469402753e-01 9.103928162993221718e-02 1.135204175054594089e-01 1.132788297249939652e-01 8.196822176094126222e-02 1.176142076860817731e-01
9.009133552555678714e-02 8.488492645844383788e-02 8.460183475706235801e-02 1.003494362405538409e-01 1.186985729461621647e-01 9.037516422359087587e-02 1.190099748195976997e-01 1.189900664032865624e-01 8.097974868389333503e-02 1.120189399418525800e-01
9.137356461629576876e-02 8.849928252748186230e-02 8.835315964401306565e-02 1.019671722595889146e-01 1.151427170528583899e-01 9.102166042403445068e-02 1.156056963539001808e-01 1.151495169123157164e-01 7.393895895055864476e-02 1.189482712589530061e-01
8.833828521322306671e-02 8.532381771149356864e-02 8.502409285356524182e-02 9.815910261728852393e-02 1.192497044460169020e-01 8.892219791967782838e-02 1.195413444316276996e-01 1.194628424139067696e-01 7.557192165087893432e-02 1.204066907423215066e-01
9.103958465278541579e-02 8.677954374753057976e-02 8.668105623142888239e-02 9.761784020859415323e-02 1.129969643033081339e-01 9.025554316708485347e-02 1.134549580458792534e-01 1.134614613986263815e-01 8.465579130976755295e-02 1.230572569349947937e-01
9.244382802386870435e-02 8.956813029762257516e-02 8.948769448349469524e-02 1.009031196742249392e-01 1.135304564168068686e-01 9.266435129690286931e-02 1.139999731873404670e-01 1.137620890593175615e-01 8.059723070171184722e-02 1.130431268587094862e-01
9.120410019604005547e-02 8.583860058128080228e-02 8.566570290905593799e-02 9.747889733776080035e-02 1.153646884933164085e-01 9.070155994271376920e-02 1.158043227546520643e-01 1.156386748156478655e-01 8.011280776634339962e-02 1.221906452031888829e-01
9.340044838469277466e-02 9.033138475072198526e-02 9.023301895094645864e-02 9.581100952447219044e-02 1.063287120848158407e-01 9.806463599506851092e-02 1.065307042795416992e-01 1.065613642931864946e-01 1.022005828471746897e-01 1.105381388893793143e-01
9.223769478367156716e-02 8.695211381232355319e-02 8.687057595757842476e-02 1.003067330821286046e-01 1.162579633057090889e-01 9.051314620964813484e-02 1.168431709680721742e-01 1.167681519562174391e-01 7.950740398547821719e-02 1.137430459391727960e-01
