7.886093617259844202e-02 1.217533052413471428e-01 9.248960933666622308e-02 1.235257633155959350e-01 1.141324262617955387e-01 1.234763014605586851e-01 1.053794051313674263e-01 7.885459740846011145e-02 7.887194349578875718e-02 8.265571217582175223e-02
8.474645239950379105e-02 1.141780954465809045e-01 9.055003632680583281e-02 1.247705144819620804e-01 1.081656715891687465e-01 1.246318378343688749e-01 1.006655746264075307e-01 8.476180363499592751e-02 8.481376477347316034e-02 8.271624888673309584e-02
8.526980576410524149e-02 1.126660515264857054e-01 9.170704240998682477e-02 1.213619566631032459e-01 1.051555500310416003e-01 1.212752823490374499e-01 1.029635888925731491e-01 8.527859675624736846e-02 8.534777984826179276e-02 8.897434575915756649e-02
7.898852156443569861e-02 1.214117872813998411e-01 8.868021916105429947e-02 1.213447053711754486e-01 1.289097413738623243e-01 1.212571236062154889e-01 1.034876577658717517e-01 7.898826507124635798e-02 7.902788833866733476e-02 7.790409046607146837e-02
7.967185948333493917e-02 1.168016984514732570e-01 9.036554969357012135e-02 1.285646725215045250e-01 1.122355970288237276e-01 1.284435923473289942e-01 1.010385838589940855e-01 7.967663309904469970e-02 7.965701751016049381e-02 8.354479600576519838e-02
9.453820728347578362e-02 1.048681203999425327e-01 9.127591360173314960e-02 1.145617524215984256e-01 1.075969540952623621e-01 1.145166107702787761e-01 9.558035729247205126e-02 9.452245578458400022e-02 9.445043246016193716e-02 8.808919589049100940e-02
7.655752166066212561e-02 1.185659113076249632e-01 9.133128875159202131e-02 1.265406984098437215e-01 1.130561852834955222e-01 1.264834768602154935e-01 1.057776880145181592e-01 7.654440864238055975e-02 7.653458843283932056e-02 8.860823263682808537e-02
8.155159251497248740e-02 1.157652415558513559e-01 8.786957409295600985e-02 1.204409979391358881e-01 1.229078257534392676e-01 1.203572731217213004e-01 9.987192089130890460e-02 8.155934068539963389e-02 8.161855816161110722e-02 8.805767528360400331e-02
8.474524131206834232e-02 1.143730864934964647e-01 9.317788671797377908e-02 1.195720893416672703e-01 1.071135910451253281e-01 1.195161989696713889e-01 1.024883951474657579e-01 8.474581127047819962e-02 8.483367997495520896e-02 8.943401972709828784e-02
8.335344259030549874e-02 1.178861280754601309e-01 8.960330253054946126e-02 1.232338742892433586e-01 1.134955088302246479e-01 1.231098186774637754e-01 1.031549263581837683e-01 8.337103542230296649e-02 8.345141735564332031e-02 7.934054587062309982e-02
8.309009258969758671e-02 1.119806831913978951e-01 8.817671451840333741e-02 1.253966138083395798e-01 1.134913929288325768e-01 1.252349731131600918e-01 9.992898035141115076e-02 8.310798352706909309e-02 8.316794407493326158e-02 8.642462189675544082e-02
7.842965878025132120e-02 1.244515105718537878e-01 8.639955959826819964e-02 1.271647247495290567e-01 1.194939762685907902e-01 1.270169750010519960e-01 1.024370937252671587e-01 7.843725382231812870e-02 7.850043177736308608e-02 7.766881570550653036e-02
8.295008346644439090e-02 1.210277735630122253e-01 8.676891430058290833e-02 1.158046020324006720e-01 1.235839494289119045e-01 1.157851285421067772e-01 9.996532790376821964e-02 8.292462481306911437e-02 8.291546323488509229e-02 8.827413271481870938e-02
7.613247605057198164e-02 1.245203577427370922e-01 8.308080417718195776e-02 1.246486213388009606e-01 1.379698184464298039e-01 1.245007894036477825e-01 9.950697985645948207e-02 7.613912029032333939e-02 7.618243856920742241e-02 7.731859412464020531e-02
7.562554188461448335e-02 1.215173730455737788e-01 8.737994717570955749e-02 1.253767462788233644e-01 1.283742014355586936e-01 1.252698293890064929e-01 1.017900504505031833e-01 7.562430425747607154e-02 7.562513369574576372e-02 8.341687238698862472e-02
7.926395909926432781e-02 1.191569858581272984e-01 8.717330105513203253e-02 1.276994430829926919e-01 1.180637692315742865e-01 1.275464311186762789e-01 1.009696926084648477e-01 7.927689187400775717e-02 7.931714582451258877e-02 8.153238024724784871e-02
8.616729370917833308e-02 1.165732107869055650e-01 8.654043570876938929e-02 1.188172340835712548e-01 1.158536113511740018e-01 1.186945857557648309e-01 1.001210416088888222e-01 8.618689620046582345e-02 8.626599046844099505e-02 8.477970032684102597e-02
8.169547030151538825e-02 1.152993724515062046e-01 9.643422811819173102e-02 1.217944574447315242e-01 1.089597298209174225e-01 1.217208297566802766e-01 1.064041764221240194e-01 8.169720820023285146e-02 8.174721139111713886e-02 8.424731609298347079e-02
7.693552453328536544e-02 1.232658011099052597e-01 9.070843579276610669e-02 1.304716788021385576e-01 1.071973243135239257e-01 1.303710149973000831e-01 1.077059381075853028e-01 7.693421845381868962e-02 7.696714495662022870e-02 7.944291893305642505e-02
8.059687183759030316e-02 1.189806260834564700e-01 8.599738761885326876e-02 1.219032239067942974e-01 1.241359075544898743e-01 1.218290690541824345e-01 1.016602492548243225e-01 8.059196621277130157e-02 8.062959887506192247e-02 8.367509960197579144e-02
7.862010969769030189e-02 1.192075604968982488e-01 8.949420720587430989e-02 1.288188378640392484e-01 1.103103158286236896e-01 1.286959400681363108e-01 1.030313000931088879e-01 7.863055809761632098e-02 7.867240765443260508e-02 8.451876299358010436e-02
8.526672873515153683e-02 1.123413617822549143e-01 9.016465596093435619e-02 1.194352811687561383e-01 1.148919143786542862e-01 1.193090277607832400e-01 1.014156776505355795e-01 8.529123360375365226e-02 8.538817925187000557e-02 8.649593970730627690e-02
8.234930794493369732e-02 1.163447470573291814e-01 8.885139442351407124e-02 1.225361324167569543e-01 1.163004405979887607e-01 1.224210232295234874e-01 9.974746926472739805e-02 8.236536611098421723e-02 8.243580771054748180e-02 8.664831124369473669e-02
7.943146965649791613e-02 1.172964897391326478e-01 8.656685253934857938e-02 1.225712605262921362e-01 1.295036533718796068e-01 1.224705973832008743e-01 9.922799823425836052e-02 7.943712693331378416e-02 7.948317836216481358e-02 8.401137325391126731e-02
8.429631601611498048e-02 1.193986465913172562e-01 8.907443099665476871e-02 1.233478815341029627e-01 1.087338099955644094e-01 1.232709798433718890e-01 1.000339198689340903e-01 8.428611417452847032e-02 8.428994863085473299e-02 8.326795234855645378e-02
6.841211927383106239e-02 1.161890776286276794e-01 8.302262445160721316e-02 1.200772051593560347e-01 1.883022715400287095e-01 1.199891448541386407e-01 9.728479197991365957e-02 6.840676423964306418e-02 6.842367944650955269e-02 6.989232142634442535e-02
8.426936301329238099e-02 1.162016737738791883e-01 9.263051913321702913e-02 1.208492294969582964e-01 1.063051873536411673e-01 1.207632405162581413e-01 1.028729003401273462e-01 8.428136458179180668e-02 8.435679642487220464e-02 8.746972536596239745e-02
8.328692159236301962e-02 1.143878621981795213e-01 9.106439144924052820e-02 1.197985341971917472e-01 1.129132466157059950e-01 1.197359026925428754e-01 1.064865007999196145e-01 8.328649743713172071e-02 8.329629572016207517e-02 8.574384729756287515e-02
8.246875320953259147e-02 1.166517243049640801e-01 8.962876495452082315e-02 1.221724130068345127e-01 1.151506457187455590e-01 1.220566823898261016e-01 1.023748618882808353e-01 8.247652010200645645e-02 8.250856966226062517e-02 8.451106476302841508e-02
8.670825458674251418e-02 1.131355117004887445e-01 8.810753037972214596e-02 1.155788778228592356e-01 1.200918379284694054e-01 1.155114657333759509e-01 1.000736073769855905e-01 8.670173704170955342e-02 8.676280003218786452e-02 8.732837739745898109e-02
7.965333618038719643e-02 1.194265356156389152e-01 8.932879951504114902e-02 1.282409784090514648e-01 1.124309693340805605e-01 1.281252743393372084e-01 1.043715770139589383e-01 7.965052249829693287e-02 7.964910181762074881e-02 7.912290527658692729e-02
8.265920984231495128e-02 1.191490723366815663e-01 8.826789685341764058e-02 1.218771650101063420e-01 1.153845166608318679e-01 1.217403064173161742e-01 1.026229275043654271e-01 8.267961974148364812e-02 8.275781807139498403e-02 8.286146756208741249e-02
8.032978619410970078e-02 1.218869606254264076e-01 8.895866550556717767e-02 1.233428996094640684e-01 1.188873807559636120e-01 1.232065611307415903e-01 1.026870337249256582e-01 8.035227875080395987e-02 8.040849460440695207e-02 7.993993909859085922e-02
8.817576585475192519e-02 1.086194285867056741e-01 9.647218304144421219e-02 1.101725998975108534e-01 1.071993186121736052e-01 1.101434869372289321e-01 1.103375854096397130e-01 8.817859820995958831e-02 8.819206882774550949e-02 9.250896462283998700e-02
9.041720585879844951e-02 1.090409809827271315e-01 9.279092495157448273e-02 1.163527006274726883e-01 1.100857374385174475e-01 1.163097892477479162e-01 9.796859664399351630e-02 9.040484217644950693e-02 9.036001673705258697e-02 8.626920533566623250e-02
7.950857768707446371e-02 1.183590573227208398e-01 8.230681063430063393e-02 1.223142749598175039e-01 1.334702851417710889e-01 1.222046695652296983e-01 1.000813722225184915e-01 7.949897634428768067e-02 7.954426010787614409e-02 8.271171601440348298e-02
7.123236756026710137e-02 1.270501416278351225e-01 8.913791755450188592e-02 1.255087822158133803e-01 1.387689201707900388e-01 1.254424833359293612e-01 1.054035347126085764e-01 7.122584156653914700e-02 7.121946619711232163e-02 7.501054505860305088e-02
8.158494541340745310e-02 1.191936144356341709e-01 9.062658188643395174e-02 1.278064257073572851e-01 1.056673793945426126e-01 1.276967056024058689e-01 1.033702954329755730e-01 8.158366698784703941e-02 8.160881316440293798e-02 8.086157197499310723e-02
7.872463849494286403e-02 1.197143770675934832e-01 8.519196553493499358e-02 1.296844775355746604e-01 1.238618970788947365e-01 1.295674600229983764e-01 9.707062418153891703e-02 7.871553862996046036e-02 7.871767384249318822e-02 7.875134761106833414e-02
7.714555757536943614e-02 1.231707367293070066e-01 8.490817253013177579e-02 1.270805206666257847e-01 1.283354110078475385e-01 1.269532288194798741e-01 9.969287680453274569e-02 7.714681911409972115e-02 7.713743219502228188e-02 7.842924455758384927e-02
8.259042606839180067e-02 1.160064871303312511e-01 8.687342157273841847e-02 1.255931007808004929e-01 1.151268440856265535e-01 1.254740032702826857e-01 1.008231001290017664e-01 8.259595806317031330e-02 8.264029626730169664e-02 8.227636263235502123e-02
8.349249338759448524e-02 1.183146287320311768e-01 8.630694643820069345e-02 1.199944192358984585e-01 1.235955445097793454e-01 1.198765228792756238e-01 1.016025247186090746e-01 8.350626239541136808e-02 8.354509396760709250e-02 7.976556373559262614e-02
8.368304586592079097e-02 1.176608312125548561e-01 8.678968502490504167e-02 1.268778055654163350e-01 1.096932504849001400e-01 1.268013663135047209e-01 1.021017955278586409e-01 8.366329257917712314e-02 8.366111280221938395e-02 7.906781462354291190e-02
7.944638858998243069e-02 1.200591298838095816e-01 8.912986388650250003e-02 1.241123696841999746e-01 1.184308885457359406e-01 1.239869248256405682e-01 1.038730124175323566e-01 7.945931005822812199e-02 7.952764783501899137e-02 8.197446427334952046e-02
7.659385685309158531e-02 1.217720977344040750e-01 9.031690620787578838e-02 1.230658708922823669e-01 1.193124682372484341e-01 1.229854194550841912e-01 1.089587963632110135e-01 7.660490698778867069e-02 7.665606874370949064e-02 8.373360852530442600e-02
8.439290402684593295e-02 1.143323573358114020e-01 9.110451575972981775e-02 1.203094089902869979e-01 1.099176915323331616e-01 1.202546732867764978e-01 1.049831506117690355e-01 8.437330837078080292e-02 8.434526995740931898e-02 8.598672012825697708e-02
7.584210073032250643e-02 1.268956368849681327e-01 8.735366689367360382e-02 1.242991389120260415e-01 1.282837527412136469e-01 1.242623437096945921e-01 1.045874628114275978e-01 7.581790373705145358e-02 7.576349234559268120e-02 7.689450123402973014e-02
7.803044455040079874e-02 1.250744627818240473e-01 8.841194774464432304e-02 1.269784994179837256e-01 1.145298306707011049e-01 1.268732214683871984e-01 1.045696307885498610e-01 7.802341722054642603e-02 7.803040217651285859e-02 7.947814318044969795e-02
8.354043889866914763e-02 1.138007990850635476e-01 8.977913641901565101e-02 1.210368425941009823e-01 1.137704639805214718e-01 1.209638993180090355e-01 1.042568299845812313e-01 8.354337065037879817e-02 8.356540465338883894e-02 8.574281441627126799e-02
8.202525471070430674e-02 1.119867651199550479e-01 9.213041358470845654e-02 1.201284254648033456e-01 1.127174015055729672e-01 1.200539460734034863e-01 1.078264670801214187e-01 8.202837500757229061e-02 8.206611141175802759e-02 8.903684004140070829e-02
9.601098314305631098e-02 1.028998609812067366e-01 9.309115808389867297e-02 1.049829748743295876e-01 1.063734523353794120e-01 1.049613005340963717e-01 1.050573406752568911e-01 9.601066537900231068e-02 9.592929856300577707e-02 9.468296543076794303e-02
8.396187311391385688e-02 1.148392957945175014e-01 9.114696331607118063e-02 1.211513488890813978e-01 1.120530648230932957e-01 1.210554030667015390e-01 1.040952254136346122e-01 8.396812217351354302e-02 8.406866971674692435e-02 8.366003369272616286e-02
8.739574577753232709e-02 1.134275609955220088e-01 9.365422252031407879e-02 1.156758693873690402e-01 1.066274911536896353e-01 1.155887845633108285e-01 1.077261776277318173e-01 8.741300569724340386e-02 8.747527810352859201e-02 8.501586417375832372e-02
9.021134941990864575e-02 1.092222313986098287e-01 8.912914772814055364e-02 1.151039803188385335e-01 1.107363103641726410e-01 1.149745044666302257e-01 1.011595120017621113e-01 9.024673379847120147e-02 9.035182096544576436e-02 8.886440953802046683e-02
7.708695618794583759e-02 1.205673901514993374e-01 8.616728234348293436e-02 1.267089616452838907e-01 1.264423026404914996e-01 1.265792195160321265e-01 1.011392890092153163e-01 7.708794906942763314e-02 7.711424942443996511e-02 8.110640001218144546e-02
7.494144868048693842e-02 1.244234057386768011e-01 8.708218328143392528e-02 1.269495511075038607e-01 1.260056164910756671e-01 1.268679421720086686e-01 1.043353217421690293e-01 7.492339719719305624e-02 7.487597820475591637e-02 7.959515538469608131e-02
7.743099767878225403e-02 1.205543198969092483e-01 8.299883563556866017e-02 1.268785486967534681e-01 1.292692075775988547e-01 1.267441759362073483e-01 1.001690730642686156e-01 7.742648970370971662e-02 7.742291953083646483e-02 8.110543227936538313e-02
7.414049275857970134e-02 1.248327581721945800e-01 8.535346211627398150e-02 1.233132469198373465e-01 1.362853143719614801e-01 1.232592858162109145e-01 1.009892260938840963e-01 7.412248453700930051e-02 7.409142328045711934e-02 8.361230593359147978e-02
7.782464030234188812e-02 1.215870694916552086e-01 9.204030730560087969e-02 1.245125813281393323e-01 1.166094393337986507e-01 1.244316062147537288e-01 1.051839986730473409e-01 7.783125101268660584e-02 7.786801649179350693e-02 8.211108984618284423e-02
8.257070635163911432e-02 1.146391484181833315e-01 9.276641399537104149e-02 1.183193191085635532e-01 1.157463206733367889e-01 1.182551624067326862e-01 1.074967136438863130e-01 8.256889329002983779e-02 8.253044226399616767e-02 8.510687984826113828e-02
8.305600419375067101e-02 1.141487146317496232e-01 8.845538024897045548e-02 1.280840353838944567e-01 1.132062962542823570e-01 1.279422480176846122e-01 9.839304317539819544e-02 8.305396777166354494e-02 8.308123412024297216e-02 8.057907620236316737e-02
8.839046884193861586e-02 1.116060564126992311e-01 9.191137563039356029e-02 1.115657494386353699e-01 1.128559247516965625e-01 1.115264346036830972e-01 1.074904955026458053e-01 8.839191713500335612e-02 8.836134083799380978e-02 8.790023684531063364e-02
8.305242457355958841e-02 1.161922051799261640e-01 8.844741300335041967e-02 1.235419947108873928e-01 1.154317072996195875e-01 1.233953120488970878e-01 1.002068028172685143e-01 8.308158638292008347e-02 8.319387303914949072e-02 8.345668094442164342e-02
8.015697563910494094e-02 1.161102600989244171e-01 9.317182200721657592e-02 1.243758251918579139e-01 1.106931888729258961e-01 1.242510529649584750e-01 1.052625308729469716e-01 8.017324742241717372e-02 8.025004251367520713e-02 8.555505441597247018e-02
9.115024769263804783e-02 1.093480358579597411e-01 9.092697663134111097e-02 1.135407834924459791e-01 1.135004566107839230e-01 1.134885774037229372e-01 9.692241054873093620e-02 9.115620997914056223e-02 9.116479502714146255e-02 8.880150675609529975e-02
8.043077276425061872e-02 1.219059212592407959e-01 9.012256141274997689e-02 1.252456949698315669e-01 1.067427686248105384e-01 1.251893659188490771e-01 1.053849114648254537e-01 8.041812246130966568e-02 8.041264042036323778e-02 8.414724070376901344e-02
8.264726614788851788e-02 1.216139317784242779e-01 8.744777648905005529e-02 1.167757807158143202e-01 1.229858712639694401e-01 1.166993194121332539e-01 1.042572749274591898e-01 8.263898779331872724e-02 8.258838636008516976e-02 8.234540511185702016e-02
8.536300392438492257e-02 1.168519654716070472e-01 8.663109505338699445e-02 1.157657454013717030e-01 1.243729072422864318e-01 1.156888110047775836e-01 9.915428411999095692e-02 8.535386983041744202e-02 8.536561256865957126e-02 8.545270538311733333e-02
8.197321742634218478e-02 1.173595901366205757e-01 8.835581148463439449e-02 1.212418358611689062e-01 1.189864614597999914e-01 1.211737018762374940e-01 1.036170767565342543e-01 8.196178547137233927e-02 8.194752337571038769e-02 8.338299615157954148e-02
8.450009339491668103e-02 1.158157469303588150e-01 9.432390876719828898e-02 1.205361885767310681e-01 1.061806761823371748e-01 1.204902523151681198e-01 1.046859430400400581e-01 8.449029264980963128e-02 8.451975698028839357e-02 8.445714116315179709e-02
8.359257818772949933e-02 1.104540851883796665e-01 8.839034046981791848e-02 1.181418941988320176e-01 1.196397109155615118e-01 1.180644953071441211e-01 1.034773543623079550e-01 8.359124742568296851e-02 8.358022974771175950e-02 9.106806419683258214e-02
8.098189200588257197e-02 1.178771379839707173e-01 8.768500607556733994e-02 1.239807643853902963e-01 1.215602716497706792e-01 1.238672385713228546e-01 1.009291794364289563e-01 8.098533398392350480e-02 8.104015972370809395e-02 8.109301618403495782e-02
8.384648383369236457e-02 1.178454118486890467e-01 8.628238292490843231e-02 1.163099617213931430e-01 1.280611544428073567e-01 1.162079332066127818e-01 1.006980556786953585e-01 8.385777018724151211e-02 8.390364400860589322e-02 8.298720214735411105e-02
7.566289505360385137e-02 1.244672381058247318e-01 8.603341658681837312e-02 1.221336987814990588e-01 1.331041872455993036e-01 1.220494112358871674e-01 1.038204302741512070e-01 7.565604760596383871e-02 7.564709578257547418e-02 8.142557932807702181e-02
7.499834705442212646e-02 1.221764071581292327e-01 8.726324434829824117e-02 1.254409391309194433e-01 1.308190842422969069e-01 1.253631345637736816e-01 1.002913251923210625e-01 7.498754335895869982e-02 7.495251715254869218e-02 8.370745779833191347e-02
7.900277724142569513e-02 1.181145353987974739e-01 9.323951912623552885e-02 1.288300544046390994e-01 1.152065060797364537e-01 1.287195647857390657e-01 9.978251915227309699e-02 7.899043037173431037e-02 7.896087962662248771e-02 7.915321381279674662e-02
7.670442425543329279e-02 1.246068191534224073e-01 8.414973052478506854e-02 1.251515981346021655e-01 1.260682521320673766e-01 1.250439636651332065e-01 1.021819550011668493e-01 7.669672011639183662e-02 7.665696451670188372e-02 8.273957250029592703e-02
8.529654123850013980e-02 1.119860810589896755e-01 8.875288141116507989e-02 1.207704098762403255e-01 1.163601595883746037e-01 1.206371423120114472e-01 1.001534626786172721e-01 8.531585751914934346e-02 8.540766516443329404e-02 8.531979915251877711e-02
5.489942539184117926e-02 1.469904215098288280e-01 9.920926837514716656e-02 1.578483223300547744e-01 9.107047393686747150e-02 1.577441702364994758e-01 1.246698992855693328e-01 5.489368453433607353e-02 5.491743009187580876e-02 5.775690430797991021e-02
8.112050807998014146e-02 1.182050261289144533e-01 8.988288717089164270e-02 1.202360229229601091e-01 1.170047129481349563e-01 1.201482159069332672e-01 1.079909364460856780e-01 8.112687258362359655e-02 8.113133734523010621e-02 8.315348046724603537e-02
8.139801083736336595e-02 1.192145921019981958e-01 9.085102805768421885e-02 1.224165232985620771e-01 1.164577357541928121e-01 1.223131496369999488e-01 1.043237005147144153e-01 8.140769976082190551e-02 8.147617276437237044e-02 8.014138727329066236e-02
8.065460234529714389e-02 1.173135837578103968e-01 8.783451789800154896e-02 1.248395006836554993e-01 1.138822596140958571e-01 1.247280274048931381e-01 1.013412869417476825e-01 8.066574111143950954e-02 8.070078583493238422e-02 8.803969440812685343e-02
8.289833918320019257e-02 1.193231976699651031e-01 8.290449709852683313e-02 1.203125858853307112e-01 1.292157491444302642e-01 1.202095046694341279e-01 9.663442160431989780e-02 8.290487837843336927e-02 8.292490978235568522e-02 8.267191658400387111e-02
7.718349348209749272e-02 1.240386941290698847e-01 8.761110728282640869e-02 1.269883481110058721e-01 1.215949849187083903e-01 1.268712307694096764e-01 1.052797754532297930e-01 7.717909548113055518e-02 7.720892047024162375e-02 7.604434990228030322e-02
8.015847473768825115e-02 1.198534575740122093e-01 9.013300838785325009e-02 1.194385564373343922e-01 1.217468406638646805e-01 1.193671685263814342e-01 1.060153917368251153e-01 8.016159851238327527e-02 8.015785023371098383e-02 8.296765318994640814e-02
7.646359301201130498e-02 1.212687453135085081e-01 9.147386307354551938e-02 1.284232678689087026e-01 1.184389752767229798e-01 1.282987194831859135e-01 1.050570649624422842e-01 7.647045618588663163e-02 7.653162655654169311e-02 7.757368826724642119e-02
8.734008212692895290e-02 1.116410257277319351e-01 8.835151816058654795e-02 1.219859114988211674e-01 1.112773205846523950e-01 1.218632311155543463e-01 9.710264278303797070e-02 8.735012476266462711e-02 8.738676592978193713e-02 8.570137731024014827e-02
7.758855496935082585e-02 1.195003506661450471e-01 8.684528616173485538e-02 1.281383301995527579e-01 1.204274906958999608e-01 1.279650627871311008e-01 1.039062780377472128e-01 7.761349568759984274e-02 7.773015173538702638e-02 8.028499905945138404e-02
8.578046632426000739e-02 1.145416179421594599e-01 8.795737630051879419e-02 1.173937633672281350e-01 1.167141783480628997e-01 1.173097048666529307e-01 1.026030224560412901e-01 8.579251669689047510e-02 8.585264084388000150e-02 8.605471285430603412e-02
7.842188180954148824e-02 1.257307380314589551e-01 9.058808454671769816e-02 1.251072300676541460e-01 1.105830093963687671e-01 1.250210000452815495e-01 1.075581801712362784e-01 7.841798258212681616e-02 7.842226612529389074e-02 8.014962722432042441e-02
7.885613351073078592e-02 1.197928870400874340e-01 8.977568877686638305e-02 1.233825605719137547e-01 1.207956088248492432e-01 1.233055397954465199e-01 1.062815251926065713e-01 7.884964990330686763e-02 7.886568828862910996e-02 8.009471809556334421e-02
7.949319433189080963e-02 1.187930261365689188e-01 8.517150441538730299e-02 1.225637391362049550e-01 1.301681391568615398e-01 1.224352777629174605e-01 1.011459212582472983e-01 7.949507904024163962e-02 7.952370552065718412e-02 8.121041324102291903e-02
8.739492531836413891e-02 1.098022725714605241e-01 9.183688903594408592e-02 1.157669902264208545e-01 1.095996289492834896e-01 1.156996548168425093e-01 1.069681298078755810e-01 8.739836037694043158e-02 8.737155609798925859e-02 8.816159279887911260e-02
8.051748744661946233e-02 1.190003165093873189e-01 8.840155410000076486e-02 1.253045965802598305e-01 1.152376361286266554e-01 1.251851713383126397e-01 1.016928987250340088e-01 8.052121967050113183e-02 8.053851579722789977e-02 8.360060370403031571e-02
8.400296146417790544e-02 1.180034481541478442e-01 9.139333118669534795e-02 1.179727451767544344e-01 1.132513070825319074e-01 1.178988337452972768e-01 1.058368634805552794e-01 8.399938505864640303e-02 8.399653438280289819e-02 8.364459026839067557e-02
8.464554262732727763e-02 1.168236139371965077e-01 8.947715388565539996e-02 1.242605372003917075e-01 1.099591650001309207e-01 1.241563248108609741e-01 1.007005399624363445e-01 8.464171173617825172e-02 8.465458481496347665e-02 8.068082602485916743e-02
8.331686167168456114e-02 1.123176810923163793e-01 9.038659997912362742e-02 1.177402950686758376e-01 1.207457424624148457e-01 1.176695763584806737e-01 1.084293333035994539e-01 8.331556450870737651e-02 8.331525717815506382e-02 8.276308837684216713e-02
8.034308308064000426e-02 1.164783145487246069e-01 8.985861559064463322e-02 1.294428271437665090e-01 1.110794258693934555e-01 1.292932818648087900e-01 1.030821397029671460e-01 8.034884792099888928e-02 8.034749870530881466e-02 7.972596557274717888e-02
8.272512291564733389e-02 1.141220198095135585e-01 8.596827549401647728e-02 1.294627098995148606e-01 1.174313591447109784e-01 1.293120287586141115e-01 9.756557968949178261e-02 8.272750562393824114e-02 8.276764339176886920e-02 7.791775527278377300e-02
8.631282051919601794e-02 1.151476057912493994e-01 8.725758531821210806e-02 1.190632373020448637e-01 1.140901031183897824e-01 1.189911829916807384e-01 1.017061827556890591e-01 8.631514226393524614e-02 8.637209301338025225e-02 8.474404692622250490e-02
7.639029324680510213e-02 1.231379096014585950e-01 9.162637634165629597e-02 1.277172385165760704e-01 1.152572222516719397e-01 1.276159157141179834e-01 1.050631629007208884e-01 7.639156605614348672e-02 7.641528151210658093e-02 8.038503385874304352e-02
8.845908655587240987e-02 1.095436336113677495e-01 9.408388745370672990e-02 1.150983462827975673e-01 1.133794696424292314e-01 1.150377161960866451e-01 1.049347316425599946e-01 8.845183090142492988e-02 8.842972453656723630e-02 8.258157317718754775e-02
8.280985631429758909e-02 1.160831833125786777e-01 8.498286589358822196e-02 1.257170749691658429e-01 1.207546537559479188e-01 1.255629541355166023e-01 9.659061652683346988e-02 8.281744149942321664e-02 8.283123029825832651e-02 8.185012329439013412e-02
7.535274807087337379e-02 1.225760994451503688e-01 8.988361014225128287e-02 1.322996128072161937e-01 1.167211551422936283e-01 1.321622128326733203e-01 1.019384884101493804e-01 7.535816452622107198e-02 7.539844690223407309e-02 7.830946172093734836e-02
7.764007411429815764e-02 1.213921332229262739e-01 9.425979437608346390e-02 1.279444483834792090e-01 1.110245352249058237e-01 1.278720929387800187e-01 1.054379685976561676e-01 7.763619809125098248e-02 7.768451752423918832e-02 7.910823752638075634e-02
7.388532649862029900e-02 1.239882804270779626e-01 9.074434220659022277e-02 1.283692811948876356e-01 1.236862326816890040e-01 1.282620869141441466e-01 1.031902875051106949e-01 7.388947682616786583e-02 7.392856417454116147e-02 8.005612157117100725e-02
9.824199872601285799e-02 9.835998513799476539e-02 1.003119754246529910e-01 1.013303755750385726e-01 9.989703247680604969e-02 1.013583077994913428e-01 1.068586031155079052e-01 9.823078279439458049e-02 9.814946159917553592e-02 9.726147735092544044e-02
1.038577842377332305e-01 9.945663971358766065e-02 9.386889035513246160e-02 1.016002788690079789e-01 1.039422577731297509e-01 1.016198034001913747e-01 9.285678521270565589e-02 1.038499716507709364e-01 1.038113084392231489e-01 9.513628034851773219e-02
8.520441029920387821e-02 1.149290284450196903e-01 8.442342386638060359e-02 1.130351596116328516e-01 1.277050355459099229e-01 1.129769527865496920e-01 1.015126668967238494e-01 8.519708969318011416e-02 8.516758941506297198e-02 8.984864344033642591e-02
8.675534331397480314e-02 1.152872905849304519e-01 8.536121418213346579e-02 1.163576734936100504e-01 1.189858734573493448e-01 1.162905019243706123e-01 1.010334252838442914e-01 8.674942547773649426e-02 8.673525052732675156e-02 8.644400175472370662e-02
7.728117604628484405e-02 1.192467599897982095e-01 9.097787825348621626e-02 1.228534257945321784e-01 1.289598587965792575e-01 1.227648105832718356e-01 1.025357890369100605e-01 7.728724704998718442e-02 7.731596501653768827e-02 8.077708943261255325e-02
8.131593910316885221e-02 1.168192694203589871e-01 9.221151886575651435e-02 1.211702081639459139e-01 1.115398496920870786e-01 1.210666070262577665e-01 1.032720081779361782e-01 8.133527759421266268e-02 8.145726239979002303e-02 8.981205955648598194e-02
7.855845542938316717e-02 1.215906341964033688e-01 8.903342802457307747e-02 1.239388159620882501e-01 1.209020968812035551e-01 1.238427710574763058e-01 1.067738050984695514e-01 7.856098375434857062e-02 7.861171889292295489e-02 7.818729070313119867e-02
8.208395435111526250e-02 1.168152800633652233e-01 8.902960852683482196e-02 1.225243508364507461e-01 1.127471404326839260e-01 1.224633016997105084e-01 1.042774156544280517e-01 8.207206574344330652e-02 8.206400582729916904e-02 8.592287686466901220e-02
7.938295596132950716e-02 1.199341793197862965e-01 9.055457058552998650e-02 1.300350962815052247e-01 1.082615955203908575e-01 1.298966538049596553e-01 1.054905049293281827e-01 7.938661295860817424e-02 7.943296862534048042e-02 7.762486201322162105e-02
8.086573389612733420e-02 1.252312304259635689e-01 8.543656825531724397e-02 1.166020248080929106e-01 1.316188528274368774e-01 1.165517976377131865e-01 1.019564072873372501e-01 8.085494066218069931e-02 8.082160960185404142e-02 8.006083459797687374e-02
8.239797673414275825e-02 1.146661976857340365e-01 9.069979714267625837e-02 1.197912533998800044e-01 1.167271293117523034e-01 1.197538862541986521e-01 1.077337888476465194e-01 8.238856726613814907e-02 8.239292309099190137e-02 8.344848026683936160e-02
7.786291931204565586e-02 1.216258278932626502e-01 8.898989011422231421e-02 1.282509256181626200e-01 1.138615574136587899e-01 1.281426686220488442e-01 1.047166281312365416e-01 7.786637996913560456e-02 7.793063803047227400e-02 8.075256489575470542e-02
7.939415209573393029e-02 1.165921778177325535e-01 9.060645097736047537e-02 1.250906698318367261e-01 1.150553857226388477e-01 1.249560448861549017e-01 1.048821864546332777e-01 7.941823543804446550e-02 7.952612832720676317e-02 8.447856844865805903e-02
7.656549396653429540e-02 1.191738948150292826e-01 8.895005746145744074e-02 1.299703558737158315e-01 1.171324340386477730e-01 1.298246556823186293e-01 1.023454380473077102e-01 7.658086921637440037e-02 7.664225841745458956e-02 8.281454248116003336e-02
8.010434348681870487e-02 1.194327070114724609e-01 8.651183383812387218e-02 1.300946190053938467e-01 1.174656969566190423e-01 1.299627270961462577e-01 9.716898023343072122e-02 8.009741149637968072e-02 8.005101997062490093e-02 7.911066090499045689e-02
8.452710777759582517e-02 1.159643422762296761e-01 8.367660283335823235e-02 1.198311321351913511e-01 1.229817538285814943e-01 1.197372267865415146e-01 9.879263085134061539e-02 8.451744236074201777e-02 8.449988015767809224e-02 8.547188099274118100e-02
7.497489135339374666e-02 1.208459660140498437e-01 8.625834306727732381e-02 1.305571876759279160e-01 1.278069318922333275e-01 1.304108865516431237e-01 9.925884397270857973e-02 7.497926163199160332e-02 7.500166712631543831e-02 7.990602071445916665e-02
8.194050403632915924e-02 1.180647425919938431e-01 9.555361180583119007e-02 1.204299866677214920e-01 1.063296619467771764e-01 1.203254353737428645e-01 1.055258904004752751e-01 8.196819716885121732e-02 8.207414453186112624e-02 8.778782547641668377e-02
7.373658409301836469e-02 1.269790835850350963e-01 8.661457481832535166e-02 1.293160259625914243e-01 1.240880651644404864e-01 1.292207923773296407e-01 1.021787040569963056e-01 7.372940325356086566e-02 7.375257362674421391e-02 8.038419306195819514e-02
8.630641856133393353e-02 1.130818777120200652e-01 9.430242781484263204e-02 1.190764647036777479e-01 1.034528265610842046e-01 1.190105815025823272e-01 1.040192141974007473e-01 8.631363948403057706e-02 8.639352992776397344e-02 8.804301953526381952e-02
8.527075317973392687e-02 1.151530845151432225e-01 9.163505581241261633e-02 1.156908401956388416e-01 1.135931557047604734e-01 1.156305113004611196e-01 1.047316432602267561e-01 8.528361687017074755e-02 8.533231433578515601e-02 8.767902482566718170e-02
7.649591149623397035e-02 1.192560741305346006e-01 8.291629870417284442e-02 1.312945153864004399e-01 1.323543008261750531e-01 1.311400869255005819e-01 9.660012357077735201e-02 7.649007590888530494e-02 7.647097797196980573e-02 7.698163507934999150e-02
9.199797732560607844e-02 1.086486999191288577e-01 9.126556807005106742e-02 1.148627917644815810e-01 1.085889544178295085e-01 1.147732105765782301e-01 9.634711758099590018e-02 9.201728040321263680e-02 9.204349170034289984e-02 8.945490824177322609e-02
8.872464753392697578e-02 1.180254544171322473e-01 9.128636244544988121e-02 1.130152062397637575e-01 1.084046038798308909e-01 1.129599175346486239e-01 1.032308443372351031e-01 8.873770655878734925e-02 8.878608486454400706e-02 8.682917218868113629e-02
7.886898343634726749e-02 1.164365646951226463e-01 9.058540644166999944e-02 1.247703699334049843e-01 1.173239745410390167e-01 1.246637152775707802e-01 1.076532047461035008e-01 7.887879561899273362e-02 7.891659010914353622e-02 8.190239520060552114e-02
8.686663610612083142e-02 1.132181711013985764e-01 9.088767401606867580e-02 1.175040244414664453e-01 1.122011969652629698e-01 1.174684203044237263e-01 9.980934799372918886e-02 8.684120288829111356e-02 8.675492877066817710e-02 8.844839741257030929e-02
7.584463671128496842e-02 1.211129944541746301e-01 8.650195664359217051e-02 1.245417497958332259e-01 1.344474501348526807e-01 1.244232642534739280e-01 1.008210405869197079e-01 7.584714602493648761e-02 7.581923522976997953e-02 8.064052616516226291e-02
7.780019106176294663e-02 1.207774009596738057e-01 8.792175580608778407e-02 1.268348027099189257e-01 1.196956346156519552e-01 1.267046359586291582e-01 1.056938114063336875e-01 7.780804780171660107e-02 7.786000733662702677e-02 7.890371234359806751e-02
8.836895957200169294e-02 1.121669635402732512e-01 8.424602434950662078e-02 1.110742150607340051e-01 1.234352125625879648e-01 1.110118515118913296e-01 9.901781004340337589e-02 8.838687895391336702e-02 8.841955795917677552e-02 9.387252644651164490e-02
8.601887136210527307e-02 1.120262853506856920e-01 9.463758239395710092e-02 1.135755694138145672e-01 1.052551434617964715e-01 1.135491797796013003e-01 1.101947584680082470e-01 8.601945731642618442e-02 8.598888322903423809e-02 9.273426922457093935e-02
8.416145540936707803e-02 1.198584837866864677e-01 9.244767386781614638e-02 1.186232140072773500e-01 1.104941296391505623e-01 1.185754157823237787e-01 1.047335517927271142e-01 8.416538341958511305e-02 8.417824544564189715e-02 8.276244684942452023e-02
8.012389418522164464e-02 1.142210312048545229e-01 9.271056817148626283e-02 1.228251359663324882e-01 1.185794504640236557e-01 1.227224206682944879e-01 1.046828466702619115e-01 8.013094665627577828e-02 8.016472537671179288e-02 8.383898063653742738e-02
8.187623596464502218e-02 1.197789169135881349e-01 8.643979071380467061e-02 1.229226739776180799e-01 1.177108815960574151e-01 1.227895263784767599e-01 1.012080978822368221e-01 8.188453426212123631e-02 8.191470420097467231e-02 8.347463811047720061e-02
7.495958363837823546e-02 1.221169857546697546e-01 9.375888652260604139e-02 1.230432667061541058e-01 1.270637545354198761e-01 1.229186293872314567e-01 1.055217373260313174e-01 7.498972634789502489e-02 7.508726736750695463e-02 8.054016241410726085e-02
8.250923813355000302e-02 1.157253688364622279e-01 9.287851325145761450e-02 1.222670011668380574e-01 1.090042380496059893e-01 1.221869018839770310e-01 1.047753583167190389e-01 8.251423636130023054e-02 8.256678986487087091e-02 8.557235413521900591e-02
8.342651352760772909e-02 1.229647294193618595e-01 9.147290953523751211e-02 1.207105098616608752e-01 1.108360480095520184e-01 1.206130928853787754e-01 1.038618636683940472e-01 8.342876139390556500e-02 8.344280765153549995e-02 7.924276404736615986e-02
8.567752209766875404e-02 1.168037398054224546e-01 8.821913739725165127e-02 1.164221191224153462e-01 1.175097999085338019e-01 1.163198890346141823e-01 1.024850127237989517e-01 8.569060317364493584e-02 8.572941307423549706e-02 8.514276366241438354e-02
8.457838228307389128e-02 1.135640903223113229e-01 9.179946648378337071e-02 1.218405242367288782e-01 1.080928519134994881e-01 1.217485325222849163e-01 1.055262477211745542e-01 8.458923969287725220e-02 8.467588546235910174e-02 8.358477936190719659e-02
8.435126923901054008e-02 1.153407916725235072e-01 9.201674449986718685e-02 1.212756372560154783e-01 1.105366193784509815e-01 1.212128756762221177e-01 1.033907757581558062e-01 8.433901849283702290e-02 8.433242544857044720e-02 8.320384257834687047e-02
8.382400970714946886e-02 1.144590510096663016e-01 8.977393503444958123e-02 1.233477969203711916e-01 1.087206207332252761e-01 1.232894605069142363e-01 1.010682323410865280e-01 8.381850959111704358e-02 8.381107942599050342e-02 8.788730473002985544e-02
8.194876294806489880e-02 1.204344525537877353e-01 9.247490469951588632e-02 1.235466094386966085e-01 1.085672048687990054e-01 1.235065124290112559e-01 1.046578960603408576e-01 8.193728917229936570e-02 8.193718940847248555e-02 8.098917842101194253e-02
8.547182813847996330e-02 1.188869287912033973e-01 8.487995536759343485e-02 1.185310327137261699e-01 1.260634579968477331e-01 1.184276374955297029e-01 9.577676884060136453e-02 8.547007142362342269e-02 8.548910932574349530e-02 8.100320990665126064e-02
8.112514253821453969e-02 1.174230089788139419e-01 8.219475076896708143e-02 1.186476481777984510e-01 1.407541188187932113e-01 1.185442896128336143e-01 9.770693068122224267e-02 8.111835380358949077e-02 8.110539644681000193e-02 8.138036017295742497e-02
8.082747464545619875e-02 1.170837139585613057e-01 9.516752611555917563e-02 1.219081094833267959e-01 1.092004234278468877e-01 1.218631028259759552e-01 1.081510610125238914e-01 8.082435431765423728e-02 8.080618719294971330e-02 8.416804702014579753e-02
8.002595330741769930e-02 1.230495069473681868e-01 8.676887548250322713e-02 1.251502807368112535e-01 1.198943011104266765e-01 1.250866220237492610e-01 1.006671762878092596e-01 8.000054066602488301e-02 7.995646814381610068e-02 7.940027529407346629e-02
7.968375541601639689e-02 1.168942206393966537e-01 9.117807690925081032e-02 1.220383965473229304e-01 1.202774455721814933e-01 1.219626283167753178e-01 1.037338354988232153e-01 7.968693483460696780e-02 7.975771733800142427e-02 8.478698892762483175e-02
8.530228266031301965e-02 1.221766452207772857e-01 8.698308511558346112e-02 1.152977403106512366e-01 1.217588646177718281e-01 1.152728051526225594e-01 1.030185223030297276e-01 8.527332906352866337e-02 8.520826902587493035e-02 7.970845652984727414e-02
7.548378678380444906e-02 1.237346535070932840e-01 9.488655348277201529e-02 1.288132745360335285e-01 1.069944093254219103e-01 1.286927337593058718e-01 1.095405943178647951e-01 7.550070980671735876e-02 7.558750207947781408e-02 8.076578240150900090e-02
7.728668691624543396e-02 1.250019150819614011e-01 8.907762873210130217e-02 1.265513637838148742e-01 1.180557772162801611e-01 1.264947808172867949e-01 1.026576787082950915e-01 7.726781792003215021e-02 7.722820344107539370e-02 8.037814738290743888e-02
8.532110578837465154e-02 1.127880544494370835e-01 8.620887646425205719e-02 1.235856450852406835e-01 1.209738498286985486e-01 1.234596707335557514e-01 9.708431231427980257e-02 8.531772709419860323e-02 8.529493013307960780e-02 7.996582810888316906e-02
8.341434448173740135e-02 1.185705748323379605e-01 9.324306476670411736e-02 1.186185293699984211e-01 1.131974236286836660e-01 1.185297563094253187e-01 1.051906654262874385e-01 8.342712032463546479e-02 8.346983955295331215e-02 8.233868130723691336e-02
7.891939048962388903e-02 1.166740310951303455e-01 8.646589263947983273e-02 1.243472034686981392e-01 1.314473720113218669e-01 1.242338411484023852e-01 9.834310212598884604e-02 7.892249010540874909e-02 7.894672635419902607e-02 8.169995056174697567e-02
9.841241849480801551e-02 1.056584316184597527e-01 8.951772114693011539e-02 1.101090367864289155e-01 1.045770621775955617e-01 1.100624118944045354e-01 9.500905238141223175e-02 9.842501456055373354e-02 9.847211819509731068e-02 8.975673274430984172e-02
8.019952967450624803e-02 1.208674363573561533e-01 8.993708304510110441e-02 1.186542604687660513e-01 1.222270619675241421e-01 1.185600656010015741e-01 1.038926791870526806e-01 8.021111296710414784e-02 8.021537840319102608e-02 8.523539232839687230e-02
