9.401806061090202393e-02 7.972455911786556493e-02 9.286008273910537070e-02 9.302883156589719649e-02 1.192730481296551959e-01 1.191077339787157963e-01 9.596236966581798977e-02 1.192621434762941440e-01 9.274040974194491804e-02 9.402276097380178610e-02
9.201231433128456705e-02 8.227695900364298542e-02 9.207625666050925362e-02 9.205767424939899357e-02 1.215437045552349993e-01 1.211678376125679413e-01 9.338375239459459354e-02 1.215065047562584738e-01 9.200389392602796590e-02 9.197110251048024043e-02
9.526966435715138182e-02 8.656959982184225799e-02 9.224049379696848405e-02 9.229470993020998104e-02 1.176448578832056113e-01 1.174061243562962015e-01 9.354391551798192650e-02 1.176218657276169172e-01 9.216408514684655551e-02 9.524468346188073864e-02
9.154890948745639245e-02 7.858870563399777964e-02 9.103002042706044572e-02 9.113090444131902168e-02 1.193034817480602278e-01 1.190269118086385164e-01 1.076497067236194816e-01 1.192826131365344045e-01 9.091017669280919422e-02 9.152856990050457775e-02
9.088307494510097784e-02 7.878584547908047686e-02 9.115901594141259667e-02 9.120504797204571912e-02 1.240334441682227617e-01 1.237474739929337181e-01 9.419843006953586284e-02 1.239978712342370004e-01 9.111024069880850618e-02 9.087955549862242188e-02
9.082886007637434866e-02 9.489444542608478639e-02 9.382893818081299020e-02 9.388169099583541788e-02 1.145723099515252308e-01 1.145152687700945193e-01 9.821055782748906726e-02 1.145536198078654505e-01 9.384668409619210949e-02 9.086762486772613501e-02
9.151433392013183510e-02 7.735266832661920333e-02 9.100897248825773334e-02 9.120690886418589272e-02 1.227996442280412520e-01 1.226287872871116152e-01 9.827600231293753819e-02 1.227852634436086554e-01 9.089313143096743042e-02 9.153428769813881649e-02
9.068542736030996143e-02 8.312395064746207207e-02 9.265037085153252083e-02 9.271885749804412158e-02 1.180741132391162074e-01 1.178235898708033247e-01 1.036441141955449785e-01 1.180530892930324594e-01 9.255410185526291578e-02 9.067238518889150778e-02
9.340104906369130211e-02 8.709288757008905313e-02 9.368435834404975626e-02 9.380748929627508170e-02 1.169846555409742167e-01 1.167900105299906205e-01 9.431112883146244852e-02 1.169727471816425779e-01 9.356391881578343672e-02 9.339175482604147871e-02
9.141479461118814931e-02 8.388054142416263848e-02 9.193765833364611617e-02 9.194084232281865554e-02 1.202229127011928689e-01 1.198783895032443231e-01 9.729718637803409786e-02 1.201901665359087074e-01 9.185762904237126936e-02 9.137987914743321560e-02
8.869196994102079845e-02 8.234009647800584475e-02 9.020005973951789047e-02 9.016914002704976006e-02 1.234739814511353062e-01 1.230503523355796353e-01 9.984913925293506520e-02 1.234286721458001390e-01 9.013952971712992090e-02 8.865705891182566745e-02
9.166176391744527974e-02 7.728072015199584366e-02 8.935630455052454013e-02 8.940779485948717464e-02 1.249014712378364172e-01 1.244686162153536002e-01 9.720537390447790693e-02 1.248639892927600470e-01 8.923792400595319252e-02 9.161604186416599793e-02
9.007887370684951323e-02 8.657461483700999716e-02 9.240169994833426215e-02 9.261127721048564854e-02 1.174702302916607599e-01 1.174075621574390271e-01 1.035641267336812194e-01 1.174648068823338359e-01 9.230645364995475333e-02 9.012035458225095552e-02
8.880671887698624034e-02 7.595044517737614687e-02 8.836572361159539257e-02 8.841137112300206935e-02 1.243260306354320166e-01 1.239009558930868615e-01 1.089192326003008554e-01 1.242867270226973297e-01 8.826054753295631272e-02 8.877224752656674711e-02
8.968502746746598309e-02 7.526405249451183221e-02 9.012237543340309576e-02 9.022273924652458865e-02 1.232980037844486343e-01 1.229949715270640537e-01 1.054465689682682200e-01 1.232697447873889879e-01 9.002013303141989664e-02 8.967638325950465228e-02
9.095865906361391695e-02 7.960002043206873545e-02 8.919029344993063824e-02 8.920548259285737691e-02 1.245134553328127863e-01 1.241221839235861907e-01 9.788707987682859768e-02 1.244704352224404315e-01 8.912472255400705201e-02 9.092766755185427430e-02
9.235689951600380143e-02 8.550500131971357221e-02 9.259933650792881443e-02 9.256046345149188115e-02 1.178598431068814817e-01 1.175145671400678465e-01 9.893540917181005423e-02 1.178268557477453321e-01 9.253110927602874181e-02 9.231051476232846054e-02
9.577223508108627381e-02 7.767369040069575792e-02 9.431188893673830842e-02 9.440798737950849284e-02 1.171181542488401450e-01 1.168443001793226244e-01 9.688106143687640059e-02 1.171047924851911642e-01 9.415700161635347232e-02 9.572888823538740211e-02
9.190961916801991538e-02 7.532455526710295224e-02 9.181429732493479046e-02 9.195397467940906455e-02 1.250315705327285920e-01 1.247112125144182321e-01 9.068530141571227998e-02 1.250091322606902977e-01 9.166786346547235731e-02 9.189247337151147665e-02
8.804953199437270950e-02 8.216788979211710198e-02 9.174270200939561859e-02 9.187270373005942958e-02 1.206446837780865006e-01 1.204174315339013590e-01 1.047885005479055887e-01 1.206260640507590964e-01 9.163260178894848396e-02 8.805789077445408397e-02
9.015192885321827998e-02 7.988723718515368388e-02 9.140485523092237163e-02 9.146620622326816219e-02 1.244007096928198414e-01 1.240729858191096519e-01 9.279009313412578397e-02 1.243677028617852509e-01 9.131920603802480552e-02 9.013907496157215482e-02
9.256917270668954534e-02 8.462622575886473431e-02 9.250601323714782720e-02 9.245919660610786572e-02 1.171770098469025884e-01 1.168160262853761844e-01 1.017580424507559533e-01 1.171442365857303658e-01 9.242964402741600527e-02 9.251443249500890254e-02
9.279700511329422308e-02 8.455945616385776575e-02 9.124519351504892239e-02 9.126252056936619284e-02 1.196484184431720471e-01 1.193432061599939142e-01 9.758100079306940289e-02 1.196167145972338031e-01 9.117907306332199979e-02 9.276741158164172885e-02
8.944556099825581863e-02 7.978791593444665986e-02 9.137143242771553209e-02 9.144255155386415979e-02 1.202712343687778601e-01 1.199732951315450602e-01 1.067649356224183999e-01 1.202457753258854428e-01 9.126760377931759927e-02 8.942969485777342575e-02
9.230173561394437731e-02 8.446942834982268389e-02 9.181938722808963282e-02 9.193636570113172812e-02 1.216141149040790848e-01 1.214130491270712098e-01 9.080257444029332659e-02 1.215920564329329018e-01 9.174192892792995546e-02 9.230935927470508562e-02
8.722938899989467199e-02 6.840467484732039305e-02 8.525834401155965581e-02 8.541800273514404962e-02 1.180353595677528511e-01 1.177403584940490133e-01 1.475735356458773573e-01 1.180158227813780242e-01 8.511104860052905174e-02 8.721346431649495967e-02
9.467951435021065842e-02 8.568319239926623643e-02 9.346267489076087731e-02 9.350917386166039680e-02 1.175788032320295162e-01 1.173271618367194707e-01 9.217609351740808921e-02 1.175570789230801355e-01 9.337471681905730458e-02 9.465159016980731477e-02
9.411674634813924079e-02 8.501611175353722405e-02 9.180982957383575227e-02 9.189879190378992535e-02 1.163873693433922218e-01 1.162356069613652843e-01 1.022911981201462955e-01 1.163687370380191988e-01 9.175567606416382138e-02 9.411993289361104964e-02
9.104957598367899307e-02 8.197752271285951853e-02 9.145187775319736645e-02 9.147593363345526973e-02 1.206407804378483439e-01 1.203275070710229516e-01 1.000609753367605465e-01 1.206087998004305023e-01 9.138042502725825245e-02 9.102660224348826934e-02
9.270615079639632494e-02 8.729740859616437476e-02 9.132971879968658502e-02 9.142235673502280280e-02 1.157937808627081538e-01 1.155853017918027359e-01 1.061616336512206937e-01 1.157765604986656927e-01 9.123466287052885149e-02 9.269242539780377099e-02
9.116853922344975159e-02 7.823693966600801797e-02 9.000634069977068996e-02 9.009596906690729712e-02 1.245692444320213588e-01 1.242682197922782422e-01 9.603386408801375951e-02 1.245371588300098198e-01 8.992330081349673987e-02 9.116042338804430933e-02
9.342617103548635227e-02 8.225047048030820207e-02 9.141044234327888596e-02 9.138396636667728279e-02 1.197327451617585248e-01 1.193493259720655175e-01 9.804759929926366857e-02 1.196965134595483482e-01 9.133196041780104746e-02 9.337080546381219814e-02
9.119025906151695393e-02 8.034164389453267441e-02 9.259009516660109129e-02 9.255827620148684987e-02 1.205750163645930850e-01 1.201996337346727672e-01 9.834000353294422569e-02 1.205386935883214772e-01 9.251759594676671472e-02 9.114878250856424391e-02
1.049227240932393279e-01 8.663833891865160841e-02 9.362519143572685387e-02 9.367202698516166604e-02 1.060251265533923293e-01 1.059370608908650618e-01 1.047080570162701452e-01 1.060177488280014402e-01 9.357384811717568696e-02 1.048798771615158526e-01
9.340245788074971744e-02 8.857201499430839009e-02 9.457790178655044178e-02 9.465503818946680026e-02 1.144913079742602702e-01 1.143971966812207947e-01 9.746198205385325775e-02 1.144772171191054122e-01 9.454395604843580936e-02 9.342092727204907854e-02
8.710391352689096645e-02 8.165713356261872224e-02 8.693790919188866539e-02 8.706015262545206690e-02 1.235362663814251333e-01 1.232301513910699919e-01 1.130266023224047733e-01 1.235054669587218185e-01 8.683889808029540691e-02 8.710350595923244121e-02
9.304804743139033496e-02 7.234337961297326869e-02 8.918324517086821668e-02 8.936987943163431092e-02 1.212355801260989324e-01 1.210315047903164770e-01 1.104592911965400770e-01 1.212197171997384942e-01 8.905942374715811183e-02 9.304993129328173462e-02
9.217161119002795222e-02 8.015848237844105939e-02 9.127693419829707722e-02 9.136822056349253041e-02 1.240508769198934158e-01 1.237458844057449103e-01 8.987115147330633491e-02 1.240220971019642404e-01 9.117789593613132015e-02 9.215684583270113139e-02
8.797493818311816205e-02 7.941588054353661275e-02 8.816957339466764687e-02 8.829812123309579985e-02 1.272848329605899553e-01 1.269927841136861135e-01 9.853958887498133479e-02 1.272507359396083948e-01 8.808715513774674488e-02 8.798638961896923516e-02
8.796263534425614872e-02 7.773929992356651275e-02 8.942764023435782750e-02 8.949496028734095499e-02 1.253540624016200034e-01 1.250382270416325603e-01 1.023390080512612543e-01 1.253165878598372640e-01 8.936408060440469148e-02 8.796349825172279646e-02
8.989177200063525053e-02 8.221767904773268076e-02 9.090170024052920961e-02 9.095361465672782697e-02 1.225915339711402957e-01 1.222699178507369727e-01 9.791927621503719592e-02 1.225592495482010075e-01 9.081919467254259692e-02 8.987606179671696338e-02
9.137000416461589503e-02 8.290050709138668816e-02 9.161561005684323855e-02 9.160233952543048175e-02 1.184446143854742672e-01 1.181299490635694532e-01 1.046284274217649107e-01 1.184117111982390530e-01 9.155796340605312778e-02 9.133887368662285677e-02
8.945116366503114147e-02 8.185586614329291855e-02 9.099141678996780502e-02 9.115715628925293024e-02 1.242021085497449079e-01 1.239855689355707086e-01 9.382258746588936771e-02 1.241818381614067102e-01 9.088403611932964477e-02 8.946825788051385175e-02
9.201915226321433217e-02 7.914996293517781445e-02 9.111902549338966872e-02 9.115319535322835565e-02 1.212167014267141046e-01 1.208466109625445095e-01 1.003220023117795123e-01 1.211853463364426925e-01 9.101093088093697991e-02 9.197707203657207176e-02
9.594689270846988582e-02 7.929367665443587398e-02 9.124845139390624915e-02 9.133941304941012307e-02 1.176781347357557794e-01 1.174464777640465557e-01 1.023146952139613319e-01 1.176581201181104985e-01 9.115285877242983170e-02 9.592127958947387067e-02
9.277092129086927930e-02 8.380060624708023098e-02 9.116195303237144276e-02 9.130679547953322872e-02 1.190282896756328784e-01 1.188904668134957293e-01 1.001513356461536663e-01 1.190118410331077736e-01 9.108896863542156885e-02 9.278882214633420167e-02
9.361454873235683372e-02 7.387748521451899253e-02 9.085333476850659951e-02 9.108612428419669838e-02 1.210826523838438445e-01 1.209553796771481310e-01 1.030938045178163426e-01 1.210745397543827873e-01 9.072563303382251421e-02 9.363649763340727017e-02
9.259102044519765262e-02 7.770921484354798014e-02 8.941879603429916945e-02 8.954324909896881068e-02 1.247137684574285976e-01 1.244228786235783424e-01 9.501783772864934308e-02 1.246853569974973180e-01 8.931693830229345266e-02 9.258093946853938883e-02
9.398622418490233665e-02 8.424368961795725141e-02 9.208177883144083586e-02 9.215561096237667726e-02 1.169615494154252477e-01 1.167736932588933907e-01 1.008580175307448729e-01 1.169410961754216022e-01 9.201857001512135648e-02 9.397977000771640110e-02
9.404225745077808563e-02 8.337613871974995650e-02 9.113609011595995291e-02 9.121898182149054679e-02 1.166450088868693780e-01 1.164417770180252582e-01 1.054257642646492382e-01 1.166249295730201474e-01 9.105964027239889236e-02 9.402941187705857184e-02
9.775287885831702994e-02 9.295533348603272905e-02 9.707842437727118301e-02 9.704514134566531725e-02 1.041663328950288570e-01 1.041382953018760160e-01 1.078430275174319386e-01 1.041571839075368655e-01 9.710825798200702075e-02 9.775512432883308456e-02
9.277191626235238575e-02 8.468809202256349922e-02 9.130931062018478317e-02 9.138262904389199415e-02 1.188127919030109308e-01 1.185134396681108149e-01 9.979977194483745373e-02 1.187898198606962413e-01 9.119300699184620940e-02 9.273922168250565978e-02
9.696289059923407505e-02 8.510552957384545647e-02 9.442266781568271761e-02 9.439651135542248550e-02 1.130162093513902566e-01 1.127565365344110476e-01 9.908776164651642016e-02 1.129944745587260074e-01 9.434909642527671003e-02 9.690832213949482354e-02
9.234983002367611049e-02 8.624952629150257899e-02 9.527360273133789192e-02 9.513500865551989538e-02 1.140861392696384674e-01 1.137032434424298522e-01 1.016643163735411748e-01 1.140529800895268009e-01 9.520795803836076820e-02 9.227739508446647365e-02
9.143288322560147452e-02 7.816317984327894597e-02 8.741637987997133430e-02 8.750088899375196849e-02 1.243876586307192528e-01 1.240510048286799089e-01 1.039481852893126279e-01 1.243510326185339743e-01 8.733461616002427541e-02 9.141417053012619587e-02
9.211847371530183792e-02 7.184120408273420022e-02 8.942187534954824935e-02 8.959897755777898598e-02 1.241476701196818355e-01 1.239048544755095849e-01 1.034200861203909277e-01 1.241271033618808195e-01 8.929927177691075746e-02 9.212048344026275981e-02
8.876077353612721321e-02 7.917345516633228497e-02 8.631090925652938617e-02 8.639836800492425861e-02 1.261027169055028707e-01 1.257868869321264182e-01 1.063877692585039614e-01 1.260612190037450620e-01 8.625566419404237517e-02 8.876223774216612794e-02
8.990648124629256610e-02 7.630814266354175868e-02 8.914883193044131904e-02 8.935844527910012658e-02 1.225539909644264847e-01 1.224058243234238258e-01 1.087972159953691786e-01 1.225386565312915760e-01 8.904562058425047333e-02 8.993679048186271896e-02
9.263196152153409246e-02 8.020320516350319673e-02 9.220110048241315914e-02 9.230311308986076380e-02 1.201284794248342475e-01 1.198989117243217384e-01 9.779343273572482786e-02 1.201076708629897627e-01 9.210680179151985170e-02 9.262532320329835978e-02
9.734620290669956932e-02 7.984252242469414007e-02 9.247533120840971399e-02 9.253377169315224471e-02 1.144044992480090089e-01 1.142419918906651816e-01 1.050167019594465123e-01 1.143861875490110730e-01 9.242295959834222197e-02 9.732983152157034801e-02
8.765293060827715477e-02 8.321543633682311480e-02 8.834517144586957749e-02 8.840828813903847672e-02 1.266679211112193004e-01 1.263170874517673403e-01 9.683555626422231388e-02 1.266260048599616439e-01 8.828169994901086115e-02 8.764990383381024430e-02
9.685123663179145970e-02 8.894837272610503498e-02 9.404772971578014007e-02 9.407541133981138504e-02 1.095041965172883353e-01 1.094278168473932916e-01 1.067603101102342911e-01 1.094904758318471644e-01 9.404137981193322338e-02 9.685307046781570228e-02
9.182311631397455098e-02 8.410498558865084351e-02 9.181297086089700021e-02 9.176711217848103341e-02 1.201323007071162657e-01 1.197257412547269861e-01 9.703511184442074888e-02 1.200938923390704183e-01 9.173608639482835891e-02 9.176868251783379393e-02
9.427625471817586977e-02 8.003998061192035829e-02 9.120918340408205871e-02 9.123303966941119503e-02 1.203059329073587758e-01 1.199450069121464207e-01 9.738240442934636976e-02 1.202747339581252961e-01 9.110799013515480382e-02 9.422547325427879650e-02
8.861413666799018707e-02 9.519333860090124777e-02 9.551694718391448569e-02 9.553277646211251473e-02 1.135107925797180090e-01 1.134057871278916080e-01 1.005785252582186984e-01 1.134926009642177047e-01 9.551510722807272924e-02 8.863998792696280160e-02
9.312006617753122717e-02 8.185549230415857525e-02 9.175418096215354202e-02 9.192766010126131315e-02 1.219411574944784804e-01 1.217906409381072641e-01 9.088310205324591495e-02 1.219254128389156422e-01 9.166206650358835195e-02 9.314022062655970269e-02
9.650121539682904315e-02 8.136629377303122856e-02 9.038245904469439929e-02 9.044268049609605065e-02 1.164553251040534310e-01 1.162781313106361902e-01 1.053066894223811806e-01 1.164310725593215856e-01 9.034586044182696396e-02 9.649027245112989926e-02
9.319859451949681628e-02 8.278310052444114164e-02 9.177168409972409624e-02 9.184367075685342940e-02 1.166219809765429022e-01 1.163865748341063461e-01 1.059359482536226527e-01 1.166019995628559541e-01 9.167885082740083458e-02 9.317759564495579905e-02
9.364420934253217532e-02 7.910587977011356020e-02 9.177621413890231505e-02 9.189626265135643346e-02 1.185661729221444138e-01 1.183622834463192580e-01 1.027869632119501192e-01 1.185490054741215743e-01 9.167580750105726317e-02 9.363720154150285968e-02
9.363709919724877428e-02 8.578714922351433902e-02 9.307439890901840485e-02 9.322404154695941580e-02 1.178298929821711138e-01 1.176874376506562986e-01 9.431919882869788108e-02 1.178185083905669284e-01 9.297566578288117556e-02 9.364660748828565473e-02
9.144420816947065878e-02 8.587607804043539961e-02 9.010381451145237086e-02 9.016321094797517810e-02 1.167837636243157090e-01 1.166199690636665343e-01 1.107164220660578902e-01 1.167582511025085784e-01 9.008025020827624407e-02 9.145403226584136736e-02
9.150820236654085005e-02 7.979661531617482373e-02 9.050983973900754431e-02 9.057898204909310691e-02 1.214151085040270778e-01 1.210782649402306066e-01 1.018498376796099780e-01 1.213866678798017212e-01 9.039849550686120117e-02 9.147798601865304857e-02
9.451019224333154223e-02 8.378526403673912382e-02 9.092955304375381631e-02 9.092792650496142604e-02 1.155448578201339754e-01 1.152658265410968358e-01 1.081816871973764749e-01 1.155165370427053972e-01 9.086940196323121943e-02 9.446875360667021659e-02
9.272901060391015859e-02 7.769098089943957119e-02 8.825835807145819556e-02 8.838781111050843242e-02 1.209211677708706689e-01 1.207057583607978185e-01 1.095004596431666255e-01 1.208964770415268675e-01 8.818019068483498590e-02 9.272978581348673144e-02
9.034344507558629556e-02 7.703982983136448137e-02 8.892759483617815319e-02 8.908447312542419616e-02 1.234440692677016421e-01 1.232621480328194297e-01 1.052555843200205510e-01 1.234200107876605168e-01 8.885566759331932352e-02 9.036717712992539675e-02
9.207766293486777109e-02 7.970408240864190752e-02 8.727820180730468114e-02 8.740428264620429821e-02 1.262094760371434976e-01 1.259672427075065881e-01 9.587171472344568901e-02 1.261745248649927820e-01 8.722379205196642560e-02 9.208901981792631808e-02
9.054178928873840571e-02 7.661360085811598497e-02 8.893692963982677280e-02 8.903633754953844959e-02 1.242918642013342984e-01 1.240301080983467058e-01 1.028705775255420868e-01 1.242592451134894305e-01 8.887330741704796422e-02 9.054624030801983192e-02
9.062505334370747623e-02 8.428769107935829563e-02 9.168425289231792175e-02 9.165568899689545412e-02 1.191352870030131517e-01 1.187553263837595185e-01 1.025745741086076385e-01 1.191002719459018921e-01 9.160273916976743869e-02 9.057911507667117113e-02
9.257304382445573354e-02 5.032083248404484871e-02 9.058061791738124258e-02 9.100387019306864500e-02 1.407483530924859561e-01 1.401581475703962687e-01 7.117314633876221930e-02 1.407504168582923987e-01 9.016708989024399545e-02 9.252448183086871281e-02
9.541747206596469522e-02 7.937871522291056747e-02 9.221443001302549736e-02 9.225246993350823266e-02 1.165617709357308907e-01 1.163209452501549196e-01 1.037847509298567145e-01 1.165384055375766753e-01 9.214311349436393739e-02 9.538792661690791153e-02
9.404473543991706541e-02 8.089985704849972370e-02 9.171977222021809872e-02 9.177203949387693904e-02 1.189838326452369727e-01 1.186719824090883973e-01 9.933307371605153147e-02 1.189586958321873084e-01 9.161141182081719569e-02 9.400459937410675371e-02
8.964441602065716108e-02 8.303090018356255875e-02 9.178900441343330885e-02 9.182942492569773352e-02 1.220186180218006816e-01 1.217363306698139441e-01 9.659584093651288339e-02 1.219867037594505876e-01 9.172957389819753893e-02 8.963918717087357435e-02
8.773062952317320362e-02 8.548663485031210429e-02 9.148872010629995055e-02 9.151860970017876296e-02 1.202812503992880949e-01 1.200283299135669057e-01 1.040343225355070400e-01 1.202498481475219871e-01 9.144696404811678003e-02 8.773469077603514299e-02
9.157838916460742107e-02 7.651756344462941339e-02 8.846233675053512269e-02 8.858027477317854947e-02 1.245757572439557259e-01 1.242356050193195172e-01 1.016031090197701686e-01 1.245457030823368533e-01 8.834416254633856158e-02 9.155709895532866682e-02
9.613405728000566641e-02 8.052496928166427703e-02 9.168779904867374597e-02 9.175653338610098575e-02 1.159201764562367426e-01 1.157366496894204760e-01 1.045928737870158165e-01 1.158999711458527371e-01 9.162775972465214691e-02 9.611921020037744734e-02
9.196485614027494204e-02 7.431535133334055132e-02 9.092980855178622868e-02 9.101817353255572951e-02 1.235169263106318527e-01 1.231180878389310368e-01 9.894953450792869087e-02 1.234893489321575999e-01 9.077697769307598030e-02 9.192093515931738790e-02
9.253973382377325696e-02 8.581105784947323789e-02 9.146554212549970475e-02 9.145534313856235054e-02 1.199162756049182293e-01 1.196049402345330664e-01 9.539607603441349615e-02 1.198809565622062090e-01 9.141915556291753397e-02 9.251091906370290108e-02
8.994946949034786365e-02 7.845771374183341251e-02 8.943821595090487020e-02 8.943323139810961664e-02 1.241652725805724028e-01 1.236651467807185212e-01 1.015556397048728438e-01 1.241219851818677888e-01 8.932340530023295810e-02 8.988991987053975008e-02
9.603582693427349659e-02 8.617561343952741260e-02 9.228221046193400834e-02 9.230030069131954507e-02 1.144314615850626771e-01 1.142002186558140064e-01 1.019464197840017905e-01 1.144089086022732904e-01 9.221876285330270206e-02 9.600027699249111257e-02
9.162468757364766736e-02 7.798796453552492292e-02 9.232036229531394300e-02 9.243959761867830138e-02 1.227290442789542163e-01 1.224733149329316484e-01 9.388591203310051037e-02 1.227071632364253873e-01 9.221120945099980926e-02 9.162074404442364928e-02
9.542766817120215683e-02 7.788524251108429330e-02 8.987565652506557257e-02 9.000982252367872860e-02 1.193710689162434668e-01 1.191413378729820893e-01 1.037626036472261704e-01 1.193520977220988155e-01 8.976511662515160306e-02 9.540938548526704810e-02
9.226949765976535933e-02 7.905947140787886185e-02 8.769278263339951029e-02 8.774365965983491056e-02 1.214972578616297788e-01 1.211538330024522492e-01 1.092704462602577253e-01 1.214612308111936989e-01 8.761497113657164271e-02 9.223684956701630466e-02
9.789342178941162764e-02 8.436246766544806819e-02 9.316222940780999329e-02 9.317071803184265311e-02 1.123118822342915046e-01 1.121507039423652735e-01 1.036524949544806590e-01 1.122918127197428118e-01 9.313449897531192456e-02 9.786977027929552597e-02
9.082434840485444083e-02 7.976959695477647827e-02 9.092641512377858115e-02 9.097874453873663891e-02 1.230171302872120065e-01 1.226970091474039598e-01 9.714793267284688172e-02 1.229842170390927497e-01 9.084714119179709835e-02 9.080746463950115088e-02
9.261058249613075832e-02 8.338720325793341770e-02 9.267262283983872251e-02 9.273977156421440993e-02 1.173889354232761084e-01 1.171870469869104037e-01 1.014361341746032597e-01 1.173681201529151868e-01 9.260456103415969087e-02 9.260502207001804209e-02
9.162252700949720385e-02 8.211490413129689248e-02 9.170360267118592146e-02 9.177190733849359405e-02 1.220528181717311644e-01 1.217669015659749721e-01 9.371440566293406937e-02 1.220245289944669881e-01 9.161916632958087836e-02 9.160923812483834361e-02
9.505959182904297200e-02 8.226896865237823264e-02 9.049248732039832932e-02 9.055824240038010120e-02 1.143788654961039181e-01 1.141985141101150431e-01 1.132046925526906112e-01 1.143586975571150438e-01 9.043532019536332234e-02 9.504461988641246806e-02
8.933561241877202574e-02 7.856199248770391608e-02 8.979637833671073877e-02 8.982269441654164299e-02 1.259048377131948560e-01 1.255359808733997884e-01 9.612130091820868250e-02 1.258618057420386460e-01 8.973880674261504320e-02 8.932059035081459097e-02
8.755188958000777177e-02 8.223684976117186241e-02 8.835917382778826767e-02 8.841091544415630166e-02 1.266021253514439115e-01 1.262226742225203979e-01 9.822631876941037565e-02 1.265590255893215277e-01 8.828934652438130692e-02 8.754168092979829063e-02
8.789406904275107180e-02 8.851266546341433894e-02 9.378065448681262295e-02 9.385409312017950478e-02 1.181295025338777033e-01 1.179224900164704687e-01 1.001930528699233602e-01 1.181101509740989514e-01 9.370095991947025027e-02 8.790236157300168607e-02
9.507876111652364959e-02 7.569100755682781068e-02 9.046289449311402386e-02 9.057708851473231237e-02 1.226658350145979348e-01 1.223691608267260394e-01 9.511643405866253287e-02 1.226409893178217053e-01 9.034613182625475525e-02 9.505169727473920804e-02
9.502834420822867112e-02 8.778441968657788030e-02 9.136225619481364024e-02 9.141703291878910953e-02 1.136363926541691938e-01 1.135040105769940522e-01 1.072866243157396676e-01 1.136166428652541083e-01 9.133603441314780413e-02 9.502824216628587284e-02
8.693047445249529881e-02 8.330974398873075559e-02 8.907438175058572660e-02 8.907462896971103661e-02 1.253115850453657421e-01 1.249441153987458364e-01 1.001268908493951337e-01 1.252643365201009384e-01 8.904112402551112027e-02 8.692271899935836987e-02
9.169354414732672209e-02 7.366714028021552341e-02 9.008861149091443310e-02 9.018408459342139305e-02 1.265705545760452966e-01 1.261652168329519819e-01 9.347898522497898044e-02 1.265376309912359942e-01 8.995432342308441742e-02 9.165990843982531333e-02
9.316682524197879289e-02 7.632381308746057080e-02 9.270597051647572195e-02 9.287999300114013757e-02 1.222443337343028930e-01 1.219767271210466519e-01 9.278297323985257306e-02 1.222312552738012842e-01 9.253734292071685852e-02 9.315076586322453001e-02
9.261043318547311498e-02 7.315574903982398347e-02 9.088997068767867837e-02 9.100999047313684809e-02 1.234113948361236363e-01 1.230684238371262396e-01 9.914402443523832875e-02 1.233875502057349277e-01 9.074283041793275439e-02 9.257963288173148841e-02
1.017254065497276566e-01 9.687940483000712089e-02 9.910856125667670546e-02 9.915892257980689350e-02 9.879148550264649220e-02 9.887924777459800030e-02 1.057830023659028645e-01 9.879719635262711186e-02 9.912677584602733183e-02 1.017499969419797673e-01
9.345841651290660856e-02 1.056651777636724993e-01 1.015763380567255431e-01 1.016019356377895894e-01 1.017772767433035713e-01 1.018470778452891384e-01 9.718992166369701258e-02 1.017806099676432652e-01 1.016008054647514619e-01 9.350244034422133810e-02
9.468741825845541915e-02 8.703081742232164630e-02 9.031711659287883220e-02 9.037960698102256996e-02 1.133711785340939526e-01 1.132533268201597748e-01 1.126175583892191912e-01 1.133509520099762330e-01 9.029911912195466572e-02 9.469290586991768732e-02
9.465215819457929725e-02 8.482670160964897454e-02 9.244897025048295913e-02 9.250565269073808550e-02 1.151774893006856232e-01 1.150027741069242354e-01 1.031906440915519724e-01 1.151579549941821323e-01 9.239500035138745182e-02 9.464265440981931010e-02
9.360690883330700929e-02 7.771202765641312127e-02 9.100453949669277953e-02 9.108876815607726274e-02 1.186002897693894387e-01 1.183444047791476772e-01 1.065733305874218273e-01 1.185779660288872883e-01 9.090718532305548660e-02 9.358457936960810908e-02
9.264751472615591343e-02 8.409236272527181866e-02 9.285665089424192942e-02 9.289472813706513288e-02 1.185594138628323913e-01 1.182309005618075309e-01 9.684053125124987560e-02 1.185352319869420745e-01 9.273727058562737657e-02 9.260539526880597061e-02
9.369884092507362039e-02 7.860216301844719089e-02 9.020339157504779493e-02 9.030496591857928301e-02 1.202046886357791694e-01 1.199143970986531194e-01 1.031330704991497427e-01 1.201814198448265536e-01 9.008670561367011775e-02 9.367035687077344963e-02
9.205443757001297023e-02 8.250706861906907663e-02 9.153038444503158733e-02 9.167249093679485927e-02 1.199909209594082760e-01 1.198296477586697911e-01 9.892350656796727870e-02 1.199736024572655019e-01 9.144839746649767454e-02 9.206954321928297047e-02
9.196867019050915248e-02 7.578742900058710319e-02 9.071029011149718546e-02 9.078250699933426704e-02 1.253909567730925601e-01 1.249754877911031653e-01 9.252263635782460860e-02 1.253578612009880189e-01 9.057677249577097967e-02 9.192738907929295933e-02
9.077846457304855621e-02 8.249927284146955919e-02 9.241404124766899875e-02 9.253244445374766980e-02 1.171355267306371933e-01 1.170084570242445887e-01 1.073599357366220447e-01 1.171200472088271549e-01 9.235184705799863447e-02 9.079996312573564154e-02
9.348777740433895922e-02 8.344179148145473845e-02 9.216584936644293957e-02 9.231835915783845325e-02 1.157179023208802643e-01 1.156109289864996614e-01 1.059645360651770840e-01 1.157079813544144853e-01 9.208130176439509318e-02 9.350357209855829355e-02
8.909752870395440394e-02 7.901384969913620437e-02 9.110373067531865598e-02 9.122134473350414219e-02 1.246548528473242073e-01 1.243238356616729184e-01 9.589741078712901712e-02 1.246289015254764126e-01 9.097242943549631311e-02 8.908611593098775261e-02
9.185670600122212981e-02 8.161410082819782474e-02 9.105159148670656510e-02 9.105967691151937993e-02 1.206798881074407775e-01 1.202960292759477634e-01 1.000323942388520043e-01 1.206459884442366987e-01 9.095376251119856315e-02 9.180986219467830722e-02
9.101807384665300260e-02 7.865572326951734972e-02 8.928482646185575966e-02 8.933129169805978376e-02 1.249587289523278744e-01 1.245761386049260566e-01 9.706590229831776884e-02 1.249195598739046981e-01 8.919994117632955299e-02 9.098981381810815339e-02
8.898273655090968570e-02 8.024163244002086026e-02 8.820147469164552056e-02 8.827924976462048212e-02 1.276911078318764825e-01 1.274153516903625827e-01 9.436845812795909005e-02 1.276482938829165414e-01 8.817289525800768579e-02 8.899879976168104112e-02
8.860664431395037788e-02 8.440631024817579764e-02 9.028128598733824173e-02 9.035136142896686706e-02 1.207946710922020300e-01 1.205662595366398387e-01 1.053799229959921507e-01 1.207654297285799400e-01 9.023197935109690537e-02 8.861613531705782310e-02
8.963927807062166409e-02 7.467891845561330788e-02 8.824212245113459419e-02 8.832075499699797161e-02 1.267318519544492206e-01 1.263384586154646383e-01 1.015942866746425838e-01 1.266926062106595030e-01 8.814367817403018224e-02 8.961804439638632047e-02
9.575763140332105294e-02 8.237307219047509954e-02 9.517902074612043239e-02 9.515919846995599118e-02 1.162633002372712998e-01 1.159332893615306614e-01 9.233044474335214136e-02 1.162394781345420514e-01 9.506966963438390206e-02 9.569489507904736791e-02
8.848633950831678863e-02 7.463784293042337314e-02 8.998361047986337680e-02 9.016345582124241087e-02 1.267848720858886502e-01 1.264828247789003823e-01 9.837127790362040769e-02 1.267624416757804906e-01 8.983760166012594306e-02 8.848973315583821830e-02
9.352110746782610340e-02 8.814936660365803311e-02 9.434557554493257225e-02 9.441760747357959282e-02 1.162463027561002199e-01 1.160420744191787007e-01 9.328829034261550135e-02 1.162303452556192329e-01 9.425212932791598996e-02 9.350720080857401195e-02
9.268365784721838141e-02 8.581948433667244136e-02 9.609909176356648541e-02 9.612473183609840377e-02 1.131892338976701884e-01 1.130004216292416069e-01 1.012195934420344889e-01 1.131746656581734817e-01 9.602105788422922450e-02 9.266806170509529761e-02
8.707195048054788833e-02 7.687545479629209755e-02 8.564251683086827882e-02 8.573231534395917008e-02 1.292329654632940195e-01 1.288775700997319695e-01 1.047166590337258174e-01 1.291854908906250599e-01 8.558760667811891876e-02 8.707747038283679408e-02
8.960881389295674571e-02 9.365276748409961938e-02 9.539946065157151045e-02 9.533275993939170634e-02 1.148926776369183639e-01 1.146862983813303205e-01 9.655229147852342764e-02 1.148641673100514876e-01 9.540485297123472985e-02 8.960591025392207476e-02
9.164545542727894900e-02 8.961930121176087116e-02 9.803232792978065768e-02 9.803440215391276413e-02 1.126867232507503536e-01 1.125122728035183040e-01 9.519389583604341565e-02 1.126729124856952341e-01 9.796634481058238975e-02 9.163636409067710265e-02
9.327435877799150621e-02 7.934295415220492254e-02 9.034756194986602595e-02 9.040491543769758886e-02 1.197454357195916474e-01 1.194605347970610770e-01 1.041906926319173810e-01 1.197170768368177179e-01 9.026747099320499290e-02 9.324899870364714016e-02
9.265504497467745570e-02 8.578738809925862130e-02 9.290113435015720511e-02 9.303696691956861442e-02 1.170940785122242811e-01 1.170329955862129262e-01 9.885459970948642927e-02 1.170805862974418771e-01 9.286463799272715036e-02 9.269256755824542560e-02
9.001085546792657321e-02 7.606526086819868915e-02 8.913311240405256963e-02 8.918725208324101983e-02 1.225084932062213139e-01 1.222233210757923405e-01 1.093105043604333249e-01 1.224729950326144956e-01 8.908226847395074588e-02 9.000593702756891357e-02
9.038576211234282398e-02 7.837795877730692473e-02 8.940970980646122113e-02 8.947477814201258706e-02 1.235922668990311474e-01 1.232295593768280434e-01 1.023018035295793771e-01 1.235581003669341121e-01 8.931009345319156079e-02 9.035996753631214684e-02
8.899406701011822185e-02 9.239158789672033412e-02 9.561218638063230524e-02 9.558003404693340976e-02 1.113916413624491258e-01 1.112419613911552335e-01 1.088140494671586828e-01 1.113720120917787021e-01 9.560319670539756121e-02 8.899926364765645137e-02
9.448006649716805816e-02 9.159836812294819275e-02 9.429461495172956897e-02 9.436643422470852860e-02 1.115589664379600943e-01 1.115390766248962884e-01 1.017979651022084819e-01 1.115468547900864971e-01 9.430334714794837148e-02 9.451430610034593227e-02
9.486814229522112785e-02 8.584585652991755245e-02 9.510487866308062199e-02 9.518452220226358840e-02 1.149865147936828536e-01 1.148577720921135775e-01 9.426347053037140156e-02 1.149732704425949908e-01 9.504396240391202455e-02 9.487161004684223353e-02
9.577741655322327685e-02 7.892347896265101970e-02 9.023004703663604908e-02 9.028368070752444685e-02 1.182210971834760094e-01 1.179364452244938549e-01 1.045516450367030281e-01 1.181944872000197655e-01 9.014374222605944786e-02 9.573795986921311563e-02
8.922226202884413204e-02 8.129760898133860103e-02 9.101936124466697420e-02 9.102967764163805153e-02 1.226768679804613182e-01 1.223168493615737207e-01 9.964981113800147616e-02 1.226394408201809672e-01 9.094892272368684805e-02 8.919919807960789704e-02
9.342869373158475821e-02 7.599701906426162279e-02 9.325845862775250517e-02 9.324382179740603460e-02 1.177224555933225059e-01 1.173311037678739926e-01 1.048303608674814869e-01 1.176945581109486577e-01 9.313238290952807752e-02 9.336114552984037251e-02
9.339336723968778842e-02 8.282175758714194203e-02 9.299299677528273522e-02 9.307541136342629973e-02 1.185508200297313297e-01 1.183095044240067978e-01 9.605766212968809559e-02 1.185312429755523839e-01 9.289166365135163861e-02 9.337557382413096130e-02
9.430239698480248622e-02 8.110066392701567595e-02 9.300284718387892557e-02 9.304302167366544640e-02 1.193656724999149626e-01 1.190842609950846925e-01 9.357147137732134412e-02 1.193400587088051940e-01 9.291691712337904474e-02 9.427268952613222786e-02
9.611850814621164529e-02 8.522119510111764162e-02 9.161335436116924136e-02 9.159369432125238908e-02 1.152870254606500333e-01 1.150182957008177020e-01 1.022478259731573469e-01 1.152579023468090214e-01 9.156805696284657514e-02 9.607414162596841778e-02
9.451224636951087443e-02 8.488202002394985846e-02 9.222950064559200245e-02 9.228227443200176516e-02 1.175504093861198390e-01 1.172783827011863178e-01 9.712708585851412280e-02 1.175278363128138687e-01 9.213205311567111699e-02 9.447819115464017869e-02
9.496097798963637482e-02 7.991731446507069347e-02 9.324470670951859330e-02 9.336382881260009425e-02 1.179830800365412741e-01 1.177783767287305244e-01 9.670521351537829380e-02 1.179687960971539107e-01 9.313066185589802259e-02 9.494704378947223244e-02
9.082530874086089390e-02 8.721143999416913761e-02 9.244428561935859323e-02 9.256442055607978781e-02 1.199761722381137014e-01 1.198581979957868415e-01 9.390346500096281857e-02 1.199567387119301887e-01 9.240255283019742361e-02 9.085741831254061374e-02
9.318361947068065643e-02 8.391861743846473765e-02 9.293865271622064883e-02 9.311418943757063249e-02 1.195840774590610223e-01 1.194751606626241608e-01 9.215237298854005166e-02 1.195729260419809981e-01 9.285075376435318606e-02 9.320963002050389190e-02
8.978878944898478764e-02 8.546048232105132869e-02 9.096875429309406180e-02 9.100631183542427782e-02 1.199846755281094718e-01 1.197114928265935324e-01 1.024359271220787598e-01 1.199541692746733251e-01 9.090971898855373934e-02 8.977967836143671554e-02
8.861668691243121398e-02 8.213012920240039816e-02 8.796386099054878671e-02 8.802843082709976841e-02 1.200805517421186658e-01 1.198318772597824627e-01 1.167631327772696848e-01 1.200480124580827063e-01 8.791815712031883501e-02 8.861916070994747818e-02
1.001978277948153695e-01 7.956021570842437829e-02 9.291815181131946044e-02 9.303976107629444159e-02 1.152353137122355681e-01 1.151117529318939209e-01 9.568493810221553875e-02 1.152235426128114387e-01 9.284108068161123217e-02 1.001874155683786516e-01
9.124533926397411510e-02 7.867536339829618586e-02 8.998685162593093867e-02 9.017897009465458691e-02 1.237979352019599882e-01 1.236262202003437505e-01 9.755348406644891168e-02 1.237798671519223515e-01 8.988684937755299365e-02 9.126911961891613634e-02
9.269381984155923571e-02 8.213425379796633619e-02 9.107045419242400242e-02 9.118977164635376498e-02 1.186171752930950257e-01 1.183803076891724038e-01 1.036805078734779756e-01 1.185992504200133052e-01 9.095499340338890348e-02 9.267946584254908859e-02
9.325587010123197185e-02 8.353002617736714208e-02 9.307227464721015697e-02 9.324057677373220887e-02 1.157860398888983233e-01 1.157151311317018982e-01 1.033439104882033360e-01 1.157786536508982195e-01 9.299364011978551725e-02 9.328387702097122591e-02
9.449857214273610362e-02 7.536268718996426419e-02 9.261814752790491212e-02 9.268896153293545992e-02 1.224857995420648438e-01 1.220946812224634609e-01 9.088444170987340642e-02 1.224601846121166904e-01 9.246316122529547876e-02 9.444336329464539381e-02
9.063902087478054037e-02 7.754688764125566847e-02 9.106306006793848939e-02 9.126440049228873308e-02 1.240598374894493761e-01 1.239067328307124349e-01 9.584488426156095864e-02 1.240439818060592725e-01 9.096141335348958967e-02 9.066978118246495078e-02
9.036226663622812239e-02 8.339897130613802001e-02 8.888191694770888884e-02 8.890859623736738215e-02 1.222638110939861661e-01 1.219772204553254691e-01 1.027729456288410531e-01 1.222243717080767761e-01 8.885373937348377271e-02 9.035616061284434952e-02
9.501239544903719580e-02 8.195366459917796664e-02 9.415389891651465559e-02 9.416527968234086887e-02 1.158380776007481711e-01 1.155720073564838885e-01 9.844804813746307892e-02 1.158160522988076341e-01 9.406782929630753964e-02 9.497274666311897318e-02
9.067031035210729173e-02 7.900537936088262991e-02 8.934983710744025254e-02 8.941889683885963225e-02 1.215291518420410777e-01 1.212264025502951814e-01 1.073795163928365770e-01 1.214980357336691574e-01 8.926825857504501471e-02 9.065421124682324083e-02
9.125785391217645925e-02 1.013746910703190590e-01 9.729300893815473472e-02 9.726263986013093665e-02 1.100486972115532758e-01 1.099468403307254094e-01 9.421717955207654926e-02 1.100330821289049466e-01 9.729775410369950750e-02 9.126825289225912186e-02
9.495639719421680724e-02 8.092230657860918774e-02 9.208768813969259170e-02 9.209745405466863988e-02 1.166136710665745674e-01 1.163738805298465684e-01 1.033897014346254611e-01 1.165864646683500844e-01 9.204235110891657856e-02 9.493008522449961073e-02
