9.091638195844166381e-02 7.789349275098836345e-02 1.075211959163386438e-01 1.158723001752462178e-01 1.042110825610228775e-01 9.935434324597802735e-02 8.707842213342814608e-02 1.091443906522536755e-01 1.161615522395846450e-01 9.184683836671773960e-02
9.068647283058423048e-02 7.930883818318822109e-02 1.035350249702043646e-01 1.180428032585172510e-01 1.029535059809766201e-01 9.650223473031993571e-02 8.675055467395613451e-02 1.128803974268984267e-01 1.187392660379492648e-01 9.060090190740559268e-02
9.127522115332722952e-02 8.521027242330889151e-02 1.006564852048662806e-01 1.152707929176621376e-01 1.031213772215659463e-01 9.865136287310098673e-02 8.779405914718051152e-02 1.080926949621324185e-01 1.157280421622791378e-01 9.419969193457645995e-02
8.726581841494751579e-02 7.320873402131404528e-02 1.209917067396468204e-01 1.130744078611470443e-01 1.024610294547713685e-01 9.727403273503795744e-02 8.325116112315826544e-02 1.213170489882453851e-01 1.135361860671995349e-01 8.761987459453210447e-02
8.875894118901188345e-02 7.852800113600491572e-02 1.053383857615470542e-01 1.194364481402665074e-01 1.040825600451145971e-01 9.494546145049091723e-02 8.485846156844828458e-02 1.155981496262738495e-01 1.200306786085022781e-01 8.842291247433975432e-02
9.149450827990990298e-02 8.614759614868226778e-02 1.051238190908506398e-01 1.113604916544664730e-01 1.083938129689903523e-01 9.341491150224447149e-02 8.919000593435005841e-02 1.147531146742404862e-01 1.116060885985183104e-01 8.851565114774702370e-02
8.816662389918192289e-02 8.301192750457281333e-02 1.059832907549377035e-01 1.180122491468133389e-01 1.004034163318358874e-01 9.921630809214435076e-02 8.554429910664251846e-02 1.129001234905703671e-01 1.183319495980568736e-01 8.842981207524423792e-02
8.908877009010150727e-02 8.279509449444913405e-02 1.155083773905346695e-01 1.123673037362813432e-01 1.032111082821757370e-01 9.396663954200457081e-02 8.257635627743385720e-02 1.205952735760482952e-01 1.128074314737299022e-01 8.708364513724099754e-02
9.238691185481602564e-02 8.595049715731949147e-02 1.029749251771412688e-01 1.143685585694602519e-01 1.019908162927482265e-01 9.859789242974645318e-02 8.953091829159062764e-02 1.075675848670290258e-01 1.146947782726648185e-01 9.193711708748378286e-02
9.058929940290276484e-02 7.620155859864670422e-02 1.087898528822225930e-01 1.169102828650012832e-01 1.011508893250608748e-01 9.904070089274960575e-02 8.596342090872359509e-02 1.137853531495163217e-01 1.175423548180590527e-01 9.002628715711730178e-02
8.723052906848155486e-02 8.226592828221027109e-02 1.078731356889691961e-01 1.175812810226882638e-01 1.008843007002229175e-01 9.514083778187164275e-02 8.391071894272419951e-02 1.209836790189392913e-01 1.183717133232744523e-01 8.575787617061822465e-02
8.666235115831372182e-02 7.378794313142029992e-02 1.133202017721121474e-01 1.192074214006781097e-01 1.028564876253501431e-01 9.734673507153750183e-02 8.201112438221341838e-02 1.160539860667649387e-01 1.199484729580433257e-01 8.880527643356642131e-02
8.792163225265479942e-02 8.495243294782617305e-02 1.189791879172605732e-01 1.112885602902993348e-01 1.061746836601455829e-01 9.631442356909047930e-02 8.348004120254104432e-02 1.139742419309028448e-01 1.114326188397862655e-01 8.548217738949290267e-02
8.298790742139131038e-02 7.226871940735814237e-02 1.286892166508845914e-01 1.149257533814462551e-01 1.021631313343080438e-01 9.303621959613318781e-02 7.759010667567112218e-02 1.293747706712045087e-01 1.156498443607638232e-01 8.331433050083900116e-02
8.532695690562204505e-02 7.748140351394475211e-02 1.191362282864033978e-01 1.153406307062354447e-01 1.030079852825354358e-01 9.460746014151287520e-02 8.111853500485526058e-02 1.233265126262634293e-01 1.158779674063565995e-01 8.477632012627074609e-02
8.637136863720443203e-02 7.697206914732808436e-02 1.112487773985798151e-01 1.188434784225790714e-01 1.020820227796817720e-01 9.531659957275506745e-02 8.223420605658346427e-02 1.192973048879026748e-01 1.195883223743075541e-01 8.804585072307809235e-02
9.029255802089763971e-02 8.192638249747644097e-02 1.117442780772653632e-01 1.134196371975929180e-01 1.040448474576124716e-01 9.675195415701876023e-02 8.356774762993197936e-02 1.141535990295562547e-01 1.140467922824247443e-01 9.005220365022340023e-02
9.297971438345414841e-02 7.947478252010488353e-02 1.027764772918674380e-01 1.141551506723842146e-01 1.018431587202871524e-01 1.004494540934725427e-01 9.091978843731339521e-02 1.085711065300877382e-01 1.145675127482731065e-01 9.426285460275533878e-02
9.069014208453859971e-02 7.490176598669259778e-02 1.010023374253964518e-01 1.219454255017821120e-01 1.048581915936142861e-01 1.015968271668369616e-01 8.542882826510195260e-02 1.065116126816170600e-01 1.224770257346217417e-01 9.058784355979823677e-02
8.784956799080353984e-02 7.906481815684104908e-02 1.172484732980966643e-01 1.144088472652650401e-01 1.047177736601190567e-01 9.612497984690068775e-02 8.119772186810331194e-02 1.204441311160797806e-01 1.148083756628522495e-01 8.413531113493862013e-02
8.951894160836940117e-02 7.982822152732135801e-02 1.040736291747516723e-01 1.203137232917220051e-01 1.032601746319273261e-01 9.733633945901712381e-02 8.446263871916750987e-02 1.120877710254361975e-01 1.209301355523552807e-01 8.818842500993212541e-02
9.000723405468322169e-02 8.245013909188141088e-02 1.093586741571957177e-01 1.124526239941827654e-01 1.033734011810680670e-01 9.668751367170141942e-02 8.591133533097426722e-02 1.165987578327875862e-01 1.130908656031360121e-01 9.006945508238954623e-02
8.884246657109033662e-02 8.230908378068078901e-02 1.103347924694796228e-01 1.151182827814459242e-01 1.019117841451587930e-01 9.477343044915557957e-02 8.435847233759707908e-02 1.163415061500596842e-01 1.156983483874904489e-01 9.031183292784170091e-02
8.718435091321545538e-02 7.845382630635582000e-02 1.208387211957030333e-01 1.134017378056477315e-01 1.005330620949070747e-01 9.271415349749645429e-02 8.078377314863380287e-02 1.269478298309274500e-01 1.139161665077392249e-01 8.522637869937396693e-02
9.020548217174885475e-02 8.056349294325829136e-02 1.051105891367864614e-01 1.184453469939639736e-01 1.049586607373914765e-01 9.680697632388922391e-02 8.611026453563105920e-02 1.084019914933315315e-01 1.188581368759586560e-01 9.053905878804048568e-02
7.548786688959305269e-02 6.057047403188494522e-02 1.630477255384986945e-01 1.032004152490196836e-01 8.915166674533238356e-02 8.434629665209045224e-02 7.185964696843313848e-02 1.716570157468418345e-01 1.036323218557075598e-01 7.704657032259822069e-02
9.241640910745881066e-02 8.398039292681491741e-02 1.019826135395524858e-01 1.150735899915967114e-01 1.038481498533259662e-01 9.880486374804496597e-02 8.889071461268714669e-02 1.059318812772400281e-01 1.155326297924755274e-01 9.353875515080346814e-02
9.019602455579119049e-02 8.181125071852655972e-02 1.076487549574988989e-01 1.135480688116539127e-01 9.942454159869397456e-02 1.016030524561328391e-01 8.682090411809781361e-02 1.126960153884997290e-01 1.138853947569621189e-01 9.236599263814293526e-02
8.851857040402529020e-02 8.069754081558729031e-02 1.098031649282320416e-01 1.153609088746945927e-01 1.031864504455224651e-01 9.777148711582955842e-02 8.554058286804534783e-02 1.151045358705753280e-01 1.159474749308162800e-01 8.806928374667179205e-02
8.790909854040197813e-02 8.397495570606046400e-02 1.154630821188076528e-01 1.104463344447654816e-01 1.029481809447899132e-01 9.631811411602866912e-02 8.471341920078616361e-02 1.182961850672806237e-01 1.108180101192415973e-01 8.911261974183740109e-02
8.776177905831590575e-02 7.487619912089865659e-02 1.062513853129047475e-01 1.200352908229852522e-01 1.046491234384845787e-01 9.876310152839036516e-02 8.444724019126675918e-02 1.138190474833617044e-01 1.206171781039339919e-01 8.877965493945806641e-02
8.917180179598331591e-02 7.931735716395613145e-02 1.102287371682625916e-01 1.151270800854585774e-01 1.035732699297510634e-01 9.823383084596182258e-02 8.443474542559688267e-02 1.129656976692275938e-01 1.158154852455660216e-01 9.113199467023599953e-02
9.003294572426598363e-02 7.595170376336345119e-02 1.126724517613285348e-01 1.156128280051696849e-01 1.045635665937339892e-01 9.752003556342468682e-02 8.442393931356076409e-02 1.142767377849921995e-01 1.162928120321540248e-01 8.865297945800668100e-02
9.333088858158893053e-02 8.864045395996107690e-02 1.026874924599135014e-01 1.052110979844801397e-01 9.777136503945420276e-02 1.057472358125465667e-01 9.241549596444213754e-02 1.042129702170507405e-01 1.053978720953694936e-01 1.045851278851932242e-01
9.245632881897290767e-02 8.302674870072186686e-02 1.058707208308226483e-01 1.113917702467583370e-01 1.079958658455750509e-01 9.425757616170558906e-02 8.922004540122542571e-02 1.129280639395124908e-01 1.116367444563096389e-01 9.121613559839605867e-02
8.149350011037544139e-02 7.810248460536524384e-02 1.259670874554252584e-01 1.143820970131219222e-01 1.004691020336927476e-01 9.460588705746003635e-02 7.770853986372137923e-02 1.308357446188362638e-01 1.149358205947589306e-01 8.149973664724269318e-02
8.438342726409341077e-02 6.836054671723781895e-02 1.263368014657757499e-01 1.136556889332369230e-01 1.031244749204752731e-01 9.607661909281427215e-02 8.112810066489689609e-02 1.250909999083342772e-01 1.140087133258828461e-01 8.783462770725256052e-02
9.025040540196900551e-02 7.746301707294336869e-02 1.011184624790916198e-01 1.211956915393349321e-01 1.035203350736877831e-01 9.904131210172238686e-02 8.673858163525539899e-02 1.079015453724686824e-01 1.217631584180112747e-01 9.100749090551553400e-02
8.449048644376017103e-02 7.400721010546625067e-02 1.162753749318762159e-01 1.205665079317649047e-01 1.019222419131488450e-01 9.124187492624583062e-02 7.998101627403764180e-02 1.262160861903052766e-01 1.211466144088844121e-01 8.415258687451049324e-02
8.508031307206266602e-02 7.361415413230038007e-02 1.202127400473627789e-01 1.178189096608307090e-01 1.037783870673293085e-01 9.355211229206945867e-02 7.960274784092659373e-02 1.243085007149197785e-01 1.184413065654466579e-01 8.359082860675164095e-02
8.879546427558435151e-02 7.835592452463389923e-02 1.095090498547832830e-01 1.182695613879450325e-01 1.011917293459231454e-01 9.603017794732589263e-02 8.265791781642072011e-02 1.186014168838895738e-01 1.188723462073964787e-01 8.771641175609759533e-02
8.871193544688323052e-02 7.624433020903838287e-02 1.178647964386193292e-01 1.133030996677671515e-01 1.021891356454805722e-01 9.707236887409828596e-02 8.240014155061123335e-02 1.198632463008055676e-01 1.138974655507995204e-01 8.845348031589672644e-02
8.955068823185118043e-02 7.600873354591863862e-02 1.053977766194378746e-01 1.210960165189480797e-01 1.038247339764824390e-01 9.817932282122844578e-02 8.333022964923345044e-02 1.132708538373441293e-01 1.215109476889676965e-01 8.783069711058801021e-02
8.857500799369918965e-02 7.762881142223297670e-02 1.119961526773472077e-01 1.161764328047665412e-01 1.006623771121546440e-01 9.839915143698940714e-02 8.434832883636741996e-02 1.160308374683638732e-01 1.168129654427287195e-01 8.936993480535004863e-02
8.930622966626602932e-02 7.819815302484350861e-02 1.113130612052572466e-01 1.140464032567012342e-01 1.001392934339918606e-01 1.017809631489994121e-01 8.427184712249252696e-02 1.126779357304480284e-01 1.144686542943465501e-01 9.379745911665361702e-02
8.879099863689876582e-02 8.274673518498644464e-02 1.057599309568787033e-01 1.151579584583656835e-01 1.020477086017587964e-01 1.010792068288288575e-01 8.763658055974804517e-02 1.111165501876536371e-01 1.154632043915043427e-01 9.020112619337671001e-02
8.755285133953635834e-02 7.195283371160877961e-02 1.199831289901929499e-01 1.158964951600830739e-01 1.012641282210492988e-01 9.790238388337040021e-02 8.162331358777814849e-02 1.177416520729558658e-01 1.161248808394647336e-01 8.995833219396039138e-02
8.688834927954333653e-02 7.569886901877877217e-02 1.089542690053188490e-01 1.197783113248033909e-01 1.041015046359546059e-01 9.963292224411816889e-02 8.414165852424146386e-02 1.106596543286722245e-01 1.203203083250694166e-01 8.982415331349981324e-02
9.066399260726666631e-02 8.152325107747120103e-02 1.080853213124786383e-01 1.142238293558194701e-01 9.905105762096463873e-02 9.912984902553051425e-02 8.528572213598580032e-02 1.149765701944709811e-01 1.146106213657635819e-01 9.244978530424846630e-02
8.883897476768722046e-02 8.412856061982934563e-02 1.064821833559032593e-01 1.127070321677908910e-01 9.989833096750722063e-02 1.019416326169295117e-01 8.703338025888414375e-02 1.142951491718630502e-01 1.131012309454294679e-01 9.157352512817591716e-02
9.660668044732212412e-02 9.370104442987563231e-02 1.051566641525228246e-01 1.034970814066258904e-01 9.683704796071709864e-02 1.038951511383024023e-01 9.205943731401050600e-02 1.072847427832400724e-01 1.036390840221819570e-01 9.732306634520150601e-02
8.929435108319776215e-02 7.997188793014795016e-02 1.070548562885118016e-01 1.147950389676401090e-01 1.032686814312079454e-01 9.957015373358625576e-02 8.709462780963911355e-02 1.130384509135761439e-01 1.153035437497893084e-01 9.060840809270359619e-02
9.346436511590318352e-02 8.211180869921097525e-02 1.028303777890839654e-01 1.107007318102814497e-01 1.043647012446771993e-01 1.040282699402503563e-01 9.039182569788074828e-02 1.049639883215149061e-01 1.111661424719708052e-01 9.597778890922642470e-02
9.367616830807005968e-02 8.650174953232915576e-02 1.075958025242244320e-01 1.105689464159276270e-01 1.006443886144320066e-01 9.846521768329435931e-02 8.671716220342391701e-02 1.137287349115355117e-01 1.112360540833455674e-01 9.086577572341730802e-02
8.338462671949792293e-02 7.585775388422907883e-02 1.181069992717614647e-01 1.171097673940239420e-01 1.009947898994118382e-01 9.463239081347898929e-02 8.054796762968287338e-02 1.244995055844353160e-01 1.177455654850198680e-01 8.712063331845866510e-02
8.572856149720650687e-02 7.438849799903837767e-02 1.176997594484959220e-01 1.177929871576009063e-01 9.883705203128853589e-02 9.757428487616966184e-02 8.131427174966231186e-02 1.203302576454476081e-01 1.182234427918933128e-01 8.811088480319685667e-02
8.177025858353299814e-02 7.638755539361734292e-02 1.215658162200554393e-01 1.180081917986615936e-01 9.877176381833129015e-02 9.436771334825903856e-02 7.812576945235573389e-02 1.283446604182361117e-01 1.186585871772102285e-01 8.399968378974018157e-02
8.364797345249934402e-02 7.775728528093057978e-02 1.267341504747729886e-01 1.141463349298700025e-01 1.004224727396832023e-01 9.401121085359120944e-02 7.933492223749398498e-02 1.253666086749528896e-01 1.144425582016766058e-01 8.413648315452915138e-02
8.992762773642863638e-02 7.712869545018746775e-02 1.094159972176171336e-01 1.160404746797473602e-01 1.035089997152862512e-01 9.881138256876526027e-02 8.637193158386899383e-02 1.121152773153212268e-01 1.164665137993788624e-01 9.021309993339883537e-02
9.085644919303421940e-02 8.083161622207671315e-02 1.098090058357283766e-01 1.115893817441973856e-01 9.585741557028309989e-02 1.020762864876380155e-01 8.803262388581070685e-02 1.134267578191110737e-01 1.119336018367043245e-01 9.558686140541608478e-02
8.492539233965655521e-02 7.660257790119037735e-02 1.074809657943114061e-01 1.201640569760316912e-01 1.077328108855450939e-01 9.354498481864320647e-02 8.404389725433196456e-02 1.204758481717981972e-01 1.208592578390863537e-01 8.417020801940511276e-02
9.298388538443515261e-02 8.542384606200528752e-02 1.095265249890853970e-01 1.078455227489820978e-01 9.725104928496416945e-02 1.044026941805913516e-01 8.924134723779131306e-02 1.095133117492323727e-01 1.080714756806241544e-01 9.574034268228868993e-02
8.993059901656545729e-02 7.940918736019335344e-02 1.096210952838346242e-01 1.159065045061264815e-01 1.023749931957781828e-01 9.533893035397349169e-02 8.409145196873450689e-02 1.167511259528022372e-01 1.166361913173260684e-01 8.993992104466565218e-02
8.914480037469522944e-02 8.068317871742569647e-02 1.042881229070682231e-01 1.159643063177096534e-01 1.024374164588999214e-01 9.931517848369671164e-02 8.784209617543023429e-02 1.116446621790456589e-01 1.165942791102706905e-01 9.208595927575799478e-02
9.268697634836756127e-02 8.629771492937987620e-02 1.101587248419055448e-01 1.096179049932463206e-01 1.085187096055414968e-01 9.414082954271354997e-02 8.828662025980744954e-02 1.144520190797136405e-01 1.099030162929774818e-01 8.593748410634712009e-02
9.042461367871951206e-02 8.058798300188436958e-02 1.021883052887980481e-01 1.193111164500660903e-01 1.043347178390643809e-01 1.009731573717718711e-01 8.623815268327457428e-02 1.047382205143512351e-01 1.196275572269318299e-01 9.157617594513807469e-02
8.709507401860322462e-02 7.918472871116448430e-02 1.180420382540895985e-01 1.113525762589493429e-01 1.018611408682182640e-01 1.002326299556541983e-01 8.402367454883653830e-02 1.135082488075973839e-01 1.117504693646496766e-01 9.294941921223730252e-02
8.781851553598311877e-02 8.216939298231082378e-02 1.195046539374596956e-01 1.104967209309096476e-01 1.026381041314421844e-01 9.541028572805068664e-02 8.327270436433831247e-02 1.186948584564360698e-01 1.109123569746801041e-01 8.908240695838939849e-02
8.913172251608784957e-02 7.900132643638592411e-02 1.126765256083813171e-01 1.141253281222008309e-01 1.013137464448046615e-01 9.821533377830211908e-02 8.364273938292469956e-02 1.165977440128505294e-01 1.144967337571315136e-01 9.079879994093055517e-02
9.187856912451343450e-02 8.130442325670379777e-02 1.021989071175520986e-01 1.155170029557779365e-01 1.033361982184674566e-01 1.008216852762797711e-01 9.074494007243986970e-02 1.061538873916716141e-01 1.157901707031287475e-01 9.225421588346534307e-02
8.661029213693631490e-02 8.659235950594734721e-02 1.136908240942379883e-01 1.114442971128497828e-01 9.754970717142949499e-02 9.842000206916173832e-02 8.403100045321459932e-02 1.219822634294996516e-01 1.118387232875407145e-01 8.784053073918232646e-02
8.740200672094154688e-02 7.648064657656435117e-02 1.145278210806556785e-01 1.157112819968606210e-01 1.026253360022632288e-01 9.522913778605299195e-02 8.263590556493403960e-02 1.208417647743450229e-01 1.162908980594574426e-01 8.825520143792509042e-02
8.775769784844078547e-02 7.951883765470352250e-02 1.224723559184928007e-01 1.102735521988386508e-01 9.770473028385336101e-02 9.648520360627196868e-02 8.261597923233610086e-02 1.211715664395185826e-01 1.107968399627681649e-01 9.120323685477607634e-02
8.340466226914096393e-02 7.608774840100246406e-02 1.242345994600178999e-01 1.132068494051002017e-01 1.024430891963790946e-01 9.705588054464278636e-02 8.034333857784342614e-02 1.220887940041146674e-01 1.136364472371744344e-01 8.749859090458404765e-02
8.398064212704813014e-02 7.772120442539559582e-02 1.213856103874423886e-01 1.156216878189607611e-01 1.011008954494922452e-01 9.316587808846037155e-02 8.097438080408844718e-02 1.248776614309839855e-01 1.160169297412275702e-01 8.515510972690043534e-02
8.317156964301472555e-02 7.393794191269403848e-02 1.074868726184606549e-01 1.190707348800687931e-01 1.118727925856853184e-01 9.320460607962995081e-02 8.705355978487161472e-02 1.169644317345141377e-01 1.196086558284358281e-01 8.762883493262496604e-02
8.448431919071579255e-02 7.802831447637796625e-02 1.187183449433688032e-01 1.168254211471846798e-01 1.035866815283037479e-01 9.639144527678789043e-02 7.930066248785179461e-02 1.194047988570229452e-01 1.173608532876491278e-01 8.589915880473725229e-02
8.871741079695318055e-02 8.131260012936580850e-02 1.107459160563359912e-01 1.136369367710875766e-01 1.037095747141654895e-01 9.547433185820648760e-02 8.454960431660615838e-02 1.198779483933163359e-01 1.143070138622825499e-01 8.766866310168039411e-02
9.210108550176572539e-02 5.160857454898765129e-02 8.136161085234425161e-02 1.401338195896280336e-01 1.146891139461798659e-01 1.114641700486552756e-01 8.835608284620852237e-02 8.600208228953247491e-02 1.407490727854778245e-01 9.353438759122038870e-02
9.029421936378939639e-02 7.886199305152447048e-02 1.108015986110266887e-01 1.130077391611358228e-01 9.975949343333676000e-02 1.024033842354847151e-01 8.516106514897711643e-02 1.128694411965468491e-01 1.134646641394134320e-01 9.337640165876474885e-02
8.981106606753273824e-02 7.608706231748431359e-02 1.104150308829039834e-01 1.150726156134303929e-01 1.021835321874536573e-01 9.905669448421716705e-02 8.617681359426133947e-02 1.135887699953395252e-01 1.156104162062095708e-01 9.199799865116735365e-02
8.931374124086183253e-02 8.369015239247988569e-02 1.081361427640521178e-01 1.174233865509866637e-01 1.015141730625672839e-01 9.635847355576834805e-02 8.344519827050382588e-02 1.149838311235921312e-01 1.179845523321990386e-01 8.715034870698885883e-02
8.714919719470014259e-02 7.877881872058527246e-02 1.228908172063987586e-01 1.134266133677684779e-01 1.051437584104666229e-01 9.206287938799762038e-02 7.891187087116745269e-02 1.241873736519997912e-01 1.139448569735964784e-01 8.350381421531931359e-02
8.527229497386758228e-02 7.172022172028508225e-02 1.145250406917267816e-01 1.184931754807897891e-01 1.034273950530825714e-01 9.932246268025098079e-02 8.255188137192243092e-02 1.174709638980419024e-01 1.190883538221515769e-01 8.812821030788130228e-02
8.951532064746123285e-02 7.858351030407934035e-02 1.151459946711217291e-01 1.122675359025882558e-01 9.745895929827524951e-02 1.003951072380976084e-01 8.528561413867744023e-02 1.149173160078980210e-01 1.126446681923298360e-01 9.378597359947125900e-02
8.838792235096454286e-02 7.221545671592942417e-02 1.101418102900341145e-01 1.182510378380608046e-01 1.031081579350497102e-01 9.784076062733298995e-02 8.507373079146876571e-02 1.168500182856457986e-01 1.188854809660304240e-01 8.924562419948341152e-02
8.956093075006024695e-02 8.251344538704262488e-02 1.069815767904450654e-01 1.160244669081946928e-01 1.022874568534697798e-01 9.348215926443867452e-02 8.501039895124454238e-02 1.168953685796693398e-01 1.166419461932962642e-01 9.060225032213874152e-02
8.673306602859975900e-02 7.524342346811524473e-02 1.126661711745183814e-01 1.182500448001524845e-01 1.009016266301038384e-01 9.741067739228433109e-02 8.133337376969942967e-02 1.211875848548048112e-01 1.190964040029377086e-01 8.717762787878399755e-02
9.085094808688533308e-02 8.250777950314715226e-02 1.117642145968392037e-01 1.115810060858006131e-01 9.935195761141238369e-02 9.837735672972519607e-02 8.426388150434946378e-02 1.147615774734138255e-01 1.120241809550316520e-01 9.451709745339516300e-02
9.009227368142370962e-02 7.654847871746695009e-02 1.054872420121039517e-01 1.185152776928509871e-01 1.068064586451402259e-01 1.027471669325856624e-01 8.643299154512726346e-02 1.051427215070348392e-01 1.189752912146853775e-01 8.925209805158106080e-02
8.752936022779762848e-02 7.526595845946711105e-02 1.134334915226267171e-01 1.151057734511920366e-01 9.911965985478453367e-02 9.991135141638834982e-02 8.428925380829704883e-02 1.170426051873885154e-01 1.155166107117764351e-01 9.278593536028162392e-02
8.339517539790522460e-02 7.646764694457494627e-02 1.223788024116436585e-01 1.140108965639046318e-01 9.917618530399534282e-02 9.527266103793685659e-02 8.015888124142545035e-02 1.268070924765015983e-01 1.146451688239901040e-01 8.768748979812222843e-02
9.229921651287008311e-02 8.479290216259234569e-02 1.052870811887951369e-01 1.104959575484684570e-01 9.717879517361575903e-02 1.028458893355476411e-01 8.826006789555367049e-02 1.109956559756910266e-01 1.108550300593472981e-01 9.698940414751858197e-02
8.810246734903837140e-02 7.943380372775953047e-02 1.093523907479421881e-01 1.177317143922490400e-01 1.033965059099339751e-01 9.664647223521508068e-02 8.394008546744158306e-02 1.151460234339864580e-01 1.183333083464951502e-01 8.791722838993866473e-02
9.003445925607975187e-02 8.078674718494779916e-02 1.092466816914841182e-01 1.130694212527396797e-01 1.037191695646859507e-01 1.022260124445659168e-01 8.821458050760450087e-02 1.093552891388699516e-01 1.134671290970167279e-01 8.988050986200558923e-02
9.014183361795631566e-02 7.780501097427772184e-02 1.059067004084082164e-01 1.186226315828221994e-01 1.026320148115419384e-01 9.711084367508179827e-02 8.620598385318285761e-02 1.124523585999710334e-01 1.191643710563219938e-01 8.995825142043595291e-02
8.809569399684379076e-02 7.824077355446219795e-02 1.140293187989323415e-01 1.104624365012612103e-01 9.809480617192005425e-02 1.024900797701459310e-01 8.537720744206422907e-02 1.198985541768258917e-01 1.108346148806223647e-01 9.247651470692197506e-02
8.730659536704213353e-02 7.543581400296897610e-02 1.049066479530497975e-01 1.207527672127839541e-01 1.046847757265400441e-01 9.749959587608708622e-02 8.494402641701516432e-02 1.161859041446981905e-01 1.214808462348966889e-01 8.680302706491796472e-02
8.560106400174123664e-02 7.381461711713797891e-02 1.110736280457803732e-01 1.209301766287294855e-01 1.021316663577087197e-01 9.241208281157073379e-02 8.135683342410104935e-02 1.262794056129935283e-01 1.216659905276206016e-01 8.473453547261630692e-02
9.150491606765612240e-02 8.191720733012851363e-02 1.101917988125273862e-01 1.142559712495390678e-01 1.052116310709934055e-01 9.833199824162189295e-02 8.426829402838520444e-02 1.140375254890357154e-01 1.146490340985080181e-01 8.563162361160471525e-02
8.822369626471489312e-02 7.508816027015680072e-02 1.075563056800324241e-01 1.182104525468518491e-01 1.043639012857733861e-01 9.817376061879917737e-02 8.551547915734637739e-02 1.115507782788984631e-01 1.187311902743537623e-01 9.258627562307285286e-02
8.952280670868528745e-02 7.997746907961876539e-02 1.096659374257416691e-01 1.106660308035246482e-01 9.814725941839820555e-02 1.015768027145830671e-01 9.105558423830201198e-02 1.153260615579894122e-01 1.109919916251785599e-01 9.307005642797838707e-02
8.496155261501515954e-02 7.793066764989296791e-02 1.147278821290104583e-01 1.179179895292034042e-01 1.055766109224982319e-01 9.194066097997413700e-02 8.085272146701967533e-02 1.245422762473852862e-01 1.186628930679320959e-01 8.288674539206855596e-02
8.795111174308738178e-02 7.290185480654487460e-02 1.085375519390096716e-01 1.217057595611480275e-01 1.015460068280768791e-01 9.493177607450811739e-02 8.359110208727750513e-02 1.170688590009598407e-01 1.223917799940782425e-01 8.937419796530948757e-02
9.118136965398847271e-02 7.396440879588017658e-02 1.037857209075143394e-01 1.188896660204776523e-01 1.055572698863733588e-01 9.864365269146241344e-02 8.803776344676336740e-02 1.092457581098180697e-01 1.192949459461795231e-01 9.139944454154265430e-02
8.765327854127523410e-02 7.391016328730927454e-02 1.141017949282882166e-01 1.174221431236635027e-01 1.023121253065756714e-01 9.532882176413989828e-02 8.370727598303329131e-02 1.184491253210057660e-01 1.179719791064260115e-01 8.914329263828311978e-02
1.002942768920550426e-01 9.607416618834174749e-02 9.868038977366894171e-02 1.002797209138212436e-01 9.549148150611494468e-02 1.054989783604519116e-01 9.902514835873989230e-02 1.015537584679886418e-01 1.001851665015373732e-01 1.029169130372802748e-01
1.013337590511112357e-01 9.523016237342919743e-02 1.040062763143010521e-01 1.017698176763593559e-01 1.098103223421056651e-01 9.288247317303194306e-02 9.385515554072274003e-02 1.062153910688597297e-01 1.017147506326440132e-01 9.318189182743501220e-02
8.672641253847838960e-02 8.660032964961476842e-02 1.229619388910328931e-01 1.082480383883783620e-01 9.586174690082112371e-02 9.786338278923457923e-02 8.133657272923858206e-02 1.209646795275459430e-01 1.085576100622106382e-01 9.087928852344476227e-02
9.038485161477033403e-02 8.361159145263824533e-02 1.149667591031912073e-01 1.117461540634572398e-01 9.827710675735953916e-02 9.773330993091644547e-02 8.249187058380232085e-02 1.162069624595466616e-01 1.121100327875321767e-01 9.247136124678581592e-02
8.738290752469725364e-02 7.472953451715930173e-02 1.191673208482737778e-01 1.126784072168413170e-01 1.009413248444755856e-01 9.486961217783652922e-02 8.408854341618593464e-02 1.232371547769027798e-01 1.131329576020971700e-01 8.977223707553030896e-02
9.041597096985780346e-02 8.524058008689833210e-02 1.058200494137060688e-01 1.139591816051892387e-01 1.044209407137151047e-01 9.811424743112308333e-02 8.751962385712415415e-02 1.098899707853213392e-01 1.145017781783979893e-01 9.011765695866687242e-02
8.777651360873414688e-02 7.358852775267778201e-02 1.136543172417424363e-01 1.155950056211214050e-01 1.019115732561638732e-01 1.005144151705710670e-01 8.371032385904163264e-02 1.161079691610336639e-01 1.160954417733519595e-01 9.104591255556201967e-02
8.909989404615931141e-02 8.177591806907824612e-02 1.072783884108334390e-01 1.159339774945010865e-01 1.038142494497593243e-01 9.929504291316068598e-02 8.467703445404591023e-02 1.124100443687367501e-01 1.162681812320477820e-01 8.944726956167745047e-02
8.940604494151785375e-02 7.353940588387064548e-02 1.024370631401034515e-01 1.216870287287349361e-01 1.037026367799774307e-01 9.996040739979786260e-02 8.570197554271991036e-02 1.106548592963078337e-01 1.223898881654180981e-01 9.052069012155196381e-02
8.834489694533494142e-02 7.685185613727893439e-02 1.261388072922043913e-01 1.112866291519292172e-01 1.019027190626148743e-01 9.785485162828884420e-02 8.190863352559150934e-02 1.175003375214919848e-01 1.115682078023473855e-01 8.664306093291795907e-02
9.039365478737819426e-02 7.892717932092327415e-02 1.103758568301818205e-01 1.128486732083800737e-01 9.984857270005678687e-02 1.019147733525934130e-01 8.569684496712517974e-02 1.154017118982741258e-01 1.130741199270258734e-01 9.151861300806124477e-02
8.872004858274629147e-02 7.616983428967749603e-02 1.073219257802067450e-01 1.198303944207173982e-01 1.051810432124798134e-01 9.883018578848028202e-02 8.386861490858048274e-02 1.130952673619306931e-01 1.203915008400020248e-01 8.659118481517877330e-02
8.887118604017338330e-02 7.937631168895027678e-02 1.079705010126338627e-01 1.160891084659880779e-01 1.016855553507651638e-01 9.857852380301206086e-02 8.508940171592861701e-02 1.159749832024873223e-01 1.167604904287602302e-01 8.960393829130103294e-02
8.631454336626541435e-02 7.687945459869811871e-02 1.085910084660112601e-01 1.190835969042036702e-01 1.054622496577475588e-01 9.503134246248078065e-02 8.251924410246917752e-02 1.184136150768328039e-01 1.197897380820596713e-01 8.791520728323161393e-02
8.500835223726627143e-02 7.499722523176641231e-02 1.111428281958974501e-01 1.217491422734891526e-01 1.042142432675703667e-01 9.207282650176080996e-02 8.192426579470907244e-02 1.208237227360123706e-01 1.223852084663045459e-01 8.568218529522356186e-02
8.596844990663413122e-02 8.203575669249560387e-02 1.179093367893009059e-01 1.139435039660466331e-01 1.042173932316267371e-01 9.484963699591288100e-02 8.026663271608777683e-02 1.221046622151770455e-01 1.144229973834051256e-01 8.428163010331314597e-02
8.426373002487809460e-02 7.393928387340382991e-02 1.181059319350215714e-01 1.192499033900882022e-01 9.920495773890082580e-02 9.187815228339618612e-02 7.975341274832202509e-02 1.281582305293189894e-01 1.199583316238196501e-01 8.548806585285066706e-02
9.393628942855392072e-02 8.339688352208726729e-02 1.008910540853595050e-01 1.132775634851466012e-01 1.061797829793456605e-01 1.002805910771134706e-01 9.073419672917325263e-02 1.030072009063445204e-01 1.138252598808080773e-01 9.447117790606769649e-02
8.582126994058422720e-02 7.484198614971930563e-02 1.154868072959440439e-01 1.194555192114527403e-01 1.066155387902538026e-01 9.522664866557353780e-02 8.058166725754442594e-02 1.178521291045892955e-01 1.199527843575727282e-01 8.416564922676592064e-02
9.357711268835758323e-02 8.504626099851142484e-02 9.989568599604242705e-02 1.142934655272381528e-01 1.033579186680740059e-01 1.005239118769555295e-01 9.105200474469500593e-02 1.049476364777026244e-01 1.146626438195626763e-01 9.264335920286055626e-02
9.431709267211073333e-02 8.405090673486499686e-02 1.087841605149156843e-01 1.101964980883054779e-01 1.035773870222982534e-01 1.004029824620027295e-01 8.776735581545186404e-02 1.094838434089222962e-01 1.105352362731038679e-01 9.088453700802412438e-02
8.090870493653039286e-02 7.164669811494632501e-02 1.229630724020628757e-01 1.204631675072397462e-01 9.738827761693485963e-02 8.989717823551378328e-02 7.709470102910856437e-02 1.362832663837072189e-01 1.211932502500488590e-01 8.216168352390738894e-02
9.307659635755531624e-02 8.748997271272233867e-02 1.060059396702749956e-01 1.111895623111173320e-01 1.077191195265136542e-01 9.416959534541226307e-02 8.919848878617750443e-02 1.120490527683709048e-01 1.116526269933394988e-01 8.744904552851623381e-02
9.651851608689424045e-02 8.514502690795995588e-02 1.061408478778989306e-01 1.101277654922971916e-01 1.087727331754666932e-01 1.012085382429429720e-01 8.942583775185036776e-02 1.020529329002178853e-01 1.104478732743703756e-01 9.015992829010141540e-02
8.821915929139151347e-02 7.666773586847715205e-02 1.096897385582872447e-01 1.155963757167732392e-01 9.952118967991668841e-02 1.007700093998316893e-01 8.472114089253832137e-02 1.176816480290914652e-01 1.161331540781880695e-01 9.099984848550464467e-02
9.039224619521146753e-02 8.577751424198727659e-02 1.087781096318813090e-01 1.134914195383637942e-01 1.001584456743834228e-01 9.681355517562534319e-02 8.809400984160381531e-02 1.127794475172669980e-01 1.137003879446831928e-01 9.001486423899339451e-02
8.403240691931732065e-02 7.482127052953263524e-02 1.245026526611170692e-01 1.142061417495704584e-01 1.006651693706604733e-01 9.352773269386555066e-02 8.018661836372617535e-02 1.284861038433705582e-01 1.147795590948140071e-01 8.479234477402572412e-02
8.649054651546869699e-02 7.424115479968358688e-02 1.124516668152557020e-01 1.179099569245502382e-01 1.026310045856939218e-01 9.946166796919231334e-02 8.265281792683029649e-02 1.182691431268252102e-01 1.185592603466609635e-01 8.733278098983904281e-02
9.229645731227520411e-02 9.095709533494276966e-02 1.194367942358664919e-01 1.068504205811714042e-01 1.014724994939382313e-01 9.593157078026079421e-02 8.156476356117424442e-02 1.184128835293522392e-01 1.071859452940550350e-01 8.589156987696358603e-02
9.276544249534855735e-02 8.978319223364281121e-02 1.018163317687619390e-01 1.095388376777413075e-01 1.022440846064655989e-01 1.066516756326803123e-01 9.157650425326918642e-02 1.030383906687245971e-01 1.096977397342876331e-01 9.288780092907809871e-02
9.467031378774924677e-02 7.982883128012210894e-02 1.064259348955192003e-01 1.137707928294181825e-01 1.014482688104352270e-01 1.009760434909210552e-01 8.904966600061793580e-02 1.054527914268289096e-01 1.140469347872109795e-01 9.433042269117718204e-02
8.764297771955018024e-02 7.824940735625333932e-02 1.105736070203263699e-01 1.135172634162770061e-01 9.954752426276573807e-02 9.772769217093350835e-02 8.648667266102066931e-02 1.192497835960631275e-01 1.140367957876906868e-01 9.296827600911934664e-02
8.747061312248578802e-02 7.999635174477338906e-02 1.126057337124646285e-01 1.163089211185081018e-01 1.054140710070315956e-01 9.700637680031901078e-02 8.278933737794340331e-02 1.157432451255233086e-01 1.169763078520936889e-01 8.568904213885705778e-02
8.995542522973651312e-02 7.409347213548012068e-02 1.166687590594268215e-01 1.118629230320638129e-01 1.035437374294639057e-01 9.707537371082738953e-02 8.617365650146420475e-02 1.180712640285975917e-01 1.124858958292724587e-01 9.006949304366719533e-02
9.147706164063787448e-02 8.141524733096112965e-02 1.036525287185047495e-01 1.154521553011134682e-01 1.029513191247097698e-01 9.972672995243643534e-02 8.831307312153742484e-02 1.093808375435808972e-01 1.158825728633057911e-01 9.174847440321248770e-02
9.133294527315623246e-02 7.685663502080380960e-02 1.072899348254256618e-01 1.159178825715108663e-01 1.046526772406688593e-01 1.007114928562552886e-01 8.862943001464095027e-02 1.056402752237461246e-01 1.164328695010050652e-01 9.253585747278712803e-02
8.926530579921858333e-02 8.215439085425287058e-02 1.131671678772776940e-01 1.111348828403195266e-01 1.019766930791213694e-01 9.887339484609090901e-02 8.506996282053523595e-02 1.130243072214417860e-01 1.116598711827864604e-01 9.367402347895548154e-02
9.177192151750977744e-02 8.006671595534119168e-02 1.034577774661721850e-01 1.156791670131459282e-01 9.907622931703466418e-02 1.011037454187840162e-01 8.786793971251254110e-02 1.108524077503944272e-01 1.161671045863900548e-01 9.395699126271522816e-02
9.173791528083162505e-02 7.939946811906849200e-02 1.054461974916200417e-01 1.150404521258336366e-01 1.024406996217366583e-01 9.870367293691571786e-02 8.773562988691545328e-02 1.108304998384126439e-01 1.153945217032374682e-01 9.327094299542829092e-02
9.094794203828349133e-02 8.412952140879047247e-02 1.040170417046867718e-01 1.173511171655296781e-01 1.023817559188557186e-01 9.675195571980473030e-02 8.586166094158684259e-02 1.116728085559406114e-01 1.176646673968160944e-01 8.922152914970553350e-02
9.193980847444573057e-02 7.743914871764179253e-02 1.037418500311538122e-01 1.176163002969594085e-01 1.048132241019293087e-01 1.000696493526933573e-01 8.831188723535725316e-02 1.062277066194806663e-01 1.178568465386444775e-01 9.198357863169416559e-02
8.721101626448345134e-02 7.858948783152941431e-02 1.220808505928023258e-01 1.137847655674137093e-01 1.008169817458718087e-01 9.292006756365576992e-02 8.228321221461390444e-02 1.219844919533429189e-01 1.143177495237334140e-01 8.601137674255326937e-02
8.223732741800152124e-02 7.702591838331393492e-02 1.330044362274014347e-01 1.111224156523030332e-01 9.708466167037323180e-02 9.249049214740487357e-02 7.774618949936407120e-02 1.348796453369731918e-01 1.116355646014920294e-01 8.277334906337267817e-02
9.256599515128728639e-02 7.916450024960459964e-02 1.026387370991636572e-01 1.140973559019261979e-01 9.967495936350423413e-02 1.017116531752102343e-01 8.941318744886395109e-02 1.066759322835213880e-01 1.143569708645996996e-01 9.970070846231876560e-02
8.682661419620840704e-02 7.563212124447618590e-02 1.141398560359212500e-01 1.184952546020634906e-01 1.035878980990201370e-01 9.593164958823770239e-02 8.256872078544097437e-02 1.161443326984591823e-01 1.188433833334160417e-01 8.783016941675662881e-02
8.803307746047726867e-02 7.939704142420672683e-02 1.126075116830757006e-01 1.135058861466098912e-01 1.026787929599479732e-01 9.721320444661075977e-02 8.534410749834783760e-02 1.178601877935994413e-01 1.139118982870993974e-01 8.944829230002497578e-02
9.052360332790426733e-02 7.775230554775464098e-02 1.186589474356440632e-01 1.121179185924289085e-01 1.007264276367872968e-01 1.004911123005218926e-01 8.474004844071858500e-02 1.121844614307048738e-01 1.122877078210210572e-01 9.051746746651434528e-02
9.148865489608769275e-02 7.552468241201888699e-02 9.994848052184283904e-02 1.191978139728609443e-01 1.057663862785166720e-01 1.024782703576126719e-01 8.865597288733191583e-02 1.039064314203292511e-01 1.198195540355526667e-01 9.321375321784645951e-02
8.791490320680468706e-02 7.591697238569802830e-02 1.114433687987304855e-01 1.188875013378749568e-01 1.054749510465084472e-01 9.699763799232365147e-02 8.404612650330264834e-02 1.128355749142531533e-01 1.192015342912121217e-01 8.728142952329179249e-02
8.556478327140547291e-02 7.628883099341118856e-02 1.151927858376205205e-01 1.163938387608046549e-01 1.011378898150104150e-01 9.257517833806538921e-02 8.216553556230234145e-02 1.267116434181000117e-01 1.170109558487324591e-01 8.695855815454757443e-02
9.245416434851522203e-02 7.883436555125805656e-02 1.082000487740580053e-01 1.125327611688584778e-01 1.033643115995350609e-01 1.006956145689869436e-01 8.919374730514491312e-02 1.084743310723846471e-01 1.130038134143329653e-01 9.324684219692569442e-02
8.504926686237584965e-02 7.591024335700864711e-02 1.219902012463306568e-01 1.142997200764905991e-01 9.912042228003693778e-02 9.139533900329763205e-02 8.027529841201813676e-02 1.308861802762034954e-01 1.148607314243742517e-01 8.621259706186383542e-02
9.636019080316901575e-02 8.900570447490356585e-02 1.035592781692033781e-01 1.085040287783704260e-01 1.127599666994563571e-01 9.414844543857216197e-02 8.867120141227848029e-02 1.078463610851775473e-01 1.087701775790514969e-01 9.037464555981758463e-02
8.863332479634315753e-02 8.063922520981477160e-02 1.154125330382347464e-01 1.111536368876596681e-01 1.043371845373754631e-01 9.827191386823376507e-02 8.502719114790120714e-02 1.135163921639596313e-01 1.116314998107331841e-01 9.137709853974440577e-02
