1.019835567682204902e-01 9.347387862218990706e-02 9.346865662955852749e-02 9.319884475487524855e-02 1.193703997382924292e-01 1.191622065158193661e-01 1.117771796696501729e-01 9.334131984976481999e-02 9.424033789625152480e-02 7.998361955537748591e-02
9.833077383453645015e-02 9.257654092636129206e-02 9.247849930260632068e-02 9.239312757605083748e-02 1.212999712123460361e-01 1.209683327642923772e-01 1.144053535926006365e-01 9.253489392701699789e-02 9.244324390591923679e-02 8.256926295826982898e-02
1.003342957360735949e-01 9.296621853793698986e-02 9.292163844379021376e-02 9.278525651694211063e-02 1.179031993823120988e-01 1.176814623364897117e-01 1.095547351775062322e-01 9.289935029113778608e-02 9.587546390923819273e-02 8.707837966857311096e-02
1.015772634958279907e-01 9.132925451388396176e-02 9.126936390479518935e-02 9.104169846188756021e-02 1.187960896208840184e-01 1.184837351823412460e-01 1.261508802156660614e-01 9.121750313537294041e-02 9.154880290105336937e-02 7.858540856828770405e-02
9.782221308727187536e-02 9.152460138013489288e-02 9.150717284353224179e-02 9.141645201410014687e-02 1.238868952016216052e-01 1.237057727853561329e-01 1.185599672312447894e-01 9.148010722527204208e-02 9.110714088944502076e-02 7.898967734202122504e-02
9.552040369824876809e-02 9.347546530961997613e-02 9.354380815271931549e-02 9.354605130851492700e-02 1.141467332428029724e-01 1.142213563148666566e-01 1.171021142841578988e-01 9.347632708971122251e-02 9.038359589183378451e-02 9.458414470752449232e-02
1.028661748801296821e-01 9.153839008388321707e-02 9.156118137279062319e-02 9.127902622337513705e-02 1.228180827665156793e-01 1.226349459387388735e-01 1.167589619502476112e-01 9.139972679247923559e-02 9.160188653933598601e-02 7.754162345250398269e-02
9.753481850997988700e-02 9.263273492870136017e-02 9.257586262858856496e-02 9.240310538910546934e-02 1.172954447168852582e-01 1.170337651530400369e-01 1.246649818292287354e-01 9.254800181367511813e-02 9.041603353458546599e-02 8.289525149621011779e-02
1.003142948247004590e-01 9.417485275454086369e-02 9.413213164451036952e-02 9.388971490732964109e-02 1.168553885900033423e-01 1.166033957935082715e-01 1.091556457744404240e-01 9.405582292838764180e-02 9.354485053787250926e-02 8.727390224470639446e-02
1.007417846334996286e-01 9.232463443523913904e-02 9.223484466984716024e-02 9.212502864331430230e-02 1.198545605599467823e-01 1.195363433011054355e-01 1.151698583860174263e-01 9.227093999291122173e-02 9.168173417273639547e-02 8.406027120538245301e-02
9.836505719390412072e-02 9.034597120205609122e-02 9.025267927244666477e-02 9.019219550873520952e-02 1.227312934944868456e-01 1.223945321651699197e-01 1.242777097433745565e-01 9.031655102947161451e-02 8.877840736373079911e-02 8.234560302662422004e-02
1.009989505865045711e-01 9.015096706343053712e-02 9.005263090929337133e-02 8.985617927811889727e-02 1.248116670190919375e-01 1.243760653603604993e-01 1.197110199858974905e-01 9.005464247473614348e-02 9.227539470971289626e-02 7.771248261285364223e-02
1.011425860020122719e-01 9.239825929117374825e-02 9.245527377266216096e-02 9.219760405957753979e-02 1.170597092498224384e-01 1.169877230270255364e-01 1.195277024255829018e-01 9.227159437121308649e-02 8.961745437872219167e-02 8.634209342220808270e-02
9.895720058600707136e-02 8.847928931593376789e-02 8.839300746152070620e-02 8.822067603372683864e-02 1.233601940929409252e-01 1.229605125930872955e-01 1.366901149865027698e-01 8.839481493540678192e-02 8.872167182110658745e-02 7.582251817376725600e-02
9.991994890441807664e-02 9.028132468772043229e-02 9.024245114445805793e-02 9.004090682989064620e-02 1.226298935613623353e-01 1.223435336011105962e-01 1.296306634950834535e-01 9.018239245425985207e-02 8.955422438290668030e-02 7.517466093878993894e-02
9.883653255281202310e-02 8.970229550662028872e-02 8.963948597081120018e-02 8.954292610600951552e-02 1.243218936015963172e-01 1.240204626465856302e-01 1.229730801775158894e-01 8.965504973476290385e-02 9.139510180997177657e-02 7.991317189331446913e-02
9.935296763097015149e-02 9.289787173367700102e-02 9.278882980365765754e-02 9.272216708741619351e-02 1.174089583308869367e-01 1.170922549383654199e-01 1.166153573707063712e-01 9.286545960115409615e-02 9.261885702579880641e-02 8.563727647736735227e-02
1.023796299788411607e-01 9.504388746704468816e-02 9.493718654067107021e-02 9.466062357539620220e-02 1.170139281095855521e-01 1.166292455789911392e-01 1.102883044880181851e-01 9.490812655367658612e-02 9.618799420967820424e-02 7.795107349809718422e-02
1.035773252269371336e-01 9.269520058140327812e-02 9.263366193816480187e-02 9.234178947997566389e-02 1.251332609212964242e-01 1.247531499305192526e-01 1.081869424859688150e-01 9.255184058632269506e-02 9.239164845774636148e-02 7.573518039166557414e-02
1.001122419705687827e-01 9.165007629942653611e-02 9.162552538873842967e-02 9.139519579370899982e-02 1.197545616710416344e-01 1.195115515109464871e-01 1.249908395574761133e-01 9.153696272920321120e-02 8.758578695477897691e-02 8.183725812411082878e-02
9.975516746959570136e-02 9.189366901453613345e-02 9.184362564390231853e-02 9.168965483026514374e-02 1.241987143365029939e-01 1.239135969026576717e-01 1.143496776177389124e-01 9.181816196394627927e-02 9.041279908069285720e-02 8.012493314016194690e-02
9.945579471472672239e-02 9.278605219930302628e-02 9.266076385091077949e-02 9.258714942765093603e-02 1.166421098805905388e-01 1.162943855866876430e-01 1.192807293019423204e-01 9.275026581113450519e-02 9.282037383564330224e-02 8.472237539141019846e-02
9.765196099477352343e-02 9.167451434145865163e-02 9.161292917197962071e-02 9.151454627853539137e-02 1.194614463159184431e-01 1.192053918551747305e-01 1.192999575007926832e-01 9.162637054081353150e-02 9.314073212241245903e-02 8.481215087814095166e-02
9.684039193448450156e-02 9.124171430533578597e-02 9.117778574663476521e-02 9.099257744977876095e-02 1.192260260707324049e-01 1.189219508133672748e-01 1.319459845343885218e-01 9.115086587323061040e-02 8.905434466512519853e-02 7.944835860692213425e-02
9.908032414165611479e-02 9.241472770739440901e-02 9.241936630965101596e-02 9.224294011750586164e-02 1.218016324734882000e-01 1.216405741963474396e-01 1.106103701474769607e-01 9.232807010668772629e-02 9.262555929550468636e-02 8.483643550428757174e-02
9.351112823730799162e-02 8.390826309838873842e-02 8.386256362819156929e-02 8.356418728815845354e-02 1.151281510513048056e-01 1.147755535511210956e-01 1.890232822995827067e-01 8.376165332302266953e-02 8.544599796224995603e-02 6.701921956067198594e-02
1.004263376353318749e-01 9.409516348038901579e-02 9.403039957981360053e-02 9.388218806929010674e-02 1.176427745997180307e-01 1.173843359498633332e-01 1.072989414087861110e-01 9.402252393600385449e-02 9.514990823749094884e-02 8.606742710331312385e-02
1.038213790666555753e-01 9.223404521150745106e-02 9.224455565287166536e-02 9.211961396659251733e-02 1.165026149619800139e-01 1.163992374187270973e-01 1.148527463717345931e-01 9.217267046686046517e-02 9.437132958332879185e-02 8.528180729974188523e-02
1.011801393857359593e-01 9.175273979192584417e-02 9.169016613511017655e-02 9.158005620171109917e-02 1.202539861012674877e-01 1.199860873621427376e-01 1.185553319040949100e-01 9.169883209920356992e-02 9.121228464624195342e-02 8.209037637256630382e-02
1.002322881080383449e-01 9.163193292667823342e-02 9.159562018685053764e-02 9.140906746266964922e-02 1.154998815162027737e-01 1.152768035564475102e-01 1.226804312934150210e-01 9.154037293669645137e-02 9.276520008329550149e-02 8.736840192970599106e-02
1.018339487424560763e-01 9.062258177452904573e-02 9.059831481127604558e-02 9.043036451602773362e-02 1.246116995997295501e-01 1.243664360271032193e-01 1.168494804534710996e-01 9.054014579037650279e-02 9.156115685405931404e-02 7.858587143097137129e-02
1.011491861191055469e-01 9.201714712485731251e-02 9.190513703878530616e-02 9.181553939358381988e-02 1.195844010435411636e-01 1.192287498433522164e-01 1.156834603052257632e-01 9.197345804609946551e-02 9.401360823840529402e-02 8.262931284704416734e-02
1.003815714960598904e-01 9.285966613610913134e-02 9.275112224035857167e-02 9.267394039864133848e-02 1.200246416799953253e-01 1.196859330507700075e-01 1.169918529192691958e-01 9.282207746329479425e-02 9.138674431719384650e-02 8.042245029830788483e-02
1.073261582627099836e-01 9.481888943398017466e-02 9.479894517660876485e-02 9.470339988242694462e-02 1.070739074048619038e-01 1.069742926344978834e-01 1.056231970367516454e-01 9.477203281305367211e-02 1.062836139006914093e-01 8.762556345441757655e-02
9.640088626012660589e-02 9.457178771060648081e-02 9.459741158744564005e-02 9.450984310952598166e-02 1.142387572399915785e-01 1.141970193093608532e-01 1.152535278663968654e-01 9.452872637751988383e-02 9.321687286559902919e-02 8.848516767342709533e-02
1.007498549915535196e-01 8.693529990719567335e-02 8.691771072155135558e-02 8.670752212636530232e-02 1.226492178489364121e-01 1.223834049750926606e-01 1.386073725897200570e-01 8.683207569471554366e-02 8.679090381507223451e-02 8.142663732979719959e-02
1.019150432869875139e-01 8.966740574097765981e-02 8.967127125631038642e-02 8.938438745822166465e-02 1.211024573461898235e-01 1.208728938059249886e-01 1.322447466692839857e-01 8.952643178859336082e-02 9.314771461038583167e-02 7.246764803712479885e-02
1.008841479690754522e-01 9.209098947539824664e-02 9.204850907039921482e-02 9.185592205107630248e-02 1.242760201277030296e-01 1.239891754345011088e-01 1.094706591547146141e-01 9.199647310089359431e-02 9.273588397525668603e-02 8.065221964098172325e-02
9.529074947941880425e-02 8.833423867648254602e-02 8.834188809724682900e-02 8.815163595721907386e-02 1.267325188470977970e-01 1.265253346011053215e-01 1.311738250671856398e-01 8.824077734966802311e-02 8.783522972913726523e-02 7.937380219543871407e-02
9.823506851711324983e-02 8.943829609995328223e-02 8.941994513992480853e-02 8.929495185169764038e-02 1.246148331615025417e-01 1.243983159121283127e-01 1.298477806861874917e-01 8.937696290332844407e-02 8.776890008415093314e-02 7.760494564401329565e-02
9.844197997839351788e-02 9.117384913255578704e-02 9.112015540080903309e-02 9.097685989303996856e-02 1.221167168371834616e-01 1.218364058291132035e-01 1.209887387159346572e-01 9.110359956106693635e-02 8.996106043573598443e-02 8.228063421616749196e-02
1.002433166247334723e-01 9.175128403239690700e-02 9.167570595890163487e-02 9.160872848025908288e-02 1.178863137084385088e-01 1.176258144142840190e-01 1.231465871754093971e-01 9.171862014927258111e-02 9.144398390306501812e-02 8.289964555323933726e-02
1.001038833490849878e-01 9.143299211938929472e-02 9.144024605344822088e-02 9.119047528210386111e-02 1.240568410736495736e-01 1.238488257385963881e-01 1.151300674915349265e-01 9.131027221194976118e-02 8.948079559352856149e-02 8.200560108671446635e-02
1.015650936684996120e-01 9.164840995233812515e-02 9.154910872969172775e-02 9.137906954150570860e-02 1.208890490456276806e-01 1.205089520227824729e-01 1.191444403602976571e-01 9.156509647775090688e-02 9.237362515297135868e-02 7.937715504853470883e-02
1.047020300703441487e-01 9.203139300614893159e-02 9.199287807724723653e-02 9.180558815592358701e-02 1.179606930710835472e-01 1.177216228280974636e-01 1.155204751321082801e-01 9.193947503535294941e-02 9.656486739745187564e-02 7.976097722624198028e-02
1.042178390171663860e-01 9.162110851372998188e-02 9.165351844723371166e-02 9.146666310089104912e-02 1.191613965719848234e-01 1.190614503570222443e-01 1.143008308156166636e-01 9.152927370025427944e-02 9.293899177314779436e-02 8.404892770295310789e-02
1.021002163924325384e-01 9.143588520772488737e-02 9.147219068432148326e-02 9.115109751741733157e-02 1.211993899509285905e-01 1.210334817862233486e-01 1.225387064203179860e-01 9.127806064442200995e-02 9.372043734719263941e-02 7.407053404901915716e-02
1.033791262661268862e-01 9.030887966124695465e-02 9.028955054101350797e-02 9.007196483572642298e-02 1.250837927956086337e-01 1.248191740119222459e-01 1.143662157886111558e-01 9.020202491298377756e-02 9.322582718437143201e-02 7.825344400238898324e-02
1.010206542299203480e-01 9.248655327290793149e-02 9.247392089650723068e-02 9.234514955059822117e-02 1.169533767438934307e-01 1.168012422734725220e-01 1.168001388362651244e-01 9.242335171149215767e-02 9.422656860866608641e-02 8.446904387627685029e-02
1.050230674661849356e-01 9.165065891466457615e-02 9.162910403164049866e-02 9.147520952394767868e-02 1.167027362774857718e-01 1.165179728528134562e-01 1.173713574484532840e-01 9.157512874874017272e-02 9.438234363964176366e-02 8.367242109642783476e-02
1.044449507053334114e-01 9.707875707657034892e-02 9.709336737543919349e-02 9.716610743290685082e-02 1.042268765905227795e-01 1.042589752931073338e-01 1.077433076781975779e-01 9.711438065172579848e-02 9.784296211360021811e-02 9.303031508259648752e-02
1.022325600530598760e-01 9.189722437339245542e-02 9.181932523270787405e-02 9.161311263249882764e-02 1.186480456341652973e-01 1.183138815687936329e-01 1.155814614810858482e-01 9.179606353055745627e-02 9.312550995130561282e-02 8.497281554243310553e-02
1.055201252464904593e-01 9.499522740091456696e-02 9.488968921180707117e-02 9.480738610874696326e-02 1.130080878570540043e-01 1.127353591124624355e-01 1.060924266487540818e-01 9.495511272252982193e-02 9.753174966892817765e-02 8.546483602231244592e-02
9.990681021321295985e-02 9.528330758144243351e-02 9.509814093666323076e-02 9.509673119074545100e-02 1.132085244916154476e-01 1.128255822533495156e-01 1.147366615932140649e-01 9.528324910596709663e-02 9.243008994974462322e-02 8.613090268404516303e-02
9.965018917248923136e-02 8.794013012388973705e-02 8.791318257172010819e-02 8.775014474506932782e-02 1.242595777523775591e-01 1.239945847134356349e-01 1.303906213299827199e-01 8.786011203287699689e-02 9.179479806309782941e-02 7.844665949506086922e-02
1.022791301967997946e-01 9.002255748179492645e-02 9.002026915992757117e-02 8.974068857706561653e-02 1.241185830054569728e-01 1.238643704311303828e-01 1.256731510878092428e-01 8.988518321136625133e-02 9.233653729111726549e-02 7.205952955753197609e-02
9.977803339092107537e-02 8.653435416365058697e-02 8.654201480919633538e-02 8.641614706796187095e-02 1.257077806888802773e-01 1.255316419617684698e-01 1.349545805317294844e-01 8.647252973080644944e-02 8.881353240376159419e-02 7.924938525132382838e-02
1.002134430072310761e-01 8.925779109673746825e-02 8.930504830723794141e-02 8.903517455295605065e-02 1.220983637676530398e-01 1.219679321352340889e-01 1.332582554274026887e-01 8.912513866218028935e-02 8.957370541968096012e-02 7.616514762368635505e-02
1.016648638034598762e-01 9.266767033653364183e-02 9.263979169407271508e-02 9.244833057182334779e-02 1.200203205286497765e-01 1.197938211806227338e-01 1.149654809410560197e-01 9.257368228208934235e-02 9.282786214900248800e-02 8.039817651269005883e-02
1.044961708684080670e-01 9.309637516284065273e-02 9.308456833063734337e-02 9.298083351551467146e-02 1.147345015509273758e-01 1.146076622590347788e-01 1.157918415943626628e-01 9.304547330093015933e-02 9.790491831621138397e-02 8.025765510113290480e-02
9.750645078103822860e-02 8.862424666166998644e-02 8.860251926333147232e-02 8.847975358072550367e-02 1.262478855427080215e-01 1.260108021746803864e-01 1.248894932453864098e-01 8.856401569043206856e-02 8.774085252455592066e-02 8.333398053547194650e-02
1.059211559031267014e-01 9.434220816521479702e-02 9.436172806062541329e-02 9.434433275201950519e-02 1.097214320256438697e-01 1.097094268213139601e-01 1.109166381864551548e-01 9.433360401522129790e-02 9.713703103508257442e-02 8.921244303529675401e-02
9.752178408175807278e-02 9.218896208967887473e-02 9.206364436344767477e-02 9.198854842803559639e-02 1.196472136885734366e-01 1.192716824670928405e-01 1.187104871274270029e-01 9.215244611969233834e-02 9.216722377465440263e-02 8.428800785963977416e-02
1.022498877810488066e-01 9.199580609796224884e-02 9.189636342713185246e-02 9.174230745537997889e-02 1.203532234905092257e-01 1.199875185809589351e-01 1.143792293253609177e-01 9.192036214242418901e-02 9.496393831929919593e-02 8.051136337992464975e-02
9.633985322828905740e-02 9.483678104131583464e-02 9.485218767978025045e-02 9.484880290312659723e-02 1.125458898243539979e-01 1.125260288254802260e-01 1.168360701343082592e-01 9.483506470792096854e-02 8.785924429207393749e-02 9.452007736335092669e-02
1.031752843381118223e-01 9.248847172068019873e-02 9.252068551434808330e-02 9.228772466614391934e-02 1.223522017247055949e-01 1.222207092044896720e-01 1.067919206631706974e-01 9.237398262955219541e-02 9.349451093985919337e-02 8.229450859893862325e-02
1.047437350573161702e-01 9.106935477037876592e-02 9.107809657467601239e-02 9.099601559822301233e-02 1.169352035931425782e-01 1.168415931255882279e-01 1.182358325336505256e-01 9.102903346381943650e-02 9.717395740472895005e-02 8.189717787847636266e-02
9.985885437312168322e-02 9.207117960846743221e-02 9.202104667397288662e-02 9.185045543710675109e-02 1.162839990265690099e-01 1.160389756224177032e-01 1.237514187608314831e-01 9.198749786169969911e-02 9.329036681719800328e-02 8.284620581861530664e-02
1.014795252756252320e-01 9.223855582834365741e-02 9.221768729947996124e-02 9.200620270996880123e-02 1.184724684216524326e-01 1.182567631494842592e-01 1.200896024254864691e-01 9.213470723469277535e-02 9.382431222883473587e-02 7.928017542643167603e-02
1.025807908300408744e-01 9.360111780074925614e-02 9.360611825176300138e-02 9.337884789114035688e-02 1.179281940852039828e-01 1.177677703702271067e-01 1.077878104037698626e-01 9.348946741936076110e-02 9.381731780559358913e-02 8.604256514215113949e-02
1.024472855612029026e-01 9.017768151726736348e-02 9.020147383474566571e-02 9.013933954223014855e-02 1.165511994220998215e-01 1.164960549004677437e-01 1.265377321446521097e-01 9.014710994360894403e-02 9.141097021459347605e-02 8.589115291913183847e-02
9.883343191216353851e-02 9.091152931168088036e-02 9.083643324519911910e-02 9.064033900113929731e-02 1.209706767355826912e-01 1.206230228663879855e-01 1.247843901715110365e-01 9.081534237105211294e-02 9.167787015457312672e-02 7.990696423071017018e-02
1.002523637844217469e-01 9.132438997635769495e-02 9.125485906398350666e-02 9.117682237879985718e-02 1.153659266335047562e-01 1.151245047646195230e-01 1.253006487012583436e-01 9.128627121877105899e-02 9.489534717459213731e-02 8.401886630369137521e-02
1.031719351515876376e-01 8.875985698939707624e-02 8.877344962075449375e-02 8.858811935351833255e-02 1.209751534837847642e-01 1.208144861655089941e-01 1.292899772172828032e-01 8.866880449082441273e-02 9.300670155033391451e-02 7.795151597700752943e-02
9.875084966201683190e-02 8.907183449505025330e-02 8.911492086431048454e-02 8.892264926269247138e-02 1.231009274447653623e-01 1.229965339960988613e-01 1.318968238657801662e-01 8.897731949391654571e-02 9.017253303480755877e-02 7.699560788056147853e-02
9.859883908627700699e-02 8.802693762694539792e-02 8.806683085144144385e-02 8.791768566979571431e-02 1.267063251193287776e-01 1.265998043014902874e-01 1.232175842134564103e-01 8.795360976000225761e-02 9.265668735967640124e-02 8.025569601158630273e-02
1.017975733626005352e-01 8.930708389252878243e-02 8.931429530859714971e-02 8.916894016954725333e-02 1.241508415664929893e-01 1.239846924162280872e-01 1.255536606963532642e-01 8.923568753103496010e-02 9.070184715711489265e-02 7.678537789950207193e-02
9.860904690488676849e-02 9.183080673610252709e-02 9.171402084579287350e-02 9.162177763762099914e-02 1.183826671278745551e-01 1.180229544086328491e-01 1.230930523039589913e-01 9.178582825832055925e-02 9.069022786635004552e-02 8.424961791045991466e-02
1.122972119080538761e-01 9.345874856798395969e-02 9.329285602203050976e-02 9.241697094964908266e-02 1.423109114216892235e-01 1.411682435374550793e-01 8.640773211944825782e-02 9.302660701968866463e-02 9.433283824837317144e-02 5.128788020562820987e-02
1.050688978145564445e-01 9.278890944439059651e-02 9.273760377027417956e-02 9.261882873137042282e-02 1.166365532029811913e-01 1.164151707603535979e-01 1.153846348826651769e-01 9.273071408775213076e-02 9.590306239208540307e-02 7.971562491357081504e-02
1.016505340850122063e-01 9.237290189240240923e-02 9.228774230942493606e-02 9.210599281913628422e-02 1.189082089966806144e-01 1.185725820051628659e-01 1.160543710160199388e-01 9.228379775050046807e-02 9.452463532741935126e-02 8.123923379824091184e-02
9.909292999531410517e-02 9.195339785625783469e-02 9.191862463450668763e-02 9.181613126606344433e-02 1.215583096469697311e-01 1.213473951182293953e-01 1.177274198293492280e-01 9.190316438876658389e-02 8.963605392283452433e-02 8.304657334170846561e-02
9.616003486232245490e-02 9.109673535083574747e-02 9.107508573462405610e-02 9.100511402163787011e-02 1.192107162377483431e-01 1.190502325173182496e-01 1.291088176887445482e-01 9.106244581476986844e-02 8.720302064276762299e-02 8.502779712923122513e-02
1.036854344333824202e-01 8.921567749324735286e-02 8.917110710816480990e-02 8.893392731567814624e-02 1.246065501432976619e-01 1.242675393320178540e-01 1.220513091080993873e-01 8.909921608482708477e-02 9.206124926564968058e-02 7.690798971563563013e-02
1.033894741784177618e-01 9.228044750704482435e-02 9.226753244397581377e-02 9.214622265204648610e-02 1.161652927276223407e-01 1.160184835593297964e-01 1.179758430738986064e-01 9.222091302230431276e-02 9.662806479124919079e-02 8.090772604411085311e-02
1.011147109157004564e-01 9.162963051746966792e-02 9.151902956798679822e-02 9.124994341513519014e-02 1.232015023145749122e-01 1.227293615040601082e-01 1.201351486270258589e-01 9.149754386192300581e-02 9.235468098642161949e-02 7.456844828970239647e-02
9.573197467773714164e-02 9.182117827802727117e-02 9.176156100438966068e-02 9.170890538602773090e-02 1.196967949986163238e-01 1.194662610919924872e-01 1.191050113768575142e-01 9.179550795025438747e-02 9.286682075607395614e-02 8.604598448002355460e-02
1.007134590352444792e-01 8.994214007615659867e-02 8.980310410809523580e-02 8.964726105241606346e-02 1.235598259408760835e-01 1.230603422906598604e-01 1.244289188863675066e-01 8.986589447446365064e-02 9.032273090672797433e-02 7.865632322899256124e-02
1.003797136227654735e-01 9.283083287809301698e-02 9.277309860571662792e-02 9.267811833720980552e-02 1.145064208830554320e-01 1.142948165946491984e-01 1.166563446600477338e-01 9.278435279077260067e-02 9.654792669188240473e-02 8.654837493580776198e-02
1.057507087016042735e-01 9.289804639492142690e-02 9.286585411715771177e-02 9.264191459550491503e-02 1.226730106638806023e-01 1.224083322434703497e-01 1.078702201148435402e-01 9.278809019852153617e-02 9.186789385072376135e-02 7.823592911937185534e-02
1.033550784589126886e-01 9.071129468482637404e-02 9.068920183289594372e-02 9.045310604987773229e-02 1.196956088889250952e-01 1.194492109115245226e-01 1.206599040284458690e-01 9.059533917867609865e-02 9.602949596706278346e-02 7.836175999885287846e-02
1.005281282687506272e-01 8.814591103917110426e-02 8.809680961051802317e-02 8.796037855049831933e-02 1.212566489396021824e-01 1.209734484886858252e-01 1.330367963014061627e-01 8.807902380188065150e-02 9.262816020803051054e-02 7.929469479145662136e-02
1.043664272590426184e-01 9.372886299916069475e-02 9.370694714194072183e-02 9.367004027417062673e-02 1.126438049293597837e-01 1.125377084426363722e-01 1.123178904733701106e-01 9.371081454795020249e-02 9.850488248961221383e-02 8.481262144275666937e-02
1.000443018085426933e-01 9.134412019022621065e-02 9.129461003302974387e-02 9.115553722655717062e-02 1.227544458999251242e-01 1.224828020271438861e-01 1.186313884516453226e-01 9.127593824407484457e-02 9.105632171265898300e-02 7.996053440619602104e-02
1.054330964923139297e-01 9.297559477282343887e-02 9.295175400547922573e-02 9.282022944099949102e-02 1.172075113650093703e-01 1.170330855116703678e-01 1.124419490018780804e-01 9.291106659575910920e-02 9.272012355037424769e-02 8.350558926369279489e-02
9.918614495795569086e-02 9.220890862822092582e-02 9.216593785188044452e-02 9.200945761605039408e-02 1.219408680127885281e-01 1.216855405768445531e-01 1.143809787095048519e-01 9.213215286034354135e-02 9.191163595136060682e-02 8.237837483505049130e-02
1.057679474508005646e-01 9.101161429653756296e-02 9.099974810962017935e-02 9.088443453892681989e-02 1.145468755999987792e-01 1.144058606269633821e-01 1.233311606328245102e-01 9.095502300356270164e-02 9.548775585313569458e-02 8.260957988762980542e-02
1.006163195190532822e-01 9.021583708342194308e-02 9.017179459960866783e-02 9.008019945874636003e-02 1.256622425532806231e-01 1.254026843157277915e-01 1.192501697633786273e-01 9.017098328334481605e-02 8.962892267654964940e-02 7.880084674688818402e-02
9.541238308185327754e-02 8.850023416879702898e-02 8.846172644682225028e-02 8.833690048130801720e-02 1.259063897181113278e-01 1.256287171624160537e-01 1.295923552707378690e-01 8.843902961422481224e-02 8.751068668459788258e-02 8.221157737113156394e-02
1.003828548950813082e-01 9.353862298970147537e-02 9.350593486421349132e-02 9.335462576761666131e-02 1.172117778212851680e-01 1.170140094603601411e-01 1.160391187711451583e-01 9.346438942255978766e-02 8.738441083865831904e-02 8.810425516937853141e-02
1.015778758266763365e-01 9.147066038215981298e-02 9.142479809463409379e-02 9.119157237498103086e-02 1.230941010288673643e-01 1.227821462973655159e-01 1.149569390384464485e-01 9.135615218234209578e-02 9.586614411168421779e-02 7.627961066284306979e-02
1.040767015755033609e-01 9.175851431269926861e-02 9.177552194782871708e-02 9.171225658621424970e-02 1.138416990592180378e-01 1.137862948582134270e-01 1.178492869268338433e-01 9.172740714033396359e-02 9.536733607758020315e-02 8.810498151557498436e-02
9.619552079012899659e-02 8.896946519870267689e-02 8.893423064135631828e-02 8.889424154245552379e-02 1.244388499457072111e-01 1.242260290675676615e-01 1.295012155085843719e-01 8.894994380892608243e-02 8.674998030671760008e-02 8.314052318985352963e-02
9.788371263299082414e-02 9.091855100261546363e-02 9.083619412862670162e-02 9.058932840196429193e-02 1.265212560270174147e-01 1.260901367537751450e-01 1.200626881535038909e-01 9.079737543741575601e-02 9.223868908973993641e-02 7.406206837235050633e-02
1.009001915457496817e-01 9.352137424317889802e-02 9.346039533718392134e-02 9.311521455498729394e-02 1.222448170746804758e-01 1.218680254513260786e-01 1.113914938326235338e-01 9.335175608076089204e-02 9.351062343504590313e-02 7.663610844446333559e-02
9.930301203732859461e-02 9.155259617737805666e-02 9.147446681348106456e-02 9.119426523506544979e-02 1.231712301456130837e-01 1.227646123942393586e-01 1.228095705695333439e-01 9.141499715185533170e-02 9.293364473549836635e-02 7.338160474000736400e-02
1.045194433748473928e-01 9.928710930298763337e-02 9.935476934436174301e-02 9.935966725450140480e-02 9.919254347831805985e-02 9.928963817963341876e-02 1.007279623118301770e-01 9.928927466484162301e-02 1.018826610279735118e-01 9.709693106070500790e-02
9.232549420812032059e-02 1.006286853681181981e-01 1.006836015906088927e-01 1.007126726851427512e-01 1.010341905234237725e-01 1.011207946894262105e-01 1.056334054059889366e-01 1.006427456493758366e-01 9.246552410382082032e-02 1.047528857759743026e-01
1.022503103380813100e-01 9.062172042197891297e-02 9.065482150173320708e-02 9.059874919822163974e-02 1.135239839260390321e-01 1.135007719143125010e-01 1.260325960711555782e-01 9.059409649176537738e-02 9.494109460174833537e-02 8.728185553496412008e-02
1.002382671084916937e-01 9.278401504475006223e-02 9.276889102917081076e-02 9.266422693189380055e-02 1.151300642282634956e-01 1.149932836622473697e-01 1.188129636402301265e-01 9.273266500348567587e-02 9.486472796913891781e-02 8.501089538232803333e-02
9.901132746840067556e-02 9.135716791123653369e-02 9.131127550452607100e-02 9.112641164372010938e-02 1.182836430258502186e-01 1.180241549960178854e-01 1.280727810044141046e-01 9.126645589896584254e-02 9.374719784939940237e-02 7.779958469746917071e-02
1.010544262519836867e-01 9.336561802802462173e-02 9.325581871665271361e-02 9.306715621073670397e-02 1.182191108216773950e-01 1.178436087663110171e-01 1.126880463002868232e-01 9.327315865001020723e-02 9.294043928237026575e-02 8.429261697194657954e-02
1.038892773030870714e-01 9.092604425031670934e-02 9.087024307991654892e-02 9.064561298676157564e-02 1.202471344737408715e-01 1.199321806589304651e-01 1.195139599139397601e-01 9.081577990987359239e-02 9.418542894449485892e-02 7.897433847893854664e-02
1.023482665026478888e-01 9.193030103988859836e-02 9.194955692736615782e-02 9.175143770497924678e-02 1.199717593195985671e-01 1.198369297181046123e-01 1.155635551051029386e-01 9.183295530770647919e-02 9.213921805556182787e-02 8.267602031904371096e-02
1.021631754211426019e-01 9.163184622784086020e-02 9.153162864787015018e-02 9.130009673893174638e-02 1.254370762923020521e-01 1.249886313075336125e-01 1.125196593986699939e-01 9.151825071865317407e-02 9.263612154795491938e-02 7.627351369910088941e-02
1.022399922214011769e-01 9.236606651748499597e-02 9.239032718212127071e-02 9.223642424966844999e-02 1.166709380415969916e-01 1.165818025951333575e-01 1.224620188308623708e-01 9.229043534379141600e-02 9.045196856597428892e-02 8.231002645196562606e-02
1.041878533632914772e-01 9.250112176310019974e-02 9.252562167870533039e-02 9.231759220481121353e-02 1.156889597949508630e-01 1.155801979610894259e-01 1.177527180503167153e-01 9.239889720032855303e-02 9.349990352684930950e-02 8.354713445655691240e-02
1.017711496123352710e-01 9.157694652300721327e-02 9.151639693874472070e-02 9.126133247676093685e-02 1.242476588598852016e-01 1.238850667999857047e-01 1.159612168483483419e-01 9.145170781185417430e-02 8.919199298211927252e-02 7.913653114695917701e-02
1.013102041690393806e-01 9.155261595248284645e-02 9.144490327606137614e-02 9.130591683438772643e-02 1.203266995955721702e-01 1.199470344031856039e-01 1.185422419974227620e-01 9.148460744970476899e-02 9.223365131040123233e-02 8.185212501174209121e-02
9.876568245297479010e-02 8.986798576939304672e-02 8.980672765390271262e-02 8.966266197306205221e-02 1.248056310348978903e-01 1.244809743155701059e-01 1.223771938024004330e-01 8.979737228464723664e-02 9.145329014995903782e-02 7.898248056319263910e-02
9.587885382522763622e-02 8.853476735321844093e-02 8.856717623883793300e-02 8.848609054024299259e-02 1.276384459758660439e-01 1.275501055972330933e-01 1.252073938504381090e-01 8.849487023995880608e-02 8.916890215743084047e-02 8.047339422154609068e-02
9.941689511376171351e-02 9.017466056182503464e-02 9.017581929287686593e-02 9.007001907124992379e-02 1.201125552437895400e-01 1.199750561777500335e-01 1.274505763023519866e-01 9.012271032663680959e-02 8.830878335898348364e-02 8.419292455077460879e-02
9.635507054329114918e-02 8.853598796774744817e-02 8.848415436918452559e-02 8.830098586091621182e-02 1.261097473047819162e-01 1.257668596502158898e-01 1.335795517677411948e-01 8.844611614067619809e-02 8.970795296947085828e-02 7.471357342597462203e-02
1.020222233555684727e-01 9.582243769486910312e-02 9.567829969224778131e-02 9.553992134240422984e-02 1.160989156984319759e-01 1.157166390991519050e-01 1.043658179472790326e-01 9.575482000845034203e-02 9.630138058615772545e-02 8.269954457543940429e-02
1.000944344148804871e-01 9.041292767013023313e-02 9.038431782809379367e-02 9.006958597647711506e-02 1.263211893223552540e-01 1.259765193504136793e-01 1.233671854815785868e-01 9.025827542962919225e-02 8.843653989403332805e-02 7.467902463240837230e-02
1.016160466968025894e-01 9.475092296952812576e-02 9.470017142515198272e-02 9.452872497910150273e-02 1.160856624131818837e-01 1.158573064393942226e-01 1.057955924435808326e-01 9.466682560122460788e-02 9.368139268635686245e-02 8.831735434567740406e-02
1.020916909917457122e-01 9.605619808709085772e-02 9.598740551260231957e-02 9.586763651033053391e-02 1.125663553597712058e-01 1.123537021751938453e-01 1.110129083489979629e-01 9.599755976973094185e-02 9.245568730608053065e-02 8.561085593845607633e-02
9.498464864213281011e-02 8.555358796622609951e-02 8.556345691025686595e-02 8.543703675289904265e-02 1.283115174933049385e-01 1.281231009191150516e-01 1.430780573557936808e-01 8.549148683862067832e-02 8.678945705737677041e-02 7.666765006427396500e-02
9.603221903157009576e-02 9.494170284756399403e-02 9.490018373214199887e-02 9.495748453992948479e-02 1.140256509697573778e-01 1.139223961943598845e-01 1.138291243360389643e-01 9.496997544992341611e-02 8.918907319898441988e-02 9.323218969973041947e-02
1.023556002354093358e-01 9.775134889760976609e-02 9.767860626752027098e-02 9.759110351089714253e-02 1.118600593461988729e-01 1.116667619616726198e-01 1.029619282142242159e-01 9.770858884760477703e-02 9.120589325981191819e-02 8.922010945905109458e-02
1.036603895564002925e-01 9.090100677706756949e-02 9.085443140759014158e-02 9.071080730506168865e-02 1.197116815974918064e-01 1.194590092428465117e-01 1.205297646783670545e-01 9.083057962690008202e-02 9.369130434191269563e-02 7.965102546636218528e-02
9.964210361007386219e-02 9.302083181050478655e-02 9.309025593342505622e-02 9.296274517148488126e-02 1.170561219481108250e-01 1.170697570192189146e-01 1.158810723850147023e-01 9.295805633043803529e-02 9.251499535086576964e-02 8.580406044086320849e-02
9.908466584942429711e-02 8.910796433615962575e-02 8.909447318059185439e-02 8.899599252131283611e-02 1.218254258736486267e-01 1.216459563708391922e-01 1.354125490713002367e-01 8.905964675309920031e-02 8.984598715364161547e-02 7.592733888998252911e-02
1.031753277513258182e-01 8.991052887337215582e-02 8.984631765082917720e-02 8.966948490279072481e-02 1.232942998187192690e-01 1.229562046799730080e-01 1.220499471705664279e-01 8.982380001866326069e-02 9.067589170139060684e-02 7.859819743236953760e-02
9.860454270458385295e-02 9.490522408632182105e-02 9.487398516437710316e-02 9.488946403119150053e-02 1.103006658691730174e-01 1.102128265243084992e-01 1.213310932286406629e-01 9.491292845631836561e-02 8.827100660206047000e-02 9.169826333302472099e-02
1.085017800924722442e-01 9.432086504358658252e-02 9.439385556987774095e-02 9.437140101899323119e-02 1.116246170292433115e-01 1.117018268733284969e-01 1.047309394390441295e-01 9.430960469438855187e-02 9.440369908198738280e-02 9.164141115707834240e-02
1.016981902721040831e-01 9.542643520283317082e-02 9.542142471214087873e-02 9.529283215624076431e-02 1.149709598468425381e-01 1.148556301902915883e-01 1.059924510084928467e-01 9.536330481129270953e-02 9.498324860077246579e-02 8.599552319898892683e-02
1.012410677803347731e-01 9.095665454833223862e-02 9.089939496669544039e-02 9.074870379703650625e-02 1.183813233840047691e-01 1.181109445863462309e-01 1.229818891924731733e-01 9.088277478708443879e-02 9.642880229274986004e-02 7.936844466494259731e-02
1.010004938244310896e-01 9.122830300732316655e-02 9.115599490741900512e-02 9.105585585136474758e-02 1.220935475785037555e-01 1.217944472281256296e-01 1.198677422654522984e-01 9.117932299751202452e-02 8.929315254667574697e-02 8.133113979319256392e-02
1.007387925986205218e-01 9.363991514289858598e-02 9.347983778619425865e-02 9.331414086681286135e-02 1.170769191197909564e-01 1.166238281550328604e-01 1.218440688033254060e-01 9.355886821428550937e-02 9.367309087974712289e-02 7.605053843329191710e-02
1.017572178200886468e-01 9.351026485914404329e-02 9.345809720502755436e-02 9.326842812447164177e-02 1.184482705160858074e-01 1.181874230281651644e-01 1.112356138181784526e-01 9.341720395242765485e-02 9.366064132492522842e-02 8.305683935148576447e-02
1.030915414360547705e-01 9.366043228149376065e-02 9.359301018449510401e-02 9.345156864954456966e-02 1.194287964771373611e-01 1.191543994639167880e-01 1.077311633152309572e-01 9.359112830113877624e-02 9.481226509688465975e-02 8.148569479410328054e-02
1.020162895219775684e-01 9.222499892415561562e-02 9.215893895839771810e-02 9.211356983050954239e-02 1.154475905856232748e-01 1.152329540913270001e-01 1.161110913178315801e-01 9.220292942713846640e-02 9.679747339818442486e-02 8.569416394485479538e-02
1.021286515493172870e-01 9.288764879803748653e-02 9.281625436453300182e-02 9.265015861101189021e-02 1.175830020208743637e-01 1.172952768492809689e-01 1.115529831922787429e-01 9.280622271346034013e-02 9.500906371912834492e-02 8.527073818207753231e-02
1.008082979494634851e-01 9.386442276190727629e-02 9.382620485568997359e-02 9.359520118115506604e-02 1.180266267284276471e-01 1.177796998353196067e-01 1.128690741433957673e-01 9.375100191925649085e-02 9.528275620804906032e-02 8.019671441733566830e-02
9.850840451062641001e-02 9.260768406578154255e-02 9.265820758002887847e-02 9.253260930312620647e-02 1.198781439565113766e-01 1.198460246931889600e-01 1.134318282252814031e-01 9.254589201617867411e-02 9.072848062329288976e-02 8.726272502598364511e-02
1.016502877819942530e-01 9.346795706938373915e-02 9.350695624082186463e-02 9.327951660758775076e-02 1.197975767607315084e-01 1.196972427915098253e-01 1.077201771005820985e-01 9.335617158823962536e-02 9.333550127232240201e-02 8.418861278682696070e-02
9.677788597231082313e-02 9.093518795552318901e-02 9.089863704286813006e-02 9.079861234009055371e-02 1.192801382541181232e-01 1.190724363910944661e-01 1.264489855210753355e-01 9.088617180403689433e-02 8.960420380895560422e-02 8.529774090992683910e-02
9.852357828660207595e-02 8.766753304851984674e-02 8.766852811857582528e-02 8.757130697041018430e-02 1.191149359919312090e-01 1.189737553589523544e-01 1.429455050833098873e-01 8.761979656656034010e-02 8.816671151253170635e-02 8.174834906260658451e-02
1.031301215740582644e-01 9.394899150582718128e-02 9.395792647339741566e-02 9.377849755031199275e-02 1.160575660683093729e-01 1.159359199031778920e-01 1.079563035331251447e-01 9.386085082886416742e-02 1.011087049452216308e-01 8.026511761770689646e-02
9.988624878663489304e-02 9.049959726986829545e-02 9.053698295819671837e-02 9.028142397401378583e-02 1.238651648353337187e-01 1.237180522607190664e-01 1.205907388284003512e-01 9.037399299016632415e-02 9.135581402822011421e-02 7.889198406844674660e-02
1.008659982133921218e-01 9.151956004935826727e-02 9.147971368360330313e-02 9.124672011049606013e-02 1.183921031211329356e-01 1.181229446702649760e-01 1.218495945977110667e-01 9.140515759156582487e-02 9.283904272642236333e-02 8.227916523605306731e-02
1.035133177183815700e-01 9.331023234373539421e-02 9.335458462207464614e-02 9.314576627802476083e-02 1.157216821399177781e-01 1.156543653902782770e-01 1.153971376572941049e-01 9.320758725659494814e-02 9.313836251759990970e-02 8.355696407609862486e-02
1.045652326935567200e-01 9.365713577574716342e-02 9.352942436294535422e-02 9.326726346281323521e-02 1.226047921029923271e-01 1.221254589956945330e-01 1.055615573877120156e-01 9.352849195633534951e-02 9.527470859054912311e-02 7.588593467165422046e-02
1.008673525978501795e-01 9.151291407063616434e-02 9.155572687267718446e-02 9.129239514803876021e-02 1.240648135683043718e-01 1.239298651292251169e-01 1.170496600775937923e-01 9.138348340393719071e-02 9.064664098357609612e-02 7.769714814816115755e-02
9.618007382034024499e-02 8.894341437421594831e-02 8.893539268712394308e-02 8.888649351598598702e-02 1.217865605401713680e-01 1.216443601986715445e-01 1.309469359920233111e-01 8.891943404029473141e-02 9.036357408732080543e-02 8.339376074385211612e-02
1.028584246137795866e-01 9.462632059110115401e-02 9.453580625885445177e-02 9.441227056883126634e-02 1.156702903587015080e-01 1.153887249287710026e-01 1.103922991443020418e-01 9.456588073883878676e-02 9.537066666939332527e-02 8.217931612742696013e-02
9.587116456611312343e-02 8.934689231265290077e-02 8.930809603242392813e-02 8.915593815471291317e-02 1.207226977342407831e-01 1.204663747554944875e-01 1.365623680957651909e-01 8.927225008003662754e-02 9.047277775966756919e-02 7.882144050889249021e-02
9.456312041597333962e-02 9.677842811227681252e-02 9.676514367599960142e-02 9.679954146748850907e-02 1.093257389134001806e-01 1.092857229211072340e-01 1.080820904607866922e-01 9.679535257027926942e-02 9.073186335874514064e-02 1.008729981039432066e-01
1.024822697022385182e-01 9.253242438809665404e-02 9.249009447417705365e-02 9.242669800981656580e-02 1.166233363973254167e-01 1.164433085521004579e-01 1.179098101210092897e-01 9.250142502840169589e-02 9.537891064862065449e-02 8.121172267821366586e-02
