1.170217789960627530e-01 7.353053020670217987e-02 1.078174676328072651e-01 9.245733229752178817e-02 1.151911554463735526e-01 9.131713523283542522e-02 1.152542632243563347e-01 9.208893346933041957e-02 1.077969683732818845e-01 8.752443512072843879e-02
1.216465624514380811e-01 7.811156463903519420e-02 1.050556127962747610e-01 9.559774404295222350e-02 1.111879989250350725e-01 9.199213740150173624e-02 1.113411706769984882e-01 9.192060286177695938e-02 1.050152341722978971e-01 8.813137203268953113e-02
1.182835341219190400e-01 8.313422726005947894e-02 1.022177549167800209e-01 9.693388013004271275e-02 1.097230739383506237e-01 9.274898768745760969e-02 1.098081148974049820e-01 9.565942320854313452e-02 1.021904036767007640e-01 8.930060016274166124e-02
1.134296799404786865e-01 7.132145778064011288e-02 1.200573786273838595e-01 9.232837997358427085e-02 1.132655820984125872e-01 8.659694327442392370e-02 1.134048808448743784e-01 8.684942714562778054e-02 1.200337081845636450e-01 8.271256213001081103e-02
1.236551276055181808e-01 7.506190203175916453e-02 1.077232320460556336e-01 9.260819213215679135e-02 1.123608721900702240e-01 9.090421285125506456e-02 1.124945201400930350e-01 9.052623306548626680e-02 1.076810787650617218e-01 8.698462917254391746e-02
1.132971899663534482e-01 9.526342775864454770e-02 1.065362317029878020e-01 9.712982825372974693e-02 1.039108622944060201e-01 9.292489270422636671e-02 1.039571880845147067e-01 8.988463328316007028e-02 1.065129744290857772e-01 9.058277152289148648e-02
1.214792832950735979e-01 7.259804692346011334e-02 1.083378510896408214e-01 9.337780545721448278e-02 1.137415294221894996e-01 9.031141822059117474e-02 1.137798035313589140e-01 9.039549923568021561e-02 1.083235156148671802e-01 8.765524720992400043e-02
1.151131910540237890e-01 7.494054963939883462e-02 1.171648718725452343e-01 9.209618316744570821e-02 1.104915320573518073e-01 9.033918017165513958e-02 1.105945650277950776e-01 8.824855751090360245e-02 1.171486848690130728e-01 8.386268462986773420e-02
1.167336804027054586e-01 8.121579095728925779e-02 1.042675324422152050e-01 9.313944677247512627e-02 1.114797246340047399e-01 9.359145635840664113e-02 1.115236827713967788e-01 9.301682254882752410e-02 1.042544016217133579e-01 9.077746149096588280e-02
1.191338124445791707e-01 7.558947460479614744e-02 1.092623844067210082e-01 9.114947073980628200e-02 1.138009793012418891e-01 9.098524587860756796e-02 1.139736550337063226e-01 9.041577076058454621e-02 1.092182300808347412e-01 8.647097674912233856e-02
1.228081027772495726e-01 7.935820779597721475e-02 1.107791019693814272e-01 9.314035934473974265e-02 1.095792793138243154e-01 8.953697512879701947e-02 1.097509489455449072e-01 8.805852902720974484e-02 1.107372781825842339e-01 8.625121751469183584e-02
1.208087296734547123e-01 6.997991646340105676e-02 1.128827676580885370e-01 9.072116664347611159e-02 1.179555908247646029e-01 8.635852849756624205e-02 1.181789676631709862e-01 8.842721328449992813e-02 1.128305597443608754e-01 8.185655954721691996e-02
1.108721472406956898e-01 7.591918973049993635e-02 1.181264052783274343e-01 8.965335468880630820e-02 1.158120096132511379e-01 8.753887121557925310e-02 1.158903740792907033e-01 8.494148380577912216e-02 1.181036077382152383e-01 8.314255660955521821e-02
1.166170333824244620e-01 6.579268528248166659e-02 1.284334091901767061e-01 8.452309127137568046e-02 1.162543309403902964e-01 8.282405231730498307e-02 1.165069680899251808e-01 8.310097822272027868e-02 1.283797596834115040e-01 7.756769161978922800e-02
1.182135539819525738e-01 6.801990433872963371e-02 1.206511693355102749e-01 8.889745353803502059e-02 1.144237210505363311e-01 8.647439454331412589e-02 1.145766317170791443e-01 8.582556890115167203e-02 1.206191406122409104e-01 8.229846198145025771e-02
1.219540011990037226e-01 7.432367935900910383e-02 1.123316398491799872e-01 9.204794399439086838e-02 1.137097506367214239e-01 8.728082705389733631e-02 1.139131632205088590e-01 8.895405272493668580e-02 1.122778166095688424e-01 8.320712535278312894e-02
1.153966607817740742e-01 7.705765725746310801e-02 1.120134644013824482e-01 9.265703153648686963e-02 1.130408399384336404e-01 9.046902743997710383e-02 1.132414778958639456e-01 9.026210967600263591e-02 1.119639624823579871e-01 8.389776859025820099e-02
1.172303949223863356e-01 7.415082684058880991e-02 1.044565830568539716e-01 9.590968050582088233e-02 1.106741013095910581e-01 9.439841290632369764e-02 1.107188951644717534e-01 9.558754607089067767e-02 1.044512878477850126e-01 9.242227137528775949e-02
1.249342626388348781e-01 7.081610466926137326e-02 1.021777048408940292e-01 9.421032898063078087e-02 1.177760083457303902e-01 9.184108196047818806e-02 1.178718212382869474e-01 9.159491604731813397e-02 1.021486677980208979e-01 8.662910348054439491e-02
1.165267200131664543e-01 7.320192756386198485e-02 1.183512098494382409e-01 9.056955064523225518e-02 1.135824811789140354e-01 8.874068142720921426e-02 1.136839549226179441e-01 8.488486025682664970e-02 1.183327470266666848e-01 8.212586711606646717e-02
1.240425300265118325e-01 7.442233933788809652e-02 1.058546273729596976e-01 9.337364227348368684e-02 1.146820453139670432e-01 9.114576918137792805e-02 1.148199906917895807e-01 8.973812896099776781e-02 1.058143701761056765e-01 8.610655666491870419e-02
1.157658481204628109e-01 8.028540622788384040e-02 1.109252362203409503e-01 9.496179115446073959e-02 1.087064798672021798e-01 9.116570781259739076e-02 1.088619788602346455e-01 9.126655412889331243e-02 1.108923386713829840e-01 8.716865893654113240e-02
1.179514105187946943e-01 7.732952851426960761e-02 1.115892359071340850e-01 9.093890973716844961e-02 1.118945671507057815e-01 8.988497360629497945e-02 1.120517946992984071e-01 9.135178025557529058e-02 1.115485455565727591e-01 8.545925405418593190e-02
1.162443807903542209e-01 7.089386881145956498e-02 1.224724411049271933e-01 8.912479106109423566e-02 1.110671069688953516e-01 8.831602920026251913e-02 1.111916229018670710e-01 8.627148091428676890e-02 1.224561689706293588e-01 8.196210927622372966e-02
1.200848979081411694e-01 7.642845251357327507e-02 1.055674586021589645e-01 9.128047110002883435e-02 1.161931162662518530e-01 9.081380569361503785e-02 1.163097355697951807e-01 9.104487155583036728e-02 1.055265494944691990e-01 8.675064129613607733e-02
1.054354962796279355e-01 5.655312981629095209e-02 1.653277874237456535e-01 7.692525537253881718e-02 1.017796504989917916e-01 7.628527347085833910e-02 1.018719617253801557e-01 7.770683244571714721e-02 1.654140699078758270e-01 7.270054305897336033e-02
1.172590688642403262e-01 8.030058551737542794e-02 1.027759125659689771e-01 9.443119680921720216e-02 1.126011195133860693e-01 9.318279446910585073e-02 1.127113975776270621e-01 9.426446315994239933e-02 1.027426612092370711e-01 8.973080031389968347e-02
1.155250794424002164e-01 7.941054912675292454e-02 1.087308477165498805e-01 9.442174064645995901e-02 1.103120195015251659e-01 9.125104713840644088e-02 1.103952997647852513e-01 9.336496692586905566e-02 1.087031267713389898e-01 8.788532296591212989e-02
1.184916035787772215e-01 7.543739638941292236e-02 1.112932360322750613e-01 9.141986561619078189e-02 1.130258993113854998e-01 8.976410193817747907e-02 1.131899765211104164e-01 8.928848105943588964e-02 1.112503252471441495e-01 8.683911430609046744e-02
1.120216329618421297e-01 8.027627809688454852e-02 1.161168504801293883e-01 9.310118148826125595e-02 1.095161246378747455e-01 8.842396828725414271e-02 1.096122667402840006e-01 8.954396547510744264e-02 1.161010110190848627e-01 8.528672081327752508e-02
1.233014408007324508e-01 7.404257160567964680e-02 1.077724424436510009e-01 9.236184357994732530e-02 1.147553000908864973e-01 8.916328858526052781e-02 1.148931350029331888e-01 9.011135950850363008e-02 1.077314600922861659e-01 8.586715829011958012e-02
1.175119556633296841e-01 7.495505149276499024e-02 1.106949862117318634e-01 9.065653651970979887e-02 1.146804331086843931e-01 8.952996844351331085e-02 1.148981360305637439e-01 9.151074153284663448e-02 1.106408891904969716e-01 8.492130180635866499e-02
1.173161057615483976e-01 7.207962299464631961e-02 1.125161386717044854e-01 9.100948661193425382e-02 1.157413111164604796e-01 8.990104254176098375e-02 1.159703142362849548e-01 8.855346711662234749e-02 1.124583904762049280e-01 8.445412047283282209e-02
1.057681285838470570e-01 8.762811855243440862e-02 1.027642741530630927e-01 1.019828634834114983e-01 1.042228306982079244e-01 9.343436595408058376e-02 1.042643787669908367e-01 1.046238541216699403e-01 1.027503170472889721e-01 9.256086863900571393e-02
1.131977295872164391e-01 8.781522746012290770e-02 1.070802896493965317e-01 9.616620258707846147e-02 1.061413149093790587e-01 9.363410408202774149e-02 1.061805352887288528e-01 9.232529331042731158e-02 1.070647706727567289e-01 9.039453245286593885e-02
1.170229932831597514e-01 7.243797673370434842e-02 1.273501560003187094e-01 8.591120889077628886e-02 1.131207304760574323e-01 8.247252493691101249e-02 1.132853799466599226e-01 8.236880715479610870e-02 1.273191519472030575e-01 7.871107063041338225e-02
1.138263982037026750e-01 6.448479774032973844e-02 1.255253071114868779e-01 8.847514080590064556e-02 1.150595019446075395e-01 8.396262160529170682e-02 1.151767310870908390e-01 8.721090949553801652e-02 1.255073690105865392e-01 8.077122299546538042e-02
1.243050045678881776e-01 7.492089154360929981e-02 1.023940938264992911e-01 9.254492411487746928e-02 1.157995651774682278e-01 9.151923289091820624e-02 1.159210646581602527e-01 9.219528688898719071e-02 1.023554438010122053e-01 8.804449253057965163e-02
1.237166748153682438e-01 7.208627570235381921e-02 1.179270017294292427e-01 8.727483904154172134e-02 1.141859512480174060e-01 8.585737427206700800e-02 1.143225051547426957e-01 8.540184334207789885e-02 1.178915539372753091e-01 8.133598075712668296e-02
1.198281464066295460e-01 7.009714560024661589e-02 1.206392208518795306e-01 8.681546495860424650e-02 1.160979808630986099e-01 8.553247913743600161e-02 1.163063515176399748e-01 8.398507568688257097e-02 1.205828848182634444e-01 8.011525015931947324e-02
1.220456751045450872e-01 7.533216371553404234e-02 1.115429658927106077e-01 9.000713386592190668e-02 1.126261479591261772e-01 9.048450869668404895e-02 1.127585261163565195e-01 8.933994609071363446e-02 1.115097648920218010e-01 8.435316766638616126e-02
1.144900936966005700e-01 7.471554675129581102e-02 1.174846969769189897e-01 9.122628528417534022e-02 1.127680411001132088e-01 8.843571966799011752e-02 1.129709222903770571e-01 8.819267250739953878e-02 1.174341536248163786e-01 8.228186810031293263e-02
1.235671420514933005e-01 7.642358774524200815e-02 1.065908963240226048e-01 9.364351765081167789e-02 1.145122577284952842e-01 9.074428725266829587e-02 1.145761614909788506e-01 8.885466337159436678e-02 1.065678365733602612e-01 8.451964981133334998e-02
1.187184145611728386e-01 7.182122440627358717e-02 1.127551954212092228e-01 9.051793892875079073e-02 1.146033537677979830e-01 8.915187393295131990e-02 1.147776351741515433e-01 8.990862115856529391e-02 1.127162103444585284e-01 8.502953230466891998e-02
1.154939513139844748e-01 7.261086007945680154e-02 1.115974484293345004e-01 9.204253083502957067e-02 1.141295210545669320e-01 8.961888083406507888e-02 1.142556768581419469e-01 9.402083946168904305e-02 1.115649550242486104e-01 8.466533610948306920e-02
1.174317152804775499e-01 7.975357900285824642e-02 1.071435677372639256e-01 9.467030326748315794e-02 1.116002401701052388e-01 9.016079147699047891e-02 1.116644424764321325e-01 9.146039168894685989e-02 1.071185712809569757e-01 8.899639761848547603e-02
1.158230087134619474e-01 6.467642024773295750e-02 1.192628060515161376e-01 8.666053375144922022e-02 1.181060913662001638e-01 8.724176339760805754e-02 1.181824466685978542e-01 8.941537968927074087e-02 1.192450535576893011e-01 8.138649655647367531e-02
1.212012212543084749e-01 7.030737520757750214e-02 1.088717016421340278e-01 9.094000018814681063e-02 1.192459379266345293e-01 8.702405077365403530e-02 1.194195520560023815e-01 8.983597157857679816e-02 1.088212807445616964e-01 8.433290862840378543e-02
1.170898085647045228e-01 7.726207890045462545e-02 1.098813623437178977e-01 9.257954403359282269e-02 1.100588211517909559e-01 9.225624625678788271e-02 1.101398045363894684e-01 9.400346993145056174e-02 1.098581447828321234e-01 8.687071949827909756e-02
1.159953174024277167e-01 8.095353140336361553e-02 1.086497599170176132e-01 9.652786152308326373e-02 1.080726259565141095e-01 9.070300205771758550e-02 1.081433883828493564e-01 9.340941134372574006e-02 1.086321743207323554e-01 8.891292769256857464e-02
1.043124316826631870e-01 9.107024835098362359e-02 1.057161053266518769e-01 1.006861443325924171e-01 1.023371647971298010e-01 9.717701697336085520e-02 1.023851018753750980e-01 9.795287313608612434e-02 1.056965262412698503e-01 9.266638728388715274e-02
1.172104340918915383e-01 8.028490234864950337e-02 1.080078722204439040e-01 9.529165200474871977e-02 1.108926345357277854e-01 9.007020881369419418e-02 1.109955672910633712e-01 9.131360622492232237e-02 1.079861417743062796e-01 8.794698069455236800e-02
1.123238034028913590e-01 8.162483197199862928e-02 1.031226698786825852e-01 9.917683329932792946e-02 1.099637817660404776e-01 9.367554729674010261e-02 1.100940646298906589e-01 9.620752764761579534e-02 1.030878467537921089e-01 9.072309335302035371e-02
1.137033419172853721e-01 8.056489540198835675e-02 1.088827140712410879e-01 9.840227836822938723e-02 1.076646869811117152e-01 9.453465262286434023e-02 1.078343269664494841e-01 9.182728675147715236e-02 1.088474979336724185e-01 8.773831898568067167e-02
1.196666477481114627e-01 7.218275014989063154e-02 1.190421100734289361e-01 8.900896191137230851e-02 1.137820402653216545e-01 8.415737835894601671e-02 1.139658674175926673e-01 8.783685381524727886e-02 1.189967354096697211e-01 8.136065485041937828e-02
1.197489000443444640e-01 6.425064072799047121e-02 1.185055382161760845e-01 8.723406616669532321e-02 1.172116679989760046e-01 8.646725917865837052e-02 1.173290265400050020e-01 8.869384345997785579e-02 1.184791612370386937e-01 8.207989643013771652e-02
1.204790870759241961e-01 7.172890432873640920e-02 1.224567799439408161e-01 8.749383692711509841e-02 1.144982753196581160e-01 8.256439889979960700e-02 1.147073718662291325e-01 8.473630769815827801e-02 1.223985601128962653e-01 7.893647782754205366e-02
1.150763156497219830e-01 6.571372901657668297e-02 1.269688811037146814e-01 8.426190643861956875e-02 1.164293594940475629e-01 8.401889992307975952e-02 1.165428605997649580e-01 8.432557125487001592e-02 1.269451606367255625e-01 7.971731588287919723e-02
1.176912942222781144e-01 7.284644634578976707e-02 1.098757748801664075e-01 9.207104886096584284e-02 1.148004614037053533e-01 9.042072658066747926e-02 1.149177547469616145e-01 9.061239057719755463e-02 1.098427178376701896e-01 8.692138454459773234e-02
1.132850297177372123e-01 7.546894112262762799e-02 1.106285601195691193e-01 9.366290342956135051e-02 1.097328018299182500e-01 9.162484640921339518e-02 1.098281244519584143e-01 9.633200643955891485e-02 1.106010868614431125e-01 8.883569961841258911e-02
1.247700092078004169e-01 8.164275067603340985e-02 1.100263161415237084e-01 9.155192007342972949e-02 1.111944479806497577e-01 8.705831268385733068e-02 1.113410162551391885e-01 8.623326714118639824e-02 1.099848853018555866e-01 8.619707453852443191e-02
1.079847176929042418e-01 8.422611168948365701e-02 1.091291777515139561e-01 9.587688556993137490e-02 1.080814155708711699e-01 9.279339403406063058e-02 1.081762423368722581e-01 9.552976455213696427e-02 1.090954634787748428e-01 8.910682732345080737e-02
1.192361316321972342e-01 7.611840938166680726e-02 1.109078789693979383e-01 9.176947313786619487e-02 1.119531993744891374e-01 9.089801335964292628e-02 1.121425029169472870e-01 9.094451017916667379e-02 1.108636319408751458e-01 8.516624910775069668e-02
1.196327544099216045e-01 7.679177805571640869e-02 1.060252749304911868e-01 9.494677869840674467e-02 1.114812043409907083e-01 9.059533559788916779e-02 1.116192518832748864e-01 9.354227107541747410e-02 1.059922019461445458e-01 8.937314906174723128e-02
1.110065305228424004e-01 8.922735820765402559e-02 1.109175906419030549e-01 9.473717025056448138e-02 1.069906937443873968e-01 9.343790962687091584e-02 1.070781702858792095e-01 8.665494008618751520e-02 1.108884238054874960e-01 8.906121282822351826e-02
1.206770515291654411e-01 7.507341179458779101e-02 1.025881144661173611e-01 9.418617517939600892e-02 1.174149433340248572e-01 9.106299760061074833e-02 1.174969868648849808e-01 9.206089086487534434e-02 1.025518308707375897e-01 8.688759749559983592e-02
1.113985761299296912e-01 7.272516058316862153e-02 1.169821761818005401e-01 8.740747159283515644e-02 1.160061853534003623e-01 8.653354686662029227e-02 1.162115585371503307e-01 9.228789435171587396e-02 1.169194728190817434e-01 8.352795758429737427e-02
1.117388723252181054e-01 7.369790218867552922e-02 1.196591716427357621e-01 8.928658227722621743e-02 1.126199742138892929e-01 8.795411594738840322e-02 1.127632476509156656e-01 8.914807367329716237e-02 1.196302521585523582e-01 8.350180792210143421e-02
1.163175236424241060e-01 7.266117292906008884e-02 1.138808759544992222e-01 9.166832041184254376e-02 1.124690425461195298e-01 9.015985647341470677e-02 1.125550862327441837e-01 9.172719429359151022e-02 1.138621338442418612e-01 8.469879367206221976e-02
1.170621631490980641e-01 8.055950618270717178e-02 1.028928923311286381e-01 9.466183379146643484e-02 1.123914224840512205e-01 9.266728888760256133e-02 1.124351160312859477e-01 9.290656162865713885e-02 1.028725982873493622e-01 9.155061722665348845e-02
1.143820249343969753e-01 8.247244378576465418e-02 1.157925172776340800e-01 9.378263639027559218e-02 1.070283833666486606e-01 8.834470710161999862e-02 1.071321897884644631e-01 8.955638239771065989e-02 1.157635628887105084e-01 8.574515206877440787e-02
1.184893224335141076e-01 7.314003391864293269e-02 1.157501675066872349e-01 9.081628818757495059e-02 1.124528380656936444e-01 8.831499681676112379e-02 1.125899751916019792e-01 8.910270869267117311e-02 1.157241809505290125e-01 8.361948823632386896e-02
1.107572244237423481e-01 7.468553621622778249e-02 1.215021939219983332e-01 8.759763544864093698e-02 1.120861362866188427e-01 8.706636517883695192e-02 1.122883046404623553e-01 9.047621064572919369e-02 1.214545009092387051e-01 8.208589232850457829e-02
1.136631233255036566e-01 6.947498024305701070e-02 1.235325060921757673e-01 8.779611609623369506e-02 1.157710595522585123e-01 8.312731448114780985e-02 1.159525681802963670e-01 8.708048863604536671e-02 1.234850573865341472e-01 8.011678600674770889e-02
1.177927509373177806e-01 6.830964987093389451e-02 1.226739826041869375e-01 8.565227886712581395e-02 1.147434256309438211e-01 8.509585839385008788e-02 1.148740791551878387e-01 8.614848564023259991e-02 1.226389732726908127e-01 8.207051562753042706e-02
1.230823294283543284e-01 7.778601390243479463e-02 1.099109444739185398e-01 8.904577836396913859e-02 1.129322481272859030e-01 8.531256228426904731e-02 1.130672068483164761e-01 8.976173596438390134e-02 1.098654510029735965e-01 8.923572960409431598e-02
1.187037339872082514e-01 6.786428033281934058e-02 1.192086367106531125e-01 8.718064758468722919e-02 1.181614404571555144e-01 8.505866779400987621e-02 1.183707361067014158e-01 8.639529628013592477e-02 1.191479713905918836e-01 7.990858935603745161e-02
1.172210209529077202e-01 8.072320353567892515e-02 1.125192550374972678e-01 9.492943667927683515e-02 1.085181763471285976e-01 9.001737941390892950e-02 1.086709281820984058e-01 8.897768134320199751e-02 1.124886568260207997e-01 8.593426168228053552e-02
1.445251761223321219e-01 4.886115111656410409e-02 8.239228550738082746e-02 9.763677033929787918e-02 1.334448154186715363e-01 9.334921051931610592e-02 1.333760538919629146e-01 9.431038131693543491e-02 8.238601697243568001e-02 8.971813879510336098e-02
1.149014390506942485e-01 7.273904984884563274e-02 1.114549059356733374e-01 9.301683728630923131e-02 1.128451261600380423e-01 9.087914509215551384e-02 1.129869002930497662e-01 9.393618935685028870e-02 1.114173872460668818e-01 8.582301973031701559e-02
1.169286406806497591e-01 7.378916797392064131e-02 1.107681891133330820e-01 9.146612602211658116e-02 1.136487549274575320e-01 9.009086997702409061e-02 1.137918010132097368e-01 9.221959053878410473e-02 1.107355897142729972e-01 8.656127003923153040e-02
1.208003227459788637e-01 7.533447160182323021e-02 1.098941810951838960e-01 9.250768721062865851e-02 1.134739464517431212e-01 9.086863493027801109e-02 1.136211729538962739e-01 8.864248335696693626e-02 1.098513166146069808e-01 8.500578303889405607e-02
1.143543161103155459e-01 7.535010117760965187e-02 1.224978340596205445e-01 8.918513587421475486e-02 1.133898478867496201e-01 8.697896123028391047e-02 1.135860042628916294e-01 8.333385516615335331e-02 1.224453188592939251e-01 7.887862537286710607e-02
1.205057764154870703e-01 6.895411262180933809e-02 1.148918074328351552e-01 8.856601620823680021e-02 1.175038974219723975e-01 8.565518824850509860e-02 1.176779635826894488e-01 8.839670738639938963e-02 1.148498842533333397e-01 8.299864642873192033e-02
1.132339417104208656e-01 7.204934969633898512e-02 1.151298921023942157e-01 8.829534921006187975e-02 1.135669604755196599e-01 8.962799084391981363e-02 1.137077798056496530e-01 9.383154322155282112e-02 1.150906239629934102e-01 8.546656897114872364e-02
1.213601405757031709e-01 6.942913612388118549e-02 1.113752363284773450e-01 9.234301132970967885e-02 1.142696347076265773e-01 8.930992788483349543e-02 1.143952924926383702e-01 9.007367179056420536e-02 1.113540923868483468e-01 8.608985637971762472e-02
1.198814795850381559e-01 8.028293821746826375e-02 1.090791060075152197e-01 9.166456096385536267e-02 1.096779944964866860e-01 9.133606868995165773e-02 1.098205666256190510e-01 9.240932241143201553e-02 1.090401748670788706e-01 8.680778813555471707e-02
1.222116712384988813e-01 7.221409715475383961e-02 1.142342010231192917e-01 9.092555464809422283e-02 1.136853419514034652e-01 8.783409049226564846e-02 1.138915578037350551e-01 8.827365330869794968e-02 1.141922476648499218e-01 8.253758471458172430e-02
1.126345332007976235e-01 7.992004851491187056e-02 1.116660622687003640e-01 9.490968347674894057e-02 1.097938529825089882e-01 9.077828631298139050e-02 1.099227036821716075e-01 9.441424735829051507e-02 1.116343256211529966e-01 8.432625658173570349e-02
1.194639356434652883e-01 7.179563871913846596e-02 1.051273223110076593e-01 9.323082204206208090e-02 1.198802825697924956e-01 8.997003341664618070e-02 1.200342939192368674e-01 8.902267128201794832e-02 1.050804077801851671e-01 8.639459231644787407e-02
1.169930058659025135e-01 7.060168405260774938e-02 1.142171213462083168e-01 9.039091831864706772e-02 1.134399398145435472e-01 8.822472366751121786e-02 1.135401390640694841e-01 9.337107285770988863e-02 1.141951984149151000e-01 8.502619659788503148e-02
1.161826564286529556e-01 7.159985911278256288e-02 1.229694551064731134e-01 8.851589661988400193e-02 1.124913029363704547e-01 8.384699054169313104e-02 1.126918047477960400e-01 8.809956701935435508e-02 1.229237944587688591e-01 8.067867302822448461e-02
1.127432597824983146e-01 8.115792670685501031e-02 1.065872651949482247e-01 9.776189796186476877e-02 1.069439639508757839e-01 9.349474998065852860e-02 1.070322632294826160e-01 9.823512450562112142e-02 1.065593082550454207e-01 8.948424043215023882e-02
1.209321612882560543e-01 7.305650539802487076e-02 1.108273203591045725e-01 9.098051751078527205e-02 1.147406510798272689e-01 8.937844618807930241e-02 1.149040685733025147e-01 8.914316408591353713e-02 1.107830806614950453e-01 8.525408485521158986e-02
1.139457135969485779e-01 7.780528582949908234e-02 1.090471102996886793e-01 9.423938335335081684e-02 1.138901519111165661e-01 9.000372302639172983e-02 1.140309491075809922e-01 8.979366019416794298e-02 1.090050465961819592e-01 8.823897608507355605e-02
1.212603120297472553e-01 7.565630795479885706e-02 1.069613977005801492e-01 9.201003697849040319e-02 1.138992729128347481e-01 9.113278654049569716e-02 1.140256773249995609e-01 9.088424463283228949e-02 1.069246838399507404e-01 8.724528008527031309e-02
1.121863007158705322e-01 7.940471289170478175e-02 1.149010041327266918e-01 9.642815461590065196e-02 1.069914867374058692e-01 8.882028561768494368e-02 1.070831055686256722e-01 9.316713786749911130e-02 1.148817950370965985e-01 8.613601681548518907e-02
1.257461164097470330e-01 7.480552128768609699e-02 1.075913150511607630e-01 9.184646116645094061e-02 1.131279596604179288e-01 8.964372765600360504e-02 1.132937544411996983e-01 8.910790186411002289e-02 1.075430710731045264e-01 8.729417139011941273e-02
1.254849285360972733e-01 7.761909308107521610e-02 1.135639152745964719e-01 9.093122632873004707e-02 1.105846440452907392e-01 8.757984591799589102e-02 1.107275461093361335e-01 8.665063254563291906e-02 1.135285609905477971e-01 8.332960717069749779e-02
1.156336615973518195e-01 8.140072904833398071e-02 1.105271806589468858e-01 9.591369568361585163e-02 1.117333068169161225e-01 9.184747618568069039e-02 1.118319604952827395e-01 8.590866056875459678e-02 1.105010046482261254e-01 8.470232429689115994e-02
1.205267377602749629e-01 6.991873585590137330e-02 1.083374062482846262e-01 9.223542544149608557e-02 1.160165796018066131e-01 8.896718641300928321e-02 1.161465005127741146e-01 9.323432765689368407e-02 1.083028137925127199e-01 8.631428671704650946e-02
1.121566847189571225e-01 8.594629679694398838e-02 1.104055403265186974e-01 9.159387255029968755e-02 1.068028191260039089e-01 9.025492254386338620e-02 1.068901066771487246e-01 9.378375333296508354e-02 1.103781880674092886e-01 9.178781585989015390e-02
1.215606350319724388e-01 7.735810228307531122e-02 1.164511328584997424e-01 9.063169618161355523e-02 1.122692709509573034e-01 8.634543885480183700e-02 1.124827213701314887e-01 8.425129951002517659e-02 1.163911583913895265e-01 8.225854456753364796e-02
1.256231124791280518e-01 6.728549230040278828e-02 1.103321907956456155e-01 8.875267980430243120e-02 1.161373724789322576e-01 8.942165828887722878e-02 1.162750514734001012e-01 9.076063346916085628e-02 1.103016845946268726e-01 8.511012431552378299e-02
1.216030399620409430e-01 7.089349769683880864e-02 1.050985019133431897e-01 9.305323996986795965e-02 1.150803683723811144e-01 9.236977854110024755e-02 1.151233837686024136e-01 9.241130643854761351e-02 1.050886534625551511e-01 8.927822987472254501e-02
1.196803195749857329e-01 6.624107943998536197e-02 1.148101004844772205e-01 9.165851383170192657e-02 1.153057936880684808e-01 8.819166225530943037e-02 1.154299993941843433e-01 8.956055392044964814e-02 1.147887685073959857e-01 8.433320890344188359e-02
9.987647761114833156e-02 1.010943958028533846e-01 9.864437201588054094e-02 1.053428451070035216e-01 9.705424702788660596e-02 1.003404281262567227e-01 9.699885048444500946e-02 1.029384415488219934e-01 9.865210452173199529e-02 9.905783775397188073e-02
1.016303716310260619e-01 1.039741656933265701e-01 1.041454087282187441e-01 9.795991077236038125e-02 9.958811850981502678e-02 1.015226747346736069e-01 9.955368488487968681e-02 9.337765060457298150e-02 1.041509353290024642e-01 9.409707911212451814e-02
1.088721773761003181e-01 7.701098286059658571e-02 1.228677652900710959e-01 8.746605806734462918e-02 1.107595087254719668e-01 8.684144452123852831e-02 1.109108079511543082e-01 9.094726762891235106e-02 1.228239411781301554e-01 8.150004640098007513e-02
1.132501932002044076e-01 7.544487055653645302e-02 1.155638169032067036e-01 8.869511102783757261e-02 1.121623049940778105e-01 9.094916421495553849e-02 1.122864919487449320e-01 9.299651646614341682e-02 1.155303643909906253e-01 8.312116629730249839e-02
1.149299682950588736e-01 6.967448889230662412e-02 1.203210315506478417e-01 8.806118062984857886e-02 1.114065038885366926e-01 8.823250070765099873e-02 1.115263735168581655e-01 9.055558994327968236e-02 1.203013976753820602e-01 8.499096490043048235e-02
1.169651346780876955e-01 7.807256192882702783e-02 1.071788109947190981e-01 9.410174102248097805e-02 1.125035492806000376e-01 9.151636530908215106e-02 1.126309915043782611e-01 9.116936962018851176e-02 1.071508090152070020e-01 8.871066664642916766e-02
1.170288238037749257e-01 7.158258726452312870e-02 1.137167524728992934e-01 9.183554157010395680e-02 1.146017583110920807e-01 8.787429971089771863e-02 1.147391031498618957e-01 9.103250243554802945e-02 1.136863494715163875e-01 8.390228180978258343e-02
1.183321051228141685e-01 7.683876493625557691e-02 1.087019273557281313e-01 9.461614602987616918e-02 1.127871919919379157e-01 9.046673310086675301e-02 1.128595780625030048e-01 9.069172223141226674e-02 1.086768418099495620e-01 8.602898935865649355e-02
1.256086933007868334e-01 7.152524661001331829e-02 1.040564229024354970e-01 9.360525080365110495e-02 1.155824800098241151e-01 9.082325878563383970e-02 1.157183113989463524e-01 9.186908583508858472e-02 1.040228228500129498e-01 8.718842750360740468e-02
1.092940819794795265e-01 7.096612321011215585e-02 1.230418463557994002e-01 8.766853625155707208e-02 1.173270765296900164e-01 8.639545018632033280e-02 1.175020951134075203e-01 8.464261741297729458e-02 1.229918973491957168e-01 8.017027561146103376e-02
1.146467224320702194e-01 7.739360310531613607e-02 1.116162884241106573e-01 9.438275725404568495e-02 1.097045813843944562e-01 9.153923087981347129e-02 1.097360260181137609e-01 9.253710768798496800e-02 1.116086909354843948e-01 8.683499187866623725e-02
1.226396233280828141e-01 7.312619342599913086e-02 1.084266944513464781e-01 9.309593538709161342e-02 1.160774589402912005e-01 8.969802610224103523e-02 1.161969424381900790e-01 8.743794808844611299e-02 1.083971715572631944e-01 8.490400628104829983e-02
1.193940417735026849e-01 7.733459482141853691e-02 1.093550300707308298e-01 9.541735982358148793e-02 1.110787348151517084e-01 8.994591036406740514e-02 1.112304532909570987e-01 9.066941465643908737e-02 1.093214950183496459e-01 8.625296536580150109e-02
1.232850201315301569e-01 7.510834706600369448e-02 1.107173877466051393e-01 9.221006785491017710e-02 1.129296947513853122e-01 8.805637732021884267e-02 1.130923417420263560e-01 8.963784894524724767e-02 1.106761241685753905e-01 8.428679027349769703e-02
1.255061888489675814e-01 7.311995140191414333e-02 1.131500313614575148e-01 8.627995168023336325e-02 1.153566793026225834e-01 8.681623512190168868e-02 1.155388435887689524e-01 8.744522735653763312e-02 1.130897291078012956e-01 8.369716222979532716e-02
1.162079423734261319e-01 7.623326179653282242e-02 1.190310677976034737e-01 9.110278814666214475e-02 1.124629254995085925e-01 8.693114048274018513e-02 1.126205831986594047e-01 8.517705257882590697e-02 1.189879237927202876e-01 8.124531433332106423e-02
1.232911050291637806e-01 6.724152369730933276e-02 1.202923075269867470e-01 8.651138951180344094e-02 1.139836471832892106e-01 8.586587472453625913e-02 1.141538227825316248e-01 8.703263251004463019e-02 1.202560859565093426e-01 8.137161107782571456e-02
1.158500068330613753e-01 7.703083211255150331e-02 1.017429752917013708e-01 9.557387652813417733e-02 1.132892729039977897e-01 9.463342214691680687e-02 1.134334369861237091e-01 9.517676945088782148e-02 1.017068760020019835e-01 9.156253174462342104e-02
1.213511666964040836e-01 6.656133706550666773e-02 1.159741067131923736e-01 9.028086292530575208e-02 1.189175984450428075e-01 8.630939220339899076e-02 1.190478352993693811e-01 8.448221215006899987e-02 1.159454043486441710e-01 8.113008415306677268e-02
1.162848668319606121e-01 8.456052347982516426e-02 1.007320177888800794e-01 9.731216831548596125e-02 1.102969745023070353e-01 9.440537909712852505e-02 1.103599704282831606e-01 9.339787070195190721e-02 1.007099273784104326e-01 9.194030147576709444e-02
1.117221892263008387e-01 7.780195534160957993e-02 1.093676052212517180e-01 9.506883079854511198e-02 1.110516827075093693e-01 9.480081659621968082e-02 1.111486496006672681e-01 9.133887726284509179e-02 1.093436133713720781e-01 8.835577987367924935e-02
1.243557383121002141e-01 6.965191626793817981e-02 1.251488599594539619e-01 8.461438963172568384e-02 1.130119047508975350e-01 8.251738755551039917e-02 1.132041697543783032e-01 8.371727601114054007e-02 1.250981866772324924e-01 7.868017107962266277e-02
1.133618717394078851e-01 9.013898515256883737e-02 1.069881143523945394e-01 9.536573203709430846e-02 1.072756977972278841e-01 9.397597605285878952e-02 1.074105956675769358e-01 8.838290324308374635e-02 1.069454791082443124e-01 9.015464484954271995e-02
1.105632199651197106e-01 7.882618926138354465e-02 1.056297675113716944e-01 9.358483481515289526e-02 1.153010931856794374e-01 9.609755605319615646e-02 1.154402227896825089e-01 8.978671351495469410e-02 1.055877500140176284e-01 8.918265288944175750e-02
1.187101548859589295e-01 7.519533476217293844e-02 1.113253047957700054e-01 9.397084647927460288e-02 1.106842787012011081e-01 8.957232588323435496e-02 1.108042898914880781e-01 9.233134147380026024e-02 1.112961713069850894e-01 8.610995182011466076e-02
1.153188353234014529e-01 7.863579501973977370e-02 1.100945044362206110e-01 9.098261237743318630e-02 1.112135395641895841e-01 9.174720415668835560e-02 1.112716590087322738e-01 9.125729516136689423e-02 1.100680026927466221e-01 8.941055225948120466e-02
1.166031279730505160e-01 6.774542545585603148e-02 1.255721311837269261e-01 8.607514031234841934e-02 1.133770857125211418e-01 8.487359925814302875e-02 1.135766091367481911e-01 8.559742230001154972e-02 1.255207912980849383e-01 8.105866736950918805e-02
1.209159498103458130e-01 7.183207344086543766e-02 1.136492322397194971e-01 9.048383125770961821e-02 1.149697939190264112e-01 8.746408242431794045e-02 1.151431012057850395e-01 8.824778417130049735e-02 1.136075726054710661e-01 8.368657892545870725e-02
1.076464707038528867e-01 8.303528864242404328e-02 1.194291355750078248e-01 9.295126292982505700e-02 1.087005296924511699e-01 9.230905746086144614e-02 1.088418731811136020e-01 8.596126004085084815e-02 1.193927230737338169e-01 8.173239869987930506e-02
1.097829141157781879e-01 9.146461701143418499e-02 1.017167912216163789e-01 1.006451310469741456e-01 1.084366980502211170e-01 9.296515518749225160e-02 1.085073721614679410e-01 9.304674802729777372e-02 1.016790041892601665e-01 9.175556898845792231e-02
1.138523557568160427e-01 7.618529604705857883e-02 1.057722598982176326e-01 9.153216123462942777e-02 1.149782309818051657e-01 9.426002075949906078e-02 1.150808281514651005e-01 9.385655429671985184e-02 1.057348840380866045e-01 8.874740883570254868e-02
1.163814312158769348e-01 7.640631168288955499e-02 1.120711077214476548e-01 9.609796162637980477e-02 1.081096879564678453e-01 8.881532353157529924e-02 1.082158573851949163e-01 9.413841209667267451e-02 1.120503713029723097e-01 8.771353548052304716e-02
1.190768544766885040e-01 7.346533117079982744e-02 1.135369590308789173e-01 9.005828041857670552e-02 1.158977323554066102e-01 8.825808885643765533e-02 1.161161218169321496e-01 8.645711625511164067e-02 1.134796723331054219e-01 8.365384328606251252e-02
1.138747820770212860e-01 6.871489159410332226e-02 1.169576226996249663e-01 9.152913948667791566e-02 1.126712310560975261e-01 8.999299777734398598e-02 1.128503625787378867e-01 9.010390274660615151e-02 1.169279250729242936e-01 8.637714491086265212e-02
1.181996275925851630e-01 7.790326965940573556e-02 1.050536913515698056e-01 9.493871476116755304e-02 1.117258718790832550e-01 9.275526453245673542e-02 1.118073227531976854e-01 9.294880879392829198e-02 1.050306235043646369e-01 8.963680517224109634e-02
1.164679460056656790e-01 7.315306509064194163e-02 1.064230497808470732e-01 8.979808749016168767e-02 1.184582571167548948e-01 9.070610285221901437e-02 1.186527174908563048e-01 9.185739453987834535e-02 1.063683348150510632e-01 8.811504481792396815e-02
1.123050009271914090e-01 7.727422849140425098e-02 1.129328219955916535e-01 9.154339051070471689e-02 1.125764391075970566e-01 8.912711316770248471e-02 1.127758679785413470e-01 9.353767632833116796e-02 1.128788050270671112e-01 8.504865646586880212e-02
1.186873711480799093e-01 7.942419414564183544e-02 1.049602980624198267e-01 9.337912038871686027e-02 1.104669873386517898e-01 9.309513780445806408e-02 1.105539542015401416e-01 9.524807031505817811e-02 1.049378664747250972e-01 8.924700012070831134e-02
1.178395267019226172e-01 7.448879978824254899e-02 1.071167939139627268e-01 9.240273191694545196e-02 1.119133478169768575e-01 9.323777174574136850e-02 1.119667583069445804e-01 9.467263124533796537e-02 1.071030025691621090e-01 8.925863599476374644e-02
1.200719991022652366e-01 8.092459871683355122e-02 1.057742578112352144e-01 9.319984723107195557e-02 1.115144903967919404e-01 9.273072103167999403e-02 1.115754048605450688e-01 9.087895100073575816e-02 1.057449480307545431e-01 8.758478181808669605e-02
1.184237563838024393e-01 7.683908127037068769e-02 1.038642242460687676e-01 9.295883096385246236e-02 1.154091179457605171e-01 9.231033652382461541e-02 1.154634682717286809e-01 9.219704010203429168e-02 1.038361997785078317e-01 8.869794451404966473e-02
1.139393111635691319e-01 7.545998357986694050e-02 1.207803812532643184e-01 8.736014219411235293e-02 1.141988905655223208e-01 8.637651459393350106e-02 1.144021125042490455e-01 8.516345636651638518e-02 1.207276630996316769e-01 8.159154467933428523e-02
1.122067632423939393e-01 7.160597838106415314e-02 1.328666805027617637e-01 8.535297588707224659e-02 1.110500957199329480e-01 8.226344104817678859e-02 1.112475319679677305e-01 8.275005188792684818e-02 1.328199904173946455e-01 7.783649094530893653e-02
1.158308498905394196e-01 7.477635974352583870e-02 1.035737494221753430e-01 9.518232284083451289e-02 1.112022248028028543e-01 9.356689105167466380e-02 1.112489176952568548e-01 1.006391512735389793e-01 1.035524159273849276e-01 9.042711735226656444e-02
1.195520785742966163e-01 7.045430674414797367e-02 1.142772230896174912e-01 8.824509275033687317e-02 1.174896232253741513e-01 8.718319882423369860e-02 1.175940723995770043e-01 8.801512912745111661e-02 1.142445338235522911e-01 8.294474144141279759e-02
1.159396890882449099e-01 7.628688960972392075e-02 1.139636497355656641e-01 9.200449688080296340e-02 1.108832426731290316e-01 8.911444074119251324e-02 1.109640722104632132e-01 9.042580110002937377e-02 1.139512931573269383e-01 8.646642480352147164e-02
1.104413457809094307e-01 7.251701116927214419e-02 1.163850962355364449e-01 8.892533830208983192e-02 1.169741799813531491e-01 8.903825344298532674e-02 1.170800481712117869e-01 8.888943864181383936e-02 1.163511223158004981e-01 8.339816595902756202e-02
1.220990835253135953e-01 7.106245566706231864e-02 1.008124244220119370e-01 9.558274391314441898e-02 1.169230114022737493e-01 9.225262224201123684e-02 1.170565941806247373e-01 9.389850049078136973e-02 1.007792664939745481e-01 8.953329766280210267e-02
1.200315807408747354e-01 6.969499688601132892e-02 1.117182312238241965e-01 8.920847320129524083e-02 1.185074600151467261e-01 8.840878934807758216e-02 1.186025969919287382e-01 8.759550712075359069e-02 1.116847765637316581e-01 8.454758790835618931e-02
1.195116662504245586e-01 7.888513335419672368e-02 1.168254297526096497e-01 9.088442001230565004e-02 1.091390162097546218e-01 8.688889642169897454e-02 1.092975242555929566e-01 8.828714736458449786e-02 1.167813567486301746e-01 8.349940963020228979e-02
1.137388431461593824e-01 7.501799469824441124e-02 1.080820850498752927e-01 9.329805246597559776e-02 1.134972709291848098e-01 9.234659893304857092e-02 1.136474848988243552e-01 9.312124373865975080e-02 1.080434774011769655e-01 8.920694873885080811e-02
1.171341044417166244e-01 7.187725955380391829e-02 1.235536943149336958e-01 8.932620494145042389e-02 1.098147862989655998e-01 8.614638578123365309e-02 1.099522599585724680e-01 8.725789872524698787e-02 1.235306007909522524e-01 8.140680519312440411e-02
1.093790421578377664e-01 9.919067285091617836e-02 1.038000398799993201e-01 9.739703750974479379e-02 1.050117068489424682e-01 9.663455132663040237e-02 1.050820741114651125e-01 9.069185256868944611e-02 1.037732716062260696e-01 8.903975113954841480e-02
1.121415433490868252e-01 7.349364911159463054e-02 1.151155451210029573e-01 9.093837588337701228e-02 1.141573198733887851e-01 8.850689008508139111e-02 1.143587174684857766e-01 9.123562580505528707e-02 1.150593018145152774e-01 8.499303148841197419e-02
