9.515358880802399222e-02 1.207426622873378347e-01 7.866440168649818654e-02 9.555315450502741004e-02 1.031612309146982542e-01 1.205976423581213985e-01 1.029987600643363088e-01 9.412019933712492681e-02 9.421495463486430355e-02 9.479340540396742620e-02
9.345344124658154505e-02 1.233520937216029956e-01 8.288613329475220948e-02 9.720018689553963642e-02 1.000326840959525482e-01 1.229469639254932162e-01 9.992237078263231653e-02 9.353269716800167999e-02 9.366728019422999874e-02 9.300614867521386775e-02
9.626411428206840815e-02 1.188248999432437586e-01 8.472304109129920324e-02 9.755875629984209207e-02 1.011417376468530804e-01 1.185694269148472452e-01 1.010471751474528168e-01 9.326172443181886262e-02 9.335513733514118340e-02 9.525398690743340502e-02
9.325714744337305906e-02 1.215421869836540297e-01 7.881635462709415951e-02 9.914697973507856366e-02 1.040056141083243874e-01 1.212866423138465738e-01 1.038322183304209723e-01 9.282953112241817961e-02 9.296999941255656985e-02 9.231332592323347741e-02
9.303584434370576473e-02 1.268052127059695333e-01 7.966852566701551619e-02 9.517803064633784116e-02 1.000550575079931781e-01 1.264393416582057228e-01 1.000139219486019526e-01 9.336025735930986169e-02 9.341124927066978001e-02 9.203255889219089103e-02
9.255554466405135905e-02 1.165704353832877210e-01 9.513134124901516386e-02 9.998248695855400936e-02 9.738521813591687060e-02 1.164062077957184749e-01 9.745828102671522108e-02 9.563328340182179754e-02 9.556197941150140762e-02 9.331522197341805824e-02
9.278012582536696029e-02 1.244855146205492286e-01 7.685450119475825681e-02 9.584883120702776538e-02 1.042323586575387845e-01 1.243132262811617178e-01 1.040972031029805400e-01 9.242115625388444555e-02 9.249030317618742170e-02 9.247677968054486553e-02
9.308353834380860004e-02 1.211810877642891110e-01 8.335980816495383583e-02 9.715027925010799592e-02 1.007856742771935793e-01 1.209316168634315819e-01 1.006361909148306005e-01 9.517255340576560863e-02 9.529338377725878051e-02 9.240586723836032024e-02
9.450823736183712465e-02 1.184184317215895427e-01 8.623778327667706856e-02 9.465602716326221300e-02 1.016967183743496678e-01 1.182564929373434853e-01 1.015131154045501444e-01 9.490718466757974703e-02 9.503304967569045636e-02 9.477295941712059191e-02
9.321619398299342552e-02 1.225216685230993280e-01 8.194278074655465816e-02 9.399154817953793428e-02 1.030566231337975563e-01 1.221575691812437497e-01 1.029467382172890161e-01 9.377869564865899676e-02 9.391304832543916070e-02 9.247513406138617442e-02
9.088389378455420664e-02 1.263698955645786159e-01 8.305181921882076601e-02 9.612956946140278902e-02 1.013141259721241222e-01 1.258865185860064961e-01 1.012388791448100983e-01 9.243106699739071785e-02 9.255407770772067222e-02 9.014015356259157119e-02
9.314447085025012729e-02 1.268752803862815415e-01 7.805075597115528063e-02 9.558206267703157899e-02 1.027551820939034549e-01 1.264480218537515355e-01 1.025750848718537805e-01 9.087591140177300741e-02 9.104600041282369383e-02 9.264722948117598555e-02
9.185251668305989547e-02 1.197774275341822042e-01 8.460655566585213727e-02 9.694316393467009019e-02 1.034206254973253220e-01 1.197061292022175566e-01 1.033245253453677903e-01 9.437309222873067893e-02 9.439833102623626515e-02 9.159763288235811540e-02
9.187896090502918611e-02 1.285458648728981523e-01 7.755641949465742757e-02 9.347212116030949314e-02 1.031783177244830069e-01 1.281005117015452388e-01 1.030245217930491342e-01 9.148776259693354451e-02 9.164112348996376889e-02 9.111439626113104762e-02
9.211313711351128142e-02 1.265769046220529825e-01 7.626588232031761283e-02 9.542033979280217793e-02 1.031464829043335502e-01 1.262565051786826986e-01 1.030110869080338026e-01 9.265620694529122514e-02 9.276677166548626119e-02 9.178668254948837979e-02
9.290631118845120440e-02 1.270230445642011596e-01 8.058645328252907192e-02 9.614333586295235878e-02 1.009850816307065885e-01 1.265685608542587992e-01 1.009146631086672713e-01 9.113222111861603303e-02 9.123337391148447773e-02 9.250695447813296612e-02
9.398712848823026489e-02 1.198705654139550908e-01 8.510110042620329385e-02 9.649372600836222946e-02 1.015196746303730357e-01 1.195054548004177569e-01 1.014177448368148438e-01 9.423494388641479036e-02 9.437580749179844131e-02 9.349385401743025292e-02
9.647075426888999938e-02 1.180842251306716550e-01 7.754296435482552208e-02 9.683044788798482461e-02 1.034639362141879376e-01 1.178857547541349166e-01 1.032013500657975869e-01 9.511151133850546946e-02 9.531482148028756762e-02 9.609423450471452077e-02
9.270712549889084664e-02 1.261474569138156809e-01 7.419893373604477538e-02 9.537598089207918739e-02 1.044880115758282796e-01 1.258678633938095093e-01 1.042641006969657197e-01 9.274255762071335896e-02 9.290303660853527212e-02 9.130493306331737002e-02
9.001933512416103456e-02 1.233315654675169459e-01 8.330189963756351457e-02 9.604968774563693579e-02 1.031120463970266327e-01 1.231081298763562620e-01 1.029610011687110416e-01 9.390632478699957597e-02 9.401067520586665893e-02 9.019933459016141186e-02
9.175269493172093227e-02 1.265156407064157162e-01 7.957100505385729383e-02 9.547656504473288341e-02 1.016119454146583723e-01 1.261557548704455856e-01 1.014994597856676284e-01 9.309184145722197712e-02 9.319762655305476040e-02 9.112746618222489214e-02
9.423001339928444020e-02 1.192291327384860239e-01 8.416478566661350635e-02 9.805640790582353938e-02 1.017743800930978881e-01 1.188600975330428994e-01 1.016532846502131576e-01 9.416574721532475212e-02 9.432628205184072356e-02 9.353986874627304160e-02
9.485465289107732068e-02 1.222063968079932089e-01 8.590935590734294358e-02 9.444370652998483606e-02 9.990093506109491706e-02 1.218624931503494713e-01 9.981278876921191590e-02 9.330179664591609079e-02 9.340246848072217278e-02 9.430540575630710909e-02
9.252762735952711759e-02 1.243881298396100898e-01 8.019823798787860392e-02 9.560150485481438976e-02 1.010521073970775674e-01 1.240877807903855296e-01 1.008876465205643946e-01 9.459696201954150008e-02 9.473065503365867002e-02 9.192934819694216497e-02
9.358566160394293787e-02 1.232279040826555899e-01 8.642110461286800493e-02 9.383905750241237909e-02 1.001785811815314592e-01 1.229907037058402541e-01 1.000914197509178288e-01 9.318945127471663092e-02 9.324391097912890225e-02 9.323220530598605449e-02
9.420947644585610237e-02 1.275265543844823490e-01 7.269224367980298140e-02 9.329557764000868947e-02 1.036297683333329417e-01 1.272591188689527752e-01 1.033847059032682036e-01 9.223609520335529499e-02 9.239606911967722380e-02 9.337039042126346611e-02
9.566517801351975825e-02 1.187838339750949268e-01 8.364001209554999816e-02 9.585405947587517794e-02 1.014477526084807679e-01 1.185329537947162337e-01 1.013207549720974293e-01 9.449329523939035969e-02 9.461195755812566721e-02 9.565020226714969487e-02
9.519007470443466290e-02 1.176330546494604862e-01 8.425622463187387723e-02 9.627118670235004783e-02 1.048238497465097951e-01 1.174380565175889152e-01 1.048142285200635709e-01 9.292509533603700300e-02 9.295679964818515106e-02 9.369142954349646280e-02
9.266039265869280284e-02 1.226829949123358909e-01 8.246157010266995380e-02 9.488249309196145065e-02 1.032675845824475719e-01 1.223357656187384346e-01 1.031881190830205575e-01 9.310772409198583843e-02 9.321293811534857310e-02 9.220041774279891245e-02
9.438871124655885680e-02 1.178891019402490414e-01 8.676789674793169982e-02 9.814537693706612553e-02 1.023482269061282007e-01 1.176834868643374804e-01 1.022246809054404709e-01 9.307430700203341012e-02 9.317619680968733387e-02 9.430201464056742200e-02
9.275607219491739663e-02 1.266308529374637337e-01 7.713271220674348949e-02 9.508098284975416425e-02 1.034764933596912517e-01 1.262867941125374316e-01 1.033938015420429596e-01 9.165401091682187640e-02 9.173662734696989840e-02 9.185165253305779820e-02
9.513139305974489812e-02 1.218453713775129454e-01 8.102715260564796740e-02 9.426962724311233055e-02 1.031683041664748085e-01 1.214436596910006966e-01 1.030586918389431728e-01 9.309294148184954487e-02 9.324393188636488639e-02 9.371892664934874939e-02
9.296005761926028066e-02 1.228299339460023898e-01 7.991592143596269737e-02 9.555158540564759329e-02 1.028096351456816576e-01 1.224298142532032063e-01 1.027049275050149896e-01 9.439287168044672993e-02 9.453688920190209122e-02 9.186836380687832260e-02
1.040165111106173407e-01 1.051134371390446270e-01 8.516846824372745206e-02 1.014074937042512281e-01 1.054710702270696965e-01 1.050229966710876234e-01 1.054644182344373904e-01 9.286232251993113695e-02 9.291547400320152028e-02 1.025578081466320124e-01
9.517086489721086895e-02 1.165757314107303266e-01 8.939402534101757725e-02 9.912047758862878311e-02 9.827757247312210453e-02 1.164317595689704221e-01 9.824774061083441090e-02 9.642201224678179083e-02 9.642585794829051926e-02 9.393395791441315479e-02
8.984794481818440814e-02 1.273373681403375535e-01 8.355493721665431528e-02 9.371810510467017130e-02 1.046116763084037338e-01 1.269961607129821979e-01 1.045086405892475812e-01 8.978277125008930770e-02 8.987362073628429870e-02 8.976877512314632157e-02
9.536003729216087355e-02 1.242514095371538285e-01 7.296438612375601152e-02 9.675855068412476945e-02 1.045697977843189075e-01 1.240552337739381922e-01 1.044137785848691935e-01 9.155308019319001456e-02 9.164482570009016560e-02 9.442890032639796039e-02
9.335202298377102970e-02 1.255783469797432661e-01 8.052318223963622623e-02 9.372499769412184767e-02 1.019461059436866518e-01 1.252579580712736840e-01 1.018142786938575350e-01 9.253296442690578383e-02 9.264222282441553213e-02 9.262792014258844353e-02
9.111336549527511430e-02 1.316789761129956160e-01 8.175964937655104403e-02 9.311841362645481568e-02 9.889975337150838652e-02 1.313170480800538165e-01 9.880255983483789139e-02 9.141827346515672692e-02 9.147530379645518739e-02 9.041665684071140130e-02
9.088071444763323736e-02 1.293478799385714972e-01 7.788265572659620883e-02 9.394602700029699993e-02 1.019101116411498531e-01 1.289543566604993696e-01 1.018542037963003494e-01 9.245423574583157278e-02 9.251809603058490372e-02 9.025171901253595252e-02
9.230064767232154521e-02 1.257859024449198837e-01 8.276355390805847922e-02 9.300633582774794905e-02 1.013994666641684361e-01 1.254303021318655675e-01 1.012880312627296303e-01 9.339573486778347811e-02 9.350314414535629282e-02 9.112688107504876567e-02
9.338913968592814363e-02 1.209609119421517359e-01 8.268033586206108287e-02 9.660715200301026040e-02 1.029136990956997511e-01 1.206053271318043713e-01 1.028525542483152838e-01 9.365175983246894209e-02 9.375759177781328724e-02 9.258152842074715561e-02
9.070312063514386625e-02 1.258969253439436442e-01 8.408793403771060160e-02 9.559367267625001885e-02 1.015387362553369921e-01 1.256668992963899945e-01 1.014038669612325611e-01 9.239592417684398817e-02 9.247124643366314012e-02 9.024167418348516545e-02
9.373000898297410843e-02 1.234428299943606394e-01 7.885334883882848256e-02 9.439034860040652897e-02 1.038163293637484053e-01 1.230801244801705968e-01 1.036539168099923081e-01 9.287218957489552784e-02 9.303574344455962930e-02 9.312515991006378724e-02
9.718093037052860650e-02 1.191748945759804612e-01 7.711052892784933666e-02 9.516160440673804288e-02 1.058597254538126003e-01 1.189423759894415733e-01 1.057551709543210899e-01 9.250996925630243506e-02 9.261338016265269202e-02 9.569141990237320372e-02
9.343790796848223945e-02 1.198152679269755827e-01 8.428480973348469185e-02 9.671537961251423787e-02 1.047590784715180523e-01 1.196410177685789944e-01 1.047232814682740459e-01 9.192369065384965732e-02 9.195185209597904474e-02 9.274771430034349506e-02
9.578395467411959796e-02 1.239138136081044117e-01 7.357475761959517135e-02 9.285878730197141828e-02 1.043478127180177684e-01 1.238002815261419198e-01 1.041877126608467541e-01 9.313905259829625971e-02 9.320694313662543362e-02 9.518688415628126509e-02
9.357322382620356094e-02 1.259664818818482246e-01 7.767802112748184440e-02 9.473797254759359909e-02 1.041201930933368935e-01 1.256541426079963997e-01 1.040094767162316469e-01 9.047527367356571204e-02 9.056769725607562160e-02 9.321751726966645557e-02
9.584021309866143368e-02 1.192000414222343374e-01 8.345213876183628365e-02 9.440403518447286479e-02 1.029567457148604370e-01 1.189779460512658121e-01 1.029028220719762354e-01 9.396211820708201545e-02 9.402007981310772644e-02 9.428385967450286786e-02
9.523366646864449281e-02 1.180751922927271991e-01 7.857661138183774652e-02 9.841683462185095432e-02 1.063199588223472242e-01 1.178520699122345694e-01 1.062651286579229248e-01 9.236506959013303375e-02 9.244004718074207150e-02 9.445542107155974199e-02
9.824055448399961199e-02 1.045970608406351643e-01 9.070032235233438378e-02 1.009652000057581350e-01 1.048173861469628432e-01 1.045133002406155864e-01 1.049419002411902530e-01 9.752924177533765782e-02 9.749368351190540460e-02 9.620135040126094605e-02
9.371168564969376003e-02 1.200269054173230265e-01 8.389587756567801202e-02 9.780749223134868608e-02 1.035254904771162610e-01 1.197508673468797719e-01 1.033558727035231856e-01 9.231839210736463019e-02 9.246944189030849304e-02 9.313797461076424311e-02
9.682361776971641631e-02 1.128485697664969173e-01 8.316673078694787613e-02 9.982323830823910948e-02 1.055457773507234021e-01 1.125982625454125530e-01 1.054582115759373218e-01 9.429929726864232087e-02 9.443847349670286828e-02 9.499782113118120097e-02
9.332729330551520208e-02 1.152639592035866328e-01 8.629652404200759130e-02 1.000132732840428029e-01 1.019069865225898652e-01 1.148876720434544585e-01 1.017814368163888067e-01 9.622308648446983859e-02 9.642348133762664031e-02 9.387628696031814768e-02
9.371967062626745948e-02 1.273686292048086532e-01 8.084448906184187045e-02 9.498205111986549043e-02 1.021302639963337644e-01 1.269771732277719112e-01 1.020506123963108025e-01 8.968193569303695156e-02 8.976644278965457968e-02 9.247873188410854484e-02
9.421817195272184919e-02 1.269574058410044837e-01 7.375724688176810151e-02 9.269255266937934112e-02 1.046148715271572188e-01 1.267141927763421050e-01 1.044599803148847234e-01 9.160713504962852971e-02 9.170281092035174886e-02 9.327563206676189878e-02
9.148435192581481912e-02 1.297581591453494387e-01 8.068727845422185574e-02 9.445962771894819698e-02 1.029253527251638295e-01 1.293365781042996043e-01 1.029223995046795459e-01 8.902873578196938975e-02 8.906431818046896265e-02 9.033319845908432955e-02
9.277784587349757750e-02 1.264199930052186394e-01 7.785823618559074843e-02 9.272052038631201087e-02 1.036818909846669162e-01 1.262456187728729362e-01 1.035758192322209920e-01 9.215390055989720886e-02 9.219392309471646785e-02 9.237225190500650274e-02
9.402609367821541941e-02 1.219033420405441909e-01 7.932719331059527590e-02 9.555293155052417553e-02 1.032761597421354982e-01 1.216651584593754498e-01 1.031591203628424297e-01 9.367984970032684766e-02 9.377388817707310587e-02 9.363626297836760703e-02
9.807942046951648174e-02 1.152018062397521525e-01 8.347548333380722108e-02 9.537902392734692869e-02 1.049567001437383129e-01 1.150063576820191807e-01 1.049430742200519462e-01 9.322304975123266169e-02 9.327136724607265617e-02 9.646371698646249992e-02
9.004338131210254392e-02 1.299362862662283846e-01 8.350463916417781574e-02 9.559133301996604326e-02 1.002904868451649084e-01 1.295009111983344285e-01 1.002341677747692200e-01 9.081199041008469752e-02 9.087818400278953324e-02 8.920862000638246636e-02
9.759125666352014283e-02 1.102449519016555218e-01 8.620827031662446627e-02 9.794239375676687398e-02 1.064344674488167108e-01 1.101116725386901002e-01 1.065251447433256116e-01 9.478096588261296362e-02 9.476883495088808673e-02 9.539204179709959153e-02
9.385318540075354710e-02 1.227086992152535139e-01 8.536292112006568789e-02 9.472598313603086684e-02 1.000894057554667094e-01 1.222819129650340869e-01 9.996015860340534687e-02 9.384356404769039761e-02 9.400507759848336642e-02 9.316909215781649101e-02
9.534092816441103180e-02 1.216336141429500556e-01 7.887135403663002309e-02 9.679382678961176434e-02 1.034494048716327469e-01 1.212778253318553684e-01 1.033036178822422657e-01 9.229129824155381245e-02 9.244828027745997934e-02 9.458985026165300791e-02
9.085253319660434312e-02 1.162525566590852238e-01 9.243073702725053409e-02 9.929867343749414210e-02 9.942052998564042399e-02 1.160744761533124558e-01 9.944249220979299586e-02 9.793617378174421240e-02 9.792360214218147341e-02 9.036822540689418148e-02
9.372869043964517088e-02 1.226900637059379351e-01 7.955920145076142425e-02 9.589763856528825403e-02 1.034094264464526791e-01 1.225163359774656541e-01 1.033233021150382902e-01 9.248353226426381246e-02 9.252648477083093292e-02 9.386532426431587472e-02
9.818620281347693879e-02 1.183612191614623749e-01 8.018437228963548602e-02 9.301352782829348798e-02 1.060214010870021706e-01 1.181162148093075209e-01 1.060622126537518889e-01 9.200672389029795895e-02 9.202661391567784621e-02 9.602151155109428515e-02
9.522409716108029554e-02 1.191423628965860015e-01 8.414940770780902912e-02 9.539149868071382377e-02 1.023598693085564920e-01 1.189068559104199396e-01 1.022325672860677631e-01 9.384098253354940244e-02 9.395289705813711367e-02 9.479946145708011140e-02
9.538314833881685051e-02 1.207566667727946880e-01 8.044506698408289413e-02 9.534045893468673372e-02 1.034562991060911236e-01 1.205526645594268281e-01 1.033296646007479808e-01 9.358530858790505003e-02 9.367864502682009265e-02 9.347207708862777242e-02
9.426714777358495556e-02 1.186230969985868355e-01 8.464457214399849494e-02 9.605815898508482387e-02 1.031823917254617307e-01 1.184833282716521580e-01 1.030670944515373194e-01 9.381933334631026300e-02 9.388931698516966851e-02 9.396555931861379218e-02
9.335294983631818588e-02 1.190627500368859198e-01 8.570833294662118240e-02 9.774454325933173982e-02 1.046126242767914938e-01 1.188124902880784289e-01 1.046755767188309316e-01 9.202433904581651392e-02 9.202177880261874776e-02 9.198461478870684216e-02
9.374869435526790584e-02 1.243630113213321370e-01 8.062452983380397065e-02 9.557153119678438169e-02 1.016542901426579215e-01 1.240305898153439418e-01 1.014828315969207723e-01 9.280648048040437970e-02 9.295364768954331169e-02 9.276439356794119462e-02
9.705077476611961851e-02 1.185758138559123709e-01 8.338549260251329476e-02 9.398906868792890335e-02 1.031101747957760412e-01 1.182640985092415220e-01 1.030477549364395423e-01 9.339549751775877429e-02 9.349859706205709831e-02 9.568272726625284830e-02
9.482843203151719580e-02 1.235618230193416267e-01 7.725970468717133222e-02 9.561620288428701597e-02 1.053654854440832511e-01 1.232988261437130417e-01 1.053224401988926973e-01 9.035906472450541682e-02 9.040721695956158155e-02 9.398080390692682695e-02
9.320489864370079536e-02 1.272291730410216037e-01 8.002089346459177743e-02 9.267701561436683666e-02 1.019567161699393987e-01 1.269798253623517503e-01 1.019068664766441951e-01 9.185955455145718151e-02 9.187861010316326904e-02 9.228644657276316443e-02
9.447704350614166691e-02 1.292967311166687561e-01 7.925616769510593351e-02 9.372963735559142195e-02 1.004898780052003726e-01 1.289493789611706742e-01 1.004800008785307341e-01 8.964320348030632712e-02 8.965145646389993672e-02 9.402650253738419062e-02
9.261225962953864577e-02 1.269810643813180651e-01 7.819306325775729483e-02 9.346080810020261642e-02 1.040723346802261973e-01 1.266449277504453630e-01 1.040469459892651161e-01 9.104939210846642317e-02 9.109153149382992476e-02 9.184767260895038143e-02
9.254664608778410961e-02 1.215976933780827662e-01 8.417964352946566420e-02 9.874024133461077601e-02 1.013768094351235466e-01 1.212047514384829716e-01 1.012479975864574722e-01 9.363971113716100525e-02 9.379787741041525906e-02 9.166862866241645702e-02
9.102651198330831417e-02 1.389334941838107351e-01 4.870562507151610793e-02 9.431330964057885180e-02 1.099650207643125127e-01 1.387393185431018694e-01 1.091230140766237117e-01 8.945586819225233299e-02 8.989314865081245165e-02 8.984468889368316113e-02
9.652444431287365845e-02 1.178641318862399950e-01 7.841117700306377003e-02 9.559882555517552893e-02 1.062664744275347295e-01 1.176051056416825280e-01 1.062074853814762299e-01 9.333176655882141626e-02 9.342692133619100170e-02 9.476366789694119774e-02
9.556427047351206960e-02 1.209034113581200498e-01 8.042170101693589535e-02 9.481185747996064006e-02 1.034541081217078412e-01 1.206060009291390900e-01 1.032932374885817822e-01 9.327213062197008131e-02 9.342383957593837496e-02 9.424944293413416163e-02
9.149751764635100093e-02 1.244172688216105549e-01 8.295920720991789565e-02 9.548731264579658762e-02 1.013986955316382305e-01 1.240800411911330975e-01 1.013376904851446825e-01 9.372831462454826734e-02 9.380170351639703641e-02 9.129224832746264673e-02
9.066011946229332596e-02 1.241497601925563299e-01 8.491470846150811491e-02 9.701419963834991000e-02 1.000839388456385842e-01 1.238224455804808055e-01 1.000472189492199043e-01 9.457284716540109715e-02 9.462250608895549087e-02 9.011225561559645103e-02
9.314496709303381194e-02 1.266626960668752744e-01 7.720855993139039142e-02 9.334670564737297671e-02 1.054597935124182567e-01 1.263197476177340683e-01 1.053113142189022744e-01 9.008748135006031110e-02 9.021373025420387215e-02 9.224500430800880446e-02
9.796138983571738013e-02 1.180550253389708870e-01 8.008612858482871966e-02 9.220939198075342458e-02 1.050959254059164738e-01 1.178364432969628006e-01 1.050639575717534357e-01 9.349127644193123976e-02 9.354697092525579571e-02 9.665349061790988461e-02
9.375134107476744416e-02 1.259618702955649927e-01 7.350546231093517402e-02 9.614198802455933834e-02 1.034993227942888894e-01 1.256156714233590266e-01 1.032402977575867659e-01 9.280378874966821456e-02 9.301120931655584845e-02 9.246904825271429207e-02
9.480830469942315430e-02 1.227205622491459036e-01 8.769109987690829056e-02 9.405951880671642451e-02 9.812210352486161469e-02 1.223478559064969523e-01 9.805981481566621027e-02 9.371743148349812036e-02 9.380146584354352723e-02 9.467184279373982991e-02
9.199233346756406637e-02 1.269296316278605286e-01 7.848188886700453726e-02 9.477904711907399193e-02 1.035988376053447318e-01 1.264350282858862362e-01 1.034124639583758609e-01 9.150893258473767611e-02 9.171109273546773633e-02 9.115074374868457896e-02
9.711556649228331173e-02 1.156702421873482683e-01 8.720896309900212640e-02 9.763875045586899171e-02 1.014532569670078127e-01 1.154205367090714585e-01 1.013810754760504501e-01 9.335328080266407091e-02 9.344762526699670890e-02 9.731070254370682848e-02
9.199677121775912125e-02 1.232045435961821173e-01 7.600625146832826196e-02 9.635257599239652193e-02 1.062661731156481631e-01 1.229522809532784117e-01 1.061375986572123953e-01 9.279998419904579576e-02 9.290776482020571270e-02 9.137605597994347129e-02
9.697134979049396031e-02 1.212950912106385837e-01 7.842758529669574541e-02 9.390592100473559023e-02 1.047848033110597293e-01 1.210697582991070859e-01 1.046523289439405119e-01 9.144853597680657753e-02 9.155041781018039004e-02 9.589420835634183959e-02
9.468197909021165704e-02 1.245604127976797509e-01 8.092954706751109839e-02 9.514526026484819432e-02 1.033050541518152343e-01 1.241707566321387513e-01 1.032309467604009684e-01 9.004483320562908788e-02 9.014468391974880812e-02 9.378652611001651873e-02
9.861290708867764820e-02 1.130494917220682266e-01 8.361308406885417654e-02 9.814450613594515038e-02 1.047850867458179069e-01 1.128422974811783136e-01 1.048133759006398408e-01 9.386029490589976876e-02 9.389805239512361013e-02 9.638090355579533031e-02
9.260214499660100740e-02 1.253261751113027844e-01 8.024811897664002602e-02 9.452221620840220440e-02 1.021470868204356758e-01 1.249690662428776244e-01 1.020513708839487221e-01 9.276346008442599989e-02 9.286411285912062052e-02 9.250624781624530724e-02
9.285177649808433464e-02 1.176357876429986599e-01 8.468735523079332084e-02 9.744697979374913888e-02 1.058726795827066164e-01 1.174100921779076961e-01 1.058304355948778142e-01 9.297420896332815599e-02 9.304394771126896224e-02 9.224673680428534250e-02
9.311234591120690074e-02 1.239642980070074507e-01 8.429543686851979911e-02 9.427980334858108991e-02 1.008249803558117219e-01 1.236530457132342803e-01 1.007126753456965979e-01 9.326281310070957953e-02 9.336171413096612526e-02 9.253288721826646857e-02
9.620502404946681962e-02 1.156862238552375938e-01 8.132429403618686437e-02 9.957068684807575398e-02 1.068832680027045762e-01 1.154706292396624756e-01 1.068813743633893615e-01 9.164037320557376354e-02 9.169265774853360695e-02 9.464546865116921226e-02
9.107765858418792604e-02 1.281800703902433169e-01 8.023460900149034791e-02 9.388099833056974541e-02 1.026180439816961470e-01 1.277339336110280554e-01 1.025771863572712689e-01 9.158134598639099122e-02 9.166077471705147417e-02 9.045537904007074081e-02
9.023404054290533327e-02 1.303062503271215089e-01 8.563880289930060619e-02 9.469231649158352249e-02 9.868316765970401583e-02 1.298509963684305046e-01 9.859794858300788278e-02 9.111958870827474577e-02 9.120495840875041116e-02 8.967193001092145510e-02
8.917906445788686964e-02 1.198171629044554043e-01 8.743748352837804605e-02 9.954737200682127474e-02 1.026269054017716897e-01 1.195973680635319392e-01 1.025268833258736467e-01 9.521758002417769762e-02 9.530446739286388413e-02 8.874571289423947851e-02
9.640151705533211990e-02 1.243559040591097620e-01 7.549319260290474065e-02 9.539561277837613207e-02 1.026541275100252837e-01 1.240660721489653812e-01 1.024908816924538363e-01 9.183129964936705136e-02 9.195699098704088192e-02 9.535440151642478324e-02
9.612795845091526292e-02 1.148359127090301940e-01 9.080102240786246115e-02 9.389170926162533626e-02 1.049774598716623208e-01 1.146398095158283892e-01 1.050325070419021178e-01 9.245748749843574199e-02 9.246256488616852454e-02 9.477356835656967904e-02
8.975399353891490295e-02 1.291447906662186729e-01 8.293739578747620633e-02 9.653695651260187083e-02 9.976448225674706960e-02 1.286632174060852729e-01 9.975411713403524450e-02 9.197686241149088948e-02 9.203119345090565728e-02 8.943699083552419937e-02
9.418804954493968651e-02 1.299952737785916579e-01 7.427266371602354866e-02 9.214087310067256564e-02 1.005930583737215250e-01 1.296054772861037763e-01 1.003698077567140301e-01 9.264505684468847535e-02 9.281619981240701867e-02 9.337353978613770200e-02
9.439322576478849369e-02 1.239540395125738464e-01 7.572851126869495353e-02 9.508057754357711333e-02 1.023720959790826585e-01 1.237581203987089401e-01 1.020934755308045006e-01 9.408674691050315786e-02 9.426461408335798375e-02 9.426859300790836615e-02
9.451553297472529980e-02 1.259885925379776173e-01 7.400251329975578163e-02 9.675487878921945617e-02 1.016315134058675962e-01 1.256879845568101006e-01 1.013883583622449541e-01 9.288366966913418066e-02 9.306032530882023257e-02 9.408663109544478098e-02
1.014458189149873013e-01 9.849743411322293973e-02 9.214226713804303526e-02 1.037963353780220477e-01 1.037471667735011260e-01 9.855828809958346037e-02 1.038450792857594368e-01 9.885295933886366349e-02 9.878362604899407207e-02 1.003310249090229034e-01
9.551168423906403193e-02 1.039816758490364756e-01 1.018922158424915569e-01 1.001772619703951428e-01 9.488827087672911664e-02 1.040203929923053938e-01 9.489242648432553995e-02 1.038115989238200115e-01 1.037457267679302020e-01 9.707874605390251488e-02
9.695756726535888215e-02 1.159508222690644463e-01 8.796984500443490174e-02 9.325592290484638336e-02 1.043919623264527308e-01 1.157539239943688042e-01 1.044641279421947011e-01 9.252180149049274438e-02 9.250728993522402965e-02 9.622673686756243183e-02
9.655413127758852299e-02 1.174223298973341711e-01 8.697971798787330899e-02 9.211151296703561087e-02 1.022289484903639301e-01 1.172114203755237755e-01 1.021859923743166504e-01 9.435732240645083868e-02 9.441023356637344432e-02 9.653839065713976098e-02
9.628263479962924365e-02 1.219660673468411921e-01 7.953413531749484178e-02 9.365900894618245376e-02 1.021198232831608266e-01 1.217047825669006350e-01 1.019829875780334516e-01 9.369079160946258700e-02 9.380345006681860276e-02 9.525631848547624903e-02
9.370972464650567657e-02 1.199433672535681616e-01 8.329647000619409825e-02 9.674381613636089117e-02 1.026496707331163716e-01 1.196484408127834603e-01 1.024548584578915122e-01 9.398532623896647953e-02 9.416493855593700835e-02 9.340338715867634034e-02
9.498668949359050095e-02 1.218544143024833520e-01 7.837366859295749610e-02 9.584665137289830050e-02 1.053733560393100566e-01 1.215782523614157840e-01 1.052195323131881882e-01 9.154523005275985725e-02 9.167904947590020670e-02 9.354315599549632709e-02
9.316675554903650069e-02 1.213835496785511114e-01 8.168485889035229097e-02 9.719710452068437700e-02 1.035188265004911151e-01 1.211941823481446495e-01 1.034476980182110623e-01 9.274493187554878892e-02 9.279083565986433191e-02 9.287125695911577217e-02
9.303819808661759061e-02 1.268400644029829827e-01 7.546249615557287793e-02 9.482239329434598296e-02 1.034024495686062112e-01 1.264516050221112797e-01 1.031910175600688345e-01 9.185553309850547077e-02 9.203788921003729084e-02 9.289835360115150653e-02
9.268987045149171267e-02 1.195334866005114405e-01 8.200563311455015547e-02 9.600116776803176155e-02 1.047134523874288931e-01 1.193676690914019234e-01 1.046806485057193564e-01 9.444768440862588710e-02 9.447447398532581031e-02 9.208591368691308732e-02
9.471604764237832874e-02 1.172218170882469018e-01 8.296294908516763100e-02 9.661058373453484949e-02 1.055680509128880118e-01 1.171039024402385775e-01 1.055006509851663110e-01 9.349249471953302582e-02 9.353610570245844691e-02 9.328739768938791588e-02
9.041085023866522741e-02 1.264871746041480172e-01 7.826251709498963094e-02 9.626997388216292084e-02 1.036588802443496049e-01 1.261773011794259935e-01 1.034623008364113916e-01 9.255883784238046197e-02 9.270803336443407539e-02 9.000413071303269008e-02
9.322398826628411350e-02 1.224307760146772089e-01 8.080256935126084450e-02 9.811552062013280395e-02 1.031928893466006053e-01 1.220466740465253747e-01 1.030487392268954333e-01 9.244693568434433906e-02 9.260889238432959414e-02 9.208301505894962713e-02
9.315427365895249945e-02 1.277739108061245188e-01 7.859592426514794283e-02 9.583840982057087454e-02 1.011183446295484123e-01 1.273489390792431342e-01 1.010079802110379066e-01 9.143800365059140400e-02 9.155300238227326304e-02 9.217121149651005818e-02
9.179663459166219341e-02 1.314603543768120275e-01 8.465323297027341209e-02 9.057817369741870406e-02 9.859228755960283697e-02 1.310426942550343421e-01 9.861038380409274662e-02 9.104338579373906504e-02 9.103761365860105204e-02 9.118523929276364792e-02
9.075966479665471820e-02 1.235865464685967918e-01 8.537884159606934364e-02 9.706121683644661213e-02 1.022415569082729819e-01 1.232860069725112140e-01 1.022234536839810026e-01 9.253053003491522321e-02 9.256661857213527300e-02 9.036556413041683944e-02
9.289833859331916854e-02 1.312272408868783158e-01 7.691539021588582326e-02 9.236507023695958440e-02 1.002365451367471100e-01 1.307924015106083637e-01 1.000944828628380634e-01 9.153250079854041710e-02 9.165189327001491137e-02 9.228613648820821469e-02
9.623062581227645462e-02 1.168746056634085151e-01 8.047394458399889650e-02 9.666189710804640178e-02 1.028685014047596019e-01 1.165838049132675858e-01 1.026800100421339790e-01 9.567739192316004893e-02 9.587579217636339746e-02 9.607342637258513285e-02
9.038459156883965617e-02 1.295128379842128696e-01 7.485132009216419191e-02 9.659640320101040012e-02 1.026224103476610638e-01 1.292359249182509218e-01 1.024014208143076005e-01 9.206856828137059690e-02 9.220393158979006687e-02 9.012259120239261845e-02
9.385811789846290609e-02 1.166710303173582319e-01 8.754824840832804711e-02 9.779885928421802599e-02 1.021815407033783291e-01 1.164786543849237743e-01 1.020516431431221782e-01 9.475773723318245412e-02 9.486855401490087991e-02 9.378561461212511774e-02
9.368904358786293851e-02 1.144261104939551243e-01 8.515127309476638873e-02 9.752162388540384919e-02 1.038651238144972372e-01 1.142477544526864369e-01 1.037551252082581227e-01 9.718047846195732031e-02 9.729523748261975635e-02 9.286822951799281189e-02
9.078111115863504721e-02 1.344834504449408663e-01 8.154540052534998973e-02 9.175860164387912576e-02 9.942695754239154471e-02 1.339993275897831126e-01 9.939969346783061876e-02 8.936195972559571321e-02 8.939580866270474546e-02 8.984768923888925007e-02
9.155087510967531428e-02 1.172287834992266908e-01 9.216034872562817171e-02 9.876306517624885983e-02 9.868266079554140202e-02 1.169424148780422446e-01 9.869997380855025093e-02 9.742261028037201009e-02 9.745186249575339688e-02 9.109740523096167275e-02
9.233627348287749836e-02 1.135396173933476555e-01 8.731502096992324602e-02 9.624716048442813476e-02 1.039757626935016721e-01 1.133721389145339042e-01 1.038804606415808657e-01 9.879056475393714620e-02 9.889910532822006328e-02 9.164389533764986939e-02
9.475393647197392910e-02 1.215726209964942128e-01 7.859351783565958482e-02 9.644827674321364286e-02 1.053378417267598344e-01 1.212615622621343731e-01 1.052635930871987369e-01 9.184274137624180712e-02 9.194120563948834923e-02 9.298470386083555750e-02
9.448825170080525637e-02 1.193012589680578495e-01 8.637557725338033954e-02 9.420380929875923903e-02 1.014283636561688767e-01 1.191725472431758859e-01 1.014368229544337502e-01 9.482712463783471435e-02 9.479686675618204106e-02 9.396937753120208903e-02
9.318832078552062581e-02 1.266653081223936550e-01 7.719757123570207547e-02 9.371606230991628983e-02 1.029792984881518492e-01 1.262962643149599662e-01 1.029581365615718502e-01 9.232794871517803481e-02 9.237792455574543593e-02 9.229316491086018981e-02
9.210446496044924491e-02 1.258684914565263713e-01 7.788862284319948703e-02 9.445321507750292778e-02 1.054054742895258051e-01 1.254879367567884318e-01 1.052860271216363441e-01 9.118307391899850567e-02 9.131141157266169095e-02 9.101128200271121904e-02
9.120675272463781014e-02 1.140631591817858892e-01 9.137097060587143216e-02 9.860384024380640378e-02 1.019617882239998302e-01 1.138595921495608315e-01 1.019749103254340428e-01 9.796986691665275637e-02 9.800180743300425379e-02 9.098731219524679170e-02
9.400653750888234017e-02 1.108671030312909089e-01 8.632258693456261456e-02 1.016485040072214741e-01 1.077071060996796087e-01 1.107654690501014144e-01 1.078649983432893311e-01 9.385510558835180595e-02 9.378870822198691337e-02 9.317388121463353323e-02
9.578481033760415098e-02 1.160619027157711591e-01 8.615297521989076501e-02 9.342995008952088842e-02 1.026535671245440567e-01 1.159134347046923141e-01 1.025941240802157317e-01 9.608860676892631847e-02 9.613800996488884587e-02 9.518261899394576953e-02
9.732926758036818116e-02 1.200893636301615386e-01 7.911273336682127233e-02 9.936800617443457273e-02 1.027629812977356172e-01 1.197908657625639667e-01 1.026590617666190419e-01 9.175633709244000735e-02 9.186826418987623089e-02 9.526311913897961281e-02
9.098674695662173351e-02 1.249854743080926756e-01 8.160587160467126788e-02 9.478236380969345953e-02 1.034370438880215237e-01 1.245824442267824683e-01 1.033584645486239489e-01 9.284826372202450995e-02 9.296098212415838946e-02 9.045234481131002313e-02
9.530355237807368318e-02 1.201283705827122655e-01 7.584285334883342222e-02 9.684200601542505837e-02 1.035494130809897217e-01 1.197827837432156595e-01 1.033234205374228276e-01 9.516766735787829390e-02 9.539543642054858219e-02 9.466449653490054128e-02
9.427801080566085290e-02 1.196696854879101407e-01 8.255385319796107457e-02 9.631131893057651161e-02 1.028596099061600405e-01 1.194376773598562758e-01 1.027191886955629158e-01 9.395617786607263211e-02 9.407479352336360623e-02 9.413968422687597759e-02
9.526107919651263800e-02 1.205394613266012049e-01 8.006789085611430712e-02 9.315220083105835158e-02 1.041227328776781619e-01 1.202507838128708956e-01 1.040140006799289280e-01 9.400167633436054548e-02 9.412090698008569734e-02 9.446926710478927014e-02
9.758552131185892209e-02 1.169525478212679742e-01 8.415052120490246201e-02 9.552463218286713631e-02 1.034176193728990195e-01 1.166422178166479640e-01 1.033919962372738671e-01 9.301718681918867693e-02 9.310475106142657165e-02 9.621300617166736457e-02
9.551517161074729589e-02 1.187886665706816974e-01 8.603467261434306901e-02 9.366934613715044433e-02 1.032629041472100245e-01 1.185247670577976031e-01 1.031287655190158137e-01 9.327397413365305645e-02 9.340530810681521579e-02 9.439642410258577976e-02
9.627876390549625074e-02 1.196481328265032035e-01 8.152328464006512732e-02 9.399946859843583136e-02 1.022263728634192764e-01 1.194653925850490683e-01 1.020589229987532293e-01 9.464786848441673894e-02 9.476535491991477933e-02 9.538643817794649482e-02
9.258039007386205388e-02 1.221670206829580108e-01 8.663902519436574023e-02 9.493960255740208076e-02 1.002663548854774295e-01 1.219760172074476207e-01 1.002548389082104502e-01 9.431164507982638112e-02 9.430103649650700692e-02 9.256406891394321212e-02
9.417623614108244778e-02 1.208266887059572248e-01 8.205984280669952058e-02 9.496256664975481765e-02 1.024584409009759722e-01 1.206992902730104344e-01 1.023693639310984671e-01 9.405796153482975930e-02 9.409226555101943279e-02 9.429734350557190947e-02
9.244552592004801062e-02 1.234198963958107187e-01 8.651388387590276674e-02 9.483549175338801263e-02 1.001068813278849501e-01 1.230932252375088604e-01 1.000378905641282068e-01 9.370131640353568381e-02 9.377659404458632553e-02 9.206929447720646476e-02
9.197457858422321275e-02 1.244639695412096819e-01 8.440402715023519187e-02 9.486540970979571996e-02 1.029022211142534282e-01 1.241284859774814814e-01 1.029019789147685160e-01 9.134937844067192447e-02 9.138328558235978005e-02 9.162666498500098011e-02
1.008769640967255160e-01 1.159964267362936924e-01 8.015321518622940677e-02 9.543443170558008060e-02 1.030723968779644201e-01 1.158605527112171879e-01 1.030016013386935853e-01 9.364482582153083046e-02 9.369514838402505374e-02 9.826443714174024069e-02
9.323717526163781411e-02 1.264417970768824395e-01 7.973162682607075336e-02 9.349282608250382431e-02 1.018799119522276753e-01 1.262412730897990720e-01 1.017705677075116527e-01 9.209654968250466367e-02 9.214197461954885815e-02 9.296629770131324688e-02
9.457422683735747237e-02 1.210351885586371107e-01 8.091819422993802580e-02 9.624312662006860586e-02 1.031650247916007651e-01 1.208140571034117677e-01 1.030024376268835196e-01 9.302853415973491580e-02 9.314928353002149830e-02 9.406992654234631879e-02
9.448536485360685411e-02 1.172915082572413975e-01 8.373688996111011695e-02 9.453185521174850559e-02 1.048797304691073962e-01 1.172039802937953068e-01 1.048218998647076766e-01 9.442128466258341291e-02 9.444408559524788971e-02 9.418340083085141590e-02
9.471607659814477997e-02 1.228345677924749246e-01 7.428258847541960308e-02 9.644720955295915665e-02 1.049362028814228021e-01 1.225106570585784427e-01 1.046770976876601894e-01 9.292921132698690745e-02 9.314817578155169808e-02 9.351821284480148211e-02
9.229654351573117477e-02 1.262792658928058864e-01 7.811129563568171286e-02 9.400374519782869753e-02 1.025824231593278762e-01 1.261016317343237325e-01 1.024720055545400854e-01 9.287841913898464696e-02 9.292046560031759495e-02 9.235420457045862008e-02
9.298661536026704699e-02 1.255999383397763403e-01 8.695883661205300319e-02 9.571772248086633794e-02 9.910673165817106278e-02 1.252043568525986750e-01 9.911388366709385223e-02 9.148674972555984053e-02 9.151424911582607680e-02 9.231091618778776431e-02
9.580255736947258793e-02 1.167949929852579866e-01 8.206278105421335733e-02 9.600613473028370148e-02 1.039728616933769667e-01 1.165377512109908864e-01 1.038519951434522942e-01 9.497383701383925458e-02 9.511180191852104671e-02 9.488528688059187643e-02
9.389477842920969375e-02 1.257569166163428342e-01 8.072649309761759095e-02 9.613045557800896368e-02 9.984114984559303019e-02 1.254134413445349983e-01 9.973060236696713876e-02 9.259693239577992951e-02 9.269220345651756066e-02 9.321702686942821836e-02
9.301851782917436307e-02 1.120770844615835565e-01 9.662059439902213887e-02 9.987423400871456303e-02 9.687272124178993027e-02 1.119198985972402749e-01 9.687269974263741645e-02 9.914720465853629761e-02 9.915345759734638109e-02 9.444358746395511983e-02
9.663065697809547494e-02 1.185687413952891400e-01 7.863156772145102336e-02 9.632753346770482616e-02 1.042312817436194805e-01 1.182811473047950396e-01 1.042135375221290711e-01 9.373247131291304046e-02 9.380091037434870604e-02 9.558215217965418398e-02
