1.157494607702426737e-01 9.052321328692213009e-02 1.158098046304608802e-01 1.086618438536159914e-01 1.085538955902370650e-01 7.765825997955345950e-02 1.143699135494711944e-01 9.186653542437067665e-02 7.764879845815413073e-02 9.915827445697179832e-02
1.168072060482771429e-01 8.938551134857743163e-02 1.168125387653669578e-01 1.109126138199553052e-01 1.106102295346855363e-01 7.982201625802808065e-02 1.076343238748219272e-01 9.275677371566996843e-02 7.986025358018038200e-02 9.539853305443728171e-02
1.143071458526332823e-01 9.022467992511994106e-02 1.143148694030444307e-01 1.067049062101091544e-01 1.064960660991316477e-01 8.461636884648413015e-02 1.066268026420725684e-01 9.431939793239124681e-02 8.464399215339543647e-02 9.774577093561818975e-02
1.122273354636341008e-01 8.627182145688765125e-02 1.123014185370544843e-01 1.196055808332191633e-01 1.194873935174340235e-01 7.440885866497867762e-02 1.127094197807913256e-01 9.205490905159613435e-02 7.442889599420109137e-02 9.650436670020329233e-02
1.189676336471214846e-01 8.811232995467103979e-02 1.188869228327061739e-01 1.145716807000486254e-01 1.142526902782482062e-01 7.614941730151336685e-02 1.087335123833437639e-01 8.980061844008178917e-02 7.612959732197503715e-02 9.439559714029052695e-02
1.092796397168320499e-01 8.968200846736718024e-02 1.091264044491122576e-01 1.125080830659429959e-01 1.123034085005999161e-01 9.073587145873207582e-02 1.003336767085439007e-01 9.387803919005645314e-02 9.068712533964563838e-02 9.146574310316751832e-02
1.181030704184747593e-01 8.792765228892115981e-02 1.181294462865694339e-01 1.126105805227270024e-01 1.124733542411258808e-01 7.468563355198117037e-02 1.110425311704629214e-01 9.119923810827298971e-02 7.465981626849985120e-02 9.916867714296478953e-02
1.117815284337756593e-01 8.832102249359534418e-02 1.118245872451830575e-01 1.192411712882184976e-01 1.191084924698504605e-01 7.917552637411066907e-02 1.078957696844975861e-01 9.006499388987343480e-02 7.919958283653188991e-02 9.338732528436341496e-02
1.136706150805114474e-01 9.152056014820499075e-02 1.137541288422174307e-01 1.064736756859202549e-01 1.063663662138647215e-01 8.498143445932412887e-02 1.090942233697390351e-01 9.118905728243720255e-02 8.501774582697015081e-02 9.793219309081066526e-02
1.150460011900247548e-01 8.880422924271789975e-02 1.150654919227337980e-01 1.112144369749581557e-01 1.109520808876044429e-01 8.095861965299296081e-02 1.106800188744238439e-01 8.887082343203187018e-02 8.100215674938736343e-02 9.740614107312492442e-02
1.162738511751058301e-01 8.589887349560475227e-02 1.162431618072819334e-01 1.186470763581265325e-01 1.182860669176622193e-01 7.836806541639465551e-02 1.046807133073234530e-01 8.921416553122846205e-02 7.840810986276024186e-02 9.397991612851197551e-02
1.181587343138850860e-01 8.547709623182679628e-02 1.182258013016664194e-01 1.140752882677183860e-01 1.137977122945172670e-01 7.384546352910105471e-02 1.163481910005245284e-01 8.976014685389253900e-02 7.388547413180916734e-02 9.642609207505868640e-02
1.107731576115235511e-01 8.729680839050316110e-02 1.107760703489244491e-01 1.132447992239853651e-01 1.131998864770666635e-01 8.173589223042788954e-02 1.157928745043329821e-01 8.973127870788016880e-02 8.171091157987624143e-02 9.573832092547954198e-02
1.145755257583114528e-01 8.233764573531771047e-02 1.146123882315720627e-01 1.277576356622400489e-01 1.274928729607641142e-01 7.070599422484803720e-02 1.151182264429866930e-01 8.399463791379555011e-02 7.073452589428261272e-02 9.267054717588169011e-02
1.157321149773893609e-01 8.527027786879930182e-02 1.157537024782293589e-01 1.229194334856143211e-01 1.227201758585250019e-01 7.116927105472628523e-02 1.127011848604969196e-01 8.774704351851971007e-02 7.116570229167923367e-02 9.482109360602043735e-02
1.175375867364518156e-01 8.506529005085380901e-02 1.174953083253890418e-01 1.171190869297254189e-01 1.167682633534631031e-01 7.588137807111233757e-02 1.104280552731393833e-01 8.966368507832749024e-02 7.589929736292318208e-02 9.414204881861444607e-02
1.123113038368773325e-01 8.908864207366086474e-02 1.123290386837070554e-01 1.122251848599789270e-01 1.119682884591839400e-01 8.220344050481379061e-02 1.107784723523589643e-01 9.107421725095893317e-02 8.225840526831787458e-02 9.576300671014235932e-02
1.150384597163626316e-01 9.332561309831041707e-02 1.152001438806921213e-01 1.087479261190479329e-01 1.086584968659440459e-01 7.676636863998705096e-02 1.093861870220363269e-01 9.483343359368974490e-02 7.680197270225545825e-02 1.012413983616742980e-01
1.214631905041253096e-01 8.992395135867846390e-02 1.215727132547997219e-01 1.055009747374599099e-01 1.053045645165972960e-01 7.369542251661716226e-02 1.153369828656720525e-01 9.236444777803971828e-02 7.370757624575560718e-02 1.011301762222547307e-01
1.132626762410177818e-01 8.665789278673911855e-02 1.133054912073461346e-01 1.186027601506331880e-01 1.184827477767514958e-01 7.754447963000185573e-02 1.109392984961307255e-01 8.858268655568327099e-02 7.755509308901921417e-02 9.506687406667724272e-02
1.192697528786140909e-01 8.839242055611697124e-02 1.192665322227187408e-01 1.104754821323928049e-01 1.101946925817151313e-01 7.720891026000274715e-02 1.110303452908521782e-01 9.057794486473054463e-02 7.721866099721924614e-02 9.636525821563753091e-02
1.117790863418678532e-01 8.913338673725255956e-02 1.118174327460622619e-01 1.149829308410690726e-01 1.147412239558427832e-01 8.147323924915807203e-02 1.058024708073599662e-01 9.264683583150330748e-02 8.153599302317557362e-02 9.608740046670856405e-02
1.142245296863101389e-01 8.784285838930919188e-02 1.142103815254496696e-01 1.147219024316734892e-01 1.144632016480560538e-01 8.135675010375856275e-02 1.090392637369603651e-01 8.882638626940890514e-02 8.138627642446517874e-02 9.392844978460841709e-02
1.126699350939066452e-01 8.628616589903194412e-02 1.127169573044468631e-01 1.252103479294821853e-01 1.250620656260313934e-01 7.528466509864176204e-02 1.083501800923714897e-01 8.709764122540405995e-02 7.530594417381804295e-02 9.201609755686561420e-02
1.172447455282871615e-01 8.900994903429061689e-02 1.172188449922910436e-01 1.069453332339221491e-01 1.067262141443448831e-01 8.184056714258518272e-02 1.138924493934320020e-01 8.961821606780107086e-02 8.183411993460174005e-02 9.566956052844416414e-02
1.029895357701651887e-01 7.498145814614823323e-02 1.030915660004374096e-01 1.692545072843079923e-01 1.695331700675802578e-01 6.009421000129377965e-02 1.001042910513121054e-01 7.575362497293847142e-02 6.009733876334790587e-02 8.410029794246863533e-02
1.145072323975594997e-01 9.165998255005691764e-02 1.145448044761007145e-01 1.049091074310594257e-01 1.047132468464728738e-01 8.396286919159162698e-02 1.105740352618033162e-01 9.287684003355860252e-02 8.399670666329714375e-02 9.825517514849987921e-02
1.122432976827751339e-01 8.893603094161846301e-02 1.121993540122432353e-01 1.110593776391660958e-01 1.108817318389492823e-01 8.233200455153112662e-02 1.075215411094775225e-01 9.215242441573491539e-02 8.231716553092698063e-02 1.003570722775772028e-01
1.149355175703573179e-01 8.787258502736317034e-02 1.149274977933719549e-01 1.139656047369193709e-01 1.137048822754272992e-01 7.872569563838305307e-02 1.103299721645611131e-01 8.945528304778904705e-02 7.874594744029651816e-02 9.733701430553109990e-02
1.095410226082910304e-01 8.690819028928925549e-02 1.095786912582874945e-01 1.167095940275551247e-01 1.166050231631131223e-01 8.298749578991737597e-02 1.075862566419650002e-01 9.158977378787051815e-02 8.302223737531892744e-02 9.547171505839215089e-02
1.191760410120799585e-01 8.679561015050631101e-02 1.191523362396038760e-01 1.124027020470660110e-01 1.121246458013130803e-01 7.540929167809951039e-02 1.116009313100269768e-01 9.000038618953867808e-02 7.540424557100025571e-02 9.793381000076534226e-02
1.146726719264702932e-01 8.846351989067127719e-02 1.146978278513954563e-01 1.116633077604045621e-01 1.113793344168419464e-01 7.953734151097724414e-02 1.127617359764867960e-01 8.942142040886405518e-02 7.958738840337578613e-02 9.781545185451252788e-02
1.149160339148826704e-01 8.914483481134177767e-02 1.149307125622550108e-01 1.127444608787401409e-01 1.124584722023488775e-01 7.730953027626866203e-02 1.141876477769869780e-01 9.008538579157768234e-02 7.734255425504960035e-02 9.688036753054866945e-02
1.057045541870114402e-01 9.361127989155630658e-02 1.057159845915227603e-01 1.044651603253016897e-01 1.043897232463117247e-01 8.659881858150621226e-02 1.043887079675998170e-01 1.022233224033607668e-01 8.659944768291570616e-02 1.063030011229135902e-01
1.106412951339086070e-01 9.166776494132271302e-02 1.105819697226558679e-01 1.119386375453145649e-01 1.117973715810248181e-01 8.584364825113781350e-02 1.039774103389414089e-01 9.427054703365493615e-02 8.581643907993884157e-02 9.346491637210045667e-02
1.130041105017478148e-01 8.017047837855571790e-02 1.130010597264688027e-01 1.283283666262361733e-01 1.281265177735669003e-01 7.522558375100057981e-02 1.098847183767539260e-01 8.365050725118554353e-02 7.524508640934417236e-02 9.336357120514038321e-02
1.140385029034848147e-01 8.434665485459848233e-02 1.140856996119990752e-01 1.248517967986964433e-01 1.247782858806014694e-01 6.837662415731932120e-02 1.157333195183525426e-01 8.913243431521890303e-02 6.835247474420316771e-02 9.630420721552575281e-02
1.202259961534038329e-01 8.917306377010879304e-02 1.202445580352118071e-01 1.064928408749143129e-01 1.062362535774622752e-01 7.825277881365591548e-02 1.127344697519026828e-01 9.024408115851779988e-02 7.826390689850827587e-02 9.813205096631429092e-02
1.186573302155447401e-01 8.281890850746118082e-02 1.186017556679125062e-01 1.235071555547085642e-01 1.232278948229980214e-01 7.455546988864217295e-02 1.101501838076433260e-01 8.435345131075581981e-02 7.454438328632946587e-02 8.958346693800427196e-02
1.168086999455793112e-01 8.402991230816758694e-02 1.167429133558541832e-01 1.224727432211648037e-01 1.221646687418266042e-01 7.302874267543053854e-02 1.137982020030488955e-01 8.535224264819873952e-02 7.301607980647983887e-02 9.258579529424941501e-02
1.166216853078710092e-01 8.721996350906702222e-02 1.166197180474890099e-01 1.162045633628740748e-01 1.159447897217223133e-01 7.883279610515361857e-02 1.083644535390717589e-01 8.676520000041680614e-02 7.885459366046984608e-02 9.457223674586451301e-02
1.118324745669938558e-01 8.726123878883104701e-02 1.118159822504322387e-01 1.174988000555620415e-01 1.172423349780776086e-01 7.892430137868217122e-02 1.108070844024734714e-01 8.991468704606934981e-02 7.895047571824048704e-02 9.575262081463770114e-02
1.186744666000011383e-01 8.743942502280352413e-02 1.186867268968817418e-01 1.105751680377541346e-01 1.103858890122025732e-01 7.859704489298655061e-02 1.105271680068701801e-01 9.045771187770923483e-02 7.859175424742224914e-02 9.606464540536868713e-02
1.156392589455511877e-01 8.778567695787174718e-02 1.157038194371096534e-01 1.146129925241373831e-01 1.143822408462701334e-01 7.618157713552993482e-02 1.124949455431979717e-01 8.906926691890923453e-02 7.622045350015907439e-02 9.790976819126373520e-02
1.137868193920943821e-01 8.880012476086579509e-02 1.138203075592229829e-01 1.118669182086772101e-01 1.117036982283926838e-01 7.711572288394692720e-02 1.129828046383416773e-01 9.127919323511564376e-02 7.712064855203087932e-02 1.015237625413118322e-01
1.143609892479653528e-01 8.793369679293297492e-02 1.143256632982718873e-01 1.100637729362795580e-01 1.098959791388335466e-01 8.079899077118914141e-02 1.090095254905780325e-01 9.256054560418038035e-02 8.077588203595548189e-02 1.002749546838136996e-01
1.160307554822548881e-01 8.736108668391641408e-02 1.160778253706824109e-01 1.175091108011441371e-01 1.174537352147798780e-01 7.099693887718923346e-02 1.186132330799173212e-01 8.710762013602407761e-02 7.095826713402983432e-02 9.789142722006186070e-02
1.191898920309859833e-01 8.611007205039183932e-02 1.191960064007937387e-01 1.095586628460955558e-01 1.093103035176077181e-01 7.478138726775462874e-02 1.179055313164504570e-01 9.013033382886721789e-02 7.477914916570836679e-02 9.903866157534450820e-02
1.130123102849892175e-01 8.945291577212396983e-02 1.129896023844848552e-01 1.133048586274005287e-01 1.131249945873160495e-01 8.180618779642433169e-02 1.066767298204747833e-01 8.984267701881143431e-02 8.180330473440135253e-02 9.798641897357346364e-02
1.121319189146638140e-01 8.811719418427720052e-02 1.121314861511918531e-01 1.132047298451273193e-01 1.130390660203864500e-01 8.056738216594029611e-02 1.049775598711839841e-01 9.386612056042195618e-02 8.057360917778183529e-02 1.013909331090253468e-01
1.026469172153106207e-01 9.578335175087433762e-02 1.025660926920200222e-01 1.063215400873303018e-01 1.062190900800646376e-01 9.176850010259166024e-02 1.007272743669070103e-01 9.920548033955831069e-02 9.173276011693000387e-02 1.030289932484130533e-01
1.135543167768114647e-01 8.797847672770595095e-02 1.136321664739406295e-01 1.111042315954354626e-01 1.109353778779300637e-01 8.149727309965851263e-02 1.081798689389550094e-01 9.309497875629162145e-02 8.155124722378527535e-02 9.847206252948603744e-02
1.103960569451020862e-01 9.293012515432455545e-02 1.104434460209818003e-01 1.041092735965680610e-01 1.039255964966937090e-01 8.370418188303253848e-02 1.087002514700239897e-01 9.823438351055122086e-02 8.374971749504016294e-02 1.038069674276818483e-01
1.095092336384633075e-01 9.245586073618716760e-02 1.095691205276206476e-01 1.116714440008076126e-01 1.114314521890345383e-01 8.363286304936556892e-02 1.045925329261826048e-01 9.585082718423600101e-02 8.372071343063210158e-02 9.756595231747049179e-02
1.162854176356414027e-01 8.245033819681123199e-02 1.162523933162996626e-01 1.227686270743871128e-01 1.224803801222515143e-01 7.367745703884134856e-02 1.112802959260047048e-01 8.728701953882640752e-02 7.368237671558616753e-02 9.383569443535043353e-02
1.181425924476040418e-01 8.563625018890487495e-02 1.181817244014317231e-01 1.200592132160160086e-01 1.199079219996570245e-01 6.875871603591270087e-02 1.162104179502774087e-01 8.661810081256612892e-02 6.873444324806633754e-02 9.775061969956372332e-02
1.162818306750644792e-01 8.025776299450838869e-02 1.161728706047945869e-01 1.256768935585579616e-01 1.253269535577492266e-01 7.359852956271002722e-02 1.111109019211557469e-01 8.517133250763178620e-02 7.358515497089933299e-02 9.281776964692849130e-02
1.144332868452712232e-01 8.357781458539825792e-02 1.144227231729051247e-01 1.252017683386956737e-01 1.251093123775674498e-01 7.150497893810885131e-02 1.160674227399910580e-01 8.412502866672676161e-02 7.146738836395691297e-02 9.409027597137871457e-02
1.155331993636000421e-01 8.923097168745260099e-02 1.155548610052769543e-01 1.111162443213993961e-01 1.109363437551988824e-01 7.757279468308771186e-02 1.132317505754080050e-01 9.096054972117682824e-02 7.757189251001142538e-02 9.829139237738819534e-02
1.116633376293164337e-01 9.069495956119058566e-02 1.116353967580863971e-01 1.130934734338949338e-01 1.129301749516242320e-01 7.830091682797576946e-02 1.085289356679064593e-01 9.277261932918035026e-02 7.827803956985784906e-02 1.021021462709669619e-01
1.185767524889865115e-01 8.346254727176487254e-02 1.185010870855993659e-01 1.181311347100782866e-01 1.177785944329387685e-01 7.857189578208302605e-02 1.064348644165711566e-01 8.782960921114943420e-02 7.858401862049764486e-02 9.212949598033094711e-02
1.066626247401932792e-01 9.184624719183186181e-02 1.065865619633571681e-01 1.081323085431910441e-01 1.079879720770298701e-01 8.688617661296486883e-02 1.068623078975063784e-01 9.495039523408903281e-02 8.685658417590780278e-02 1.032288215639286799e-01
1.145383428663527964e-01 8.850542879805226026e-02 1.145655264008673124e-01 1.144184401068122914e-01 1.141243660019542333e-01 8.100626615015349419e-02 1.084656089491107950e-01 8.916033020974797885e-02 8.106989942477961508e-02 9.414579109216922315e-02
1.160687516275471787e-01 8.885364146707910860e-02 1.161251926910065596e-01 1.109475770892611041e-01 1.107042734832067721e-01 7.790171939371882959e-02 1.090306492822425283e-01 9.304610800655931102e-02 7.794263161927261763e-02 9.937945534010600435e-02
1.076711866737012635e-01 9.090829086908380763e-02 1.075794729326467331e-01 1.121603437696322286e-01 1.119874919814180664e-01 9.060791875769107218e-02 1.039676728736006334e-01 9.220046255993169515e-02 9.059524357984155563e-02 9.232191600245293062e-02
1.182343377156801906e-01 8.933369905047577886e-02 1.182214563820504355e-01 1.035682223365433779e-01 1.033817323781594799e-01 7.965438107020873792e-02 1.153890940220332478e-01 9.266221947410584192e-02 7.962876138450626640e-02 9.992609618623665702e-02
1.117907658402595705e-01 8.721606752496408044e-02 1.117127131845066929e-01 1.135457433607754973e-01 1.133215425503208695e-01 7.851713178838269636e-02 1.166732472093906514e-01 8.817724894310212391e-02 7.849103956444918040e-02 1.005545000338486233e-01
1.106757119058579264e-01 8.766838691392959959e-02 1.107133321400401715e-01 1.181990252390767715e-01 1.180725864873720943e-01 7.901958648493247195e-02 1.120710760344212076e-01 8.903386664305203146e-02 7.904116030306830576e-02 9.550526784824944770e-02
1.139439331031010111e-01 8.869585058376401598e-02 1.139772694175173046e-01 1.158719708799758469e-01 1.157437595733117747e-01 7.640300340058821249e-02 1.106750784407037891e-01 9.031154074803279808e-02 7.639783148370903054e-02 9.797976236929623051e-02
1.145029581751312586e-01 9.080912390654258259e-02 1.145310689632640794e-01 1.049452134639187739e-01 1.048150205872217522e-01 8.363390730301525910e-02 1.103163791199399113e-01 9.296418029766424784e-02 8.363385629654265796e-02 9.984829188675950484e-02
1.101821546342410668e-01 8.542726208861524395e-02 1.100760767471874874e-01 1.201534059299703000e-01 1.199304952773270483e-01 8.141930510743210225e-02 1.034280111927487755e-01 9.078874965755925897e-02 8.139625533396620261e-02 9.719828403095250036e-02
1.149258716089540250e-01 8.644188545408741653e-02 1.149844671701727022e-01 1.191357701140575709e-01 1.189394880324428222e-01 7.613423160017536440e-02 1.098689798130445955e-01 8.890038826771828884e-02 7.616679308784930769e-02 9.450212485149793451e-02
1.095914242332612781e-01 8.693368359287059755e-02 1.095855646896527064e-01 1.196185340510776823e-01 1.194125368121149999e-01 8.005991288200170475e-02 1.114757572200142516e-01 8.738513300096481529e-02 8.008995882052107051e-02 9.584749469752087969e-02
1.132999375080679105e-01 8.318785441936107916e-02 1.132618874814875082e-01 1.215953755847270640e-01 1.214045291211483246e-01 7.319866726081293573e-02 1.157957447980701438e-01 8.804546217511093065e-02 7.317752741060086497e-02 9.703301424061319680e-02
1.157522227153314209e-01 8.380447493144758953e-02 1.156830002255613138e-01 1.245192911650706002e-01 1.243222072678286938e-01 7.258879959057842890e-02 1.131086063390120411e-01 8.458875488189195047e-02 7.254741855785885873e-02 9.308522432541910252e-02
1.197498143470536597e-01 8.335266894763800061e-02 1.196266072522013529e-01 1.171585460092692682e-01 1.168333725947781482e-01 7.610524904345447594e-02 1.103747940212670420e-01 8.720697321078478559e-02 7.607246019760337263e-02 9.351951437594993588e-02
1.168803125778541674e-01 8.422423443792653730e-02 1.168064454347564618e-01 1.188648609662229377e-01 1.185830311889227162e-01 7.254271886366875366e-02 1.168326651315752668e-01 8.645724446758301651e-02 7.251536340350955845e-02 9.629312352798059804e-02
1.125010348998781023e-01 8.747995527939764204e-02 1.125355083822481006e-01 1.176939745123722625e-01 1.174398210209066234e-01 8.035042185423604821e-02 1.050243088125812074e-01 9.208981066362918744e-02 8.041172202834914740e-02 9.447344254640167860e-02
1.425855596460523234e-01 9.288311427977238854e-02 1.433249987396661984e-01 8.682466492623835963e-02 8.674167430560612846e-02 5.146318111484242397e-02 1.336143872877242900e-01 9.758214196045583710e-02 5.146723994676375563e-02 1.135130377928782602e-01
1.128513619817063801e-01 8.988947417191975320e-02 1.128573104562211188e-01 1.121377765148580397e-01 1.119433329157902141e-01 7.734918498389649344e-02 1.113734769228933441e-01 9.199604144557529950e-02 7.735078022488328653e-02 1.022512603822560706e-01
1.144676552935714187e-01 8.898790660319016999e-02 1.145359022387495568e-01 1.122490955050543526e-01 1.120605565764755535e-01 7.841415576245139296e-02 1.120051992276536179e-01 9.032285189708662287e-02 7.845118150574402482e-02 9.850549539002327604e-02
1.161386779172429162e-01 8.803880631164202886e-02 1.160956393330671715e-01 1.131275666450729661e-01 1.128516587261028936e-01 7.960909047103371938e-02 1.097139435315349493e-01 8.963814258348758168e-02 7.961384107953291267e-02 9.517263340128288840e-02
1.115640121729075951e-01 8.545948439901734917e-02 1.114948688164047741e-01 1.214685588687511447e-01 1.212159014389129486e-01 7.983293536739916041e-02 1.110919814274900635e-01 8.763808023171898443e-02 7.983532088192552001e-02 9.039885639547245999e-02
1.178777699479038599e-01 8.444514560772493905e-02 1.179218443355661144e-01 1.160743700868515083e-01 1.158454170371332054e-01 7.297295626552870174e-02 1.157145559583847710e-01 8.742229163715685425e-02 7.298672463904898322e-02 9.873892448470110439e-02
1.122015006770841622e-01 8.921966315476201337e-02 1.121765989463823221e-01 1.143852862486579025e-01 1.142118309447729407e-01 7.834058751507913532e-02 1.129034710799192570e-01 8.795940599154312978e-02 7.832539227779403146e-02 1.002762631640050917e-01
1.181479375049129393e-01 8.787171960496958922e-02 1.182885467304911759e-01 1.157805657268419219e-01 1.155996763918497872e-01 7.172501322475874352e-02 1.122491636394371273e-01 9.085689020412042460e-02 7.176046380608225306e-02 9.772002316653606580e-02
1.148233502887343327e-01 8.833791332350940384e-02 1.147753276399503947e-01 1.149782162581730466e-01 1.146788486762724130e-01 8.284231543055113611e-02 1.057463515745632049e-01 8.857419453126258446e-02 8.286913070435181217e-02 9.237435157263164387e-02
1.169126670593514800e-01 8.530760283797908516e-02 1.169915291592631412e-01 1.186008015724919762e-01 1.182952022677921516e-01 7.474402005960111006e-02 1.099014616707056080e-01 8.815731074082761021e-02 7.480861620935165546e-02 9.628078842263620984e-02
1.101157854871087499e-01 8.939755326859059881e-02 1.101199462173992338e-01 1.126612255145406916e-01 1.124826458438126786e-01 8.343284645018225754e-02 1.078621899205820661e-01 9.342629687047457332e-02 8.346197618130876683e-02 9.703953424600041122e-02
1.181768167203809949e-01 8.949956866424114976e-02 1.182165745360517495e-01 1.043872565998389679e-01 1.041815000814698688e-01 7.555441517942457219e-02 1.191678227290571407e-01 9.286704995620682912e-02 7.555123060222354581e-02 1.023977649311051535e-01
1.147890968165294068e-01 8.696729547584898523e-02 1.148319229807690800e-01 1.161231487128928791e-01 1.159823059272896001e-01 7.530525266871303247e-02 1.118630351663703476e-01 8.925426889873083747e-02 7.530576498666917418e-02 9.957790836618669872e-02
1.133169145364844588e-01 8.254812272228313763e-02 1.132984172873991030e-01 1.250675861555231583e-01 1.247999426225021302e-01 7.437260282380936394e-02 1.104368485653017956e-01 8.715972259880595818e-02 7.439025735523593919e-02 9.460958533265496906e-02
1.099247022789799078e-01 9.163175706570401979e-02 1.098748984425639286e-01 1.100438969790069194e-01 1.098551287687538763e-01 8.297926705122217472e-02 1.046380097453326191e-01 9.579790019580157467e-02 8.296745453084060362e-02 1.022869849417943483e-01
1.172551916203165984e-01 8.740951216256788447e-02 1.172443805176250214e-01 1.139851737172653812e-01 1.137123734934598202e-01 7.664330789120729626e-02 1.119657536170267365e-01 8.898885915378436373e-02 7.665234470762571917e-02 9.614310311912117879e-02
1.125359559460275272e-01 8.935176531372315822e-02 1.125255615007748344e-01 1.084062350689912746e-01 1.082173474719433232e-01 8.036581026246399084e-02 1.129045090079849184e-01 9.361941860754854905e-02 8.036526072663477405e-02 1.017081360939076223e-01
1.173215474203129216e-01 8.882793026616420118e-02 1.173234981644818847e-01 1.106321759917945485e-01 1.103881796487638511e-01 7.948878438982764916e-02 1.108687995870100140e-01 8.972251010642849633e-02 7.950196690847100012e-02 9.592460751674546093e-02
1.092910405477860308e-01 8.692704205169729526e-02 1.092633192883025600e-01 1.180949604990475799e-01 1.179437665265880980e-01 7.900280917134440417e-02 1.046409364816790061e-01 9.445259385932684715e-02 7.899642313404318938e-02 1.013871084401849892e-01
1.199227874365094426e-01 8.636083279217336706e-02 1.198540716246636606e-01 1.146507345119533172e-01 1.142851366868504331e-01 7.553596926957348301e-02 1.086954356151568907e-01 8.846700697396676916e-02 7.553593086218386710e-02 9.669209422696881107e-02
1.180796483156730248e-01 8.322644539967083421e-02 1.180235093669972229e-01 1.224019440502931433e-01 1.220524335719209291e-01 7.741007756501341874e-02 1.048906401105013791e-01 8.643604622247889890e-02 7.742963394089294460e-02 9.004962145655828754e-02
1.116600350178656165e-01 8.915955270528380661e-02 1.116719744755815397e-01 1.109541568601150607e-01 1.107955187708763167e-01 8.408895908681220110e-02 1.083756533210686046e-01 9.316728743207593200e-02 8.411193346527742754e-02 9.601492886504349455e-02
1.186062033244595776e-01 8.815396692987649552e-02 1.186601024481297173e-01 1.112919783845659205e-01 1.110856614241597790e-01 7.370129147723011864e-02 1.148859047169322467e-01 9.149607582562795105e-02 7.370485681424543412e-02 9.841395865477282900e-02
1.095754288174697194e-01 8.845829182500261623e-02 1.094963325135040327e-01 1.138556706640422439e-01 1.136721014278914421e-01 8.498812295045185539e-02 1.046208641610901907e-01 8.985309860946608107e-02 8.497157228304760834e-02 1.005085167480341962e-01
1.160821478160172088e-01 8.332452597794519356e-02 1.159677329815074626e-01 1.217507193562408635e-01 1.213495576940085002e-01 7.791630532625042072e-02 1.079342518083532959e-01 8.742150804055343061e-02 7.792453604888942287e-02 9.032871495023415964e-02
1.215458633329374594e-01 8.740127589737656244e-02 1.216336010583772970e-01 1.160132641949247756e-01 1.157671035502223916e-01 7.139807414014132103e-02 1.133582759060305784e-01 8.678216694163841394e-02 7.141670657697495039e-02 9.468366840137625029e-02
1.190438044811420321e-01 9.090239250385005743e-02 1.191996437285933325e-01 1.087988801443757203e-01 1.086937605310910604e-01 7.474157568295795862e-02 1.134187781860649530e-01 9.173870755954206813e-02 7.475966020034129078e-02 9.870279698204152685e-02
1.177156812106082973e-01 8.746394690822659190e-02 1.178335545688849739e-01 1.178715526151310200e-01 1.177182944883755772e-01 7.032359226136430941e-02 1.142693537600805442e-01 9.097973145837036368e-02 7.033828083115650776e-02 9.548601189780182852e-02
9.940325933412390291e-02 9.946873095177247159e-02 9.935752760864731414e-02 1.008548751573516006e-01 1.008762938398290870e-01 9.727966584319852617e-02 9.641241898848071368e-02 1.045688306378292076e-01 9.721949834887652631e-02 1.045588992898906083e-01
9.989927140587920307e-02 9.951509565159798176e-02 9.984806749197616682e-02 1.043931625062080870e-01 1.044092712266582734e-01 1.035525384976215685e-01 9.773649479014956398e-02 9.609494756858753817e-02 1.035179924282032676e-01 9.103315843311837741e-02
1.075920035409275721e-01 8.603316585329585930e-02 1.074921481929073386e-01 1.198665118737090030e-01 1.196967168610177240e-01 8.290732843955243847e-02 1.095998353079687265e-01 8.675773204752376677e-02 8.287992743968793097e-02 9.717463044340962641e-02
1.109714412856187826e-01 8.952999243850083555e-02 1.109440889836191824e-01 1.149393477137252845e-01 1.147764991813727542e-01 8.212347704243566637e-02 1.102692626923456459e-01 8.735767516557003953e-02 8.212000529371119018e-02 9.696821020310059103e-02
1.129679875790266103e-01 8.729397964473503690e-02 1.130027946731372163e-01 1.227814503375024291e-01 1.226418690466308942e-01 7.449638330518497387e-02 1.101059837729894825e-01 8.717997182062293959e-02 7.450051200468216228e-02 9.502906781548822734e-02
1.139383045170571929e-01 9.003467723312734428e-02 1.140367558162895950e-01 1.091171339277382246e-01 1.089390080201184247e-01 8.143556734642565242e-02 1.104070125308764250e-01 9.251105859914214580e-02 8.149844251677650087e-02 9.808203949244849451e-02
1.147549300559250196e-01 8.678632801473981639e-02 1.148187698080351399e-01 1.145453526705699360e-01 1.143759939461065911e-01 7.555139776005548313e-02 1.130646289834913304e-01 9.077493884451570683e-02 7.557200446779244185e-02 9.975565544876849322e-02
1.150270158789123698e-01 8.814035959788651953e-02 1.150090225314217562e-01 1.111832712385017602e-01 1.110167043951818533e-01 7.941296460262912971e-02 1.100226901477607405e-01 9.239268312993176302e-02 7.939431740546955274e-02 9.840097107230459661e-02
1.210873603565097711e-01 8.852827253992393008e-02 1.211855528199726334e-01 1.092840546320190953e-01 1.090277752105534015e-01 7.388236043993776092e-02 1.124473168603285500e-01 9.122953309491349527e-02 7.391566352595649314e-02 9.941211051988491088e-02
1.102871331511933312e-01 8.733623904135548455e-02 1.102512036689724251e-01 1.160869967918882889e-01 1.159626330958602181e-01 7.795091434946803399e-02 1.185364069174536378e-01 8.879384415206992287e-02 7.792160382867323321e-02 9.687302500306542441e-02
1.114627716644979311e-01 8.905572410471863931e-02 1.114661360325394091e-01 1.136801438732067959e-01 1.135981437028618923e-01 8.058507786196453249e-02 1.069463100221657026e-01 9.204742468975524172e-02 8.056523338889365338e-02 1.005930346593962160e-01
1.185918114560282205e-01 8.741258386229108779e-02 1.186717918548204076e-01 1.112213065761209763e-01 1.110187063087353793e-01 7.572797759847964272e-02 1.130580963120500632e-01 9.081555802758109475e-02 7.575304050404155221e-02 9.772912749985158964e-02
1.148980382597824396e-01 8.758470886626656959e-02 1.149497238997655435e-01 1.138829168659830221e-01 1.136296409607564367e-01 7.842980426248798154e-02 1.077984414384512979e-01 9.280766714928950778e-02 7.848152523480993181e-02 9.753753306240729726e-02
1.184829566235557768e-01 8.550624568573995943e-02 1.184736148254514343e-01 1.169626672030478487e-01 1.166490701155237231e-01 7.527687374985024549e-02 1.093927328594418158e-01 8.953548376439743328e-02 7.529531159603648771e-02 9.442504357695531703e-02
1.204329198057995515e-01 8.380493145347413242e-02 1.202610256001739319e-01 1.189897414346124532e-01 1.185932245385700745e-01 7.625172964990199753e-02 1.112168483687846349e-01 8.340914575562106970e-02 7.621436875601426963e-02 9.082606463704791244e-02
1.126106404753059731e-01 8.470289814551434926e-02 1.125372865460968763e-01 1.200886088995441053e-01 1.198456118038486590e-01 7.916788144471678668e-02 1.094269078681262969e-01 8.885813059674281533e-02 7.916027351102371268e-02 9.360176070908042545e-02
1.185877892285854412e-01 8.340664139047303249e-02 1.185898175698509027e-01 1.264128985514318404e-01 1.261197880685153427e-01 7.053967626356977272e-02 1.105111905472592332e-01 8.407691145741494343e-02 7.054572271963401031e-02 9.120956420326545300e-02
1.140929319798927866e-01 9.426013386734864719e-02 1.141995919205526927e-01 1.030721091598813532e-01 1.028796418269129764e-01 8.149589813278529382e-02 1.123988706803921572e-01 9.501414087214850313e-02 8.155604313631960312e-02 1.010306384237660143e-01
1.191513020971178283e-01 8.520991687924192592e-02 1.192363902633334360e-01 1.168354777713342951e-01 1.166750334709794334e-01 7.060424478809294857e-02 1.174851937746378139e-01 8.933887443243597459e-02 7.060506538486588379e-02 9.485850113796044647e-02
1.130842317902467087e-01 9.230854650610716139e-02 1.131324860475509675e-01 1.034281419789171291e-01 1.032741050916298198e-01 8.616891161024541057e-02 1.077972941949576907e-01 9.519042736359155377e-02 8.620331529779119706e-02 9.941254011896229204e-02
1.096438955880233990e-01 9.360251243007688959e-02 1.096900351282805858e-01 1.084588291835188595e-01 1.083433375325004583e-01 8.354172100613152518e-02 1.094417458688232841e-01 9.382268624625209053e-02 8.356459080295357278e-02 9.989064621343936301e-02
1.182447517903095768e-01 7.908296349586479979e-02 1.181156490664986014e-01 1.328273309047338646e-01 1.324264049523051490e-01 7.097190865035828133e-02 1.081558736408263360e-01 8.121185524428473079e-02 7.095229906390525254e-02 8.801096319091343545e-02
1.096174426853910727e-01 9.158282421687520547e-02 1.095256290276147432e-01 1.100175139007278091e-01 1.097549747168886924e-01 8.991365683747451487e-02 1.041496615662023534e-01 9.279910412901778982e-02 8.992893761140824394e-02 9.271025530839951956e-02
1.094736806864575612e-01 9.572850345516349668e-02 1.095118245052051770e-01 1.010912161665196152e-01 1.009533699605501961e-01 8.746753425577319385e-02 1.145317354886120909e-01 9.314444388079191894e-02 8.749701726052037942e-02 1.006006743404063569e-01
1.146156004354746405e-01 8.715426179821142427e-02 1.146157455759832383e-01 1.159888797833523721e-01 1.157617285147438252e-01 7.649684734966093191e-02 1.075334742160856949e-01 9.146015693133872915e-02 7.650514881139700019e-02 9.986815658375214344e-02
1.129511332916054295e-01 8.979585313924207113e-02 1.128600367965278822e-01 1.121245776633627289e-01 1.119692034531626357e-01 8.292741059827980765e-02 1.090383600838373684e-01 8.928283311206296202e-02 8.287321363437991084e-02 9.617737822753918975e-02
1.142054210838215345e-01 8.374054046019506481e-02 1.141270122777267859e-01 1.276778462283795212e-01 1.273925668152695867e-01 7.146144973457121963e-02 1.115952262647938870e-01 8.497549526060929614e-02 7.143875188370200913e-02 9.338568999093106726e-02
1.168757068079840089e-01 8.535826147525532592e-02 1.168996459697291546e-01 1.163877317003232520e-01 1.161247950138579732e-01 7.476457576222833579e-02 1.119484856980478144e-01 8.832190415962744290e-02 7.478691915678484237e-02 9.853197425616183613e-02
1.051335740606396257e-01 9.066221595980317183e-02 1.050774029213908806e-01 1.160517818474088303e-01 1.159022604214953039e-01 8.760839566100579734e-02 1.064194055420171203e-01 9.121157403358516602e-02 8.761641382223853136e-02 9.431697573041557259e-02
1.081402919178828248e-01 9.149741997755432565e-02 1.080166979783061254e-01 1.017512931714051050e-01 1.015790642459060561e-01 8.892018375019090926e-02 1.067760055472861680e-01 9.923768667987419023e-02 8.886081393028119613e-02 1.052205428013130856e-01
1.125788077284644445e-01 9.346948077520629561e-02 1.125695045716132575e-01 1.041062415960051779e-01 1.039551912499206282e-01 8.434625776730540758e-02 1.139573491786960990e-01 9.085049357923144497e-02 8.433338877928406307e-02 9.983328477427312608e-02
1.132746719563668819e-01 8.713700874605302682e-02 1.132944606524250858e-01 1.182343105006379569e-01 1.180369904575150897e-01 7.616982700202847012e-02 1.059080460609466562e-01 9.429559465130891993e-02 7.618409874942121129e-02 9.746499122329667364e-02
1.157739402577636634e-01 8.672701846616667765e-02 1.157584670164712448e-01 1.144119232522303187e-01 1.141107413560532441e-01 7.742069442726798312e-02 1.134440016313457145e-01 8.843036332201142935e-02 7.744461773008487482e-02 9.647823254060490517e-02
1.126804562804854665e-01 9.021823004774125188e-02 1.128092773757314871e-01 1.178496316922891668e-01 1.176852929228808659e-01 7.344272011802513433e-02 1.124379789487899017e-01 9.156979795542920242e-02 7.349216507455709479e-02 9.781444958407034540e-02
1.149111654894401369e-01 9.073685013412068068e-02 1.149610257333740504e-01 1.083439995998203564e-01 1.081750839299266825e-01 8.074586967427019313e-02 1.092330908863563821e-01 9.292413867898578761e-02 8.076664248412968039e-02 9.920213338957604987e-02
1.158290985347894958e-01 9.094496229006239496e-02 1.158566885727344703e-01 1.050202724537727950e-01 1.047933465314226931e-01 7.925787267034636874e-02 1.184213196976401511e-01 9.001056319557569629e-02 7.927529862620222301e-02 1.005905774274537257e-01
1.107572439311897555e-01 8.869760155507930288e-02 1.107302435206089231e-01 1.119994672931362290e-01 1.117559048214393363e-01 8.247695895866237470e-02 1.115707852570999026e-01 9.100197810945377663e-02 8.250403302303419006e-02 9.850578353029618150e-02
1.142507202560530954e-01 9.031692600313497021e-02 1.143024288454633219e-01 1.088765387723124589e-01 1.086905108083252858e-01 8.304179650498492993e-02 1.070295357963394339e-01 9.058230738369614510e-02 8.308395885955557891e-02 9.982527677013475209e-02
1.152795727626867855e-01 9.162167480470420622e-02 1.153478575934362427e-01 1.105758914673737742e-01 1.104552791786979349e-01 7.846489353351271401e-02 1.100379806778778724e-01 9.091066913399141469e-02 7.846971946218989080e-02 9.883646138552919236e-02
1.154524494675766288e-01 8.927073268713896226e-02 1.153598965479455535e-01 1.096680470510207200e-01 1.094557267064948519e-01 8.420921770395617401e-02 1.074923608436570838e-01 8.992249391237477907e-02 8.417269071563131255e-02 9.499638436420396181e-02
1.162477342268599251e-01 9.062652437459647881e-02 1.162389655520888326e-01 1.048163090165839945e-01 1.046695291467582140e-01 8.179059378967766525e-02 1.135546653857680693e-01 9.152814517470335420e-02 8.176273522318273923e-02 9.876479810978072704e-02
1.120742468830592253e-01 8.561537277215583441e-02 1.120374163045418786e-01 1.194339792932487404e-01 1.191947478187690840e-01 8.038971520801210802e-02 1.128603163002850074e-01 8.659527523518864567e-02 8.040740627046523425e-02 9.139152391427421418e-02
1.097088215324530242e-01 8.092851413954481321e-02 1.096237645415444190e-01 1.323265421723214541e-01 1.320891970431886664e-01 7.554188168305503437e-02 1.090185116310400520e-01 8.404760139040415301e-02 7.553364160486578105e-02 9.118152426158257495e-02
1.144525815798488888e-01 9.262222693329612289e-02 1.144542387520102178e-01 1.067590533521587254e-01 1.066223678159625987e-01 7.928719910729521703e-02 1.102058478656805646e-01 9.439031350803123166e-02 7.925784540079922058e-02 1.019483256849172126e-01
1.177292117150601503e-01 8.597104630883477261e-02 1.177146689594821133e-01 1.150111408870121837e-01 1.148442532991973686e-01 7.512345712305565359e-02 1.160729875810516953e-01 8.730010014505883154e-02 7.509362187566578917e-02 9.513951210558149740e-02
1.130403315179761004e-01 8.735050106819924887e-02 1.131028691400622899e-01 1.167230347016579295e-01 1.166076920170998066e-01 7.869808719913698458e-02 1.087082735327888627e-01 9.029733728723766950e-02 7.872088811565357280e-02 9.675098542018750747e-02
1.109911427504324671e-01 8.941101459789477235e-02 1.109814621715900923e-01 1.108657015560621933e-01 1.107887140296216488e-01 8.021618462827094509e-02 1.176282858303825812e-01 8.955160377506261871e-02 8.018158222155412351e-02 9.938430843912854362e-02
1.197128865731195146e-01 9.144170662786481329e-02 1.198702112084222698e-01 1.036121451078789862e-01 1.034099291661373793e-01 7.431006935823311621e-02 1.156494833954038459e-01 9.470179616763813035e-02 7.435208486158517704e-02 1.029396875337167533e-01
1.185699776218005208e-01 8.739241393565619354e-02 1.185588685684519500e-01 1.122257412973968194e-01 1.120636057953160736e-01 7.438866002124888688e-02 1.174004831600315851e-01 8.848241460895189814e-02 7.434998500540830613e-02 9.656784998573775258e-02
1.143257064980428978e-01 8.377161560764456727e-02 1.142051722710381439e-01 1.237369642961233529e-01 1.233940836254460438e-01 7.859753885805095819e-02 1.049821118527450997e-01 8.764705750700528541e-02 7.859004856627797853e-02 9.074970091762564472e-02
1.125534078302628249e-01 9.217202140439099967e-02 1.126045224890265123e-01 1.078913816981453416e-01 1.077114099402453756e-01 8.017657972840350200e-02 1.129354144927482845e-01 9.303688921083831664e-02 8.020489945031210322e-02 1.007134737556267118e-01
1.131989704391032775e-01 8.390748627552384320e-02 1.131887276661593111e-01 1.286917187000365670e-01 1.284794542722170196e-01 7.415006907672173908e-02 1.067979809877188380e-01 8.705170412556340054e-02 7.415715238601394699e-02 9.037673607094202921e-02
1.059405944621930329e-01 9.397459727570919852e-02 1.058734533025480068e-01 1.050799181964548606e-01 1.049186558656069052e-01 9.791026159796729911e-02 1.019229657345634699e-01 9.465353532534380443e-02 9.793017325555539165e-02 9.179584498405801707e-02
1.118007628130537334e-01 8.889584745075049255e-02 1.117618891052634678e-01 1.136023312138968039e-01 1.133704248774401041e-01 7.810804076163460619e-02 1.142667804072923093e-01 9.130162318069458272e-02 7.810403125517159650e-02 9.878826893480227578e-02
