1.125510260574569821e-01 7.769739368889572173e-02 7.573379160687816747e-02 7.304686291511676421e-02 1.142351661774489990e-01 9.039659790788720506e-02 9.066228779461575626e-02 1.160244657232659543e-01 1.333804207577433398e-01 1.162719873706910406e-01
1.192571846319415985e-01 7.803542326304845067e-02 7.736290767508713362e-02 7.271250420535724235e-02 1.051547039733159300e-01 8.732556164613770877e-02 8.741779133613211683e-02 1.148432704431082280e-01 1.425126482998443911e-01 1.153780045260271864e-01
1.126797185011203101e-01 8.433856863892270905e-02 8.171781069317415880e-02 8.035343864269893499e-02 1.062066824123818060e-01 8.985822636679496878e-02 8.999818152070307442e-02 1.143512841902496052e-01 1.257943185902467009e-01 1.147017704437077457e-01
1.172536609816843406e-01 7.567653658390080529e-02 7.450205968864213879e-02 7.049974506204023661e-02 1.144550790691089143e-01 8.760139765074129170e-02 8.782821369197987837e-02 1.145949269075483834e-01 1.425880920799469653e-01 1.150002882844070734e-01
1.165373867200454466e-01 7.559805659567753189e-02 7.456230553748147138e-02 7.392329635690131351e-02 1.078525580723727617e-01 8.738226907134752364e-02 8.747536912440105616e-02 1.184915420878941139e-01 1.392794437539685015e-01 1.188977726799103074e-01
1.083391917705429780e-01 9.012307170191663497e-02 8.862123696272322659e-02 8.492996752499799851e-02 9.966341548593682376e-02 8.906236532946264217e-02 8.906206083515622041e-02 1.085425671493698702e-01 1.330397382275720630e-01 1.086163850123215702e-01
1.169297409032159230e-01 7.459887688483377022e-02 7.308037364215801135e-02 7.828591767502508791e-02 1.107143425318736357e-01 8.764245695477931863e-02 8.791526971305028970e-02 1.181388514110319060e-01 1.343046905162108839e-01 1.183894797678211736e-01
1.127196061650427433e-01 8.170827359709613436e-02 7.983502093278523060e-02 7.836929194007435928e-02 1.112308191665299234e-01 9.104176343746027411e-02 9.122039627499906045e-02 1.157950663969170152e-01 1.219112896799508378e-01 1.161684724091444354e-01
1.122598787728119607e-01 8.377842702253196494e-02 8.208420983497857759e-02 7.865032953690288819e-02 1.074259060974045027e-01 9.010807135384563127e-02 9.034740309531311131e-02 1.124153594444951693e-01 1.302269363112422973e-01 1.127034785304738690e-01
1.203002585344676301e-01 7.963310605699665257e-02 7.628526463131546365e-02 6.724605553095938659e-02 1.087944477816370076e-01 8.728945132682257302e-02 8.740429262436692770e-02 1.137719954385255777e-01 1.450111129041808389e-01 1.142640151707279700e-01
1.184235272074995876e-01 7.775710096948451611e-02 7.650967198687602666e-02 7.805413113452527862e-02 1.038175620277207861e-01 8.518976032810478272e-02 8.525821319091059225e-02 1.160889262970823121e-01 1.422151423073141352e-01 1.166859645504820242e-01
1.238015052274142463e-01 7.364635682675538253e-02 7.319548997537286827e-02 6.822418424912680968e-02 1.158686409227168285e-01 8.512941240589247394e-02 8.532583239764984784e-02 1.185722554672074547e-01 1.370413750128984531e-01 1.191949475149655935e-01
1.122422146443689678e-01 8.061037105785041901e-02 7.731663105368632993e-02 7.719825940613379844e-02 1.140598341530195264e-01 8.595575932858846857e-02 8.619601375916480235e-02 1.092628297439532659e-01 1.478048266437246017e-01 1.093532602095098616e-01
1.245849805098367680e-01 7.119899451697453419e-02 7.024651866879945417e-02 6.682540204182418897e-02 1.157632411628602143e-01 8.280122556575757187e-02 8.297255859452644378e-02 1.160602594390123254e-01 1.528871107604058421e-01 1.166597087400026989e-01
1.223334860481370273e-01 7.092160360095464688e-02 6.990484054309756279e-02 7.264922294543982306e-02 1.121339642266765968e-01 8.482967533367850865e-02 8.502602727845524899e-02 1.157591632373640156e-01 1.502528752908502685e-01 1.161891414953462598e-01
1.186305511863499779e-01 7.558194192297967851e-02 7.486852367403702690e-02 7.211464970623503168e-02 1.099104504036744201e-01 8.465955684980167040e-02 8.475986355086601032e-02 1.176954784050807251e-01 1.435299123019688761e-01 1.182490719990065692e-01
1.144310408835878812e-01 8.187614995084323277e-02 8.007078300982277408e-02 7.435205621165760781e-02 1.102924508499325690e-01 8.869971237861987157e-02 8.877607371308583739e-02 1.125098738816643074e-01 1.359847423682414569e-01 1.130071167525444897e-01
1.133679427410858448e-01 7.703558958606961105e-02 7.632798627573143813e-02 7.657037938323495163e-02 1.095614087929770580e-01 9.347134640802803873e-02 9.375518285667013008e-02 1.159489840895934765e-01 1.275927497826731538e-01 1.163684300839362834e-01
1.205416150569260658e-01 7.085184354710069576e-02 6.916223472668878158e-02 6.735954548359844585e-02 1.106588616133367398e-01 8.627015062778881083e-02 8.654988089630999415e-02 1.172617493649278919e-01 1.536227995107732058e-01 1.177213191725493546e-01
1.172927142678232421e-01 7.710919259116746916e-02 7.649742941893095116e-02 7.164064407571368864e-02 1.101700822422836262e-01 8.604208784847257319e-02 8.626429459607011518e-02 1.129696484325121708e-01 1.487202699169524467e-01 1.132936366100737446e-01
1.176891468299756521e-01 7.592597162322838045e-02 7.426264139121088736e-02 7.247943389204221376e-02 1.090651546035603381e-01 8.681798703495748060e-02 8.697157679758715787e-02 1.177931989837383009e-01 1.407346735727751375e-01 1.182602152709244653e-01
1.134106383140107005e-01 8.305725951052277123e-02 8.114369045829836202e-02 8.020060255507201197e-02 1.078086581102086494e-01 9.082741899294644039e-02 9.091353621364253734e-02 1.146566538035911076e-01 1.227907345166334013e-01 1.151908075250740460e-01
1.151524466338107316e-01 8.131720553325609557e-02 8.082590269406335348e-02 7.558788586621355277e-02 1.089263422441272000e-01 8.774434696502969588e-02 8.784785329342217897e-02 1.146944079368868719e-01 1.327695694936531501e-01 1.151340393395371836e-01
1.160558452411643710e-01 7.702364388956881025e-02 7.482369802127365743e-02 7.308167542029385400e-02 1.107134739872388807e-01 8.816121148019361031e-02 8.834916776182275000e-02 1.157683949435053677e-01 1.398192984910048009e-01 1.162035907639339255e-01
1.168756682606157948e-01 7.821511763069129153e-02 7.894376837204906960e-02 6.974606993415441436e-02 1.087447349098139976e-01 8.496537591490495311e-02 8.513192306482456062e-02 1.123162193033211409e-01 1.524659812042541973e-01 1.125951414053705246e-01
1.209732203376190640e-01 6.767527037296622305e-02 6.655091500808198168e-02 6.287307223720735305e-02 1.124678046513773594e-01 8.423568301860877294e-02 8.454227699756063086e-02 1.164273725168521040e-01 1.673809990758844124e-01 1.168733857838420848e-01
1.126244740066424943e-01 8.400346394842712894e-02 8.117088921876004781e-02 7.850841035690640790e-02 1.105377136374502828e-01 9.162201947945224079e-02 9.177587315852787919e-02 1.150216585666743591e-01 1.193401919206935891e-01 1.153953057064655147e-01
1.131380005719192922e-01 8.307277572024243661e-02 8.137898353869953139e-02 7.664603650144614921e-02 1.084118192722472729e-01 8.965113455719653235e-02 8.977711719193791351e-02 1.134518057407050695e-01 1.307993002040688246e-01 1.136730267015369916e-01
1.173909666027158488e-01 7.803911946794402088e-02 7.710149836148970370e-02 7.447979363892702487e-02 1.092829902988115692e-01 8.703135743685287695e-02 8.714504758856926603e-02 1.144480303955607986e-01 1.401862027431151625e-01 1.148949934660137145e-01
1.137587672495808805e-01 8.412992660092444286e-02 8.222732833598889179e-02 8.019416190843060843e-02 1.089803628086205289e-01 8.802145541934325301e-02 8.820779349329066488e-02 1.114242423633590579e-01 1.313262887527901490e-01 1.117296730676715644e-01
1.222714778503378175e-01 7.380527329494462885e-02 7.146523256433229276e-02 6.941041144516524319e-02 1.090968807683182079e-01 8.483292462208330553e-02 8.499636917489647447e-02 1.170636733422051601e-01 1.495695236597679445e-01 1.174882332779489391e-01
1.175533801697464104e-01 7.918852644741425362e-02 7.658714388113067872e-02 7.297782465916034800e-02 1.121924860498003523e-01 8.802029809204893473e-02 8.811871478533626900e-02 1.148669355441804540e-01 1.350726287211192200e-01 1.154220616500631208e-01
1.169148009452506271e-01 7.675719745971576469e-02 7.481830842725456510e-02 6.907576036679172193e-02 1.132805993382641901e-01 8.843912501492630363e-02 8.852520293832925879e-02 1.147453818865923070e-01 1.421597398736199336e-01 1.152838837492553420e-01
1.073912918027503521e-01 8.686344391109095120e-02 8.610068206954897552e-02 9.054904062023089173e-02 1.046456273614044946e-01 9.382893573969201817e-02 9.393056270363060734e-02 1.061817452177812177e-01 1.241913971600009797e-01 1.063172734138694980e-01
1.102859762052760123e-01 8.542410464858128660e-02 8.457043115344224649e-02 8.211286824715187393e-02 1.034125910072261345e-01 9.115062973854415329e-02 9.123897368464056745e-02 1.101945480826819201e-01 1.312808026314956911e-01 1.103290746009601003e-01
1.202566769395232299e-01 7.661171124186809400e-02 7.608651321247072996e-02 7.338161000250210952e-02 1.117921435671632158e-01 8.154636296776890392e-02 8.174885499862513671e-02 1.155533375598314511e-01 1.470384031097720368e-01 1.159843864004750646e-01
1.163534752257741750e-01 6.926426225716893204e-02 6.809923881261820133e-02 6.578997427747705629e-02 1.169936067613507463e-01 8.524450988615117630e-02 8.552101072107645696e-02 1.157443018739344603e-01 1.609477820149428362e-01 1.160418381695059592e-01
1.209070542927106751e-01 7.555366082157156937e-02 7.492505299982428479e-02 6.910988385964000891e-02 1.087098954163020492e-01 8.597828932681515768e-02 8.616541983576377073e-02 1.165437408643101164e-01 1.451304669994974150e-01 1.169765355835649806e-01
1.181865541840028816e-01 7.442920084536909509e-02 7.398725236437900254e-02 6.774777180693129786e-02 1.098394833294677186e-01 8.256270145163367713e-02 8.274440419576946371e-02 1.188333142963737821e-01 1.524289004612765785e-01 1.192404170647964751e-01
1.201771837734908199e-01 7.348633189933745369e-02 7.117691385987899577e-02 6.905349891551025576e-02 1.143995150211476186e-01 8.445560554788981988e-02 8.457973206554152135e-02 1.179703835058851374e-01 1.462873035054034210e-01 1.184135319059149427e-01
1.185767680295075760e-01 7.873248592886383790e-02 7.718337402618435927e-02 7.094453484285813405e-02 1.081308537855545510e-01 8.702283928309864636e-02 8.716807810151906699e-02 1.169992192781938306e-01 1.377805973340666956e-01 1.174612493901533161e-01
1.166441360612658351e-01 7.960882735001627297e-02 7.763154154204633672e-02 7.077943403931076516e-02 1.117090630844313065e-01 8.796675226060583774e-02 8.804146960463898886e-02 1.133439864208350967e-01 1.404785752694557022e-01 1.137962143673938997e-01
1.195544003448946041e-01 7.599691008506635759e-02 7.703605928452124385e-02 6.756030586258844617e-02 1.067216019206994881e-01 8.440752725866852713e-02 8.464182806877541820e-02 1.150270561401757069e-01 1.537236040319449881e-01 1.153307070026652198e-01
1.192985457878134453e-01 7.628580363972664591e-02 7.459434422366478801e-02 7.156593713776651655e-02 1.125100906920041416e-01 8.779878078479037840e-02 8.797304851471035581e-02 1.164452685795011599e-01 1.365435362559763166e-01 1.169846443840462796e-01
1.139966494423760579e-01 7.822143487545733798e-02 7.505937937490822498e-02 7.367526444852068312e-02 1.144563605321719940e-01 8.994554300012563841e-02 9.013601818441743796e-02 1.157844084551984259e-01 1.325944114872241730e-01 1.161305301996000267e-01
1.171040597488497703e-01 7.984085775235147397e-02 7.973784495212758727e-02 7.811375137144307979e-02 1.076071155611219854e-01 8.677596865670413051e-02 8.695548646112437330e-02 1.131461395981718798e-01 1.373760675154559463e-01 1.133427083826497178e-01
1.218214206440156322e-01 7.059732770154580894e-02 6.865403393140240285e-02 6.531319631854208552e-02 1.176926207104206368e-01 8.665406267588660061e-02 8.695992183730451297e-02 1.154502433929811556e-01 1.512192844516287438e-01 1.156378883362724486e-01
1.233082927464049794e-01 7.220089632641757404e-02 7.139613717504475487e-02 6.751814950555684591e-02 1.136746941537772337e-01 8.300439666532812011e-02 8.320988254793691696e-02 1.154771299158555559e-01 1.543270745243113806e-01 1.158833464393666801e-01
1.124253234209427604e-01 8.207548258080830939e-02 7.970526961697485535e-02 7.401597954274576063e-02 1.069447277695406984e-01 8.966112220082256279e-02 8.979201406407102959e-02 1.136646711450240155e-01 1.377763313378474741e-01 1.139390783212225061e-01
1.098564277528587124e-01 8.352041640117099930e-02 7.771371867976988035e-02 8.455857553821725936e-02 1.087287254768146694e-01 9.125036405999126243e-02 9.141018228898060982e-02 1.165704192602793343e-01 1.195140598657270653e-01 1.168771106761902073e-01
1.044463593996810685e-01 9.193539635108610719e-02 8.911388490463482970e-02 9.089263749896647759e-02 1.009230598647475885e-01 9.596410772125266164e-02 9.589863228254366656e-02 1.028498660702435730e-01 1.250871189679143014e-01 1.028889369389297398e-01
1.139554162433782103e-01 8.127282709258586146e-02 7.979563325652357098e-02 7.584083056476739748e-02 1.077719231481267387e-01 8.764188944870997255e-02 8.784828303729369514e-02 1.137959250097546338e-01 1.378442974763638695e-01 1.142329747224960779e-01
1.099918407859977187e-01 8.492323961735842586e-02 8.307295653569092553e-02 8.018234318318029352e-02 1.102179054061376978e-01 9.422728273917416186e-02 9.432191742671325319e-02 1.125234575733445874e-01 1.176227744454131363e-01 1.129162822869898553e-01
1.104752692015065207e-01 8.457082796401721447e-02 8.369114218195311539e-02 8.116250075966187361e-02 1.057482490353704868e-01 9.349002718742310813e-02 9.351019022428887217e-02 1.115387553891208361e-01 1.237069980413183640e-01 1.121060400153395947e-01
1.194625703903855057e-01 7.417322175389409744e-02 7.483799859028650303e-02 7.257882221009237522e-02 1.119114649183977211e-01 8.290333635621612018e-02 8.306333899773607476e-02 1.175637801301097213e-01 1.454649275710048206e-01 1.180405390818770744e-01
1.221782178563807636e-01 6.821721830201590842e-02 6.840125240378505667e-02 6.819558051766660967e-02 1.150558708552539694e-01 8.476636776631102377e-02 8.503381482579913664e-02 1.174915562995470786e-01 1.528192822553678942e-01 1.178408389178725174e-01
1.212238061889487906e-01 7.452544785394420168e-02 7.366651914114510924e-02 7.197390440136229584e-02 1.124296462989577139e-01 8.118505043344065308e-02 8.130733002504227092e-02 1.181598538662819303e-01 1.469303647420024950e-01 1.185980770488745117e-01
1.149825456772172877e-01 7.236970636075851226e-02 7.152447297409814109e-02 7.180698778681318672e-02 1.172730006254058821e-01 8.441261280597127381e-02 8.466878137273135818e-02 1.159182205192987175e-01 1.509135514455034188e-01 1.161301204322022218e-01
1.151691215617870606e-01 7.780869146698535244e-02 7.577909707257202143e-02 7.128894421028976469e-02 1.134305027089452800e-01 8.937253733680251833e-02 8.956383074069368400e-02 1.162258272747726112e-01 1.347990181414743249e-01 1.165624294856773546e-01
1.153813823668969896e-01 7.987939025680544647e-02 8.277882046116888382e-02 7.851085921239478460e-02 1.106129918692798503e-01 9.241956725204572565e-02 9.252891800195435501e-02 1.141295935327471534e-01 1.193853988237662811e-01 1.143730782229405440e-01
1.203413470884794195e-01 7.821133049358433564e-02 7.642021892364445068e-02 7.477121392301316893e-02 1.058825681992246609e-01 8.301401854544153414e-02 8.313524013975365223e-02 1.185597542845090446e-01 1.406153662558497219e-01 1.190489421464999698e-01
1.101721910912168423e-01 8.761436345296906569e-02 8.418115490787733690e-02 8.166104618226154022e-02 1.077380461071235085e-01 9.257993335384220868e-02 9.260200717757602340e-02 1.076357422496898586e-01 1.280696220848464573e-01 1.077458933925971585e-01
1.136904958206791938e-01 8.190920625004755040e-02 8.133966978633301592e-02 7.240143541387239479e-02 1.096216288355835178e-01 8.945371755048374396e-02 8.954047105607093604e-02 1.165850671678101552e-01 1.282778346476633191e-01 1.171804734714561730e-01
1.159250289239458359e-01 7.860890319801909498e-02 7.657691910369321397e-02 7.851121442883036983e-02 1.099014115256074647e-01 8.956279924942740778e-02 8.972446255809923832e-02 1.177728478151092578e-01 1.251079883607048027e-01 1.183084248365633417e-01
1.083114202480233990e-01 9.076531965322937046e-02 8.592851518364934271e-02 8.132904850686498155e-02 1.041593640815948463e-01 9.105973061361199994e-02 9.106830101032632740e-02 1.080050810302573272e-01 1.312219363799753680e-01 1.081512832924670375e-01
1.163974114022062745e-01 7.826089058089172323e-02 7.556246819123223213e-02 7.250555265291143414e-02 1.132194345793437057e-01 8.762563717603839841e-02 8.784868507707059571e-02 1.163142461717309450e-01 1.357345293904793637e-01 1.165311447780953136e-01
1.172153147849897131e-01 7.868611384765529515e-02 7.612273428333907188e-02 7.417137903079851213e-02 1.168563601694836002e-01 8.732635000824870430e-02 8.740989459505335568e-02 1.122471896899609328e-01 1.374644068319272605e-01 1.125002567585435681e-01
1.129006225435637695e-01 8.063375433064740028e-02 8.023388536569256435e-02 7.780698772185361267e-02 1.142441507746327217e-01 8.935817321141072134e-02 8.953199648222251450e-02 1.133408382918203311e-01 1.282611132131373788e-01 1.136884780650190274e-01
1.152157023046311984e-01 7.755087011077183012e-02 7.739156401956368003e-02 7.472666059432089836e-02 1.121783414448175170e-01 8.988408532689214081e-02 9.009626366705497658e-02 1.159501055231487027e-01 1.307528765516854652e-01 1.162535304571135908e-01
1.144719490190121980e-01 8.218668085200243889e-02 8.059971121759075541e-02 7.482382723383870782e-02 1.082813172271424873e-01 8.911274772336257033e-02 8.933336392251525759e-02 1.127202723283913383e-01 1.355412706720180438e-01 1.129288598041261749e-01
1.105254949716540369e-01 8.348282916883796589e-02 8.157666448907185952e-02 8.579658406231600865e-02 1.060157027799806945e-01 8.754174405649503554e-02 8.760606466731453434e-02 1.131749946342009844e-01 1.308718895412386285e-01 1.134080316288902102e-01
1.172491131306903078e-01 7.657255369946198986e-02 7.552927959495489563e-02 7.167604512481090540e-02 1.103613772229097012e-01 8.682520004667917957e-02 8.702203180974786567e-02 1.161608505536282365e-01 1.419535871861347387e-01 1.166499616309821935e-01
1.154563984175329822e-01 8.152704976115519864e-02 7.899032780542492027e-02 7.476653473169424247e-02 1.134636282361613929e-01 8.847779341852585189e-02 8.856350150374275865e-02 1.120987464076735052e-01 1.341498908618207475e-01 1.125061288562684142e-01
1.179301282250681815e-01 7.451698565728084866e-02 7.242084198494955216e-02 7.345732770647936394e-02 1.177419243300078938e-01 8.455953554518577664e-02 8.473971775239934334e-02 1.155980202073725316e-01 1.431291768176994605e-01 1.159063417735570339e-01
1.201158954362438608e-01 7.457198989158110580e-02 7.501626968296269682e-02 7.378126687749747559e-02 1.160512272891410235e-01 8.595123930964167214e-02 8.613845528328978318e-02 1.190688334404027132e-01 1.299752577840460332e-01 1.193295650051936219e-01
1.199302797812002996e-01 7.502329530801901680e-02 7.267236375940230864e-02 7.309320493908101624e-02 1.087124606623019740e-01 8.206638904135885038e-02 8.220747575358559878e-02 1.183042742689617288e-01 1.493515480872269208e-01 1.186387083988622859e-01
1.229481750074028351e-01 7.167711836932214031e-02 7.143487159384290242e-02 7.105874360274125334e-02 1.153137685968826098e-01 8.310396380928290749e-02 8.324345559951328022e-02 1.157933242306661281e-01 1.492705001567671275e-01 1.161560790335787741e-01
1.165921037375820396e-01 8.081583117768945113e-02 7.905033205233015503e-02 7.878251799602761785e-02 1.055759727823666339e-01 8.794208438393072425e-02 8.804342874745152425e-02 1.138636598884990719e-01 1.349216744833054427e-01 1.144123947508172978e-01
1.340118364235730608e-01 4.637507954835895507e-02 4.552236291739330393e-02 4.472423404345452630e-02 1.195233636823216650e-01 8.313988321429580108e-02 8.393371369144470018e-02 1.292965642171585994e-01 1.833151856713945982e-01 1.301577765906047901e-01
1.204517127498932610e-01 7.699504987375711818e-02 7.509410648912553943e-02 7.267195959225540569e-02 1.107512612026502891e-01 8.937732627386803241e-02 8.950038980309971137e-02 1.127138660674188303e-01 1.393788990030713215e-01 1.130654289448604494e-01
1.149146582140979783e-01 7.814056217354445333e-02 7.644453022443843671e-02 7.003313433067775984e-02 1.114821935760526850e-01 8.856975437533162743e-02 8.875444727013902246e-02 1.146208809487070240e-01 1.419620110883857422e-01 1.150778277986253123e-01
1.191298501159405582e-01 7.881202540979929949e-02 7.710550082884878864e-02 7.476759884454449445e-02 1.085398655856371630e-01 8.708365547985395805e-02 8.718821848781391215e-02 1.154066502552788115e-01 1.361605742802512453e-01 1.158060607120318108e-01
1.152787936786652395e-01 8.005403637231954528e-02 7.691346714074913382e-02 7.193794226069373521e-02 1.113580705310454749e-01 8.564692037746027276e-02 8.571948922512299951e-02 1.122514863316712991e-01 1.482371000959626373e-01 1.126026939863096904e-01
1.213165243083911132e-01 7.266596848867125369e-02 7.209195582196548102e-02 6.611182479541224954e-02 1.150448310644037880e-01 8.394801567142251564e-02 8.417830017640207108e-02 1.179009561534664630e-01 1.483530582890170424e-01 1.183885652308479669e-01
1.136275348025547194e-01 7.958829889601577723e-02 7.759443717266348295e-02 7.288066743517709889e-02 1.145966944645590707e-01 9.053890127220881601e-02 9.066410759445046874e-02 1.142440086051616788e-01 1.317496095592813610e-01 1.145157401979275263e-01
1.195350458963139462e-01 7.133140040833156614e-02 6.918042292683786176e-02 6.817054334067938759e-02 1.114068698992956435e-01 8.721661966951790856e-02 8.748430466286861995e-02 1.181770632218532152e-01 1.487370165907038189e-01 1.187607133835980461e-01
1.138957184118380012e-01 8.347997401244525162e-02 8.325164617771288467e-02 7.690368405516477546e-02 1.065295300180282984e-01 8.898499750618685256e-02 8.904570468957864748e-02 1.162463486740937801e-01 1.249648795771533538e-01 1.166975168777981547e-01
1.196883588683209931e-01 7.540403109885861210e-02 7.375982413521323111e-02 7.014652811743386784e-02 1.107447299110609490e-01 8.597312695063422106e-02 8.613602337748361981e-02 1.188490008267056725e-01 1.397239605800805751e-01 1.195744161342082446e-01
1.113733418902498606e-01 8.546966101684248807e-02 8.554172070303700526e-02 7.856278253378935761e-02 1.104407195814879894e-01 9.152620766442515210e-02 9.162931911185762113e-02 1.132319152782690352e-01 1.186470236919821564e-01 1.135773085280593481e-01
1.193114936310515767e-01 7.340687078459820492e-02 7.120152842534634152e-02 6.997467201704372919e-02 1.155983965506686417e-01 8.680548516353303601e-02 8.702128473179426837e-02 1.151786657029693350e-01 1.459584569884430916e-01 1.155431460045517611e-01
1.182390311982446651e-01 7.608619301849038619e-02 7.538601800246412521e-02 7.001173048445824554e-02 1.128506952835472421e-01 8.771947764584173135e-02 8.795368250012623734e-02 1.163180223992237305e-01 1.387764630266823396e-01 1.166586864409212970e-01
1.215355250161093831e-01 7.537316991995671178e-02 7.518125673176022372e-02 7.275218226203231109e-02 1.118231156407837185e-01 8.357479943696539959e-02 8.371211780870292662e-02 1.153872934709909148e-01 1.447836014049822262e-01 1.158769383077161985e-01
1.110025369301758796e-01 8.278851687818659932e-02 8.135159863768857968e-02 8.045303314788740390e-02 1.043508417902317964e-01 9.136874133624676986e-02 9.141221554399986404e-02 1.099147293447434726e-01 1.372076490184157838e-01 1.101501373724239063e-01
1.201124396309571490e-01 7.555412322943645675e-02 7.450130413231319249e-02 7.240291447088892385e-02 1.102623185403051875e-01 8.606967842946337821e-02 8.620884685044484519e-02 1.160817047013789072e-01 1.422708408760013643e-01 1.165358291388105677e-01
1.147989511413914365e-01 7.980766990941472183e-02 8.081188187405681511e-02 7.661350241050932097e-02 1.120258240713025710e-01 8.864039711608474870e-02 8.877248829475185843e-02 1.120580180620979055e-01 1.341228608936701483e-01 1.123484062267204320e-01
1.184899674579864975e-01 7.760998175233012331e-02 7.838929388501562900e-02 6.962764392239997879e-02 1.081413340928948502e-01 8.663131343231932069e-02 8.678595437348632369e-02 1.149955719236357282e-01 1.439273732284463148e-01 1.154015659314852199e-01
1.132820721024836441e-01 8.028082249069619369e-02 7.837184929051985161e-02 7.727587581440914510e-02 1.062535964484865730e-01 8.825013921317427512e-02 8.836795664099582337e-02 1.113233487855922882e-01 1.450075110213129848e-01 1.115868281923292904e-01
1.201836190623462863e-01 7.463689201443240995e-02 7.468705443277752487e-02 7.038482929982919911e-02 1.073138517554822202e-01 8.525220454273560455e-02 8.534680406161522515e-02 1.190426631216185277e-01 1.435891823828620018e-01 1.195628993263010420e-01
1.199461683805710110e-01 7.793631671862841226e-02 7.877393175510888357e-02 6.905877488203449044e-02 1.055326975846376802e-01 8.372421331106627562e-02 8.384965838196693777e-02 1.194761436010279010e-01 1.416909338257444639e-01 1.200111615592139441e-01
1.076063070610920047e-01 8.391889300021138087e-02 8.175375191541313369e-02 7.508877879538844446e-02 1.080811855435929031e-01 8.890378698735511287e-02 8.905475996816478168e-02 1.117845054896497159e-01 1.417269073111142308e-01 1.120811239280182225e-01
1.190846489442961426e-01 7.414193490741517734e-02 7.288438971664243371e-02 7.106108431400383341e-02 1.153772966608232059e-01 8.852090918253824325e-02 8.875417178540227769e-02 1.197678320994171181e-01 1.301998966948353653e-01 1.202078356946262166e-01
1.107420345299059139e-01 8.741574069770469135e-02 8.937270314702819296e-02 8.063482725653819960e-02 1.075776965554378906e-01 9.093777913363119969e-02 9.100512166596551322e-02 1.128821322491156270e-01 1.163556344800788372e-01 1.130763302845939205e-01
1.174072033652371616e-01 7.852292285552162077e-02 7.566619038065137970e-02 7.381871155529992623e-02 1.087491359648889017e-01 8.393983218711077721e-02 8.398533185035503279e-02 1.175460591838655283e-01 1.423076544426837009e-01 1.180569582143859431e-01
1.254669112200621772e-01 6.950857625296920361e-02 6.817550459829681275e-02 6.504892945142855265e-02 1.101472412972454434e-01 8.492433094661923365e-02 8.516448332725944093e-02 1.189612946658266529e-01 1.530624310509838826e-01 1.195402971893085725e-01
1.161203545791427427e-01 7.310969739919569166e-02 7.160079739785621400e-02 6.760600346358991430e-02 1.106929409115792462e-01 8.870950359389154216e-02 8.904497454916382448e-02 1.168702507240856753e-01 1.489793181208352579e-01 1.172661592606598496e-01
1.185680270547532084e-01 7.124222774236280142e-02 7.056416122721390072e-02 6.985050033146708581e-02 1.155140789497398207e-01 8.841508261404087965e-02 8.869517367738929958e-02 1.198022486695949074e-01 1.370369717185925262e-01 1.203115280148455424e-01
1.000118242874239310e-01 9.878063043446594360e-02 9.410713743016399513e-02 9.964857459486980984e-02 9.787609080489315105e-02 1.009754311780816094e-01 1.009728917786709007e-01 1.007248517105896746e-01 1.063108207468224098e-01 1.005917470340185610e-01
9.897510750931363954e-02 1.040139236069755613e-01 9.811758114447863277e-02 9.247879617419683951e-02 9.818820608460433752e-02 9.997222914376012459e-02 9.994691862206275812e-02 1.002073806710350873e-01 1.079950619966607156e-01 1.001047950469123454e-01
1.123716250350801360e-01 8.439933466915335025e-02 8.327947112111026839e-02 8.034838838033649122e-02 1.115504929493168484e-01 8.753531814388298971e-02 8.759293195136941268e-02 1.096540208018761120e-01 1.334477893981404206e-01 1.098206275497339707e-01
1.146170536711768329e-01 7.992226412636282973e-02 8.030646805067608029e-02 7.287526661040055753e-02 1.072448794230124874e-01 8.705784731464329129e-02 8.716225868586686965e-02 1.082526828443292205e-01 1.540620189872777546e-01 1.084992602862540623e-01
1.156189247132842490e-01 7.552181322880251180e-02 7.509273164354982044e-02 7.011708360767757164e-02 1.114695604011573110e-01 8.836418747340139823e-02 8.855081159647117117e-02 1.149201190368789038e-01 1.450485021786332152e-01 1.152962661201438338e-01
1.121309114288544240e-01 8.109800052492931177e-02 7.947693314033973944e-02 7.975466631804141449e-02 1.098340288005427434e-01 8.956847600399728271e-02 8.976155111899948580e-02 1.140951027529696626e-01 1.297026715794682428e-01 1.145776583318577485e-01
1.156784877960320146e-01 7.684191261549798424e-02 7.558320489250242025e-02 6.948803594387517601e-02 1.148277635030365146e-01 8.813198955565205994e-02 8.835796524627881343e-02 1.171966591140360114e-01 1.362665889722443069e-01 1.176273923608446570e-01
1.156623379381192529e-01 7.940272594305826381e-02 7.766412809662322225e-02 7.637124055650840182e-02 1.098820798321764047e-01 8.800326994940703418e-02 8.819631554305562560e-02 1.151999718499986808e-01 1.341846225859712749e-01 1.154333077050818529e-01
1.245222923250467600e-01 7.226018284099570976e-02 7.109726882193449782e-02 6.736710327306499879e-02 1.097890522114987055e-01 8.643683200175726611e-02 8.666617651453589755e-02 1.191197410831592585e-01 1.430212850469300134e-01 1.197200658810769064e-01
1.140130463677367506e-01 7.921220046194323017e-02 7.705766353197530949e-02 7.121624170403115239e-02 1.203416939261408442e-01 8.863591584905043674e-02 8.878698598763436201e-02 1.121947088186118768e-01 1.361642891306557301e-01 1.123772542222202936e-01
1.137393439429883746e-01 8.152960606738079985e-02 8.001195672155944627e-02 7.376232656803954901e-02 1.080714408145196925e-01 8.996814039045308853e-02 9.017354046810215074e-02 1.128789916082107436e-01 1.368263610429402699e-01 1.130382923758058711e-01
1.180906322495728911e-01 7.398427771390866936e-02 7.223593269154601759e-02 6.919959934868828710e-02 1.102757441194057858e-01 8.525501032818780245e-02 8.550058829567677710e-02 1.163873529956186703e-01 1.522128840268997529e-01 1.168579782304953602e-01
1.169470988976081122e-01 7.843222933304949684e-02 7.651940527638365075e-02 7.519557638693000201e-02 1.077046070186927357e-01 8.750991068577589072e-02 8.765483360757457543e-02 1.155963543858608000e-01 1.382868967811488881e-01 1.161530876269758067e-01
1.163716806314290808e-01 7.660307539125468801e-02 7.475540265756444591e-02 7.517170782165312481e-02 1.112047622242479800e-01 8.691543096407733371e-02 8.706375560914697553e-02 1.211907381407849454e-01 1.289750242812801595e-01 1.217484222785612663e-01
1.223191420643168770e-01 7.381640911753345469e-02 7.541436808518797719e-02 6.635465400701738570e-02 1.076070528010801275e-01 8.105487529822882897e-02 8.113209792603312542e-02 1.168847469797354849e-01 1.581626201020383815e-01 1.172540336188283017e-01
1.173554627533200528e-01 8.106482795315653189e-02 8.003972252453023239e-02 7.766099322307763730e-02 1.119875043084487543e-01 8.666283540116218043e-02 8.676962214257168127e-02 1.156292017749485229e-01 1.268757353946367017e-01 1.159540945241476495e-01
1.233980953228158012e-01 7.048591871020071231e-02 6.999692370493580673e-02 6.770105154422595417e-02 1.102683275387539574e-01 8.321529074207344168e-02 8.339526693118114176e-02 1.190804874958292098e-01 1.528218288278178072e-01 1.196368091821661817e-01
1.134032556399564851e-01 8.067703720855520788e-02 7.839630352893114940e-02 7.796218677219914073e-02 1.111529009801382750e-01 9.322114561657858511e-02 9.337076719516763934e-02 1.135971417548482104e-01 1.241296117233817858e-01 1.140896495802435490e-01
1.229337262248384882e-01 6.894218119886191820e-02 6.767823961080468576e-02 6.763339442199313434e-02 1.144738593552136197e-01 8.301527793005557265e-02 8.330990820278626197e-02 1.167587468040098553e-01 1.580712599457729517e-01 1.171834063056634706e-01
1.108805931347336543e-01 8.447737282069647802e-02 8.366200999023513940e-02 7.910798923088495360e-02 1.055951456281674361e-01 9.041212376478703627e-02 9.058404521622014094e-02 1.112371352710401495e-01 1.325081657128785728e-01 1.115354192303564251e-01
1.084931373983380187e-01 8.406849722830858629e-02 8.248203769140968755e-02 7.721500460700944646e-02 1.100421420882493756e-01 9.410877824897542765e-02 9.423630608720058588e-02 1.106866455621006440e-01 1.276987326351446961e-01 1.109687184532635734e-01
1.217492295943036207e-01 7.300318571481184682e-02 7.423157900715195157e-02 6.785588766706195096e-02 1.111587784393020389e-01 8.125339145035577471e-02 8.137749028397435469e-02 1.220837255937381460e-01 1.447066278607781753e-01 1.225801043885220709e-01
1.116594979508145624e-01 8.912982555315043798e-02 8.578766225261554024e-02 8.330843995734332763e-02 1.032791353870289447e-01 9.081131348587609398e-02 9.076603646574478435e-02 1.090238512804811155e-01 1.269208399104207186e-01 1.093133977565244608e-01
1.108150422905878202e-01 8.576910739294806019e-02 8.290900189486472005e-02 7.447432704931779279e-02 1.122461192466998187e-01 9.381183127017909962e-02 9.390638176192678266e-02 1.076847758664016136e-01 1.304440580372502323e-01 1.079393551898239767e-01
1.196966929881879554e-01 7.720881104862147015e-02 7.523710660136767592e-02 7.321885351607836101e-02 1.084216694336812975e-01 8.786353904355911904e-02 8.801044651697735588e-02 1.161344735754532426e-01 1.376576643679531531e-01 1.165507429081204249e-01
1.065093194794121678e-01 7.553600666066477565e-02 7.452723365212418627e-02 7.203350641136627153e-02 9.924442207193984178e-02 8.170057084729677455e-02 8.181315167444071224e-02 1.028593126446358946e-01 2.028395089892766068e-01 1.029369675688427826e-01
1.179721036857098171e-01 7.130895828491143340e-02 6.978488524091779055e-02 6.949805214170939882e-02 1.112529111241272323e-01 8.346436880990508456e-02 8.356251105558237802e-02 1.143259195950714485e-01 1.641086874911831806e-01 1.147216025708821668e-01
1.186236976962465467e-01 7.537924743726570620e-02 7.349477158316848613e-02 6.941479506925704590e-02 1.127310055101464897e-01 8.594916165153630716e-02 8.612709104056952281e-02 1.184264743354410815e-01 1.409025966075945491e-01 1.189511590687742926e-01
1.074018152672376880e-01 8.970400896105575062e-02 8.650504384213743292e-02 8.500041615271207440e-02 1.089779430731135507e-01 9.283112044506609817e-02 9.282465659154875981e-02 1.079152086954672241e-01 1.207087672367089803e-01 1.081310197349524271e-01
1.150369300684852686e-01 8.885715056164193715e-02 8.407515755835509585e-02 8.962361419728066825e-02 1.066847526342690755e-01 9.139151375451816384e-02 9.141465621789032769e-02 1.079917080855247180e-01 1.169089365714388873e-01 1.080155803505959133e-01
1.114186694497938945e-01 8.280571339696470023e-02 8.226047410314743513e-02 6.961471803856839058e-02 1.117845948453102395e-01 9.166816126766917650e-02 9.179738124235842234e-02 1.106973453885813918e-01 1.370679423148354614e-01 1.108849999527708879e-01
1.129309446766792735e-01 7.861276849380390008e-02 7.750159729997239955e-02 7.912888010964819197e-02 1.091856656159819472e-01 8.982495994333834777e-02 8.998271628168484637e-02 1.173854075612669606e-01 1.276345053615535741e-01 1.178125546560705866e-01
1.210531065987004856e-01 7.620275235166237837e-02 7.496905227193390031e-02 7.274314187637320739e-02 1.115753835604307020e-01 8.529339189073817384e-02 8.539678533867718635e-02 1.145373772115957783e-01 1.431868074456252304e-01 1.150422014542629573e-01
1.159284687325467106e-01 7.493868691004669513e-02 7.323590233372893887e-02 7.112278532590408930e-02 1.145487482257297879e-01 9.192440492659678664e-02 9.210297619862119201e-02 1.157131015703846966e-01 1.341841499951595684e-01 1.163007757812815485e-01
1.155224390593983658e-01 7.922784691562632930e-02 7.823606991916064179e-02 7.491507130404445602e-02 1.070563090013834096e-01 8.891837805740357425e-02 8.910693695661175973e-02 1.131535595926567994e-01 1.403591711643413509e-01 1.135042180293733133e-01
1.165542460155429838e-01 7.743313449493048617e-02 7.562624949097361549e-02 6.933687827221432509e-02 1.155733834687757977e-01 8.875135382141299822e-02 8.889485128419664928e-02 1.136263936012835707e-01 1.401717097269238321e-01 1.140317998237457692e-01
1.158846779608894983e-01 8.258570670377958500e-02 8.028447558506711379e-02 7.621238816339774569e-02 1.116860200583618956e-01 8.878226749790608940e-02 8.883606140543398588e-02 1.113809885394760613e-01 1.325770808264654932e-01 1.117703332592225041e-01
1.147265058544869737e-01 8.237490325030623339e-02 8.266847460568933770e-02 7.277954751567074221e-02 1.060776356990184854e-01 8.950683971560255414e-02 8.967657932553094180e-02 1.138327022984779446e-01 1.341237282787762497e-01 1.142330834564405789e-01
1.123974625190098525e-01 7.903402262299434600e-02 7.949716086158713224e-02 7.463974741437218174e-02 1.106678475604380152e-01 9.213237609377443460e-02 9.236642639661477028e-02 1.164387971197941712e-01 1.260776435578739307e-01 1.167485158535411655e-01
1.149251328341957396e-01 8.286799437271770430e-02 8.074258494378767914e-02 7.532086701482214319e-02 1.057107842377121298e-01 8.776336989336461225e-02 8.788424644166843713e-02 1.137039548587827631e-01 1.372129325709315062e-01 1.138681328320172992e-01
1.148132735153057776e-01 8.010912497431202373e-02 7.750789690466659831e-02 6.932394742059420911e-02 1.110804111023658836e-01 8.862306587520833723e-02 8.884070112137798514e-02 1.139443643200947071e-01 1.416551636089874722e-01 1.141020511570870061e-01
1.167519206985972446e-01 8.038083828161732280e-02 7.904102274205827838e-02 7.192899288294363203e-02 1.127933636357108110e-01 8.555082137688399535e-02 8.565243748128441303e-02 1.125004705696074220e-01 1.425161659043632512e-01 1.128839664269336157e-01
1.166744609276669231e-01 7.866373740092089117e-02 7.787074725364438732e-02 7.364353328376267716e-02 1.134669836218593075e-01 8.420706272461335462e-02 8.430545875687762980e-02 1.145890022882246201e-01 1.416381474211083069e-01 1.149408663213219023e-01
1.137236899382951527e-01 7.990897825069943894e-02 7.987728357117351852e-02 7.464193744085274862e-02 1.109256043758654192e-01 9.320546038127094923e-02 9.338794384462859033e-02 1.154801349532033755e-01 1.231804958963446800e-01 1.156684713476661130e-01
1.180600390970087260e-01 7.311463692872857689e-02 7.250277414960523692e-02 6.760616255616351544e-02 1.127963081667907319e-01 8.351454719683384931e-02 8.375208378765924833e-02 1.147363433950987083e-01 1.589407393477686725e-01 1.149763653743427205e-01
1.148964615947861423e-01 8.024596731184517606e-02 7.752972311241917991e-02 7.652943411829703224e-02 1.107017836713336534e-01 8.893999692085741149e-02 8.917361199845968978e-02 1.156630107157097798e-01 1.303043274555850117e-01 1.160156831007069650e-01
1.124841174269469585e-01 7.991664687599626948e-02 7.905340991632768544e-02 6.974849072054814525e-02 1.170518100564781200e-01 8.894003304667603971e-02 8.914081587124894623e-02 1.105991999997423120e-01 1.423625481625835909e-01 1.107029279234519464e-01
1.169885276047275408e-01 7.325188989247558013e-02 7.200106721048959990e-02 7.065598931044544950e-02 1.137750713374456740e-01 8.996639390795307945e-02 9.023118013822201133e-02 1.187009411436371342e-01 1.351471487034466012e-01 1.192817907511573572e-01
1.145817310091863245e-01 7.268906856392477744e-02 7.186102863640943250e-02 6.845063472882338684e-02 1.145272726518437034e-01 8.522242238556268501e-02 8.546904031286901848e-02 1.159713494387013266e-01 1.550397636722906092e-01 1.161876886003887221e-01
1.185589384552449832e-01 7.995888582465486560e-02 8.097672501511055110e-02 7.359878557265468746e-02 1.067698745126287596e-01 8.517986957997673858e-02 8.523274490769967848e-02 1.167178200573140839e-01 1.358846278285296139e-01 1.171217282461860798e-01
1.157454507873994093e-01 7.872941132995772695e-02 7.813020918608810927e-02 7.215205736061661157e-02 1.107891491892314534e-01 9.041776083660350849e-02 9.054704035288931030e-02 1.109956179581989694e-01 1.411101321863582891e-01 1.113831708126566122e-01
1.156813344633597085e-01 7.670305483661782331e-02 7.565121024951509954e-02 7.321349673574999162e-02 1.103588337608592124e-01 8.669300642056596007e-02 8.684808327364915148e-02 1.175667751993021010e-01 1.392770441250855140e-01 1.180071609352954659e-01
1.072061784827619962e-01 9.763447851143829126e-02 9.131298532064778539e-02 8.529652131797961501e-02 1.016848282934905839e-01 9.374789909669753452e-02 9.372229993313019314e-02 1.058498242679290074e-01 1.175502653795826441e-01 1.059947193963423628e-01
1.168470676779746475e-01 7.768920360121690794e-02 7.407331576435634279e-02 7.592395675406092559e-02 1.135803065954201219e-01 8.834910584121029309e-02 8.841801380513150677e-02 1.115673027092285163e-01 1.416410730875881097e-01 1.119106541638126145e-01
