8.664814621227567848e-02 1.136166656101810640e-01 7.732616292835561844e-02 1.155476201389752516e-01 1.139223357579109974e-01 9.859805190289812338e-02 1.141115472292657113e-01 1.156809518980542878e-01 9.001889168267977748e-02 7.452962663940344845e-02
8.701417227348721972e-02 1.089133371117264465e-01 8.107903283263419303e-02 1.193108445147025160e-01 1.094168927923202805e-01 9.652070467159434841e-02 1.097628155396450922e-01 1.194974290412135903e-01 9.066725558029399556e-02 7.781751564238230390e-02
8.782246380947256181e-02 1.073989262574569503e-01 8.544481999743319678e-02 1.158532594902463991e-01 1.077175389840703823e-01 9.845353265037586066e-02 1.079257777748693914e-01 1.159767542298856396e-01 9.100515640538157924e-02 8.240177040080803872e-02
8.475448679788788464e-02 1.152118820174758279e-01 7.635896270541743525e-02 1.156433464946818590e-01 1.157461965852992630e-01 9.868648785531242140e-02 1.161039038329056972e-01 1.158434909462579959e-01 8.838234596792632347e-02 7.326889679683526446e-02
8.597353435252602649e-02 1.105302305085632958e-01 7.758984934435662895e-02 1.217560788980673325e-01 1.108764886012819223e-01 9.604516948546421018e-02 1.111254124881229655e-01 1.218218580422998631e-01 8.972984933778033190e-02 7.455152894153740939e-02
9.031086728162844579e-02 1.036858982457288525e-01 9.374319302940728460e-02 1.130572301543820019e-01 1.036933950361786649e-01 9.467238150929127571e-02 1.037116324772661830e-01 1.129470586827087536e-01 9.271783111474814210e-02 9.146051246866040985e-02
8.648076033380892869e-02 1.119562083561487231e-01 7.542820374620731738e-02 1.195909162809129234e-01 1.121765492239433643e-01 1.000636779161521578e-01 1.123059196132505100e-01 1.196977533485125839e-01 8.870519546556468460e-02 7.359481571549879309e-02
8.509626242101984983e-02 1.114860582105215298e-01 8.206470293674029970e-02 1.163031130024697046e-01 1.118934823130617595e-01 9.655415051831879591e-02 1.121613027714486455e-01 1.164649887026376757e-01 9.141553077972890129e-02 7.656040834405283824e-02
8.889415095853731019e-02 1.086998087200113650e-01 8.489137901362929506e-02 1.138792391757727646e-01 1.089992332643780482e-01 9.760752170683843765e-02 1.091751642530684879e-01 1.140475175830954618e-01 9.127581070176524203e-02 8.253017462290364314e-02
8.514848011392259219e-02 1.111432391695472421e-01 8.162822200058726663e-02 1.165951034462459346e-01 1.116905808161955393e-01 9.780356505601360551e-02 1.120704479278791660e-01 1.167773544606441893e-01 8.940901201104896334e-02 7.773399499791552869e-02
8.581117894688539138e-02 1.081214248847496007e-01 8.126181859672917951e-02 1.213196991482941856e-01 1.086433558804240362e-01 9.703256983093129506e-02 1.090099194174940223e-01 1.214961105032342781e-01 8.895821719762650459e-02 7.834570559363149278e-02
8.166818296983727188e-02 1.164572788303381012e-01 7.430755970506110197e-02 1.196275121495595090e-01 1.172013976054888523e-01 9.654902651707286676e-02 1.177176592319802151e-01 1.198916867291545674e-01 8.584217484274925258e-02 7.073752141875827570e-02
8.355842064852571360e-02 1.161720681737493377e-01 8.213066190847344294e-02 1.114316418788697111e-01 1.163981863523131516e-01 9.625081665678769660e-02 1.165521618474088250e-01 1.114653599148918983e-01 8.765815577883646903e-02 7.838252684014376803e-02
7.999737690609511065e-02 1.186157466372362301e-01 7.324764860812130185e-02 1.194207333528656129e-01 1.194047803639752547e-01 9.556436313471833310e-02 1.199657385850473462e-01 1.196557091494966224e-01 8.514830378347149065e-02 6.897959947897271127e-02
8.372787629371214457e-02 1.156256545059187457e-01 7.327597269218770470e-02 1.196955330772951076e-01 1.161335758554123826e-01 9.736438251308816849e-02 1.164835091671536094e-01 1.198606711641509170e-01 8.767769956727915204e-02 7.015512516380206787e-02
8.310614144536554448e-02 1.126481447157997029e-01 7.771452657556883470e-02 1.210727923546980195e-01 1.132139526322895606e-01 9.608130664926672893e-02 1.136214871008459498e-01 1.212215809040591702e-01 8.702355328301883408e-02 7.429651433908765479e-02
8.394858477483467529e-02 1.120835228632559855e-01 8.354245168265028720e-02 1.147411113880460326e-01 1.126943045559863771e-01 9.689372547327262941e-02 1.131254732321274187e-01 1.149228614680351812e-01 9.041000821907377305e-02 7.763795634271766777e-02
9.190388262371239347e-02 1.093251754063244569e-01 7.699571057144892483e-02 1.158458056501027872e-01 1.097417944689077218e-01 1.011043734873946637e-01 1.099829256196898364e-01 1.161238062990894854e-01 9.338935107700854776e-02 7.558717479632119651e-02
8.426278142058672704e-02 1.138202861033230096e-01 7.299310414260376523e-02 1.208505030931202734e-01 1.142962422622899182e-01 9.980831100215430129e-02 1.145955287607589579e-01 1.210998731063904071e-01 8.889200561922022681e-02 6.938136448955237179e-02
8.270346020817345711e-02 1.138199002317974440e-01 7.979158831866571544e-02 1.169413259791477339e-01 1.142131107234907322e-01 9.761947186516600761e-02 1.144716124266095814e-01 1.170897902743151253e-01 8.904686889106258607e-02 7.430287108157163090e-02
8.432900179479982383e-02 1.116145072514693748e-01 7.786817080405472602e-02 1.208694910581939036e-01 1.120598541185475611e-01 9.692054006557629386e-02 1.123648191221873066e-01 1.210237955971834589e-01 8.903829710284329180e-02 7.391152308514425950e-02
8.771055902383076419e-02 1.084190389363662577e-01 8.384237831389759754e-02 1.156603263771915358e-01 1.089655017365453588e-01 9.839018957044219638e-02 1.093379500378746788e-01 1.158710169636008730e-01 9.157566846674218553e-02 8.022737057350851075e-02
8.520931206481302533e-02 1.108025673791322857e-01 8.295664473026280461e-02 1.170140638619223961e-01 1.112723483389558149e-01 9.550165050403626454e-02 1.116023937810600442e-01 1.171486601258598381e-01 8.947018116488934802e-02 7.902217804906823406e-02
8.395157696970220740e-02 1.130140612403400940e-01 7.880531857572441179e-02 1.184638295169825606e-01 1.134920058523492814e-01 9.604416741954630021e-02 1.138107679836824343e-01 1.186525907426834170e-01 9.018245043237035907e-02 7.358323126661889257e-02
8.458169507281673716e-02 1.128295039612597223e-01 8.126449675446426046e-02 1.167839785636104744e-01 1.131580692056497056e-01 9.491744970106918977e-02 1.133872452869147396e-01 1.168573451750562209e-01 8.831230395847004810e-02 7.790791232068887406e-02
8.381574059480949301e-02 1.165475044932567789e-01 7.023556165447074340e-02 1.209013013264992192e-01 1.170651783285709957e-01 9.798271458386037525e-02 1.173942239045061703e-01 1.211565811497104794e-01 8.745827073564559073e-02 6.744292322867009859e-02
8.796315166397282448e-02 1.097163502026248239e-01 8.357312983584598565e-02 1.144143909054440439e-01 1.101216083227997827e-01 9.751102508594093610e-02 1.103903047749426602e-01 1.145688894127754875e-01 9.111048623089471055e-02 8.063066356475880048e-02
8.711581309024674091e-02 1.090428728820833082e-01 8.363068462326520014e-02 1.143072359956099904e-01 1.092698619941778471e-01 1.017991883980968043e-01 1.094270484211004590e-01 1.143424328311888477e-01 9.029482280606876410e-02 8.077003895816210755e-02
8.619326772076686682e-02 1.113734980215830006e-01 7.975289546169139765e-02 1.169895388086813065e-01 1.118646471978063106e-01 9.826771245434476332e-02 1.122096483667327504e-01 1.171323160668970853e-01 8.891629831946722129e-02 7.730017758202924194e-02
8.640857208609391271e-02 1.103818326309472519e-01 8.538999221069736023e-02 1.130739914105923644e-01 1.107512238898393092e-01 9.798719474447074862e-02 1.109944178069217219e-01 1.132095539460907796e-01 8.930481050441028967e-02 8.249841076993623401e-02
8.450013680725426690e-02 1.122917058898915826e-01 7.610049114925014624e-02 1.208094518622400138e-01 1.127073150860641859e-01 9.858634124727756742e-02 1.129961147805546712e-01 1.209324967918302546e-01 8.750076139138161790e-02 7.357518499425566572e-02
8.443720670928209215e-02 1.128947327771598202e-01 8.001455908145538309e-02 1.160227153917705589e-01 1.135596910892452405e-01 9.790977638789850890e-02 1.140290848601574064e-01 1.162282250526189692e-01 8.885452955859078628e-02 7.604947909182119270e-02
8.429903427178427056e-02 1.143902042407731329e-01 7.781387362491221094e-02 1.163185633312500133e-01 1.150656915757372889e-01 9.707112627062147725e-02 1.155471851404566291e-01 1.165101079623656888e-01 8.959883731134921092e-02 7.338537627075014669e-02
9.377296844658886132e-02 1.053098909646132258e-01 8.748515191769933030e-02 1.069623063380457789e-01 1.054863587479428905e-01 1.071270187820217573e-01 1.055946543079027272e-01 1.070178304162475585e-01 9.450904367426790631e-02 8.673477640466996375e-02
9.071824590934771115e-02 1.064281108018596683e-01 8.792610712151666119e-02 1.135267472902307256e-01 1.065301006137535506e-01 9.578869871791491353e-02 1.065960564384004911e-01 1.135206667848885354e-01 9.387802452024571198e-02 8.508724180184201735e-02
8.038399611465843475e-02 1.147668485219762030e-01 7.885176418585718161e-02 1.189819758426962221e-01 1.152723462032364671e-01 9.758271400453312483e-02 1.156277544604936702e-01 1.191248149716847698e-01 8.392499379344056654e-02 7.548279190142341555e-02
8.370994125373998340e-02 1.186388558811320715e-01 7.030104023480707176e-02 1.176151782402847096e-01 1.190705514338568777e-01 9.884845478298627530e-02 1.193600111763772620e-01 1.177567531171910264e-01 8.660796104196499812e-02 6.809125283765976588e-02
8.538490899262463074e-02 1.116358808491290378e-01 7.773575874825677801e-02 1.199660885463486454e-01 1.120598239745458496e-01 9.722361718916638917e-02 1.123437963598495348e-01 1.201282396094758981e-01 8.846515095248341787e-02 7.505673477811981853e-02
8.143633627149667042e-02 1.137966402547079953e-01 7.722667907166755330e-02 1.234385443324151760e-01 1.141780938417365637e-01 9.271876906927642437e-02 1.144485283963989908e-01 1.235275118757064861e-01 8.571203054332168780e-02 7.351686634327250780e-02
8.094065039479175772e-02 1.165034110926071731e-01 7.501998496253617366e-02 1.205659482488247863e-01 1.170283903072701776e-01 9.492881785457088495e-02 1.174168951508740288e-01 1.206559006522112398e-01 8.625567685401862306e-02 7.068432448229516885e-02
8.347137099935132698e-02 1.107667535983152124e-01 8.084303845019423507e-02 1.201672139052395449e-01 1.112033934417945569e-01 9.670965899755959438e-02 1.115014714343978558e-01 1.203210603540663393e-01 8.933241760120801123e-02 7.568362121787333696e-02
8.336922874588155452e-02 1.133298339525428411e-01 8.104255851891686846e-02 1.153945544218071412e-01 1.138997794370213423e-01 9.795791687053109764e-02 1.143107968668603952e-01 1.155308085196754680e-01 8.950643339360599138e-02 7.565808927315732790e-02
8.272580091534302571e-02 1.117430333393064634e-01 7.962890336260150526e-02 1.206192747790081898e-01 1.120162138746387259e-01 9.722205842898368200e-02 1.121878241049106828e-01 1.207348948003887090e-01 8.848620383903994802e-02 7.463579255577906801e-02
8.483112254368942173e-02 1.133022529300310999e-01 7.707890491109840869e-02 1.176356909889221397e-01 1.139190812554044391e-01 9.859418816915885286e-02 1.143391551751435087e-01 1.178708324061246288e-01 8.865804747152392085e-02 7.377072414890357976e-02
8.472949303131745158e-02 1.135525794557210866e-01 7.774830948414533649e-02 1.151338463063125706e-01 1.139862330434735366e-01 1.020338947432556376e-01 1.142798382393221679e-01 1.152762550981163009e-01 8.941551407647035932e-02 7.384403652186556644e-02
8.767808732766060875e-02 1.097153644188636479e-01 8.143423652820866443e-02 1.155247554557480433e-01 1.099075588721101226e-01 1.009805655641319716e-01 1.100353143702259562e-01 1.155605665647133490e-01 8.857442080303250254e-02 8.058913009530513372e-02
8.234184595293951581e-02 1.191474528579476583e-01 7.146727716980504075e-02 1.170368940248506795e-01 1.194553374420506270e-01 9.850753930457567531e-02 1.196530822628621704e-01 1.171409197524320156e-01 8.784255965564129187e-02 6.740709157689528386e-02
8.287292982956605270e-02 1.163971435986624753e-01 7.408683060757986771e-02 1.185889724894755165e-01 1.169113232201517694e-01 9.786049066432303545e-02 1.172726363506652325e-01 1.187311649829218274e-01 8.520443665037216729e-02 7.207407160628206966e-02
8.625867714697699196e-02 1.089160968561253551e-01 8.368529549875368401e-02 1.159619689031119727e-01 1.091775913021530986e-01 1.000708279299949710e-01 1.093525878422498682e-01 1.160342093169070971e-01 9.144023221199741591e-02 7.910251299172955941e-02
8.870019060488962270e-02 1.073971532165313020e-01 8.259896023559566702e-02 1.153321782323835365e-01 1.076676887145624345e-01 1.036622933420255077e-01 1.078425659686901017e-01 1.154317431091698570e-01 9.025174697334452378e-02 8.111547960280747482e-02
9.336791704197827668e-02 1.030689869766688027e-01 9.391910828971991587e-02 1.051477495737078438e-01 1.031275898093769600e-01 1.053866391682395931e-01 1.031749208276920571e-01 1.050906626415137601e-01 9.807810933031695100e-02 8.963831634078581190e-02
8.730208363904579105e-02 1.093157869579198666e-01 8.265603196301160582e-02 1.156751114860378737e-01 1.097701870485535414e-01 9.945688959140479291e-02 1.100628500251960296e-01 1.158892705953887686e-01 8.906518346390865370e-02 8.080660522953304892e-02
9.012176494653414971e-02 1.084177698585014477e-01 8.378681634819791502e-02 1.109607399523512977e-01 1.088820881305082866e-01 1.034037034658694815e-01 1.091947989870228480e-01 1.111290100933225306e-01 9.288987891585004375e-02 8.121342930184197173e-02
8.828936371855826415e-02 1.072341271104876870e-01 8.615623418994459992e-02 1.134825185565517675e-01 1.078428729541745790e-01 9.987699698089205769e-02 1.082574534961598667e-01 1.137249826412057158e-01 9.507122107300722269e-02 8.006422927901823972e-02
8.242175176379247514e-02 1.144538290486927234e-01 7.605217070601572038e-02 1.206327664666409227e-01 1.149750129808984056e-01 9.659248340933944410e-02 1.153487109015637474e-01 1.207635457547667768e-01 8.501447586875401918e-02 7.374525309953579300e-02
8.277390616296020909e-02 1.176006353220129669e-01 6.978839753501456244e-02 1.203473854766984180e-01 1.180298678032374732e-01 9.902873337573177281e-02 1.183164111894009080e-01 1.204994269210779567e-01 8.680469911092371371e-02 6.681053710294199144e-02
7.993424928928187512e-02 1.152399388254318480e-01 7.656975214878010416e-02 1.215542918635974246e-01 1.157203176685018542e-01 9.638760059713837036e-02 1.160850152110066008e-01 1.216038646969275216e-01 8.345184823665204032e-02 7.345312146268240250e-02
8.161264924484090688e-02 1.188140125372814382e-01 7.335248838186207709e-02 1.176695534044725905e-01 1.191414005016670635e-01 9.651737037711621836e-02 1.193706582570562419e-01 1.177314490643274897e-01 8.566888347356697853e-02 7.012153475780899536e-02
8.617030884701425142e-02 1.132018087403226098e-01 7.777557132308103582e-02 1.162441006989837350e-01 1.135993936872644883e-01 9.833179490200431860e-02 1.138678585458753056e-01 1.163736508995484864e-01 8.936003008737626596e-02 7.507548226852950313e-02
8.938688546987677563e-02 1.100017731731265935e-01 7.951439204806480532e-02 1.137125155485721045e-01 1.102771224415944884e-01 1.034766336768293271e-01 1.104678606555999781e-01 1.137681499185970030e-01 9.205046508603879907e-02 7.734420198170012528e-02
8.509483234283934938e-02 1.091387311396245507e-01 8.080153121731555033e-02 1.225687572665396796e-01 1.095371406471797593e-01 9.454188733443041892e-02 1.098216139512254302e-01 1.226669579366855001e-01 8.575656739201692469e-02 8.007198077214280896e-02
8.926180783820250597e-02 1.080452331242209157e-01 8.794037633367503271e-02 1.081309057129009182e-01 1.082219343563088076e-01 1.043724454059296036e-01 1.083582730947308670e-01 1.081017122227261734e-01 9.297320543528959924e-02 8.459410647601550703e-02
8.476754290443191953e-02 1.103699532489984675e-01 8.281115608952462070e-02 1.177968273427215523e-01 1.109860017724162984e-01 9.578490988187111921e-02 1.114137089668606334e-01 1.180177977360409441e-01 9.032801916979697754e-02 7.772408288733745341e-02
8.858418271248474918e-02 1.095833736133167563e-01 7.861467315679704360e-02 1.177564120794486607e-01 1.101067263690720804e-01 9.980938630901409203e-02 1.104558340870699790e-01 1.179812356045974037e-01 8.951055722109411972e-02 7.759761884710512925e-02
8.887400829060827789e-02 1.065639564550917712e-01 9.296468246654111811e-02 1.106918402668775614e-01 1.067259164314280501e-01 9.475129417816051391e-02 1.068502283838416583e-01 1.106606097527964155e-01 9.328355369176424827e-02 8.863391008289038531e-02
8.428106785400148182e-02 1.135937943524283622e-01 7.855468892446165752e-02 1.168818694410524994e-01 1.138471976595325369e-01 9.849498905416845251e-02 1.140168399835603669e-01 1.169430730490213233e-01 8.803219799746755947e-02 7.535428168430578777e-02
8.417361587227853437e-02 1.162522367844633364e-01 7.844385148234686578e-02 1.120277193194060411e-01 1.166902849986581198e-01 1.002858322600030105e-01 1.170289757990181367e-01 1.120436859557168430e-01 8.711151660269716990e-02 7.594228092541194242e-02
8.513892599995989685e-02 1.140694443808992348e-01 8.070917020920216622e-02 1.134544881261544680e-01 1.145507227657307087e-01 9.727681730346028621e-02 1.148810734386082333e-01 1.136021544497033686e-01 8.942336237978279478e-02 7.689384094649888424e-02
8.526048773229399913e-02 1.127249592569264658e-01 7.801554208216270048e-02 1.167187364012678419e-01 1.130667440806474994e-01 9.984616085596340063e-02 1.132887646739663967e-01 1.168487861140178746e-01 9.046004140478816624e-02 7.376977739796566902e-02
8.928824841368084020e-02 1.093134767688779263e-01 8.301994214542994521e-02 1.139173133731519461e-01 1.095320444735669724e-01 9.899883101206066738e-02 1.096632962562719971e-01 1.140112097713913419e-01 9.004804167530332248e-02 8.220759611026502711e-02
8.664756488138589119e-02 1.078779875631173946e-01 8.503690844800304571e-02 1.154074602848238484e-01 1.080892157700031331e-01 1.014081616872103547e-01 1.082497804196437402e-01 1.153902770536961581e-01 8.921806136764194595e-02 8.267458252447448808e-02
8.436720908116314421e-02 1.126077758517496918e-01 7.834161184601942662e-02 1.188411498235141806e-01 1.131327751635154977e-01 9.688761304377058181e-02 1.134833011686349896e-01 1.190574481596805151e-01 8.879447312735512521e-02 7.448664273459681961e-02
8.409025251258127331e-02 1.138895807241210451e-01 8.211955226245742923e-02 1.129078958190807419e-01 1.144610791431500962e-01 9.795721630702096394e-02 1.148737069227095675e-01 1.130373374315747637e-01 8.907241609107872937e-02 7.759096278622540366e-02
8.203426919345613300e-02 1.178767875353818190e-01 7.473593784114107574e-02 1.160746995759102396e-01 1.183394606381366759e-01 9.889829054146202780e-02 1.186803374230345626e-01 1.161430505925475365e-01 8.487141287283357649e-02 7.234575378609632568e-02
8.330235381947694029e-02 1.160773214084221960e-01 7.463813042254578700e-02 1.193724513419020111e-01 1.163880101892292435e-01 9.571507327877644411e-02 1.166171096376421024e-01 1.193972619280544573e-01 8.613194025072751225e-02 7.236034772322336162e-02
8.812447693467360954e-02 1.111065963626964859e-01 7.675144900048842811e-02 1.212241390851798578e-01 1.113943696929095145e-01 9.428879808942956797e-02 1.116117152501673176e-01 1.212293447299393340e-01 8.403467863431231255e-02 8.023443222020359977e-02
8.034714353173950940e-02 1.181015342775805083e-01 7.355597664835437921e-02 1.189957617143667101e-01 1.185938466082735454e-01 9.747958204721043907e-02 1.189641312627321840e-01 1.190534148149950677e-01 8.535098286056262695e-02 6.955762623418504376e-02
8.668923737695929943e-02 1.085256648484543840e-01 8.338026939415330019e-02 1.174055121426145765e-01 1.090687763360317641e-01 9.756753293566033935e-02 1.094381074947468752e-01 1.176217872097406608e-01 9.062803263003960108e-02 7.967507963159921325e-02
8.310398553958316115e-02 1.222738930965539123e-01 4.742113804875455058e-02 1.322714016026673434e-01 1.231115998364607084e-01 1.037522133063869950e-01 1.235262687286790423e-01 1.331523824937733691e-01 8.511704762305249972e-02 4.627006972408840429e-02
8.596336490241580919e-02 1.123355689514575484e-01 7.826001464799416107e-02 1.146201209336444732e-01 1.127735467346299841e-01 1.030974656852748084e-01 1.130780420666172709e-01 1.147428469000973117e-01 9.085432589934779035e-02 7.427470327852082888e-02
8.625825189660388248e-02 1.123592341380961063e-01 7.898031549748400770e-02 1.158299586332839498e-01 1.128946217184841894e-01 9.880617467428370881e-02 1.132531235295542588e-01 1.160409715930746932e-01 8.947520794237652508e-02 7.610214037675863685e-02
8.388900998019407917e-02 1.113605055951605582e-01 8.103609505757609910e-02 1.187330780415327275e-01 1.117675964149443812e-01 9.667019024149094142e-02 1.120569435196883956e-01 1.188300249075217863e-01 8.954256758606157773e-02 7.611398865582945372e-02
8.046171712821884037e-02 1.149713030497388488e-01 8.287597392190945711e-02 1.162806396023737948e-01 1.154429312981220118e-01 9.371102961261669473e-02 1.157966350119642857e-01 1.163380521999366063e-01 8.866724109312069946e-02 7.545447708199871928e-02
8.261640522586835567e-02 1.160449973939324253e-01 7.348524921203473947e-02 1.192869539180243660e-01 1.166267431059131027e-01 9.905663221608090874e-02 1.170268104927183195e-01 1.194871567494403819e-01 8.489948429129375029e-02 7.146956739469365050e-02
8.587610815410837151e-02 1.135495497728374881e-01 7.898879538245348608e-02 1.134766150576770188e-01 1.139265987813556369e-01 1.009001259331404193e-01 1.141971513180631281e-01 1.135439379518946995e-01 8.989801047136469769e-02 7.564310717710509557e-02
8.616675709377361048e-02 1.133445610839188961e-01 7.276634335686953114e-02 1.205372732416262194e-01 1.139529970770137846e-01 9.864309667385467995e-02 1.143428224248705244e-01 1.208560359247699140e-01 8.893497452431245454e-02 7.045513859899038556e-02
8.617735768330814228e-02 1.082153547582757613e-01 8.503086307637594543e-02 1.184236861039933836e-01 1.086214961336799123e-01 9.458355385615765942e-02 1.089086372298193189e-01 1.185316522397692057e-01 9.059253980825758557e-02 8.091485911036304379e-02
8.256585717827864823e-02 1.124571890998775081e-01 7.690917483644549302e-02 1.211505213527819813e-01 1.131981386982869736e-01 9.844206634161718761e-02 1.137043014070104469e-01 1.214628014389649152e-01 8.758401979135964355e-02 7.252592985537721637e-02
8.519527381311486902e-02 1.102812124183478043e-01 8.556240842351077458e-02 1.133447133604194718e-01 1.106892724944975731e-01 9.922124860270620239e-02 1.109712152661686824e-01 1.134620818955216215e-01 9.158279156586707215e-02 7.968978215984588720e-02
8.436186237036361057e-02 1.162964141451667127e-01 7.399055190586591169e-02 1.161723342114348440e-01 1.167932578417824468e-01 9.998516002515482615e-02 1.171342485730239580e-01 1.163268642864299235e-01 8.752941385536960883e-02 7.140989278540814389e-02
8.534955225700319170e-02 1.132869197717357307e-01 7.648549812635485612e-02 1.169967485701382121e-01 1.136777143496386505e-01 1.008706168835654254e-01 1.139340753699860376e-01 1.171471008690725818e-01 8.821042737038024828e-02 7.404134643212502420e-02
8.268780579797836705e-02 1.143614900062580042e-01 7.732665929312411424e-02 1.184268812250530850e-01 1.149406633909195452e-01 9.800898330878074494e-02 1.153566364820874796e-01 1.185748503817902894e-01 8.572364175079488779e-02 7.459238836321342714e-02
8.963256540929696869e-02 1.067608466371521431e-01 8.480354492894093266e-02 1.126619661519677740e-01 1.069980144294447322e-01 1.043030658377333275e-01 1.071641470133228025e-01 1.126976989658857731e-01 9.361332142802392120e-02 8.136482919823162518e-02
8.444805140820713096e-02 1.128762525579703191e-01 7.753549147748338422e-02 1.191884854293759066e-01 1.133656350331536389e-01 9.698102257891431932e-02 1.137089890616607979e-01 1.193318990889805503e-01 8.832527277706900271e-02 7.423890058718499163e-02
8.750058157518045276e-02 1.123140597934586399e-01 8.016756885398954036e-02 1.126226743213223636e-01 1.127099903223749283e-01 1.011919176706201767e-01 1.129900542367292399e-01 1.127098599317881145e-01 8.905579102645987122e-02 7.873750226807667285e-02
8.568351222418382762e-02 1.112099974974122135e-01 7.997703634265375394e-02 1.185490876689449663e-01 1.116230511285989518e-01 9.628301983421004573e-02 1.119044300872781700e-01 1.186881781627198013e-01 8.926820401640939151e-02 7.681348303758886442e-02
8.777481530186609371e-02 1.086118414147335953e-01 8.216624747086014036e-02 1.140116996563838025e-01 1.088897927457936760e-01 1.051692555787188815e-01 1.090807481157224645e-01 1.140757898411449839e-01 9.034756725640927244e-02 7.987224261836711747e-02
8.556538452910696091e-02 1.101556634604806961e-01 7.679362749872915839e-02 1.225877550740031158e-01 1.106046914087591426e-01 9.800574708266199253e-02 1.109264175468106378e-01 1.227025618005459090e-01 8.772337950210733204e-02 7.493477209679501316e-02
8.293143619228091068e-02 1.093921119968989247e-01 8.098567536304515646e-02 1.242143671317155612e-01 1.098160481880792599e-01 9.398626507738561120e-02 1.101132498277339056e-01 1.243455112058374779e-01 8.697916200103306128e-02 7.723617301599018659e-02
8.412983143145387477e-02 1.104822407173395998e-01 8.594518209068841008e-02 1.144905269444939089e-01 1.108223442435197492e-01 9.793283416121263685e-02 1.110497366287757776e-01 1.146011378247491358e-01 9.102932682617795312e-02 7.951683913158895389e-02
8.569476800480313461e-02 1.144167704566262517e-01 7.366047456828017648e-02 1.190590776989867705e-01 1.149018305969955328e-01 9.806633678961680645e-02 1.152251270526777338e-01 1.192492921475521300e-01 8.796881356370039873e-02 7.175750912076103716e-02
9.150400736832696447e-02 1.061923093674376484e-01 8.637451065005574691e-02 1.116293166128826536e-01 1.063819529016707954e-01 1.020156180669541390e-01 1.065213151887410004e-01 1.116236011211507173e-01 8.988881238904530835e-02 8.786855633373501229e-02
8.246358692100919097e-02 1.117510033256195467e-01 8.094382778046152471e-02 1.212595148544815538e-01 1.122521575355670681e-01 9.362544789913924970e-02 1.126298495651868459e-01 1.213289050891731696e-01 8.651326636101849821e-02 7.723244066834338006e-02
8.426912356333933485e-02 1.140602440675531626e-01 7.214825530814147903e-02 1.235218675149114820e-01 1.146321409720366113e-01 9.532838037269183995e-02 1.150073158238575088e-01 1.237956723920361352e-01 8.814370950979145969e-02 6.909329047564097270e-02
8.783183249796056025e-02 1.125817754695013495e-01 7.443717848905272161e-02 1.190065649864818637e-01 1.129845314548963559e-01 9.800907011552496828e-02 1.132164967292341867e-01 1.192733331335631558e-01 9.033214379650258974e-02 7.232707332728222083e-02
8.524714100882682666e-02 1.156369542822375668e-01 7.146765064369016429e-02 1.202170617652388307e-01 1.162060346238146941e-01 9.668791217429026363e-02 1.165737388745301806e-01 1.204884540937224136e-01 8.870136095358856221e-02 6.877369158006051142e-02
9.983511709616267604e-02 9.816768766252097211e-02 9.890582682149763605e-02 1.009451263673273869e-01 9.800462964836689772e-02 1.064473249154687939e-01 9.787610579472216799e-02 1.008628457971586789e-01 1.012000865703567010e-01 9.775524932641807552e-02
9.451278834334403411e-02 1.003303996050303459e-01 1.061880002029780973e-01 1.023519477601254751e-01 1.002110144412092924e-01 9.360888686527858715e-02 1.001173545808421023e-01 1.022738313257091497e-01 1.021094209391372604e-01 9.829635593634560020e-02
8.331236977505777908e-02 1.128631298030334101e-01 8.551903719474199250e-02 1.112281890384946709e-01 1.131456618143990844e-01 1.001694620972615468e-01 1.133713604799844038e-01 1.111954798961843627e-01 8.874929272791243218e-02 8.044601717293026200e-02
8.360249009216182137e-02 1.123381760225656695e-01 8.385949457903500714e-02 1.136480651776668876e-01 1.126761078380946052e-01 9.886353054169014221e-02 1.129164533031927764e-01 1.137093666227979999e-01 9.136398572022161324e-02 7.702233010257349133e-02
8.683815871640153394e-02 1.131340266104610137e-01 7.678996644979663166e-02 1.169054928223892953e-01 1.135717955287915137e-01 9.770144627379788449e-02 1.138656907308006200e-01 1.170622741469695000e-01 8.986265983548083480e-02 7.426848888511118629e-02
8.778296946340054252e-02 1.103977728994862684e-01 8.177669229763606662e-02 1.149664080791659160e-01 1.109361835943823704e-01 9.803556542835203946e-02 1.112878176599765845e-01 1.152115158008590740e-01 9.022840444492827294e-02 7.937667033181296239e-02
8.414228648533041144e-02 1.141161014339711066e-01 7.654447009289373771e-02 1.167639089124496432e-01 1.146302238335599466e-01 1.006785663606974413e-01 1.149742501079289159e-01 1.169607778579578733e-01 8.778130912996942592e-02 7.340810578524141483e-02
8.514370276429295004e-02 1.113355855571020320e-01 8.049855740538827686e-02 1.169023088561191026e-01 1.115729690463641982e-01 9.965477326848008743e-02 1.117298168018619059e-01 1.169648505930784427e-01 8.927852822488073492e-02 7.691890748243228326e-02
8.527678520169076903e-02 1.120831157376245696e-01 7.397019513577114680e-02 1.219396497658401524e-01 1.126589299730612892e-01 9.904761280078042129e-02 1.130346416060035997e-01 1.222261746070401056e-01 8.844692163326878243e-02 7.131597353891910851e-02
8.173876868679147423e-02 1.190828155142392430e-01 7.850479676252779260e-02 1.113161122783590806e-01 1.194877851072512487e-01 9.749867380950744122e-02 1.197928216622490966e-01 1.113450113446383810e-01 8.791665715640671619e-02 7.331655767802951196e-02
8.676811809013042220e-02 1.094653587523020805e-01 8.258371299199054882e-02 1.144356161066586858e-01 1.096222270758774181e-01 1.029917743718895967e-01 1.097136845105229214e-01 1.144923655473806950e-01 9.119677188236541276e-02 7.873037067088223262e-02
8.352663141188203244e-02 1.134099770380779110e-01 7.625355215150592114e-02 1.199754441728969057e-01 1.139099028978940026e-01 9.806104058203445051e-02 1.142354266785735734e-01 1.202043337806624757e-01 8.785672755516016341e-02 7.256696373131261979e-02
8.604133747698859691e-02 1.098499561438893296e-01 8.026671131331869491e-02 1.182525022298800826e-01 1.104071178502163547e-01 9.932170796316759642e-02 1.107826072828240055e-01 1.184848748452971001e-01 8.947622900842351623e-02 7.711695588599469520e-02
8.398368521147610288e-02 1.116891846365107299e-01 7.714553366105748877e-02 1.221014559295808127e-01 1.122030794682353366e-01 9.644221492002480467e-02 1.125601891709512581e-01 1.222771095791167079e-01 8.751252570625801808e-02 7.408502171678868486e-02
8.240653603883918432e-02 1.131061800996544520e-01 7.770603241795499827e-02 1.232593158081656259e-01 1.134492280197408887e-01 9.255874418727481900e-02 1.137212944052744951e-01 1.232354967861284262e-01 8.540155090604670263e-02 7.515562133092039410e-02
8.207453798364056086e-02 1.130748860426585706e-01 8.201251070909212904e-02 1.170816483050339113e-01 1.134525416966594563e-01 9.683233756807788084e-02 1.137329582626357000e-01 1.171241493135729422e-01 8.770172242773668914e-02 7.691270769089220138e-02
8.234857105998169557e-02 1.144806799170564188e-01 7.335991897290346231e-02 1.240271534010524146e-01 1.150331043689724470e-01 9.458134727080293180e-02 1.154165948443276052e-01 1.242186819174091877e-01 8.661863766926314323e-02 6.991531057823066608e-02
9.010053155797052848e-02 1.104405924398116634e-01 8.043951631020934689e-02 1.131733853621782748e-01 1.110225487975146225e-01 9.919552011597441987e-02 1.114066032085573588e-01 1.134254964811597793e-01 9.284946361318029140e-02 7.794634211344370067e-02
8.121415526294036014e-02 1.182669847264092716e-01 7.134363033807972210e-02 1.209103607848608375e-01 1.187943873637542364e-01 9.562351291903133099e-02 1.191413815452435909e-01 1.211291789827144000e-01 8.594759251995504057e-02 6.762881555701119596e-02
8.986435389136299134e-02 1.073145521370406641e-01 8.599808680396964222e-02 1.132145151688682128e-01 1.076167619552057114e-01 9.895795924937514365e-02 1.078042384390831832e-01 1.133561322489109735e-01 9.200204551959285937e-02 8.387135458659066012e-02
8.812566276150642086e-02 1.101706930633316872e-01 8.433552149267889431e-02 1.110224897838513330e-01 1.105403244637514631e-01 1.005449095425975103e-01 1.107832970831110209e-01 1.111559897005088560e-01 9.437789348346543872e-02 7.894321862519741717e-02
7.999879943128895832e-02 1.142592132681690825e-01 7.519300454762736785e-02 1.259361325834364442e-01 1.147057430404358064e-01 9.313944968548688863e-02 1.150432432506376390e-01 1.259852135090608061e-01 8.374328481274741220e-02 7.199591587110955315e-02
8.948477364109320986e-02 1.059852031080544543e-01 9.168845830533900454e-02 1.121738364756173639e-01 1.062850924078206361e-01 9.441343212119010508e-02 1.065099314378503970e-01 1.121909420908431265e-01 9.337625069531545197e-02 8.789207971687623688e-02
8.736388134527652005e-02 1.122519603819761291e-01 8.599684101939457370e-02 1.079382816242958898e-01 1.126853921311410101e-01 9.863490800741035736e-02 1.129843431556971645e-01 1.080548660367153246e-01 9.401622894066832825e-02 8.007329735742467480e-02
8.615326104340836899e-02 1.100952079057133659e-01 7.855427009487797596e-02 1.182139842131033763e-01 1.104988583419153486e-01 1.021972547830074102e-01 1.107730078613847202e-01 1.183531824293744955e-01 8.939540146524732611e-02 7.576557186196758442e-02
8.842868336613045332e-02 1.099688769502271818e-01 8.366891401350674828e-02 1.141124286439153673e-01 1.100565038097521126e-01 9.716114269975371920e-02 1.101239136236961402e-01 1.140625012237248270e-01 9.060969278879711652e-02 8.180734288049637537e-02
8.325232769806380217e-02 1.157019400873840198e-01 7.432129464783367168e-02 1.193089733651244710e-01 1.161889592902243806e-01 9.693665476511079127e-02 1.165536169133940675e-01 1.193738559043387298e-01 8.704368029977350985e-02 7.131869702875251460e-02
8.323454714903816276e-02 1.134358508719573999e-01 7.606856400234732196e-02 1.195432661338591690e-01 1.140002907747927202e-01 9.982736918419889138e-02 1.143906067731387255e-01 1.197378915505188796e-01 8.671461671304195318e-02 7.304699684710680430e-02
8.347067460166755770e-02 1.105435770428072478e-01 9.120311594047526838e-02 1.097393083336553055e-01 1.108719086700676315e-01 9.804487915539741860e-02 1.111175114261953867e-01 1.097613778888294478e-01 9.435943613559373555e-02 8.088821080531101437e-02
9.026317459063272486e-02 1.066884421118518694e-01 8.884876363213144168e-02 1.081398253472831278e-01 1.067403816958006069e-01 1.051693347086438829e-01 1.067950274260385246e-01 1.080424724142758225e-01 9.148223255789911246e-02 8.783034551544292856e-02
8.696334854843706941e-02 1.122669829306548461e-01 8.326063881806639033e-02 1.113750807436693635e-01 1.125545467549428774e-01 9.844898855858578990e-02 1.127542310989066154e-01 1.114297830670651634e-01 9.220906106262341528e-02 7.873733841704841363e-02
8.910362679455913204e-02 1.091527727679435233e-01 7.874378673686947827e-02 1.176168882648206127e-01 1.095526623006976563e-01 1.004131463711230438e-01 1.098183220342796307e-01 1.177750686660951340e-01 8.996489360066384222e-02 7.785883246294794668e-02
8.312416241633587000e-02 1.141640940531624404e-01 7.824346117865581263e-02 1.176321019115820071e-01 1.147746051186261107e-01 9.712928371780203685e-02 1.152140355588936876e-01 1.177883441370858736e-01 8.754257226623479715e-02 7.438733964162140555e-02
8.824294168473054145e-02 1.138256584989016523e-01 7.475223956910323486e-02 1.153564975504783180e-01 1.145502495723101088e-01 9.895932134949121661e-02 1.150347482534230803e-01 1.156621448646231592e-01 9.161386268311642878e-02 7.200233597382220407e-02
8.829725161602812455e-02 1.094819169973623024e-01 8.115903378039683591e-02 1.159223457091952125e-01 1.098395250871996576e-01 9.942447924649966406e-02 1.100671776109305861e-01 1.160838170828394772e-01 9.107182476348545108e-02 7.865262810606266086e-02
8.636868880853076913e-02 1.151601089064905326e-01 7.738543649573291494e-02 1.135785169039758985e-01 1.157355740375192732e-01 9.786976365607928663e-02 1.161414634212698388e-01 1.137348705991031023e-01 8.868002224475028672e-02 7.534555492654811115e-02
8.547410060870105908e-02 1.122659949674902069e-01 8.329653683233448347e-02 1.123410909475307945e-01 1.127941832953496815e-01 9.912515408637069536e-02 1.131795081671741754e-01 1.124463781039328619e-01 8.949919039550889577e-02 7.957786259560716002e-02
8.759376356636382199e-02 1.077913287389811042e-01 8.389223858744553064e-02 1.158953728045580833e-01 1.081720065525521579e-01 1.004748725312649832e-01 1.084152627951419368e-01 1.160744472296681429e-01 9.110123952148152515e-02 8.058946767254278332e-02
8.849104038540633876e-02 1.104818455258227833e-01 7.897638273899681982e-02 1.163951102018945943e-01 1.107910344660882063e-01 9.926499008697976800e-02 1.109774244961602013e-01 1.165565031460512602e-01 9.208630811350716761e-02 7.597936083909279104e-02
8.556000588406259544e-02 1.088583659853607638e-01 8.534203307640816916e-02 1.172514148486391850e-01 1.089791413470879433e-01 9.634733084162214189e-02 1.090658794642653945e-01 1.172268306133450316e-01 9.046378277725883321e-02 8.090521516194992824e-02
8.634966644472945319e-02 1.121620775042371232e-01 8.089601840515484033e-02 1.151861006028400830e-01 1.123486253838018450e-01 9.769033035441798685e-02 1.124675295995143237e-01 1.152317250406310056e-01 8.957450717591214362e-02 7.809341948876122319e-02
8.273408830455601659e-02 1.149707002406090833e-01 8.218683306753543638e-02 1.150639656540057426e-01 1.154995647661379854e-01 9.324243618615271623e-02 1.158879955609785489e-01 1.151601388912278923e-01 8.745212062573136380e-02 7.780215670306515896e-02
8.123393475018061971e-02 1.152162280148315843e-01 8.007359165761211706e-02 1.167533353656781958e-01 1.156783385564581906e-01 9.648979915383031070e-02 1.160299346332649417e-01 1.167931141268855610e-01 8.574226155722698695e-02 7.598946218403150599e-02
8.964768775081831398e-02 1.099994915373521814e-01 7.924978132257159968e-02 1.146434746780362474e-01 1.101916139727797811e-01 1.017992554731099453e-01 1.103102566411721247e-01 1.147069709605484794e-01 9.251420863847269194e-02 7.693725902513866288e-02
8.248201665153460926e-02 1.164607863034461677e-01 7.553199460099134510e-02 1.186867114053100775e-01 1.167701414868710791e-01 9.564212758587926910e-02 1.169831579413190270e-01 1.187561359676104489e-01 8.636633957547000529e-02 7.232058848156797115e-02
8.695490448107270898e-02 1.109248019919700512e-01 8.054102396343343351e-02 1.160979851093644766e-01 1.112993010431760493e-01 9.874663236113345732e-02 1.115366597545137395e-01 1.162697645918005646e-01 8.925705871725493623e-02 7.837186798628061057e-02
8.361509523792433340e-02 1.169796840917402547e-01 7.991090985390236767e-02 1.107150686216599456e-01 1.172481434099349323e-01 9.900116543305911843e-02 1.174398619358467261e-01 1.107417309475245415e-01 8.902402989024062185e-02 7.532431057816715847e-02
8.746471443864085871e-02 1.131327637120025098e-01 7.304944109615497949e-02 1.183336181349953081e-01 1.137643379567691571e-01 1.006188489056722701e-01 1.141694927608546822e-01 1.186574863307562067e-01 8.966881712902072255e-02 7.114047953513331912e-02
8.351698733190693336e-02 1.167312709842752982e-01 7.410510123627470080e-02 1.184053694419518465e-01 1.170164466466936115e-01 9.620501232399002178e-02 1.172108828356636379e-01 1.184689531576268717e-01 8.699105769904090513e-02 7.134891834257615917e-02
8.440682660529143233e-02 1.097810544335919708e-01 8.238724754420692631e-02 1.203804394768296232e-01 1.101398644218746226e-01 9.499591362910424219e-02 1.104107486460648296e-01 1.204076706558861037e-01 8.778282687871716283e-02 7.930740770843312804e-02
8.872977589445180113e-02 1.120165584618955656e-01 7.982584002219593466e-02 1.125254112620674707e-01 1.125299517645140385e-01 9.987184468138830817e-02 1.128799872266364468e-01 1.126984892279549594e-01 9.163650002232953673e-02 7.728564143656593832e-02
8.393273820103823446e-02 1.125348994904989547e-01 7.838308918160477590e-02 1.202102472937784106e-01 1.129793213157919973e-01 9.532166659377881712e-02 1.132872161184581561e-01 1.203485794728389180e-01 8.859653230149076852e-02 7.440571003072096734e-02
8.841325720010440037e-02 1.040746786248725048e-01 1.000861502153062854e-01 1.085014521874742427e-01 1.042276571652964445e-01 9.383419885802181393e-02 1.043380207332506443e-01 1.084917455574806594e-01 9.605971611108149455e-02 9.197312334711156556e-02
8.593948632090867013e-02 1.146107402700829586e-01 7.860589374060576728e-02 1.129545812987999276e-01 1.151187779502901715e-01 9.913963477354385823e-02 1.154944379630226392e-01 1.130349862358371316e-01 8.940184213224915133e-02 7.569961931465972460e-02
