1.068685341921610105e-01 8.554076803812739327e-02 1.156420287192125862e-01 1.154619771491599972e-01 9.019843916624707691e-02 1.329678286057988379e-01 7.790415151343019207e-02 1.142061380053344261e-01 8.661014717501509808e-02 7.459998743551329858e-02
1.015714146515200589e-01 8.486419405599517074e-02 1.167845276367397850e-01 1.164615339374127090e-01 8.897035515412113349e-02 1.449397036382109871e-01 7.737987591876507865e-02 1.074924474253071971e-01 8.523430756125358054e-02 7.630164002067428564e-02
1.004274779482086932e-01 8.564895304521885633e-02 1.156664304052126002e-01 1.154493492710250285e-01 9.101195804706976866e-02 1.272255720128156187e-01 8.675895461328116121e-02 1.077958096801866633e-01 8.767908810579021217e-02 8.233640687119141155e-02
1.196177652242689238e-01 9.088039767059435947e-02 1.124993278255038698e-01 1.122275293226404902e-01 8.614255810173816752e-02 1.400121381616928617e-01 7.196606058769346170e-02 1.129344156518056058e-01 8.239167348433727722e-02 7.132813396972502440e-02
1.045422664930052425e-01 8.525436720668112811e-02 1.193140221915033744e-01 1.191064693188761819e-01 8.809783801505334522e-02 1.403078353912918241e-01 7.693349066615987053e-02 1.089658502169356252e-01 8.430784088641668506e-02 7.317001961407670896e-02
1.033743900907351382e-01 9.238658924736554978e-02 1.097167585162554249e-01 1.097337115536279051e-01 9.002326057487246291e-02 1.347136958097515935e-01 8.280853994433980125e-02 1.007154618235498178e-01 8.771197507630282275e-02 8.881561736319949774e-02
1.056613849050702381e-01 8.446120729103105684e-02 1.181171521537403013e-01 1.179502036684280247e-01 8.771487609080295955e-02 1.343139948808932671e-01 8.279454815241509003e-02 1.109592195045870783e-01 8.532108130271948143e-02 7.270633205031251656e-02
1.167131523086195194e-01 9.497161731533464157e-02 1.141863819625319743e-01 1.139451027047871795e-01 8.990959962261520222e-02 1.201552058420079089e-01 8.126527963050066139e-02 1.101379994242037280e-01 8.350081187671043459e-02 7.521484931268879182e-02
1.015726954250783520e-01 8.592755824846196044e-02 1.133312850579296233e-01 1.131161168069700351e-01 9.096397793225102779e-02 1.312949194958387689e-01 8.460723659878199854e-02 1.086664081373702601e-01 8.837608320871132017e-02 8.214371908860665372e-02
1.060254163930637317e-01 8.553262605166837840e-02 1.148533569407028804e-01 1.145506587207130028e-01 8.827909517777129955e-02 1.464367887589950734e-01 7.331459101239228004e-02 1.104196791176419723e-01 8.390846598399992473e-02 7.667932184305147059e-02
1.064178187423073380e-01 8.719861029858765045e-02 1.170636103184729826e-01 1.167243868545808083e-01 8.607511729880740203e-02 1.434142010368818498e-01 7.919113297840811583e-02 1.052588555868621545e-01 8.290222288645759940e-02 7.575404399863412686e-02
1.121832164477535171e-01 8.310679945019143477e-02 1.191449847774572052e-01 1.187469735930380133e-01 8.573199511701427855e-02 1.376184244417660574e-01 7.432696233153800180e-02 1.172439201002814929e-01 8.133982169378017879e-02 7.055690204717988967e-02
1.153263637792953239e-01 8.697841117287866131e-02 1.081005715976469661e-01 1.080371018278488832e-01 8.508173977365243723e-02 1.464993919660777244e-01 7.998778224175158436e-02 1.130410766967945568e-01 8.094549994691908890e-02 7.600206099713477381e-02
1.261831950845049288e-01 8.863186393241068162e-02 1.137485759811700942e-01 1.133869638621922415e-01 8.132540437435237246e-02 1.498716428013117663e-01 7.057974693210361528e-02 1.142570703057632919e-01 7.620920925493454567e-02 6.580632747125646220e-02
1.172804151888360014e-01 8.813897950917377877e-02 1.143124141263018312e-01 1.140496340395330127e-01 8.390199393930213023e-02 1.484647884725050770e-01 7.557862647386481836e-02 1.112597957427752388e-01 7.993941747982490076e-02 6.707393502788330797e-02
1.095016723675385495e-01 8.456115541672444558e-02 1.180051017256988077e-01 1.176975495853967851e-01 8.503413656796436626e-02 1.439321355504574185e-01 7.685911066895100008e-02 1.107905467795072402e-01 8.107175048810986995e-02 7.254684084965157265e-02
1.102123363032985193e-01 8.871124733044304100e-02 1.127906098450264655e-01 1.124879027012193333e-01 8.908615440838767163e-02 1.363245139013908036e-01 8.019170448424946251e-02 1.112084529403329913e-01 8.255999474856469400e-02 7.642708333708697621e-02
1.033380831649290676e-01 8.870788270964728717e-02 1.154748467763070940e-01 1.151511820371958345e-01 9.327005471062778386e-02 1.269743279843073558e-01 8.054483816468428758e-02 1.096440288477103370e-01 9.150393654844493629e-02 7.539081905614605783e-02
9.858104596000148712e-02 7.851822118993297128e-02 1.198638813401171760e-01 1.195351496409293723e-01 8.834818230516885973e-02 1.570819503058746569e-01 7.204152951807975269e-02 1.136822984688152099e-01 8.348423737065899242e-02 6.886350390042150771e-02
1.148918098647213337e-01 8.940112780657348546e-02 1.126909671883025571e-01 1.124759848540510393e-01 8.594433494998655887e-02 1.484829329474636195e-01 7.454884131102193501e-02 1.103195794172989602e-01 7.961970257768231918e-02 7.162471908289819167e-02
1.026308110592496353e-01 8.265019816041267731e-02 1.195218509301552712e-01 1.192419121605521881e-01 8.823442258332377108e-02 1.428194775248164961e-01 7.716106383226566112e-02 1.111609957111621833e-01 8.339866411401465618e-02 7.318060392404750203e-02
1.101385413912131239e-01 9.253423643459424142e-02 1.141932571529248042e-01 1.138616809619860670e-01 9.064156876122668460e-02 1.222008171074726313e-01 8.246064582162336565e-02 1.079826394731823458e-01 8.665065477322071719e-02 7.933595812255606061e-02
1.091732474002543862e-01 8.803417763797444229e-02 1.147230710696666434e-01 1.144680079591736538e-01 8.790214056875818305e-02 1.328071193493226831e-01 8.228971326272997711e-02 1.094499649404663127e-01 8.357765973861139286e-02 7.757489807304236706e-02
1.200408014661864392e-01 9.444477173740908893e-02 1.133879983302766292e-01 1.131124620856191615e-01 8.649311593353696537e-02 1.369559748923284415e-01 7.580243950564277688e-02 1.089541553451829764e-01 8.031662595425384521e-02 7.049165474956370359e-02
1.010322759499613088e-01 8.018094829894810427e-02 1.144319920518094974e-01 1.142701112305834071e-01 8.665420454742549239e-02 1.555591818467985388e-01 7.750779195351004125e-02 1.111263737247289718e-01 8.285341452581018729e-02 7.638370587042445092e-02
1.633359885329706274e-01 1.121995059963565855e-01 1.039193192271015836e-01 1.036352636966694218e-01 7.532431581021604983e-02 1.495292651570309939e-01 6.119007543774959701e-02 1.009092203576367197e-01 7.195041125009880856e-02 5.800663453416957799e-02
1.021363677978372464e-01 8.557172185696573785e-02 1.159554508230148800e-01 1.157119112419118662e-01 9.250189265366100255e-02 1.202390546741871902e-01 8.506839202158746061e-02 1.118960287161129691e-01 8.913401477788086835e-02 8.178516543684077877e-02
1.070428229041876511e-01 8.883849167209491304e-02 1.133583364422410811e-01 1.132411866382584398e-01 8.964623760709360123e-02 1.307719356669904687e-01 8.201499940972009628e-02 1.085521913605154432e-01 8.638609775446530470e-02 8.014770054443304259e-02
1.082308984314560157e-01 8.643548606141526758e-02 1.145427040950830339e-01 1.142805165244011600e-01 8.724176846461305368e-02 1.403457108427406674e-01 7.880861323099334903e-02 1.098909602146892484e-01 8.443190476836345826e-02 7.579143736624477379e-02
1.145033668704632385e-01 9.195186044625455746e-02 1.100704698111137914e-01 1.098701172750145560e-01 8.706379179612436237e-02 1.297636171766285984e-01 8.431656434797323019e-02 1.080532873189070098e-01 8.406875742344407931e-02 8.033816753407660438e-02
1.041840905418804919e-01 8.188826847963086297e-02 1.185079893891165526e-01 1.182624169453691948e-01 8.600343482660263716e-02 1.515189366944724447e-01 7.357817141948162776e-02 1.108906512513054970e-01 8.290255031063062385e-02 7.226349014151009498e-02
1.091681219513504497e-01 8.605331397579070452e-02 1.150480588077209126e-01 1.147092447014278066e-01 8.833697108792257224e-02 1.352474528824803568e-01 7.904361241468393917e-02 1.130784098479186428e-01 8.377858336346472035e-02 7.553623096723988128e-02
1.108134389675818204e-01 8.684462396439208975e-02 1.147139883158787843e-01 1.143900183860123432e-01 8.858659737030878667e-02 1.421313150151109483e-01 7.288043868488612576e-02 1.139541803550092880e-01 8.318691163892405482e-02 7.249848730189578649e-02
1.024418688462377797e-01 9.202508189702736374e-02 1.052382420814232528e-01 1.051456088394935456e-01 9.305702798706727563e-02 1.231735905228029532e-01 9.741000210790878855e-02 1.039000984251861048e-01 9.224002151468990718e-02 8.536845777816307046e-02
1.051239731456219406e-01 9.275309837689693637e-02 1.108915781663414590e-01 1.108303272272830736e-01 9.176785027497881553e-02 1.322530923767304689e-01 8.045246839471760503e-02 1.041670459545562810e-01 8.861055965942252199e-02 8.315000642345089787e-02
1.240940710279656856e-01 8.881690755455567965e-02 1.134426576456258745e-01 1.131919818289632423e-01 8.017863487735675532e-02 1.444342766652338683e-01 7.692634509347145988e-02 1.102633996431704871e-01 7.662436304633639395e-02 7.202736261732053946e-02
1.236093962713828986e-01 8.896044126322127932e-02 1.117268794984445923e-01 1.115307207352740637e-01 8.238666534661658047e-02 1.555636704211602328e-01 6.871665947409474895e-02 1.133687354132267427e-01 7.942646949594978079e-02 6.471036208062910799e-02
9.877848754637003070e-02 7.952204759229879183e-02 1.192175416715093028e-01 1.189453013196616060e-01 8.808931995213623023e-02 1.485156566360578967e-01 7.573964234731753176e-02 1.116841864938993151e-01 8.484044716863459179e-02 7.466736927211474473e-02
1.135161002608078284e-01 8.511229172615865368e-02 1.184566012956739939e-01 1.182392656137880721e-01 8.240747322331613833e-02 1.520786519868169706e-01 7.153366349503820221e-02 1.098857850323461532e-01 7.814883583362866593e-02 7.062133153242530770e-02
1.184318189558128259e-01 8.701769646349356846e-02 1.169226306138118898e-01 1.166913496487308882e-01 8.382185158694371863e-02 1.450770490382595201e-01 7.096865936860792534e-02 1.138945725686028865e-01 7.852758327675861405e-02 6.864678847897821845e-02
1.084434090574958043e-01 8.747607283825445390e-02 1.179591674286370323e-01 1.176833865271341845e-01 8.787854845048234664e-02 1.389188548922359601e-01 7.581737436610617997e-02 1.095019954353500247e-01 8.194320555070590262e-02 7.437798545359820823e-02
1.161721847930110157e-01 9.098815129004456104e-02 1.125243696476653510e-01 1.122654477202798678e-01 8.747056437831002285e-02 1.395162324916130181e-01 7.436936849113386094e-02 1.114749048882261173e-01 8.133731973045880970e-02 7.388145656925741711e-02
1.021772289297579045e-01 8.181481488714570371e-02 1.179753588021101723e-01 1.177804249152904492e-01 8.667194108888469362e-02 1.578444223190938189e-01 7.210707038779907985e-02 1.097737314787929075e-01 8.083525362686587445e-02 7.301975356425942365e-02
1.109840754891539549e-01 8.685289105583771097e-02 1.160897904420416793e-01 1.157429935709460289e-01 8.770874785527636719e-02 1.360761620262438687e-01 7.708405220562043747e-02 1.128468632259686105e-01 8.371542738043848131e-02 7.289899674847293010e-02
1.111518686834723213e-01 8.776665128092903112e-02 1.145294979523787116e-01 1.143075314569230172e-01 8.909164952509010527e-02 1.311624286709920650e-01 8.056451364815109262e-02 1.136805435256361962e-01 8.423837310989741589e-02 7.350694214653008540e-02
1.043145648898068378e-01 8.478500594971150051e-02 1.139920057095271250e-01 1.138836406332878332e-01 8.748743704132008747e-02 1.385363683168126248e-01 8.235187794855931831e-02 1.086108404839859348e-01 8.648511205609103747e-02 7.955314697089760356e-02
1.174479358624222064e-01 8.667969530959755697e-02 1.138160128425262652e-01 1.136776896028194178e-01 8.550260111425091181e-02 1.492590244412945466e-01 7.180217137137856476e-02 1.163407759930431828e-01 7.993175634131716167e-02 6.554233712135018597e-02
1.053908042774226173e-01 7.835209217238942037e-02 1.166613768921633820e-01 1.164134140577810228e-01 8.397878943494638260e-02 1.560491510891596212e-01 7.530276909189301260e-02 1.153727309538813417e-01 8.150619638765677077e-02 7.097267564270638707e-02
1.068356931395974263e-01 8.972475504892123144e-02 1.134219449724397227e-01 1.132649022167508401e-01 8.955917273670520318e-02 1.375811536240758304e-01 8.084245368844274193e-02 1.069970370172449031e-01 8.435275800280751801e-02 7.742012955301462440e-02
1.080189196503068133e-01 9.074489623528940452e-02 1.148836229008298043e-01 1.147000306480836923e-01 9.003243418666939668e-02 1.177402929873325732e-01 8.720683796422169787e-02 1.074654955554848607e-01 8.834627606348124940e-02 8.086119380830052161e-02
1.041168997456138473e-01 9.890789750804350466e-02 1.026158330365771337e-01 1.026201884063971809e-01 9.574516895182073883e-02 1.249949711565042920e-01 9.158981559842682696e-02 1.007131484951350048e-01 9.116766773756139475e-02 8.752840936392015936e-02
1.056759414081973880e-01 8.629603639855845665e-02 1.140847569022732239e-01 1.137882399728949862e-01 8.802138169056740458e-02 1.381908494314765812e-01 7.954287485773876842e-02 1.085718799935085771e-01 8.606951830194017883e-02 7.975852104284447686e-02
1.040596608360728620e-01 8.947068307185190861e-02 1.127600972964727388e-01 1.125025625737465368e-01 9.457760860008161685e-02 1.177949507723599076e-01 8.363480298240406896e-02 1.109695505996593085e-01 9.160338025425474040e-02 8.262670301309635312e-02
1.076883732037685337e-01 9.491891467718288622e-02 1.116618759741192374e-01 1.113003328785830970e-01 9.380436736524966346e-02 1.237477715550669571e-01 8.447337537710421229e-02 1.065429777311235754e-01 8.694011857592560955e-02 7.892189266187628338e-02
1.164663053034211554e-01 8.578013121270887387e-02 1.163568632947621362e-01 1.160921200801663111e-01 8.218113651523861751e-02 1.440302844110253611e-01 7.704009748477390340e-02 1.112939134562473675e-01 7.952913510704211209e-02 7.123001313461414796e-02
1.153735441399279249e-01 8.510398111711996172e-02 1.161006966888950137e-01 1.158748043417018037e-01 8.387570445835799970e-02 1.511287209625364614e-01 7.412986139443165923e-02 1.141479541856008778e-01 7.977150425942028389e-02 6.449322845200800014e-02
1.195390617996299615e-01 8.546495150174690525e-02 1.168834608764797306e-01 1.166755095154928257e-01 8.041047737567831588e-02 1.454577373002578777e-01 7.624729055362565455e-02 1.116687524365053974e-01 7.691794819306234376e-02 7.073481044752100155e-02
1.241841247932931880e-01 8.832125734873304268e-02 1.122599197052525505e-01 1.121362376018754242e-01 8.181520443448792035e-02 1.463411164270587428e-01 7.638599368819452839e-02 1.138755235121961529e-01 7.777242124023635295e-02 6.690820124867209728e-02
1.085541374535072823e-01 8.620241307490045246e-02 1.157666821887481656e-01 1.155541100138323535e-01 8.913445829721053371e-02 1.342902945543370530e-01 7.648352136115366129e-02 1.134112987633144887e-01 8.578003692082981912e-02 7.482304737216614876e-02
1.108726493007069491e-01 9.269023222746151924e-02 1.131501433635490467e-01 1.130140689552601579e-01 9.170705662738880271e-02 1.183542935662917905e-01 8.428593942526531324e-02 1.099441469586510817e-01 8.895004608441114957e-02 7.703142349101424480e-02
1.064428633328492191e-01 8.371216207658094266e-02 1.199113606755421030e-01 1.196532577910559558e-01 8.408655222778964322e-02 1.422588212710670930e-01 7.462039418119847944e-02 1.075212327516438804e-01 8.332955973032571406e-02 7.846379596194701100e-02
1.084305187284436839e-01 9.321943742732338722e-02 1.070533324314404539e-01 1.070149507917011328e-01 9.210666329378602857e-02 1.275279774942828792e-01 8.515769711680941378e-02 1.072883721201831203e-01 8.840018081554090745e-02 8.380086978048903457e-02
1.093657466914115528e-01 8.929301789492297137e-02 1.167029955784968237e-01 1.163403166245016440e-01 8.973448318841434346e-02 1.283173623096725002e-01 7.866170244908894660e-02 1.104128263536701543e-01 8.403723891241039745e-02 7.713430999741066607e-02
1.049372545061559442e-01 8.605551144788457785e-02 1.176349927696646314e-01 1.172930678520218289e-01 8.963561429924368773e-02 1.248575191704278387e-01 8.305571427698831000e-02 1.103773001162876716e-01 8.851936667038122486e-02 7.763365889094431260e-02
1.085134032647500218e-01 9.468982895035611691e-02 1.083138289990924069e-01 1.082615463577109444e-01 9.135554288119418498e-02 1.317660440718307902e-01 7.871566672625611438e-02 1.045884273768921402e-01 8.700964816847316097e-02 8.678606320344410541e-02
1.006864750315270562e-01 7.967775964715621828e-02 1.180356785687170229e-01 1.179040709574565304e-01 8.899566739899091028e-02 1.378266984386170846e-01 8.055725599762436628e-02 1.151612972920124378e-01 8.504070536514635181e-02 7.611439130275199361e-02
1.164170780090088425e-01 8.705624935796284214e-02 1.103869082399879659e-01 1.102693098150253209e-01 8.594735366471754900e-02 1.353240890385909445e-01 8.142054769555501226e-02 1.152948335781782130e-01 8.297549379881880016e-02 7.490813680215452353e-02
1.192639151948005627e-01 9.260680548913342858e-02 1.109051197532030519e-01 1.106829672843736290e-01 8.756076691243019905e-02 1.254964529116702476e-01 8.279231969920981815e-02 1.122859984531803385e-01 8.318933366862882317e-02 7.521632063336988749e-02
1.130280025031643598e-01 9.060714480782847136e-02 1.150319196407891126e-01 1.148333493461409227e-01 8.928109668508123209e-02 1.297238932319567939e-01 7.913056250747181608e-02 1.116670535360865663e-01 8.395916667134956102e-02 7.273781107013115033e-02
1.004052385646340972e-01 8.365457870820909581e-02 1.139064338713759172e-01 1.137618049221339883e-01 9.013356340285885726e-02 1.370577669421587652e-01 7.998523920199421267e-02 1.096740307640749895e-01 8.920887963761167661e-02 8.221246398494841401e-02
1.133839022005653924e-01 9.295892416675384518e-02 1.116048572396922678e-01 1.115119356408295348e-01 8.638300068390060427e-02 1.291621505799892267e-01 8.638389510242493186e-02 1.047356952880858921e-01 8.384598239363896810e-02 8.002965670411939236e-02
1.133329810217385408e-01 8.890112475697577177e-02 1.153543941949324997e-01 1.150397743826161306e-01 8.638284352867360572e-02 1.409664103820525427e-01 7.560252129185390801e-02 1.101765505001912338e-01 8.186707039409095443e-02 7.237632954687479858e-02
1.209103731841274787e-01 9.322745114181807402e-02 1.096263879563395827e-01 1.093914368703395590e-01 8.665625655629967394e-02 1.312236342893724483e-01 8.033679875425867034e-02 1.115227942530098992e-01 8.167677480368924769e-02 7.542809219074539384e-02
1.228402446335684489e-01 8.741405418700995411e-02 1.125459945967217240e-01 1.123809970145518006e-01 8.241384776468051176e-02 1.394659762604958386e-01 7.814894949950708380e-02 1.150617482396096430e-01 7.952469491532006274e-02 7.020349288853494629e-02
1.218108254346812053e-01 8.950083446565837431e-02 1.165431305135188195e-01 1.164178882451655656e-01 8.419618612791848755e-02 1.272570296797806422e-01 7.838981115959169077e-02 1.138778983800362021e-01 8.130861833516085657e-02 7.069777765848814233e-02
1.056579677737386341e-01 8.034663906998011640e-02 1.177130985390638929e-01 1.175674016264911803e-01 8.173251531590847163e-02 1.487793524206898477e-01 7.607464736690194851e-02 1.084470047331278081e-01 8.565548042781978566e-02 7.802589272627832861e-02
1.163830108145611775e-01 8.394839632361762727e-02 1.152660583875075584e-01 1.150823670404291926e-01 8.282025398682227313e-02 1.487477990345998369e-01 7.720888835994071941e-02 1.152442455913820774e-01 7.784163794189805086e-02 6.745734251924148661e-02
1.102004143850607576e-01 9.139219835390328950e-02 1.140357067660404677e-01 1.136961889642932877e-01 8.825475593708767552e-02 1.350889274471909207e-01 7.923260204724577593e-02 1.063379239120903486e-01 8.424983585329669233e-02 7.751144633379082605e-02
7.827983527671983355e-02 5.950435846129235873e-02 1.362689476660920718e-01 1.354188189363936534e-01 8.795350018374360757e-02 1.928530598760288817e-01 4.966062769228836438e-02 1.272242080718794244e-01 8.516977329431076049e-02 4.766687054125109957e-02
1.097388452786168117e-01 8.878461920051369805e-02 1.125957734884125705e-01 1.123817763490552318e-01 8.940338489583200821e-02 1.393084824572723146e-01 7.921668585955635167e-02 1.110888627324565087e-01 8.444203635647436201e-02 7.303953338181011501e-02
1.086834287107399377e-01 8.670940978926024167e-02 1.140881797848602719e-01 1.137869246834388864e-01 8.831830930831856274e-02 1.413155545568354488e-01 7.556778465366818798e-02 1.115558721414842969e-01 8.493966031907114467e-02 7.503487605232309066e-02
1.067507376142238645e-01 8.610039493480785289e-02 1.166890674475219020e-01 1.164674145961705903e-01 8.816915824818669090e-02 1.377196892849028298e-01 8.056604395312882971e-02 1.101712237596569055e-01 8.247195506577414958e-02 7.489431509562637090e-02
1.199251330039702579e-01 9.127783455565352533e-02 1.113829066460604034e-01 1.112050308387355496e-01 8.508144698632963410e-02 1.472670385856610087e-01 7.348238319902107574e-02 1.109302980182450132e-01 7.709625963940550109e-02 7.235166852691807260e-02
1.125878686016437702e-01 8.264755654054045664e-02 1.173794564340859548e-01 1.170715964227586614e-01 8.372520420806695007e-02 1.477303410105712533e-01 7.202539365829620233e-02 1.151622456501948805e-01 8.126854035162353607e-02 7.040179712221827923e-02
1.144044387527410056e-01 9.037574089348569817e-02 1.120884670939358979e-01 1.119366204050666891e-01 8.891776420935229575e-02 1.293203744748620543e-01 8.055867187933291040e-02 1.127993858297811625e-01 8.481897927632246759e-02 7.477955718511979100e-02
1.087168572142732659e-01 8.549270998658471676e-02 1.177078628905530999e-01 1.173018034444721219e-01 8.707107939833076682e-02 1.480989451400104295e-01 7.096636398181407901e-02 1.116765225894508079e-01 8.408660267483995809e-02 6.888125267967069865e-02
1.068719142063845468e-01 8.935431136923316364e-02 1.167414789614677345e-01 1.164945489728137357e-01 8.949635521680869565e-02 1.254631828700830398e-01 8.324526588176150987e-02 1.074216377583333965e-01 8.502478457548838520e-02 7.988652018762579243e-02
1.119993212510553421e-01 8.685954345305330060e-02 1.188067373739389448e-01 1.183471259848084406e-01 8.616432319293780562e-02 1.395624070203010381e-01 7.446977628884769718e-02 1.115380032562107715e-01 8.099941459814245792e-02 7.125334758070424324e-02
1.122223463154581602e-01 9.288764193324132445e-02 1.126853999971760001e-01 1.124763916961061816e-01 9.120410183061573861e-02 1.180302078289348494e-01 8.616869936011972708e-02 1.103388898288957948e-01 8.469586064932026204e-02 7.929046056013196175e-02
1.032486083700768914e-01 7.930597195331895444e-02 1.167330150746633266e-01 1.164929478682580899e-01 8.810266873356936701e-02 1.480120610332144315e-01 7.388566866275639300e-02 1.176882165203759212e-01 8.471984911490114400e-02 7.181099266886543930e-02
1.126040344119096648e-01 8.764392725673929296e-02 1.148764909832787895e-01 1.146536425306669826e-01 8.674955571003185872e-02 1.370925680609589303e-01 7.801670951301586943e-02 1.118814629764288693e-01 8.374053589541118059e-02 7.274107266155853402e-02
1.206960836913079926e-01 8.898367562605373482e-02 1.133264612717587577e-01 1.130502864093078652e-01 8.221975077680876431e-02 1.422527594947438634e-01 7.841590633267106480e-02 1.104074683988921085e-01 7.916339612663905734e-02 7.148421187181677738e-02
1.040887394251668735e-01 9.122772045716256994e-02 1.097076537918547090e-01 1.095854332555938337e-01 9.127124251679655242e-02 1.370968209647257796e-01 8.600271770149028883e-02 1.043909686616953103e-01 8.731841586314173509e-02 7.931028736237238919e-02
1.076216895177985050e-01 8.452361368911875950e-02 1.167221149356305887e-01 1.164556972325897499e-01 8.668124616072242494e-02 1.431015709841343131e-01 7.798214147680664066e-02 1.113885443604032688e-01 8.272273880757655129e-02 7.280064283521923973e-02
1.079782680871630568e-01 8.607213695874521564e-02 1.123490222177683240e-01 1.121765677960587793e-01 8.896829010849323371e-02 1.345454781383972342e-01 7.928627471051187536e-02 1.127147134902838493e-01 8.729301327079838635e-02 7.861623522178003143e-02
1.034768415692779997e-01 8.367132668178506316e-02 1.166695513181602722e-01 1.164225846828660788e-01 8.802189864999700186e-02 1.460969457351897760e-01 7.546963156141026086e-02 1.101677693141174808e-01 8.432708797683247104e-02 7.567636251036359563e-02
1.126026877267736204e-01 9.292488457222643217e-02 1.095642906370768582e-01 1.094181892473516521e-01 8.693966487396097287e-02 1.428881900914871217e-01 7.962891083510201251e-02 1.048565588966704765e-01 8.435675008142323739e-02 7.681987303792754684e-02
1.037905584359480049e-01 8.308183365738240622e-02 1.204447320026368340e-01 1.201652810013887906e-01 8.639516389788008677e-02 1.453218833278802635e-01 7.381276953120852191e-02 1.090619249331091362e-01 8.415857038062465878e-02 7.376728283194129709e-02
1.098771257439852822e-01 8.697183276688057185e-02 1.205871553314944722e-01 1.202946268737331292e-01 8.464406788450723473e-02 1.430264090777893515e-01 7.195035240425616541e-02 1.069830818375878262e-01 8.056672896967764785e-02 7.509861911008833268e-02
1.080468139734029748e-01 8.911251199497695341e-02 1.125959120336228469e-01 1.124088076747895432e-01 8.965503790425731478e-02 1.428711842137575516e-01 7.515270818743420567e-02 1.092303214455420529e-01 8.269423968694100679e-02 7.823246288527554992e-02
1.079276212286209846e-01 8.380724422923604977e-02 1.194254198262752198e-01 1.191389430972347729e-01 8.841291665111489229e-02 1.297647230322742373e-01 7.796157449857447908e-02 1.155950655690846235e-01 8.591765208862439662e-02 7.204883977896041347e-02
1.102361725306773566e-01 9.302798244224924629e-02 1.116436154947698101e-01 1.115597658113118146e-01 8.999228330664044151e-02 1.150944206008739923e-01 8.232625593609572967e-02 1.065744657752827895e-01 9.158157674277578320e-02 8.796346135932305021e-02
1.132823240986288726e-01 8.704115412822342746e-02 1.174020826933536987e-01 1.171535500105543304e-01 8.396198285781904247e-02 1.422003453371994686e-01 7.497495179306341850e-02 1.091102686118315540e-01 7.995116117236800157e-02 7.492217929695818568e-02
1.059997615671444543e-01 8.244981414423736832e-02 1.198749053897045641e-01 1.194919265246492807e-01 8.575935100699946800e-02 1.542382012678133463e-01 7.164887304153068348e-02 1.116492203810200562e-01 8.174709272977091767e-02 6.714085394712981936e-02
1.018597701966453412e-01 8.273796423414632450e-02 1.173605579462379395e-01 1.170520437881141240e-01 8.924125091226303708e-02 1.496282711343256411e-01 7.262969729414572861e-02 1.116641480996107411e-01 8.647881332451426428e-02 7.134748306999690037e-02
1.139282046211371052e-01 8.739718956629059787e-02 1.181101830473368086e-01 1.177587426759744427e-01 8.734121322828142242e-02 1.350246992987997885e-01 7.459512791979069912e-02 1.145363266602806712e-01 8.367694787517807042e-02 6.763136510693038006e-02
9.894887361297867445e-02 1.021683610939051745e-01 1.003612719759488930e-01 1.004480405624301464e-01 1.005504435870525209e-01 1.060244428881804285e-01 9.777795474203233861e-02 9.733444830128802627e-02 9.923072166512859893e-02 9.715544157105517054e-02
1.035583713609076056e-01 1.055117398662167028e-01 1.011926582883288517e-01 1.012653308700078025e-01 1.009048924627859584e-01 1.091663121607461123e-01 8.887462183877094246e-02 9.900440539074824298e-02 9.339640596115376947e-02 9.712526180033401180e-02
1.210808985354688283e-01 9.382436511687310132e-02 1.069759342535781949e-01 1.069179705854732959e-01 8.543547411063000252e-02 1.303548774596462456e-01 8.880791607662763543e-02 1.090387405022996553e-01 8.014667620868159981e-02 7.741714715072146868e-02
1.106937220034487079e-01 8.966408175210943687e-02 1.080872094979717785e-01 1.079481798182421459e-01 8.700610361516585012e-02 1.541056660206803486e-01 8.231343657343181963e-02 1.073992196771421520e-01 7.948848862458048059e-02 7.329389241722726600e-02
1.177445051687635996e-01 9.250123555428467481e-02 1.119835599508461205e-01 1.117478303992929939e-01 8.623249423277896952e-02 1.414158635659670815e-01 7.492840338622619445e-02 1.090842614616422540e-01 8.315426420863046564e-02 7.120758207156763220e-02
1.052394884090388366e-01 8.634555112302225166e-02 1.141871941246325600e-01 1.138560007881859459e-01 8.981951753143291306e-02 1.297367832988207403e-01 8.419499605224609051e-02 1.105421087592121654e-01 8.716225833194074513e-02 7.891610158146779297e-02
1.132977060673117792e-01 8.720363364690691954e-02 1.160044289059930234e-01 1.157206382065921052e-01 8.738191362491906644e-02 1.348590512516527895e-01 7.477114615169834499e-02 1.142281767347891192e-01 8.354512025776668349e-02 7.298818515237015525e-02
1.066721159576744515e-01 8.606571548362634827e-02 1.157438416344516163e-01 1.156067496410392720e-01 8.849555578146711676e-02 1.348947008395693370e-01 8.143651430810074088e-02 1.106543810387145971e-01 8.424704029404724015e-02 7.618338502130929391e-02
1.012360478377792167e-01 8.090323916495757717e-02 1.213308225474419855e-01 1.209264489437957002e-01 8.823779436407011567e-02 1.456098040768310231e-01 7.336123266314312219e-02 1.125098525940332883e-01 8.482778647264267724e-02 7.105697133530522458e-02
1.240515920294301966e-01 9.087342361072704711e-02 1.098713148329339001e-01 1.097746056849794455e-01 8.685842176669376913e-02 1.334776085456941819e-01 7.388385052895150851e-02 1.181926351397967340e-01 8.062920904300553693e-02 7.238733881778766643e-02
1.096204622444686971e-01 9.133037652230621695e-02 1.123790482122592194e-01 1.122755322906659331e-01 8.963178801607438184e-02 1.363449710906127765e-01 7.821088149913740795e-02 1.077683161817464541e-01 8.512406886238875481e-02 7.731455508034025537e-02
1.047051060153158797e-01 8.189050632207811597e-02 1.177568990126404147e-01 1.174379416080649913e-01 8.641661602537557829e-02 1.540594351926438399e-01 7.238440099125825755e-02 1.121457201745800075e-01 8.192209843058712027e-02 7.128127622745580871e-02
1.070120944227799381e-01 8.712043016731274570e-02 1.160416700404589829e-01 1.156887442046694026e-01 8.802908778835311088e-02 1.387815743074063690e-01 7.833320568692249408e-02 1.087478035164180373e-01 8.445784300423563040e-02 7.578754686144326125e-02
1.095298667657516184e-01 8.593422890530651170e-02 1.211178287165776690e-01 1.207934960548784353e-01 8.702184727410983145e-02 1.288166641048691108e-01 7.812337575355403352e-02 1.117097747741879477e-01 8.334702082125576561e-02 7.360589682950906265e-02
1.072173925020439150e-01 8.121158342135559316e-02 1.182144341502141677e-01 1.180675430419478172e-01 8.205484417808669995e-02 1.602283598206886983e-01 7.254698032044795686e-02 1.091401705705482283e-01 7.912120568963514067e-02 7.219748630503176889e-02
1.183225510874130748e-01 9.097664100515649721e-02 1.149827284435658015e-01 1.148215518320526152e-01 8.626609213436871315e-02 1.261913537523582929e-01 8.048924038834222305e-02 1.117227280324179089e-01 8.062228219145778363e-02 7.560483113286704804e-02
1.158507163805650442e-01 8.680375282587751706e-02 1.179463710590551301e-01 1.176206724763977224e-01 8.257690011143266340e-02 1.514146573812124585e-01 7.306645815700459068e-02 1.098056068923237011e-01 7.832510907522723109e-02 6.658975564090389987e-02
1.010304542354138052e-01 8.562312352970158358e-02 1.143312929043482640e-01 1.139891252745532102e-01 9.401886775148438069e-02 1.248314536060261409e-01 8.377204185060431463e-02 1.125425178900134465e-01 9.101709045167211132e-02 7.884403250618272907e-02
1.123033595693100489e-01 8.203603578849207045e-02 1.169280884723150338e-01 1.166361020297991546e-01 8.327584755361404356e-02 1.584074751883496335e-01 7.131865040107168707e-02 1.152163669904450183e-01 7.844208573695461706e-02 6.543598826964874826e-02
9.832556634993641631e-02 8.497766087993070816e-02 1.130608534886095723e-01 1.128545801143645555e-01 9.201340760186661749e-02 1.347211882305823505e-01 8.286064680713894903e-02 1.076829154538796324e-01 8.970345186724205944e-02 8.379972920644915280e-02
1.084681424133010358e-01 9.294238759510917158e-02 1.104079485443709152e-01 1.102151457209273877e-01 9.398947679658165022e-02 1.273965014335059209e-01 8.027216320495782209e-02 1.101658222611399673e-01 8.759324299053378171e-02 7.854916903957233354e-02
1.219239731072977451e-01 8.772310514059646069e-02 1.203576061865760105e-01 1.201277582692747703e-01 8.021400057983235632e-02 1.427277601071419433e-01 7.145354485671956413e-02 1.100237691022124126e-01 7.652359661488171427e-02 6.892488603546699510e-02
1.048182343501081054e-01 9.217201909681033145e-02 1.105399757203334860e-01 1.104041439181979029e-01 9.215632640697171696e-02 1.287698702450870702e-01 8.110811565818351609e-02 1.050023716567709681e-01 8.829348268292533386e-02 8.673546026461156910e-02
1.046320859019602423e-01 8.828411764304816556e-02 1.091030222367157798e-01 1.089275251101188696e-01 9.515802127084281581e-02 1.322308000383656812e-01 7.824655105742442385e-02 1.141679477029184098e-01 8.827111590557450149e-02 8.097881313303104123e-02
1.093346613020981517e-01 8.864636628675999497e-02 1.159747532798791891e-01 1.157265439063316637e-01 8.787341712474920630e-02 1.374938746588147964e-01 7.728190072994274573e-02 1.087167691381513979e-01 8.453235549019089135e-02 7.441935808308192124e-02
9.830930713435880042e-02 8.126909245487076716e-02 1.027835008448467619e-01 1.027667856902909349e-01 8.165640042568274304e-02 2.037417419057103163e-01 7.690515635189308641e-02 9.922252309679653604e-02 7.963659126520020171e-02 7.370890083034986606e-02
1.206538337439789221e-01 8.914722980065348246e-02 1.114209033836968954e-01 1.112254393490002269e-01 8.144514421144502525e-02 1.602035248037628479e-01 7.252537081483657888e-02 1.088721605738447729e-01 7.779847940257926531e-02 6.670791391620194133e-02
1.116635626152610028e-01 8.539168929887026860e-02 1.180319533799370491e-01 1.177119105807750143e-01 8.582090904284386812e-02 1.404186538280885743e-01 7.357972236326949800e-02 1.129709770708728217e-01 8.219010982921176600e-02 7.222051199087006768e-02
1.192977990658085491e-01 1.007172241258180861e-01 1.071765493006955478e-01 1.070697882637846321e-01 9.226338139940730432e-02 1.199393349855496921e-01 8.443382263426958689e-02 1.085224730770208423e-01 8.153190164228189818e-02 7.904772550536387499e-02
1.018850559628868557e-01 8.799024748900864668e-02 1.097850071796388216e-01 1.098175946421021953e-01 9.289624283308940689e-02 1.189637842347970736e-01 8.933037317960644541e-02 1.084452924713125294e-01 9.167929911111107055e-02 8.920710289644694091e-02
1.039449179983588933e-01 8.620406351682559365e-02 1.115434737728534104e-01 1.114285028691781448e-01 9.243952284364281846e-02 1.382555523312000156e-01 7.732699786338000092e-02 1.129188743623905783e-01 8.705291555862205988e-02 7.888517888354847074e-02
1.115493654478279389e-01 9.147822211588661767e-02 1.152561954247039999e-01 1.149967956882176762e-01 8.833344623070056578e-02 1.252729474174826552e-01 8.173329108018652367e-02 1.076555865032085418e-01 8.733190294122757102e-02 7.639224715055789594e-02
1.106578010052556571e-01 8.491018321585391826e-02 1.152574855272595622e-01 1.149643711511153799e-01 8.597993306937652680e-02 1.441312591475564231e-01 7.669777216619486082e-02 1.129032688520562322e-01 8.149544911177385165e-02 7.300247675355761579e-02
1.168114155457923298e-01 9.322974969860933769e-02 1.129923393324127612e-01 1.125960689327167724e-01 8.997864330969311542e-02 1.309280429627933673e-01 7.374479802750952273e-02 1.126605704645223943e-01 8.642367239452636296e-02 7.063469933142409174e-02
1.019317208368250294e-01 8.533473753855388977e-02 1.141786917684235597e-01 1.139430040020122936e-01 8.985357121310046102e-02 1.416903588272641901e-01 8.017456415560403338e-02 1.084385673089378749e-01 8.693025181361380138e-02 7.752453253566489455e-02
1.049210559754677474e-01 8.192542804617172769e-02 1.141653996870553994e-01 1.139097065766328937e-01 8.931147665874324126e-02 1.408829796496507414e-01 7.551545246056740046e-02 1.167210132878642725e-01 8.682266691374661283e-02 7.582482074409996331e-02
1.118815710064647029e-01 8.893062978270598051e-02 1.106350663050656297e-01 1.104162932231791128e-01 8.831057193949072570e-02 1.317323388820482721e-01 8.392599235705400229e-02 1.114581482169848398e-01 8.423320811609644188e-02 7.847618017091029241e-02
1.022852652752671565e-01 8.681523517592357186e-02 1.150883705035599669e-01 1.148225793765092762e-01 9.063957302794072024e-02 1.356030094782897100e-01 7.999504695904990914e-02 1.076964415649196011e-01 8.696104279656215186e-02 8.009343584197792243e-02
1.059877804189957168e-01 8.880322749614136257e-02 1.161830004083954648e-01 1.159636214743387100e-01 9.205220544068885846e-02 1.257624598756648115e-01 8.032975417080995273e-02 1.107976361807542776e-01 8.824698549284568094e-02 7.587332904136516454e-02
1.020698885402695349e-01 8.545144539319650401e-02 1.155264392573083915e-01 1.154620771889795644e-01 8.921150661395316206e-02 1.395789220383352180e-01 8.114544182735582145e-02 1.075176967437648928e-01 8.428913708106343383e-02 7.974744531577347695e-02
1.013464353809086088e-01 8.220404980974646558e-02 1.152594519519081484e-01 1.151606709296920522e-01 8.970444068724423015e-02 1.434514286231620417e-01 7.584878932903509063e-02 1.125567637895470846e-01 8.632297533810102952e-02 7.814499416065522064e-02
1.187634676783833887e-01 8.939513610424126844e-02 1.114365845475356054e-01 1.112260416384506512e-01 8.485461480782874322e-02 1.412743985592331830e-01 7.522790989970720710e-02 1.122335130791846936e-01 8.015461100932444460e-02 7.543372267611080095e-02
1.314415047221613730e-01 9.472549906660616970e-02 1.104771253046368668e-01 1.103122350100341903e-01 8.127320729972081770e-02 1.366749112102197128e-01 7.639449228446981710e-02 1.098071014893500924e-01 7.690578696765223987e-02 7.198813664514869259e-02
1.034288287765427333e-01 8.772417694205159044e-02 1.153615649675759774e-01 1.152417265688128467e-01 9.318157719544128970e-02 1.230640645618735624e-01 8.336975237089296054e-02 1.110263425509087493e-01 9.015146349721614438e-02 7.745050256868414584e-02
1.099809625426089038e-01 8.210737941894041825e-02 1.146665984815688905e-01 1.145247216594160594e-01 8.353912237855230793e-02 1.591052553205676567e-01 7.353832963465245509e-02 1.130326625567287108e-01 7.961477910754104215e-02 6.989018889942352764e-02
1.126488614775608271e-01 9.035569080988332946e-02 1.141545610408737366e-01 1.139158923052754208e-01 8.790773507939488030e-02 1.285834691090818604e-01 8.021260148450987115e-02 1.096876144853325824e-01 8.543616760873992688e-02 7.709740659934759266e-02
1.155042273320811691e-01 8.812943998976542626e-02 1.094130893944020716e-01 1.093476879378748601e-01 8.802837113239668498e-02 1.410460500449307597e-01 7.554736244792262245e-02 1.160230452719851618e-01 8.253599106007374064e-02 7.442473538856753112e-02
9.976893941187914283e-02 8.047867758678953209e-02 1.200179693456654983e-01 1.196001902759144531e-01 9.117823307643910247e-02 1.365264517916425502e-01 7.574251934931025554e-02 1.157989853356576615e-01 8.865015072599705115e-02 7.223788310070482221e-02
1.080491757794819208e-01 8.148434370025192663e-02 1.157227057546440785e-01 1.155928203526781078e-01 8.511010670203725259e-02 1.549341717847825262e-01 7.324961781174189890e-02 1.145642243748858646e-01 8.154267856829261474e-02 6.975015517120385089e-02
1.144271455242468205e-01 9.058978623940974750e-02 1.163862643167899447e-01 1.162018147237328519e-01 8.503541938371025899e-02 1.355688721285233656e-01 7.647223378751791256e-02 1.068177785000162944e-01 8.169977730073153810e-02 7.680090809532126583e-02
1.061381286038340227e-01 8.715073408005127864e-02 1.111199805450076988e-01 1.108648884217246638e-01 9.066478845762439287e-02 1.413309971503955154e-01 7.724309319900546367e-02 1.114608208970108566e-01 8.762092597351425760e-02 7.640564267183184988e-02
1.215043020796907070e-01 9.399169461904115230e-02 1.145994941125166311e-01 1.143485978748920856e-01 8.463325774754312802e-02 1.357853262412633266e-01 7.606137328830303579e-02 1.080391122967537670e-01 8.002088418002496761e-02 7.101595755997124060e-02
1.030635117134335726e-01 9.509533620434545975e-02 1.083178416019386914e-01 1.082537489478145598e-01 9.597708549168139369e-02 1.203669893947632435e-01 8.458186236497554356e-02 1.041942751064671574e-01 8.829335602068033584e-02 9.185599315389997299e-02
1.135637651755339178e-01 8.831071498543226206e-02 1.100646913587090686e-01 1.098783443797430176e-01 8.726423510894613933e-02 1.398548066797985767e-01 8.088496543188160304e-02 1.125285940791988515e-01 8.378728486655592778e-02 7.386259793420062170e-02
