1.220867801405261938e-01 9.010592969351953474e-02 7.940026246155561240e-02 1.039775080262965723e-01 1.040099100156935547e-01 9.565366949078789316e-02 1.164918677090835408e-01 9.614463555607036249e-02 9.641482222335186203e-02 9.571461468311492915e-02
1.252473609186567360e-01 9.040854609700432754e-02 8.376616906408723695e-02 1.010799909895446907e-01 1.007751549499548843e-01 9.390341848908527467e-02 1.180709730853977263e-01 9.456025918938118502e-02 9.815246525578744108e-02 9.403566196110051123e-02
1.207817987892934458e-01 8.903205073536027414e-02 8.585779346388136557e-02 1.024572678329391529e-01 1.022923524204420453e-01 9.647158104145560353e-02 1.100881229197545330e-01 9.764213252632326923e-02 9.881469609748205762e-02 9.656220417306829451e-02
1.209473082951259965e-01 9.744166790941116707e-02 7.818732394696041588e-02 1.030836942199514217e-01 1.028854922840228142e-01 9.151196469638345210e-02 1.233930805127970570e-01 9.264514759483843953e-02 9.828145293197317056e-02 9.162286760853602385e-02
1.295238224321015041e-01 9.195650757627414629e-02 8.105547653548662856e-02 1.017870392199561325e-01 1.016769313982033435e-01 9.361366713622906732e-02 1.152240272694011747e-01 9.470170621117514342e-02 9.681064323566507257e-02 9.365017898550777320e-02
1.178910425052375199e-01 9.891102622748136619e-02 9.605301973721501463e-02 9.835028700647323319e-02 9.847812030923447368e-02 9.427798006761468896e-02 1.074568073068901397e-01 9.339413433197943371e-02 1.009911731622967074e-01 9.419640934557742262e-02
1.262682057968385063e-01 9.003902514090647569e-02 7.780098457059249351e-02 1.053855635547317343e-01 1.054387631324010949e-01 9.361454495936566422e-02 1.167969439897165590e-01 9.400347638859424260e-02 9.701036995517092754e-02 9.364212251168234358e-02
1.221030893065418177e-01 1.012715938031353985e-01 8.374508886083852077e-02 1.011486528542888397e-01 1.010490583110884300e-01 9.278102922912158379e-02 1.138671426819682225e-01 9.362250082933601392e-02 9.754157835277257882e-02 9.287026577090860824e-02
1.199182532809050655e-01 9.070811448540697097e-02 8.715144741640505621e-02 1.026250147878438046e-01 1.025931844387325820e-01 9.572433178319882108e-02 1.142157064556039991e-01 9.563273619487443200e-02 9.561019646903515246e-02 9.582101468799412991e-02
1.233308303718144844e-01 9.131763352795566058e-02 8.213453658071502572e-02 1.032935355974987646e-01 1.029539656754299148e-01 9.260972492464397687e-02 1.239364019874041462e-01 9.354853809301108547e-02 9.414292684933378563e-02 9.273190639219314191e-02
1.285439144658669375e-01 9.504307025716757229e-02 8.402420049237792343e-02 1.025388362795372904e-01 1.021485815451855517e-01 9.111727581752851468e-02 1.161242105877621916e-01 9.204872062461953719e-02 9.717963442158941700e-02 9.123155550836507810e-02
1.271876836617566453e-01 8.815521611514280653e-02 7.785640118813434707e-02 1.024430514677203835e-01 1.020924441668387694e-01 9.231141746315002505e-02 1.291563776712978950e-01 9.307096742629671071e-02 9.525180146237596790e-02 9.247463937728642169e-02
1.188647846219200582e-01 9.556731490672147611e-02 8.389678145679267673e-02 1.024223770177920406e-01 1.026016609752509051e-01 9.086544816059960450e-02 1.276811114581179185e-01 9.112294252935992933e-02 9.613746093833135109e-02 9.084011793511405364e-02
1.268836689911825855e-01 9.833379432836324152e-02 7.616894739831685246e-02 1.012948836169598188e-01 1.009610509877147955e-01 8.939951907138452003e-02 1.353295364855656158e-01 9.037133087925273978e-02 9.172430645220938650e-02 8.953296178905049973e-02
1.261002674369043897e-01 9.682920175852342826e-02 7.570293876494986474e-02 1.023111915757483059e-01 1.021597818934431717e-01 9.106373275966367364e-02 1.284847537426872521e-01 9.153715006549520417e-02 9.466586214601829807e-02 9.114511985656642556e-02
1.284202213529449244e-01 9.135866719444124540e-02 8.106264970511183054e-02 1.016019945306099737e-01 1.012987856744544946e-01 9.298437111941247613e-02 1.199902660054714687e-01 9.354519472136561820e-02 9.665075237604303648e-02 9.308709732014493199e-02
1.204763218912403427e-01 9.423124497947862888e-02 8.516029628606397450e-02 1.016006490262745254e-01 1.012316729266995036e-01 9.346163021437806084e-02 1.195884518194394175e-01 9.416862283067221895e-02 9.647967300201878982e-02 9.360143702373448227e-02
1.198512231524416494e-01 9.186313893825316657e-02 7.849589754452789003e-02 1.045637398825075282e-01 1.043671726732673111e-01 9.716134321874503321e-02 1.105791465957799008e-01 9.785038366916207209e-02 9.792292876134889301e-02 9.734502556396652795e-02
1.285163753698268241e-01 8.379059491774221158e-02 7.534069118168880419e-02 1.059468659280204950e-01 1.057877119701797902e-01 9.264350070814543481e-02 1.241508501917608920e-01 9.429018831200537687e-02 9.677012365877933620e-02 9.276309776185080735e-02
1.233928545633012908e-01 9.763835971687384596e-02 8.312423116479933372e-02 1.027792233058572313e-01 1.027244399127304753e-01 8.998308432192175799e-02 1.245871303601277652e-01 8.992665273945592286e-02 9.580354906564712836e-02 9.004047484928523470e-02
1.291998629757545869e-01 8.879604216852803045e-02 8.093156333080141207e-02 1.032986353889420866e-01 1.031193807979027960e-01 9.263698966455452544e-02 1.188241814835834520e-01 9.341811137843726576e-02 9.705641519246571702e-02 9.271881761903014163e-02
1.205104803032077121e-01 9.714911973331631645e-02 8.469115287418049753e-02 1.024169387871503578e-01 1.020028767762781868e-01 9.401250603960818741e-02 1.115177400448207623e-01 9.495331993731226383e-02 9.857196192432993165e-02 9.417390357979582571e-02
1.231751714510520290e-01 9.401315385772396338e-02 8.624741522855532139e-02 1.002724645802371278e-01 1.000660796471837533e-01 9.461024272763496334e-02 1.168232323070409473e-01 9.531752735563321643e-02 9.476475390165800539e-02 9.470995894328067266e-02
1.246168295322960667e-01 1.034730294326414723e-01 8.006495676614192036e-02 1.007766593946331918e-01 1.006508555334484772e-01 9.171732720515653192e-02 1.190090683491461937e-01 9.249299333500900222e-02 9.538086650128733968e-02 9.181741395023970687e-02
1.242670902474261180e-01 8.667424237114684793e-02 8.691717031933469950e-02 1.006739148036811804e-01 1.006905858380188479e-01 9.375817030674674091e-02 1.246844246021421437e-01 9.418209161882983016e-02 9.436387893436355701e-02 9.378843095830996512e-02
1.220514752036446771e-01 1.320434716880370118e-01 6.934981206540885568e-02 9.868917839963912975e-02 9.860985149267380290e-02 8.901170358753666967e-02 1.221372119144843310e-01 9.003207138698160472e-02 8.894432052282201517e-02 8.913090373877191608e-02
1.206472277034095347e-01 8.864465660126008562e-02 8.469560758174349280e-02 1.026644235221806783e-01 1.024865586372376569e-01 9.678429630582895127e-02 1.131934262965076238e-01 9.698152099056024655e-02 9.700520960065056597e-02 9.689707276062115016e-02
1.185343413885822095e-01 9.257268525428873074e-02 8.471382132024765643e-02 1.054210143708502467e-01 1.052805220285140675e-01 9.419490008009166748e-02 1.125466676883672412e-01 9.574097035274080347e-02 9.678308796895244981e-02 9.421198954736494102e-02
1.236376314922399966e-01 9.278809947626509569e-02 8.277135020851947300e-02 1.036663941765114394e-01 1.033700726322321906e-01 9.248675829229989487e-02 1.204146607783153772e-01 9.310045588417754925e-02 9.518482354353575980e-02 9.257975351590327917e-02
1.173889083888412371e-01 9.784539157210971061e-02 8.618311766780152594e-02 1.015888776660510556e-01 1.014596373177045485e-01 9.361719585919350828e-02 1.169301846477498186e-01 9.385104654985032546e-02 9.743335908833054837e-02 9.370228124236767986e-02
1.280514323684388278e-01 8.796306772480788627e-02 7.770065032554175632e-02 1.042164657856236853e-01 1.040300365003331978e-01 9.249194707132284143e-02 1.237299887814161808e-01 9.351916158364591281e-02 9.574181136672027526e-02 9.255543849214939445e-02
1.225473188938591418e-01 9.108749461377847745e-02 8.110932820695840317e-02 1.032963261032201763e-01 1.028579214093791605e-01 9.370630672185152610e-02 1.218936355413106770e-01 9.535788227681102347e-02 9.428260933744063432e-02 9.386117689539084930e-02
1.237451159760935004e-01 9.310112225240677053e-02 8.013785169225615124e-02 1.031091908822452108e-01 1.027166773866344390e-01 9.203349768126822816e-02 1.239186937476949996e-01 9.333581790018032065e-02 9.573714213606303314e-02 9.216489034515733259e-02
1.043572765025726906e-01 9.113155191619466688e-02 8.446006374998712984e-02 1.046590873521954651e-01 1.043918744060534365e-01 1.016425105532477863e-01 1.038997754224019326e-01 1.032022571986303400e-01 1.005275112304584439e-01 1.017280916682581360e-01
1.177531248797502317e-01 9.823975766450748770e-02 9.015623990250722086e-02 9.905645353592829050e-02 9.916235499040419732e-02 9.475407258419296652e-02 1.101816088255220677e-01 9.599051173172142015e-02 9.996955908997644247e-02 9.473631679548960571e-02
1.264069074524136471e-01 9.856528933832768569e-02 8.262669094904710743e-02 1.034191294415988394e-01 1.032207192177577448e-01 8.874197223739528628e-02 1.266352505995844979e-01 8.894097222535991831e-02 9.263910107874115396e-02 8.880396745977410522e-02
1.229598582072441437e-01 9.773227351256501272e-02 7.203991171397762516e-02 1.031192165959414209e-01 1.031021642943722033e-01 9.320538442301308513e-02 1.248230267854354703e-01 9.425331371993854457e-02 9.549743712192498846e-02 9.326741362558742254e-02
1.276583601146742963e-01 8.466046056242201856e-02 8.155763521320835707e-02 1.031814996904598936e-01 1.030352642187387646e-01 9.376676734399230773e-02 1.227454985685676320e-01 9.465741722974613248e-02 9.488161602728006905e-02 9.385548103091050087e-02
1.332560484517411326e-01 9.523044049020043533e-02 8.242175937857802726e-02 9.960809737144660225e-02 9.963868771390392565e-02 9.114409221079151913e-02 1.217611930785183760e-01 9.191353596630714995e-02 9.385637292986735714e-02 9.116977240864544696e-02
1.298331857005861067e-01 9.605318438549478866e-02 7.784610393082584678e-02 1.018516409128747552e-01 1.017035730099854762e-01 9.018850665072386530e-02 1.275253007050734244e-01 9.089637612495345131e-02 9.387394789685468699e-02 9.022818068262757063e-02
1.275871408974730559e-01 9.410388443865261299e-02 8.361212927736171030e-02 1.023912562985233449e-01 1.022078134373785169e-01 9.201144541662957532e-02 1.187354007187863131e-01 9.334399965184560222e-02 9.391235205662401553e-02 9.209457780672521132e-02
1.208329667693096715e-01 9.720053303419130819e-02 8.225268843560074039e-02 1.024195838391570856e-01 1.020764745897427134e-01 9.203427671744282557e-02 1.220106653365445326e-01 9.299308809770609474e-02 9.604590568219593949e-02 9.213381749810907462e-02
1.277265692811777598e-01 8.822659180897297893e-02 8.508675890937819619e-02 1.026186549653501506e-01 1.026617998865970438e-01 9.131031205504022696e-02 1.224585592669576867e-01 9.186336523179916558e-02 9.670575960710467434e-02 9.134162898762206162e-02
1.241162393622605581e-01 9.238062682944378490e-02 7.894352754598266131e-02 1.038922202265469552e-01 1.035394131613861374e-01 9.313274010380982737e-02 1.223107249235137750e-01 9.398426511098881275e-02 9.441558495366994541e-02 9.328465778239752870e-02
1.196141494195137184e-01 9.134408753795346392e-02 7.717935390191084377e-02 1.059305181587217870e-01 1.056857653648372308e-01 9.571604620033034860e-02 1.161485587376648865e-01 9.737017214445436997e-02 9.519799736184737793e-02 9.581335117276597313e-02
1.205166905848648468e-01 8.934529554751935443e-02 8.461187684346638260e-02 1.051473884296465350e-01 1.051028149591778232e-01 9.311850550681233241e-02 1.181110180367345858e-01 9.383868230386886722e-02 9.708703451658533268e-02 9.312069327132395380e-02
1.224548714085932910e-01 9.315054522420454508e-02 7.261184672921112970e-02 1.028092761163568042e-01 1.029507475918537973e-01 9.394257131971880947e-02 1.318637064675999837e-01 9.461327063663793613e-02 9.163507217673527716e-02 9.396809232908846787e-02
1.259508506042749387e-01 8.413181016106721644e-02 7.739350068085064371e-02 1.036922012292545714e-01 1.035215139617084168e-01 9.283392362850025059e-02 1.318894857726840564e-01 9.332592607867126744e-02 9.435019617137080372e-02 9.291059171161791808e-02
1.204021681456788617e-01 9.490655153293497959e-02 8.407895227779968450e-02 1.037135198663467206e-01 1.035934840051907779e-01 9.496764867582778435e-02 1.116188852306397028e-01 9.661626352214029712e-02 9.509111910684685254e-02 9.501140763659438049e-02
1.197011864053631053e-01 9.423031899329334382e-02 7.945026622627514301e-02 1.075207577774959233e-01 1.072678996671424939e-01 9.546431144960833282e-02 1.050010573887332210e-01 9.636506554193838281e-02 9.946844689657785565e-02 9.553068965357215669e-02
1.045257768836269641e-01 1.005752534584486296e-01 9.056499957647955179e-02 1.048120805925812915e-01 1.046151738096099126e-01 9.607069618293827273e-02 1.039181189799733979e-01 9.805121734771754527e-02 1.008240727284782784e-01 9.604261044014615611e-02
1.212424123476543159e-01 9.135605337445486251e-02 8.445778351762268932e-02 1.041482922645822345e-01 1.038774746528360743e-01 9.367764792186321354e-02 1.145637769001422862e-01 9.448231773882763418e-02 9.838065603767677525e-02 9.381358524433991430e-02
1.142034867069782328e-01 9.024086281074017446e-02 8.389822534470103843e-02 1.065230427519809203e-01 1.060589062143766081e-01 9.573250522130861973e-02 1.090564417962743560e-01 9.779628447801604063e-02 1.006127832098132335e-01 9.587746146581084539e-02
1.166705972772572597e-01 9.865826685003040164e-02 8.693829054474951079e-02 1.027062560827472354e-01 1.021437205441057816e-01 9.442588692062933720e-02 1.090229398163782004e-01 9.417453493395169795e-02 1.006276420815781086e-01 9.463186494857246667e-02
1.275109108036077410e-01 9.346630760813194605e-02 8.058341422039874691e-02 1.017915333940582201e-01 1.015785501938977486e-01 9.213434494731664870e-02 1.225878532711423274e-01 9.350224611338670000e-02 9.463300015824194222e-02 9.221183928981796507e-02
1.265692446378431923e-01 9.248016435964294402e-02 7.332707303940602661e-02 1.038865567493719860e-01 1.038446839765908292e-01 9.270441528499669126e-02 1.285256653062387122e-01 9.377265739924912913e-02 9.212201752625488738e-02 9.276752172040558797e-02
1.297678738131782250e-01 9.427217869018496288e-02 8.033392990671182898e-02 1.025244551282208094e-01 1.023286918371004994e-01 8.992862851638269706e-02 1.257416212128739386e-01 9.112152472262231850e-02 9.402995518315797330e-02 8.995114098956670523e-02
1.255955571468375942e-01 9.862712489382312320e-02 7.720259825837497147e-02 1.026875450603546847e-01 1.028058954817104714e-01 9.161476211330593644e-02 1.258601122286616136e-01 9.205188181178988738e-02 9.194278627398239090e-02 9.161173673115931282e-02
1.230626703788871151e-01 9.128711715270064475e-02 7.985945852141015933e-02 1.038981322187556428e-01 1.037846118265981499e-01 9.422541127112363246e-02 1.186842885943825837e-01 9.474838819419272029e-02 9.615374983004232323e-02 9.429617201190700071e-02
1.152162823752924670e-01 9.408329043149295245e-02 8.329342636876253814e-02 1.047739245360513327e-01 1.045593736200824964e-01 9.622307801208873634e-02 1.125136954623153496e-01 9.791305290686075358e-02 9.515131808992828566e-02 9.627255819712508822e-02
1.323613667183382858e-01 9.175074995603087202e-02 8.466699089761660357e-02 1.016802074110831344e-01 1.015173442838082918e-01 9.042586580541533969e-02 1.188801093767162392e-01 9.135912337983620457e-02 9.688658306064470982e-02 9.047165911051027742e-02
1.098993004961401898e-01 9.544437229421048885e-02 8.581345096921860760e-02 1.060768724816380515e-01 1.058608676231535262e-01 9.496210838757007666e-02 1.123669663874031915e-01 9.712832935298471027e-02 9.749825325805307197e-02 9.494947874962807177e-02
1.246184937633401935e-01 9.474274860355329231e-02 8.625834722438162350e-02 1.011274486671145806e-01 1.007532526822419727e-01 9.403404317621330555e-02 1.136648308700647231e-01 9.497376619297907829e-02 9.563050000222518554e-02 9.419656881788601721e-02
1.234652575531792196e-01 8.982350551167168906e-02 7.971894875096957600e-02 1.045378349949894481e-01 1.041595229705676723e-01 9.549807785553920958e-02 1.128820666797741845e-01 9.651081397846082710e-02 9.774422129583759666e-02 9.565975040901052162e-02
1.173660811873140503e-01 1.022780985041061852e-01 9.313966046879559868e-02 1.001887137416050400e-01 1.002078626597532052e-01 9.108871830667988889e-02 1.130729321208078786e-01 9.153865120161534807e-02 1.000658264724959279e-01 9.105345533682686343e-02
1.243321897681281540e-01 8.360808105250720768e-02 8.046755089413291928e-02 1.045023640353795330e-01 1.045482111617323934e-01 9.494201479590949622e-02 1.208077550500084169e-01 9.485266496521557733e-02 9.698456682649263250e-02 9.495460145049364198e-02
1.167921498396810864e-01 9.170822064682378205e-02 7.890487916325958362e-02 1.044257801840541011e-01 1.041851724903825049e-01 9.447336358417453284e-02 1.268533120338117826e-01 9.663665693525250178e-02 9.152398048474248704e-02 9.449648463781773478e-02
1.185850731912704986e-01 9.875493974288318544e-02 8.351769237693623671e-02 1.015265146975744964e-01 1.013676059765434567e-01 9.402853575609977643e-02 1.188540554037893493e-01 9.461442305270592601e-02 9.462503438423885971e-02 9.412612541795815913e-02
1.214075887262258818e-01 9.537388631481934220e-02 8.068275212577923072e-02 1.036761457274731901e-01 1.035938697234705247e-01 9.371526891041567775e-02 1.164238046631447254e-01 9.576004555309187982e-02 9.558569033824680650e-02 9.378094791733275482e-02
1.199450898334942645e-01 8.785758170659076216e-02 8.544510599910666582e-02 1.040567540782421641e-01 1.040650817914241522e-01 9.484143393386834653e-02 1.167288449802379585e-01 9.523502436636460677e-02 9.694460299458947106e-02 9.488048031608159461e-02
1.197289125546066313e-01 9.932213250016166950e-02 8.595202841683324824e-02 1.050108363893551416e-01 1.048253986840494145e-01 9.225782849936514651e-02 1.090170979770783283e-01 9.361722536670871730e-02 9.802317552106905307e-02 9.224536409077260801e-02
1.250657505076971376e-01 9.597493645915093630e-02 8.076357796477805218e-02 1.017396484107345733e-01 1.015323632133851156e-01 9.284580714176406124e-02 1.193938205151528348e-01 9.404747463793755591e-02 9.566343282278483295e-02 9.297318832661492782e-02
1.172214579570106663e-01 9.927850244364326560e-02 8.212947713535515004e-02 1.015905999404320553e-01 1.012634006596945246e-01 9.416387229349164334e-02 1.218800115499935055e-01 9.567768196151887894e-02 9.252044840190845609e-02 9.427454765695185424e-02
1.221409492734301383e-01 9.451402799024445633e-02 7.614742638733687508e-02 1.038514393252773088e-01 1.037056356920634248e-01 9.261237891716275761e-02 1.266430515560043601e-01 9.351690072414985122e-02 9.422128791845045537e-02 9.264690221588037233e-02
1.269934219345710269e-01 9.717221897610360537e-02 7.966110733485146089e-02 1.014386646315103002e-01 1.015000898697351606e-01 9.189242488858460900e-02 1.243756341447066066e-01 9.281681622694455680e-02 9.226830792164725237e-02 9.188131407134540740e-02
1.305149028587855864e-01 8.852933506643313744e-02 7.971431338204987282e-02 1.010627101950017231e-01 1.010520701922030667e-01 9.457793105724529581e-02 1.206580062363327016e-01 9.503876303017197436e-02 9.427613272875229322e-02 9.457583525302434846e-02
1.261836224897697756e-01 9.139640448715956322e-02 7.741999396965175417e-02 1.030626297793166002e-01 1.029088382603524504e-01 9.093051986467981518e-02 1.328787015391477699e-01 9.174101076770764529e-02 9.252333573843002368e-02 9.095494310378461622e-02
1.226718698924866846e-01 9.778698363485445466e-02 8.452860827485556006e-02 1.017879286173651310e-01 1.014081673454132471e-01 9.194892367765608587e-02 1.156573452324657220e-01 9.306213467587881594e-02 9.905211917561747292e-02 9.209591947340681206e-02
1.442654599673353077e-01 6.275566976854414503e-02 5.041721981581347156e-02 1.131192543999175182e-01 1.130533343616820230e-01 9.281189588817721769e-02 1.383151801810336423e-01 9.468332870841447702e-02 9.742117549999364245e-02 9.315748140908859665e-02
1.173917091247115435e-01 9.219162036726391563e-02 7.785636665301511050e-02 1.055533686177591579e-01 1.052195694756530991e-01 9.403278478514517924e-02 1.228294168179210055e-01 9.592756542024125088e-02 9.487366017665313511e-02 9.412393856163657480e-02
1.217123741880603710e-01 9.211311265185256891e-02 8.066860442447937318e-02 1.037110354161157044e-01 1.034275796182072549e-01 9.444813526444145735e-02 1.183022021649843547e-01 9.599910315461092358e-02 9.502836897547360662e-02 9.458948414177441311e-02
1.258795427086465690e-01 9.235439063375860957e-02 8.361918267325135767e-02 1.021948490703948192e-01 1.020287459286102344e-01 9.198689369936022264e-02 1.213955866523858951e-01 9.228970290695419354e-02 9.621079565035355052e-02 9.204031007628453442e-02
1.239168014099806397e-01 1.010658685501695520e-01 8.445188383543426880e-02 9.953116481217333389e-02 9.942480870012640470e-02 8.960783418296554281e-02 1.257022494692306980e-01 9.020701717425932964e-02 9.645904275944514050e-02 8.963332910621506222e-02
1.268832381295012524e-01 8.889000516432883636e-02 7.703775498521699128e-02 1.051746854313279356e-01 1.049103620793619546e-01 9.197810308296855419e-02 1.268903201807090042e-01 9.306593967213774854e-02 9.308304216353201210e-02 9.208654911091568307e-02
1.177793571401958977e-01 9.464031730318753222e-02 7.969765827716179807e-02 1.046092764518489898e-01 1.044143669661768692e-01 9.615037575610221876e-02 1.172210603014333524e-01 9.753964089770511547e-02 9.174361069018054093e-02 9.620433621600764373e-02
1.273949272171164548e-01 9.212373317737899969e-02 7.403262885816899730e-02 1.040961358332202491e-01 1.038181785604214008e-01 9.302065240912026078e-02 1.209699640310839541e-01 9.461801276206535660e-02 9.672561581339017556e-02 9.320015133803413732e-02
1.246188634601847339e-01 9.480292355039576790e-02 8.867198266580114674e-02 9.921284044640268918e-02 9.902687407096659455e-02 9.566819087565671398e-02 1.112324240373609024e-01 9.593993312416626562e-02 9.506785896988584339e-02 9.575810879917939777e-02
1.284875887216808676e-01 9.329956011325084286e-02 7.899076137095616124e-02 1.042500331581926037e-01 1.037405989783729277e-01 9.161241272483570952e-02 1.197659846812113987e-01 9.276664873366613495e-02 9.528038819433612416e-02 9.180602332349717398e-02
1.158469923571932153e-01 9.514228093119807272e-02 8.707757018033843166e-02 1.013023196015059996e-01 1.010630189775241078e-01 9.709020937631428205e-02 1.107866010855966532e-01 9.705490514782348643e-02 9.743802499644618753e-02 9.719807734605957761e-02
1.242194251441893493e-01 8.400109749540345117e-02 7.640651841025455915e-02 1.067685554763575517e-01 1.065733465465055069e-01 9.181836866400873431e-02 1.289250403110316356e-01 9.258508201932949544e-02 9.681034921914168090e-02 9.189221671377806322e-02
1.211186153272177518e-01 9.212754650779657328e-02 7.810252991661827127e-02 1.042801890865875936e-01 1.041305137300300443e-01 9.544449696423841500e-02 1.191055626858793653e-01 9.667803213693848541e-02 9.347606232159104411e-02 9.553645132310251142e-02
1.233294211610591468e-01 9.632964552745779119e-02 7.977470111116323481e-02 1.018555935755736247e-01 1.015369434796140335e-01 9.238053473514003244e-02 1.251498431164351222e-01 9.342572643307457680e-02 9.373333751475849962e-02 9.248425334572391021e-02
1.135546826138775500e-01 9.407679266692768605e-02 8.378301796938297796e-02 1.050954415468728087e-01 1.048105117737793412e-01 9.654167997343614249e-02 1.083884354341218409e-01 9.884249968872244052e-02 9.831828509917740766e-02 9.658865323370177669e-02
1.263653530977219275e-01 9.098067912797637435e-02 8.058780290637243549e-02 1.025538764755426907e-01 1.023405203720818141e-01 9.284439085287142512e-02 1.234377575295500518e-01 9.308547983979528762e-02 9.487366294850964332e-02 9.293047684957830845e-02
1.180040132082928184e-01 9.004915032009865039e-02 8.472585359564981100e-02 1.059529063747888245e-01 1.057023671885203298e-01 9.226064661540252232e-02 1.205759868160990178e-01 9.296020606385665963e-02 9.745645670146928230e-02 9.231241311582205622e-02
1.255137297599953905e-01 8.954250403767111122e-02 8.504462748788338411e-02 1.016600100230710957e-01 1.015274210329651233e-01 9.330949837825346094e-02 1.209058143378151234e-01 9.403317010857721592e-02 9.507444749531186734e-02 9.338877733845619977e-02
1.152609236546483923e-01 9.746979665911471857e-02 8.081984010256895723e-02 1.062983780383815885e-01 1.059997937614818031e-01 9.402655525840152018e-02 1.114692009066979850e-01 9.565855449964882906e-02 9.891981854356318715e-02 9.407713857549301895e-02
1.308549847474051175e-01 8.957797628211659757e-02 8.151168984439133292e-02 1.042946850498979589e-01 1.039985349532479009e-01 9.185199823084308490e-02 1.180589692748086200e-01 9.259759184305764446e-02 9.533340861390542098e-02 9.192016116032637740e-02
1.326846440088722268e-01 9.503957590043216053e-02 8.677347138740298949e-02 9.995779789865165410e-02 9.980535131046622266e-02 9.082184363356760048e-02 1.166163011824571383e-01 9.150891560607608832e-02 9.590356569183720870e-02 9.088853338023675232e-02
1.219380743470697553e-01 9.618834424601577227e-02 8.875589477782115655e-02 1.041152300330302899e-01 1.040071251662389867e-01 9.006615757291626390e-02 1.132156837571420410e-01 9.060123233488132088e-02 1.010038360813877573e-01 9.010842168349664227e-02
1.255241512219861522e-01 8.768302730618734997e-02 7.594364868752614961e-02 1.031680484283532817e-01 1.030168690351057764e-01 9.585275526262697354e-02 1.198311246171407246e-01 9.710515903306965457e-02 9.590556467948509189e-02 9.596965172851883163e-02
1.152989855793159352e-01 9.574378857551767152e-02 9.096434817912785187e-02 1.052669391119884917e-01 1.050652382017015635e-01 9.494450137664901812e-02 1.073964053514184641e-01 9.630703417109182096e-02 9.406441904562330703e-02 9.494834040756588989e-02
1.308850952213513885e-01 9.629587136796399771e-02 8.362568370544500029e-02 1.006415729400377684e-01 1.004099012064517821e-01 9.014978651419486289e-02 1.199559287793513784e-01 9.054158130386297243e-02 9.730122880669932195e-02 9.019335015464156891e-02
1.312852891312955295e-01 8.979294161630066440e-02 7.467717891124486806e-02 1.009913658906672757e-01 1.008381453287129359e-01 9.379031063489305653e-02 1.272524509426438133e-01 9.486434336646559773e-02 9.256807102224257067e-02 9.393990315553367443e-02
1.259670933190064901e-01 8.857555670961306249e-02 7.676663526693768003e-02 1.035411376142007234e-01 1.035247301812395326e-01 9.548519210342357177e-02 1.183419794093262117e-01 9.586443618335320493e-02 9.631023907981964283e-02 9.562300013307983848e-02
1.269134872174506323e-01 9.357114271373986880e-02 7.427749683249043611e-02 1.018380936704855744e-01 1.017066734669872657e-01 9.434499635929331773e-02 1.207843568332405554e-01 9.503822901742343954e-02 9.702813480088619269e-02 9.449738908800270343e-02
9.845269664941880272e-02 1.003333974423065017e-01 9.220944575169161272e-02 1.038848482828919201e-01 1.039334284053150398e-01 1.004498976085015233e-01 9.499608425755123875e-02 1.014526670657391744e-01 1.039077508728119270e-01 1.003797836637722179e-01
1.044678653459319151e-01 1.090188443166674598e-01 1.024546263678486474e-01 9.532446178080297705e-02 9.562269298058558020e-02 9.767172018204611783e-02 1.010920052500429434e-01 9.598778462509789666e-02 1.007686607249099198e-01 9.759133842606652898e-02
1.141296408167080667e-01 9.979585477101361735e-02 8.640165921714716701e-02 1.026274831076574579e-01 1.024828482965896709e-01 9.452083007903884504e-02 1.187103133189412324e-01 9.521580666829296269e-02 9.160748360385757849e-02 9.450808012075342934e-02
1.164010306673619460e-01 9.625532179594449567e-02 8.601220338184990821e-02 1.010856176177025723e-01 1.009674734100305532e-01 9.543448922583480654e-02 1.217582447298964782e-01 9.553001333585758870e-02 9.107174398071940513e-02 9.548386185480221833e-02
1.216026097256707322e-01 1.001546595755266333e-01 7.905291113893020416e-02 1.014212110764560332e-01 1.012888656493825673e-01 9.462020084240022055e-02 1.182860995296925455e-01 9.580859508032969762e-02 9.304587517933680940e-02 9.471897220227452896e-02
1.215977604745228646e-01 9.156522206560649413e-02 8.413703403254207958e-02 1.035987592086122927e-01 1.033016916511399347e-01 9.424155451480867307e-02 1.147111560323341994e-01 9.481686775773470743e-02 9.762567070860722618e-02 9.440428355409152816e-02
1.224507051487768311e-01 9.170213825322587331e-02 7.849549533571172077e-02 1.054797507151821884e-01 1.052137666932393550e-01 9.361690719938631222e-02 1.181087324396905280e-01 9.526713081313355203e-02 9.592944675013584388e-02 9.373592665151779524e-02
1.225446500978771003e-01 9.082184018008854220e-02 8.228985665557943252e-02 1.042278938372304953e-01 1.042117226909679006e-01 9.355938922156385729e-02 1.169554263297205021e-01 9.390980637217197224e-02 9.790278960409251607e-02 9.357662501070769523e-02
1.288117513132701897e-01 8.536503790992634733e-02 7.628745980885562328e-02 1.044375163565405412e-01 1.041232391078078107e-01 9.380747802520271461e-02 1.231991823831181665e-01 9.422653839727923586e-02 9.576586995656258261e-02 9.397592674143681601e-02
1.181596224522834249e-01 9.749961170743171035e-02 8.091456711475684960e-02 1.032984213005598700e-01 1.032673628404913030e-01 9.087407057665215782e-02 1.289073650216060463e-01 9.148831214548083790e-02 9.472120932010870409e-02 9.086945752062908221e-02
1.176714828886793185e-01 9.548427879151685782e-02 8.316742795303715130e-02 1.057767074369028032e-01 1.057531975342960034e-01 9.352271362547952271e-02 1.132486191732245406e-01 9.500184627772084722e-02 9.683941101767877535e-02 9.353431530146420758e-02
1.284557337209299988e-01 8.891458759958539848e-02 7.919260452950525886e-02 1.047699784814457857e-01 1.045952153104450499e-01 9.101475086439859974e-02 1.229683038677573115e-01 9.162498898057284957e-02 9.734207855833612588e-02 9.112175808702363544e-02
1.239440191846845757e-01 9.253080532310867246e-02 8.142902115581403255e-02 1.039777707291773684e-01 1.035759146847284456e-01 9.269524885794842850e-02 1.161298016191063820e-01 9.409017696080620996e-02 9.877886905148314245e-02 9.284837243314274235e-02
1.302970284795920974e-01 9.183771170459950617e-02 7.976895691173255254e-02 1.025983219650561384e-01 1.023487489715343979e-01 9.347804668965019326e-02 1.142299379312786134e-01 9.465146108808862591e-02 9.720467873014353166e-02 9.358510752832430168e-02
1.327410059988194113e-01 9.051168092080441596e-02 8.511478058166017935e-02 9.914699166720339352e-02 9.913167549079961172e-02 9.170158535619692131e-02 1.265866959697434790e-01 9.229708374367305568e-02 9.108597201538946864e-02 9.168252825571000797e-02
1.238370080526120243e-01 9.753045348967591399e-02 8.526959437683390153e-02 1.021267228106304131e-01 1.020026561511037516e-01 9.024740062293819254e-02 1.211253355780362029e-01 9.067923629613267034e-02 9.692012953143115672e-02 9.026146309060581463e-02
1.317495115703482544e-01 9.639535334216495222e-02 7.685486332118410258e-02 1.000787266839483214e-01 9.992183710141117059e-02 9.215128763091298691e-02 1.254163471549066544e-01 9.293841036725687677e-02 9.223967048506170885e-02 9.225399234280498573e-02
1.185175460353802973e-01 8.834514209296188969e-02 8.130488270197369638e-02 1.038707236896845437e-01 1.034873222059410208e-01 9.692976418612507528e-02 1.154651861836309551e-01 9.739700615854644805e-02 9.755361335693649161e-02 9.712881338881954041e-02
1.297283054155530246e-01 9.068326574959059694e-02 7.473651594256969233e-02 1.022831508760618513e-01 1.022669146373396815e-01 8.994613241657824221e-02 1.335565273855046364e-01 9.037965442748563394e-02 9.638994924085805827e-02 9.002958390845856862e-02
1.186348239639036933e-01 8.886612044477551486e-02 8.881015786208854013e-02 1.035780306958948849e-01 1.034432918719242894e-01 9.508527641917634277e-02 1.119388303359738629e-01 9.531461498866659887e-02 9.915429687802836123e-02 9.517455653956789774e-02
1.155889359882882467e-01 9.707060677886175659e-02 8.582599740933330446e-02 1.046465715523058476e-01 1.044411297115840631e-01 9.355173426010396365e-02 1.124711604862957681e-01 9.452855070707903706e-02 9.823831298416264846e-02 9.363700012198536426e-02
1.355273955284992393e-01 9.808602540628562350e-02 8.177155992713303068e-02 9.970268028751605449e-02 9.961437408513824920e-02 9.009327660018116857e-02 1.220195202295720482e-01 9.107053541407794661e-02 9.200413283749839244e-02 9.011049968409828859e-02
1.187347112223705869e-01 9.848829690855695485e-02 9.304431174890445688e-02 9.967835481533127151e-02 9.952120752308502016e-02 9.195419143589504685e-02 1.144770811385783654e-01 9.244298836806846831e-02 9.968490380485585389e-02 9.197395303435397518e-02
1.143909590583098157e-01 9.229106696588544601e-02 8.778820889233024394e-02 1.045082227501805405e-01 1.043053647677054108e-01 9.209721122073831479e-02 1.228093169107039445e-01 9.292231212479641622e-02 9.671925977166349886e-02 9.216807753768635481e-02
1.222965405419867979e-01 9.303877321290419944e-02 7.877589399235776502e-02 1.056036425688528790e-01 1.052879436379478562e-01 9.314361259274289706e-02 1.169355307993619197e-01 9.506638135231161579e-02 9.661842283556819344e-02 9.323325846596590416e-02
1.196293533939902370e-01 9.433199727823049496e-02 8.650150493070117574e-02 1.015419505299720443e-01 1.016816217714062442e-01 9.415534515608113553e-02 1.190766962242755800e-01 9.461004431945303772e-02 9.437275308033224452e-02 9.409873331555783371e-02
1.259257693685038038e-01 1.002287518087280060e-01 7.644103904490469337e-02 1.020008687751809973e-01 1.018092648939089157e-01 9.136603684850699847e-02 1.257283930840118746e-01 9.232010916279677348e-02 9.277581101257885432e-02 9.140395600087915240e-02
1.271522545425431971e-01 9.146982707104683863e-02 7.834081398060736834e-02 1.060109015515544595e-01 1.056597774012494467e-01 9.147144785899187502e-02 1.206189161492276507e-01 9.275854989767139125e-02 9.493586817668474287e-02 9.158164337042309922e-02
1.139758772726040398e-01 1.068132089665521367e-01 9.108930856069878679e-02 1.016969793942848338e-01 1.015297165789100092e-01 9.069811213239183101e-02 1.142615199790970870e-01 9.094551163538810989e-02 9.827864072490351266e-02 9.071112475516966700e-02
1.109691425202462417e-01 8.865908285937965094e-02 8.632104200480718303e-02 1.078690271626158853e-01 1.077375570158093376e-01 9.322598264937563550e-02 1.164409173300975930e-01 9.394679482621272337e-02 1.016809369171749050e-01 9.314951671428084445e-02
1.168659456110877209e-01 9.004599802987256485e-02 8.660059916852985706e-02 1.031442589041322438e-01 1.031035733506390911e-01 9.566418912607248248e-02 1.186461970908292557e-01 9.633122850355070599e-02 9.390418040485012940e-02 9.569382981043597636e-02
1.211453566023909939e-01 9.575896077716937460e-02 7.952543018067521896e-02 1.032818035968436909e-01 1.030146678878939293e-01 9.568391267699746794e-02 1.080258835437975795e-01 9.794596826500527598e-02 9.981791887508965899e-02 9.580009759413676829e-02
1.254487630822063160e-01 9.183005950680502016e-02 8.153518411283487699e-02 1.033717268494766250e-01 1.030294220923928250e-01 9.031255196823913256e-02 1.284219156460074118e-01 9.100273206698340778e-02 9.464034098760280844e-02 9.040730368745157619e-02
1.202871985242318781e-01 9.887304170424296434e-02 7.561650949803762345e-02 1.031647856221099280e-01 1.027337438882222620e-01 9.423598396406081268e-02 1.189891805795350171e-01 9.521543910981934700e-02 9.643126538326761421e-02 9.445285172647256700e-02
1.210128831063616711e-01 9.010795793702398859e-02 8.324617793254153464e-02 1.036443141826284969e-01 1.034853935307321893e-01 9.486982369389966585e-02 1.164197186834370623e-01 9.518101320251366737e-02 9.706323051933740675e-02 9.496948721152431716e-02
1.211164835939885775e-01 8.646809641747521535e-02 8.017643100048076066e-02 1.042441381664279271e-01 1.039688497538321793e-01 9.452609964520070074e-02 1.261416212425742200e-01 9.549783079039302069e-02 9.322457372670563125e-02 9.463587566292178122e-02
1.162675790259151964e-01 9.298777404646108025e-02 8.335042485347604613e-02 1.025099694290405594e-01 1.021393494318083989e-01 9.522191183964295869e-02 1.209007411041515823e-01 9.673082911976788045e-02 9.456490836246408960e-02 9.532651278727226341e-02
1.203354648386938675e-01 9.039831653064871186e-02 8.687364382588538825e-02 1.042258494286212034e-01 1.039657245683511116e-01 9.523937290420983470e-02 1.125053599280489425e-01 9.657113831109459534e-02 9.452248979375210691e-02 9.536263987069423798e-02
1.213789574067274946e-01 9.253468258565891724e-02 8.251648492153802750e-02 1.033416130600399024e-01 1.032905823136277407e-01 9.649672764785185985e-02 1.111794512318776268e-01 9.757013643517116475e-02 9.510069829913174455e-02 9.659066609837554940e-02
1.240343279988967151e-01 9.137593594588835910e-02 8.778762540243580104e-02 1.015527337133449171e-01 1.016600002062012648e-01 9.382689417754182248e-02 1.159485129217485561e-01 9.380805587781476662e-02 9.621689002702110693e-02 9.378902372910671859e-02
1.221763944457186640e-01 8.689164328031363793e-02 8.285897252094359677e-02 1.033462469357822461e-01 1.034629990918302378e-01 9.523031321960546969e-02 1.197760200370674294e-01 9.513929729978264083e-02 9.588818003823494640e-02 9.522993313072113108e-02
1.227442760480393774e-01 9.800344912676166309e-02 8.572421521841497305e-02 9.916928281921989774e-02 9.903221672983927859e-02 9.119378145842355066e-02 1.272785394484339527e-01 9.166739774283727549e-02 9.393486942240554527e-02 9.125197198562443046e-02
1.228109321673934023e-01 1.048608580733529916e-01 8.297806466712240314e-02 1.012097726097848649e-01 1.010327117010413472e-01 9.006883969585088856e-02 1.232462966122249010e-01 9.045369709260372981e-02 9.324837543012307051e-02 9.009045195050238708e-02
1.169992453805504679e-01 8.873351066922882668e-02 8.071715991084771336e-02 1.037437715314456360e-01 1.037131988199833654e-01 9.893338586634635445e-02 1.104471892775503311e-01 1.016439214839735400e-01 9.609147356632555259e-02 9.897714349374819864e-02
1.265800172078563046e-01 9.034040758794877057e-02 7.964259385690700133e-02 1.016429491403184199e-01 1.017550456277702686e-01 9.287349156422425311e-02 1.277058221395294402e-01 9.319198221033025975e-02 9.338573210489375942e-02 9.288195856022152253e-02
1.215812829523615218e-01 9.598779093433527920e-02 8.106586624633066451e-02 1.032460879847407892e-01 1.031301203949599316e-01 9.418628087191092957e-02 1.152887660062871522e-01 9.486608464272158758e-02 9.636403661923985398e-02 9.428368334711230425e-02
1.163227569720461513e-01 9.357016687752156558e-02 8.296515817799078596e-02 1.038455603998084120e-01 1.039117967901027617e-01 9.333736785376180178e-02 1.254034306236999907e-01 9.364939293372177842e-02 9.366832218921430919e-02 9.332604718213242945e-02
1.253896161292273326e-01 8.364404156304103277e-02 7.552306328021350657e-02 1.065666687439622007e-01 1.061975396841545322e-01 9.495124219065478877e-02 1.181263340299703590e-01 9.650535303151844269e-02 9.794241375009864192e-02 9.515372759715914897e-02
1.274445779918743360e-01 8.945440466005695479e-02 7.867866360810549242e-02 1.031958490903497061e-01 1.033310773873566402e-01 9.304379170132098809e-02 1.240996140608559423e-01 9.302305089543133620e-02 9.468648108486525661e-02 9.304248951978331961e-02
1.263472827916736763e-01 9.772535168776777526e-02 8.710300279819636893e-02 9.931474336834612837e-02 9.916579405711345441e-02 9.244759686072880067e-02 1.163976751586968950e-01 9.316460121852321308e-02 9.586021827851409771e-02 9.247373378043956260e-02
1.169746719658395495e-01 9.137781294593605441e-02 8.192826531186410410e-02 1.037842074531757225e-01 1.034672983423758907e-01 9.464339124270897130e-02 1.215058964362935728e-01 9.576642043748803679e-02 9.577847864782852716e-02 9.477355721648954290e-02
1.259859717755089648e-01 1.029071079455270987e-01 8.056143666124289393e-02 9.957268970125718321e-02 9.945683041512171085e-02 9.297754355299622797e-02 1.158007713002816713e-01 9.379244125212829464e-02 9.588671969628018155e-02 9.305848769965580081e-02
1.132359164999156426e-01 9.910462524401060513e-02 9.745090771850541123e-02 9.769222917517537963e-02 9.770565899220118311e-02 9.525346676021857750e-02 1.097649492489991413e-01 9.381655414556445971e-02 1.007236586731422856e-01 9.525203354226736974e-02
1.176035469726693650e-01 9.391967247318425138e-02 7.773325619055665436e-02 1.031010163825816645e-01 1.028056471252800086e-01 9.443761061533023637e-02 1.251181607755867675e-01 9.558297827603355612e-02 9.518755454322019860e-02 9.451055664555731151e-02
