7.684087351901899843e-02 1.175078325506980909e-01 1.088049137243409792e-01 9.319907049881157035e-02 9.192784553787335111e-02 1.352751317904806183e-01 9.236244764601565793e-02 1.163160452955905588e-01 7.521361358584491286e-02 9.255222585132523438e-02
7.974819542241672055e-02 1.179719272527703366e-01 1.029306631581421577e-01 9.364590625087877707e-02 9.017666522468165136e-02 1.467746137395364858e-01 8.936878955141408509e-02 1.090418909314147394e-01 8.086120240861048580e-02 8.948014606013460215e-02
8.377932078934333116e-02 1.169315187431904379e-01 1.017420087259830047e-01 9.644079994901838537e-02 9.224539456626625056e-02 1.288190203284237390e-01 9.400705111026248784e-02 1.092642088380207099e-01 8.265627791701443683e-02 9.411439903247724448e-02
7.459793937901651462e-02 1.143912791991733707e-01 1.220073072499322508e-01 9.382889572745169160e-02 8.793253496250393042e-02 1.426436646322845336e-01 8.712746890959052748e-02 1.152950141321706368e-01 7.485992180161463172e-02 8.731597400626188443e-02
7.708339362732442857e-02 1.223040486629402013e-01 1.073651285132126432e-01 9.218106548066216932e-02 9.046260185881895011e-02 1.440819844200849908e-01 8.905480180311933780e-02 1.120028132026718443e-01 7.632667394484253520e-02 8.913748848632291333e-02
9.055832781076617044e-02 1.109897922726930247e-01 1.045272747689053455e-01 9.518388744009580182e-02 9.096388178501317590e-02 1.363501875466035518e-01 8.890096238437465714e-02 1.018648236756524994e-01 9.177437732962005768e-02 8.888648498627564620e-02
7.548754547158539885e-02 1.218592963903868120e-01 1.091800924968202302e-01 9.400047513196975457e-02 9.073466068793671624e-02 1.387311773438553164e-01 9.062001642812883562e-02 1.146749377952280408e-01 7.390256627424329761e-02 9.080923197984562545e-02
8.091382740109977212e-02 1.170335816851972577e-01 1.199276081866621491e-01 9.425948330596428670e-02 9.244586197247543768e-02 1.233508944572754562e-01 8.947503614510787795e-02 1.132480205550756014e-01 7.970348799680578022e-02 8.964219829433636710e-02
8.440014470856481432e-02 1.152635092759477092e-01 1.035365976623658785e-01 9.243325507947726394e-02 9.283296526707415786e-02 1.337227886341702254e-01 9.240795717623902228e-02 1.107934008591959507e-01 8.200818757319740249e-02 9.260119376376753364e-02
7.838546102502876034e-02 1.164810575166227019e-01 1.078738061905396284e-01 8.992598872122392617e-02 8.983373556051967024e-02 1.488601779093108035e-01 8.828379556616722246e-02 1.124715308326225405e-01 7.947215227089068912e-02 8.841229440707409903e-02
7.956482902433729965e-02 1.202790557269167449e-01 1.096969001093973245e-01 9.221926015055617598e-02 8.872082977780831881e-02 1.477478599552766725e-01 8.624463688750749757e-02 1.086280411609913815e-01 8.055033939872782711e-02 8.634824780848070203e-02
7.480865752700628646e-02 1.206681288362307092e-01 1.140945175418639213e-01 9.164184277765904940e-02 8.723538234471409081e-02 1.397513888895405010e-01 8.855555829109341970e-02 1.194134986691019057e-01 7.510000876598643682e-02 8.873101635680373522e-02
7.848091380487749735e-02 1.108245919768099108e-01 1.183471413964381769e-01 8.966874515238205945e-02 8.736105555999072736e-02 1.503035412454382103e-01 8.471385557568768265e-02 1.160547849616165028e-01 7.936945482482872516e-02 8.487591550193052115e-02
7.110496021209758433e-02 1.170148694865548733e-01 1.303465507111172816e-01 8.572132390144722447e-02 8.401786175063351292e-02 1.546041795418627296e-01 8.334481802012874696e-02 1.182167315617241171e-01 7.212354434381694490e-02 8.350516047061705416e-02
7.147881177309430012e-02 1.180676729852022794e-01 1.214778723732253540e-01 8.944116471098267906e-02 8.694665270262516565e-02 1.536602618663385766e-01 8.588190956507930907e-02 1.153549088597960043e-01 7.164627018485547616e-02 8.604447497880088336e-02
7.678028678589088329e-02 1.203296837873887720e-01 1.120048171682277716e-01 9.170747667885165155e-02 8.696186190010186945e-02 1.471285844270143472e-01 8.805499840411142032e-02 1.134739143082201529e-01 7.541366633270556175e-02 8.814471020748756991e-02
8.117376738624357269e-02 1.136409265055719070e-01 1.114211173210033212e-01 9.213379270496270534e-02 9.005471275814654064e-02 1.376714908044322505e-01 8.903582132632924251e-02 1.125774327082494919e-01 8.315051984870792945e-02 8.914041863635302487e-02
7.720410308429370705e-02 1.168530682300390200e-01 1.049173064471350253e-01 9.637924505770997796e-02 9.485759566411913757e-02 1.287356026831996680e-01 9.536016104839332985e-02 1.113494126383796218e-01 7.873656708639159563e-02 9.560693806033894460e-02
7.190973254378608959e-02 1.215111770964413113e-01 1.002616941078150609e-01 9.236946099434184543e-02 8.997391357038336812e-02 1.595869901525584500e-01 8.820666287107759018e-02 1.156867924479937915e-01 7.204847602511493809e-02 8.844510019048752725e-02
7.819821496020448737e-02 1.152057994834223831e-01 1.177318129233142358e-01 9.003934587496435771e-02 8.813867433970257181e-02 1.520524129043360484e-01 8.441451240822904489e-02 1.131192822625936567e-01 7.649729332531463033e-02 8.460265151791857008e-02
7.723836966369286572e-02 1.221726022005760331e-01 1.051906429820074484e-01 9.269671632618062262e-02 9.046706033021539861e-02 1.462920512312159138e-01 8.831058587341318600e-02 1.140329459651684973e-01 7.514350757867775676e-02 8.845551784885229141e-02
8.238594760886046309e-02 1.159442622090285785e-01 1.122156641728323800e-01 9.611333552069384334e-02 9.237279024108809022e-02 1.243612487788741117e-01 9.139593351717671676e-02 1.101359706622637297e-01 8.355941188356394433e-02 9.151543540561817014e-02
8.264299079593034891e-02 1.169415721882869075e-01 1.115821229408858750e-01 9.086305381988431240e-02 8.984347376464617285e-02 1.356439938893551356e-01 9.058899034692581564e-02 1.119801924475759963e-01 7.923086181129913863e-02 9.068274799521031104e-02
7.574478743984841556e-02 1.168287691634575937e-01 1.240460656381509180e-01 9.026212606646641379e-02 8.943812877442948450e-02 1.413963999435816077e-01 8.661269989835075622e-02 1.126823763383014848e-01 7.620094303626225030e-02 8.678770370115107546e-02
8.139045557464963387e-02 1.156235179593396722e-01 1.022625218162028365e-01 8.826194113806981600e-02 8.773141674406328971e-02 1.574233243107531766e-01 8.764755848480453027e-02 1.125575414833629440e-01 7.933592932529706654e-02 8.776579316345700654e-02
6.319834540413708790e-02 1.102077262739172697e-01 1.737892225178334360e-01 8.101851350440016086e-02 8.026256253514071903e-02 1.589286587079983271e-01 8.091712569193817983e-02 1.074437799715977776e-01 6.309452165728145212e-02 8.113954373575552048e-02
8.300613767988836156e-02 1.172794940147995207e-01 1.035661878440643779e-01 9.508971134596125308e-02 9.384429986203098040e-02 1.218082099888593423e-01 9.472130651352146657e-02 1.135412757349490709e-01 8.229007826198679598e-02 9.485329875393884447e-02
8.269100751224485457e-02 1.151576273803502776e-01 1.088719948472565285e-01 9.444498269671669499e-02 9.118790511521175646e-02 1.329906194588744706e-01 9.186904029023891527e-02 1.104629820142560559e-01 8.037578349725511828e-02 9.194805718759531399e-02
7.905725466411329949e-02 1.170241155591749405e-01 1.108831427697606481e-01 9.100967781663443779e-02 8.938495170970135739e-02 1.436861947366021852e-01 8.827643543116998892e-02 1.127041567076239315e-01 7.958403489667098540e-02 8.839003570854818415e-02
8.281543306324169740e-02 1.119194994935330673e-01 1.166887969183494078e-01 9.355369351097071740e-02 8.878299045634203968e-02 1.321420665832771790e-01 8.972754704726819408e-02 1.101853330653683044e-01 8.431613156342959714e-02 8.986850829821983744e-02
7.393388059676442303e-02 1.208229304258151837e-01 1.064742136979875547e-01 9.113945542505469399e-02 8.791941538034671322e-02 1.547901369902531798e-01 8.792151832075541240e-02 1.134262376867076899e-01 7.552267126598515012e-02 8.804954021032998512e-02
7.810822431697501955e-02 1.166840641430201136e-01 1.111316336121341286e-01 9.095581799519554533e-02 8.992436973017887969e-02 1.375121196030585080e-01 9.019446705647561624e-02 1.152772885503814265e-01 7.990309827430622236e-02 9.030891671827455391e-02
7.622570202964870645e-02 1.164919194495548926e-01 1.129380758832178033e-01 9.128215117081435459e-02 9.027085894335562521e-02 1.446926435804951061e-01 8.753410522492180434e-02 1.163123417617372701e-01 7.659576291099874645e-02 8.765643904525569075e-02
8.494306656885476647e-02 1.046495629052806992e-01 1.019810179322417076e-01 1.012292792832792665e-01 9.266795974307415196e-02 1.225817630899184996e-01 1.022729410512636661e-01 1.034567830631946267e-01 8.394059076414338294e-02 1.022770355987492052e-01
8.605675372472197660e-02 1.120962660515556764e-01 1.063194745970905963e-01 9.540732919146205360e-02 9.281570997188390293e-02 1.337927415426930777e-01 9.039629246221257686e-02 1.053735465941480071e-01 8.727816137402034935e-02 9.046372449021179707e-02
7.744579530030447356e-02 1.172775509222710039e-01 1.286410489461890516e-01 8.671306089938003725e-02 8.314762317209975495e-02 1.496243345286094872e-01 8.293255823635861668e-02 1.144254809972473919e-01 7.670704290846547257e-02 8.308550408907465490e-02
6.754899525050332698e-02 1.146144374001930311e-01 1.270972969223091165e-01 8.951541731926952739e-02 8.478624965038061845e-02 1.598401592511660418e-01 8.724983733704937128e-02 1.166543153926090370e-01 6.526349781899964952e-02 8.742979365752029386e-02
7.787023932529636705e-02 1.207951095789355639e-01 1.003518443104828156e-01 9.058511378980298179e-02 8.954501926156069325e-02 1.507856533163948742e-01 8.938677689433267848e-02 1.135478950704669199e-01 7.759075535435097648e-02 8.954159309837608771e-02
7.610865894129319187e-02 1.220011530411621026e-01 1.171545772358938420e-01 8.657571312155183663e-02 8.507056722102500357e-02 1.569310987020504922e-01 8.400484041868640228e-02 1.135056653987237124e-01 7.450927296074182082e-02 8.413845295887163733e-02
7.282784806273977229e-02 1.204555053540898174e-01 1.223148245159391273e-01 8.787738187869190143e-02 8.654377631563865692e-02 1.497644857851585520e-01 8.433204804497998475e-02 1.177839453975147166e-01 7.365869477981856761e-02 8.444148986542893143e-02
7.968455984386524360e-02 1.204338502615060064e-01 1.110158741357662876e-01 8.950530148736116076e-02 8.999432645353926119e-02 1.421261261674938159e-01 8.755879686637803305e-02 1.121953157459085193e-01 7.978574995257146918e-02 8.770009908561018919e-02
7.821775629299541899e-02 1.138692971621638045e-01 1.179091926064786272e-01 9.150064725062001525e-02 8.875198322015653840e-02 1.414869616675235586e-01 8.750392275472018699e-02 1.132921489624085787e-01 7.987345990166642984e-02 8.759463018126686928e-02
7.979442009979460793e-02 1.189289264035897631e-01 1.031927402170204761e-01 9.055144641366041913e-02 8.761047435905837399e-02 1.593748533329625572e-01 8.538519982604146630e-02 1.109035070591017635e-01 7.869442375426337344e-02 8.556400853450726873e-02
7.614822400038739891e-02 1.184079038506085646e-01 1.136184821033154602e-01 9.117419784107648473e-02 8.983962366173423031e-02 1.391268294133654049e-01 8.971545196707100822e-02 1.156571694437688036e-01 7.642950566396097822e-02 8.988261205471169413e-02
7.569539435127566052e-02 1.164846821782269670e-01 1.133283372726309329e-01 9.339290022134368041e-02 9.088292666785942331e-02 1.336137279292893554e-01 9.377826818088780270e-02 1.159991070543733710e-01 7.291245597468581918e-02 9.391220016942697368e-02
8.179614490803316373e-02 1.159687251243205763e-01 1.062373571623336510e-01 9.375312632795980428e-02 8.913582906277285611e-02 1.410862218673901991e-01 8.986903969449494545e-02 1.106523228956082933e-01 8.152202738508339264e-02 8.997920557200315972e-02
6.907104468431912725e-02 1.160348793490275920e-01 1.199357046448074615e-01 8.700280451145839256e-02 8.740580625222889311e-02 1.523341326038171184e-01 8.917313403009888284e-02 1.188574663845970714e-01 7.081804743892235188e-02 8.936698010072309517e-02
7.343322495531445782e-02 1.184859451841702022e-01 1.073286546463925323e-01 8.950810747931010891e-02 8.555576255019951837e-02 1.588100149221962909e-01 8.794816364172065859e-02 1.176203328228367928e-01 7.321864633999811134e-02 8.809114745786128520e-02
8.100788759660630667e-02 1.153335338544158595e-01 1.088058315820868427e-01 9.159140603017962290e-02 9.123569994769087366e-02 1.400913834707733785e-01 9.141654238437393887e-02 1.090247144801550355e-01 7.998043269997431870e-02 9.151256795374385078e-02
7.872945638641232202e-02 1.178316639568591229e-01 1.109880345317905415e-01 9.858768786042629295e-02 9.255460701897924580e-02 1.209163699136623776e-01 9.448005071933712751e-02 1.104684944072642921e-01 8.085380589039951882e-02 9.458982931486915879e-02
8.896005362144830675e-02 1.027216843042097899e-01 1.042180925102522415e-01 9.921855905106473361e-02 9.576669400569742807e-02 1.251730937586617853e-01 9.454224857731315101e-02 1.008397165500790338e-01 9.406285211827560000e-02 9.449700550299790225e-02
8.134336727624766339e-02 1.155681158785987345e-01 1.073810697939331787e-01 9.475314221135741621e-02 8.952640509250950340e-02 1.402764833346676621e-01 8.997806723120076178e-02 1.103979757545903440e-01 8.061917562063025677e-02 9.015619780626446533e-02
8.336834804408747857e-02 1.125740935028957806e-01 1.041854143779011588e-01 1.002193263709939552e-01 9.471887349059959771e-02 1.178056431940524840e-01 9.510084836284851684e-02 1.111998404274532198e-01 8.561899210155257678e-02 9.520862012761532878e-02
8.428943720647273652e-02 1.118298585769448988e-01 1.082742053154652634e-01 9.796434643976266454e-02 9.432436493528149890e-02 1.242512458698676325e-01 9.157471469207982551e-02 1.072491220151818442e-01 8.855927841490895958e-02 9.168342653403470377e-02
7.622562423873194271e-02 1.194389738484639696e-01 1.198822380539642796e-01 8.955082051283577704e-02 8.459742668477630845e-02 1.481669503665082877e-01 8.705685372687071988e-02 1.146942407015499737e-01 7.322014522717452956e-02 8.716672663912422570e-02
6.948915205687303254e-02 1.191482132198950633e-01 1.186893693130320476e-01 8.725390922069062305e-02 8.636197616066412786e-02 1.553629163374088129e-01 8.771976183060790910e-02 1.175132988371224152e-01 7.055565147113863900e-02 8.790575155256731554e-02
7.535866685582588709e-02 1.206528227056486435e-01 1.236625428259319898e-01 8.821264202643513963e-02 8.314667904341908888e-02 1.504505869271376417e-01 8.429136273206787322e-02 1.156747769207399357e-01 7.418306778231789633e-02 8.436685218047587642e-02
7.199410623929103359e-02 1.165825052755906088e-01 1.291594441640444568e-01 8.556397203633442361e-02 8.514213648173672710e-02 1.521556777355878853e-01 8.524745882910066130e-02 1.185208133311270451e-01 7.022511374713295840e-02 8.540877216005414441e-02
7.718042906091199251e-02 1.181207302931236575e-01 1.110148552680283868e-01 9.292653795032325414e-02 9.120166947637924071e-02 1.372341616644715268e-01 9.094118154337393900e-02 1.160665340531962936e-01 7.422318105665401400e-02 9.109071963353768120e-02
8.296245223094803056e-02 1.143004230417088013e-01 1.121635668606081188e-01 9.488381005735656293e-02 9.278047390498560254e-02 1.196828890115175376e-01 9.591004818283398181e-02 1.112913423333865420e-01 8.005699857750867010e-02 9.596799579914620792e-02
7.978972287335230062e-02 1.234565755414780974e-01 1.098444632866775322e-01 9.131073234598278965e-02 8.677294705596887148e-02 1.467780745327093017e-01 8.508539901761870416e-02 1.110632044673310892e-01 8.070615800870242773e-02 8.519272287017888579e-02
8.440283519037035387e-02 1.079028232085203348e-01 1.093512404193361237e-01 9.596425162878284565e-02 9.283594871942012217e-02 1.286259280787027670e-01 9.346955672840846774e-02 1.082637570805825150e-01 8.571522890177479814e-02 9.346843004410167188e-02
8.289823370968683880e-02 1.183216202922840327e-01 1.112971905092734748e-01 9.207634301520953302e-02 9.132841065893949895e-02 1.304279602121067028e-01 9.030962698709646408e-02 1.125052372246561350e-01 8.040552726481234314e-02 9.042985012593497685e-02
7.831733249527091101e-02 1.199879349824240077e-01 1.074031542984528187e-01 9.618263236940033378e-02 9.179916613953216509e-02 1.276427857688970102e-01 9.372628407261299199e-02 1.130746348183969269e-01 7.799243163250313415e-02 9.387364342250970051e-02
8.802378767729403253e-02 1.105706288368351609e-01 1.108350620532453923e-01 9.456891684526715081e-02 9.325649837519775498e-02 1.346264315252679866e-01 8.603391888008006527e-02 1.068855734827548615e-01 8.911263816194682497e-02 8.608654416211077021e-02
7.774463716608284725e-02 1.195327019286058223e-01 1.021058223969988632e-01 9.356529513871297832e-02 9.029893821506800033e-02 1.397230146483537383e-01 9.154799469286391267e-02 1.168354796026412068e-01 7.695807290763478914e-02 9.168804330303784167e-02
7.614548930705154761e-02 1.121778164871184424e-01 1.185021324135264315e-01 8.835342354987585356e-02 8.742721899783936768e-02 1.376981174876152070e-01 9.122140472304224312e-02 1.175113138937988327e-01 7.971747122116482065e-02 9.124561191896723988e-02
8.000530201721600676e-02 1.127300243685795261e-01 1.215460994873585610e-01 9.064362468267048167e-02 8.927208240450207333e-02 1.277677075933699169e-01 8.993603668712404908e-02 1.145413709175084754e-01 8.348359826310111642e-02 9.007415357856975169e-02
7.814619227030762671e-02 1.168623775823030286e-01 1.150664751256888219e-01 9.255833783882298771e-02 9.095835797280071855e-02 1.319723510294016910e-01 9.063064250869694305e-02 1.137420042487454486e-01 7.927179815915490202e-02 9.079146326407791512e-02
8.267980748980906236e-02 1.154402518913987125e-01 1.019105448976544426e-01 9.365402342213173525e-02 9.156155897098053331e-02 1.390562375018526697e-01 9.153813216731465641e-02 1.113412093642161399e-01 8.112350274165480712e-02 9.169473155298726863e-02
8.297354056725764204e-02 1.150311035231189744e-01 1.169658201647625212e-01 9.465458227333965746e-02 8.907693535342643687e-02 1.332750621295833160e-01 8.904436918824251701e-02 1.081184472307038652e-01 8.178223639641268861e-02 8.907790317315238127e-02
7.673261654450763691e-02 1.175934504340699488e-01 1.159120493852086875e-01 9.092803915900522782e-02 8.841272152659702954e-02 1.440251197011042650e-01 8.804291848155149092e-02 1.127852691173753669e-01 7.735121592526844614e-02 8.821659972531195604e-02
7.878118101626958858e-02 1.114846705611824140e-01 1.233150989466163666e-01 8.883678045060366957e-02 8.835489411132249615e-02 1.337062068585711805e-01 9.030228983026464262e-02 1.138917310583829473e-01 8.095100795060675147e-02 9.037613921617997093e-02
7.257141345544070032e-02 1.156661466515839232e-01 1.265042566049214279e-01 8.977273558662769715e-02 8.486944165308363264e-02 1.435496406383097445e-01 8.817663747165495336e-02 1.186291737729199269e-01 7.198407724080943537e-02 8.827647692464857254e-02
7.635364474951722435e-02 1.211222108486617599e-01 1.267665808445769260e-01 8.834239164693349911e-02 8.762945271975927652e-02 1.324032254065931613e-01 8.798928357854386706e-02 1.186074434093104119e-01 7.268400363833231459e-02 8.810176315777158706e-02
7.499421752673936237e-02 1.219487289307550903e-01 1.096042970975906750e-01 8.862260353458649431e-02 8.477146162602951229e-02 1.543820642690408307e-01 8.891930984518833792e-02 1.125920882052912769e-01 7.519051914942365133e-02 8.897470981535475498e-02
7.309005386247025005e-02 1.183200767566730260e-01 1.197209456238250425e-01 8.737596919662811434e-02 8.516769503322768609e-02 1.529631612724264011e-01 8.582286012321586888e-02 1.187035056979479364e-01 7.292112717988286086e-02 8.591460525370279988e-02
8.091286017125480512e-02 1.160666562015583159e-01 1.125558675830028721e-01 9.501457483902474299e-02 9.016874988864138907e-02 1.378377665021491560e-01 8.791599642263724090e-02 1.087241878310012400e-01 8.275308712170460768e-02 8.805025343902561641e-02
4.867480693156821941e-02 1.372643917976778261e-01 7.944142309017565573e-02 9.413488244692917728e-02 8.975349464206103245e-02 1.949114205693298352e-01 8.909092140498321710e-02 1.290539840929997573e-01 4.790570359014448970e-02 8.976897143413078983e-02
7.607044400345218393e-02 1.139351180472337050e-01 1.113116065324564335e-01 9.282906405047214315e-02 9.069748849415833203e-02 1.412098665637621098e-01 9.187884013688477070e-02 1.127838827145385692e-01 7.730477512783832938e-02 9.197891432920343724e-02
7.737333070315348393e-02 1.156061979209783708e-01 1.104903375424185763e-01 9.119939567626721144e-02 8.984631617502339407e-02 1.435041554700191846e-01 9.044731674632758289e-02 1.135162105093285717e-01 7.740599422828912946e-02 9.061074502819449483e-02
8.001814626145679898e-02 1.195019101593507160e-01 1.095678974352135848e-01 9.212946459430214341e-02 9.049087588975683605e-02 1.412968516784642581e-01 8.796405640427258643e-02 1.131847418488420159e-01 7.777636928818930373e-02 8.806968644015174263e-02
7.810873996466656533e-02 1.137753738930976088e-01 1.227606270461404775e-01 8.926462305916475770e-02 8.704519207783079082e-02 1.507058623576579826e-01 8.281428879275036514e-02 1.136964132173736014e-01 7.892701401293834851e-02 8.290186557837952996e-02
7.342209944612108907e-02 1.196938578702935185e-01 1.151848553220094634e-01 8.869715377855882932e-02 8.571089827851126330e-02 1.509804878923438620e-01 8.748240108646174185e-02 1.179485254129511718e-01 7.322258854680117890e-02 8.765713236594793734e-02
7.763401303311499857e-02 1.141475245240442110e-01 1.167176919538375629e-01 8.937999128920962044e-02 9.071100910555554564e-02 1.318654773681268710e-01 9.366702813010338580e-02 1.151828677254789629e-01 7.695579252867952580e-02 9.373860434184927426e-02
7.067851099476919752e-02 1.201972456861564315e-01 1.114745198579211727e-01 9.244677985378503549e-02 8.940198616207442606e-02 1.516278812691540523e-01 8.860905928885436100e-02 1.146037521503099482e-01 7.210816354462694366e-02 8.885210119234845938e-02
8.501454679249875745e-02 1.183988011921593420e-01 1.086476832007279708e-01 9.123427264915094648e-02 9.096801050555522461e-02 1.274853843754258087e-01 9.171210715408488479e-02 1.093095398100414201e-01 8.545621689225250950e-02 9.177343742810314953e-02
7.575092674735622866e-02 1.214206597156508444e-01 1.149954120236985067e-01 9.154953846258451211e-02 8.851872993264646439e-02 1.430757394995321452e-01 8.771819900205181375e-02 1.146792232749911794e-01 7.439313887759897714e-02 8.789843246388936993e-02
8.537254290514602328e-02 1.127387410308170468e-01 1.125351834845677579e-01 9.562590508474015649e-02 9.146800452728079400e-02 1.182639617391823550e-01 9.514731480930012364e-02 1.107405433853048821e-01 8.289069608049752513e-02 9.521710695316337736e-02
7.333854462138389430e-02 1.183534816198991008e-01 1.049634565433508748e-01 9.294788418535958330e-02 8.961521173486561298e-02 1.503346071715664922e-01 8.798769362761180157e-02 1.197553692063481195e-01 7.453826184797809895e-02 8.816548944163643542e-02
7.582280258064146017e-02 1.167281167032740707e-01 1.146906259775634790e-01 9.069561591516045462e-02 8.842983484079387779e-02 1.395262720290053604e-01 9.250610372282126737e-02 1.140265031545578400e-01 7.491506592335087089e-02 9.265905915283131900e-02
7.579606737713223685e-02 1.159900431109747443e-01 1.239116428131503966e-01 8.913965950425607743e-02 8.440604181487466884e-02 1.459288210820518794e-01 8.770685521139312546e-02 1.134974932679619075e-01 7.582085317620325393e-02 8.780252264200177903e-02
8.171630579153679741e-02 1.102933039543924215e-01 1.047774840355542303e-01 9.605950816390138036e-02 9.185631042912341393e-02 1.380044928685049410e-01 9.425452384623082824e-02 1.051409393226377109e-01 8.362407994760646945e-02 9.427305164051177910e-02
7.672294883521783848e-02 1.192260565363584546e-01 1.102326246870805604e-01 9.039578489073939183e-02 8.879782148734730041e-02 1.464778513245867941e-01 8.832512406752743295e-02 1.142103035021678897e-01 7.716324241368074932e-02 8.844824225529351880e-02
8.204699646118986112e-02 1.135887265327264195e-01 1.093912413631599190e-01 9.443704265516883467e-02 9.013755482999316615e-02 1.362258809570040807e-01 8.927007546675495842e-02 1.142911849870032331e-01 8.123298775661270954e-02 8.937830899038688715e-02
8.059238941779944820e-02 1.179371782985020184e-01 1.048613242905264004e-01 9.010847700642872493e-02 8.923291593470093763e-02 1.479712964979094658e-01 8.830943253826752104e-02 1.117307012131760757e-01 8.081278931131732901e-02 8.844349549137210664e-02
7.825649252669211742e-02 1.109948205693468415e-01 1.142493868457454820e-01 9.587754015707659894e-02 8.822493960796139179e-02 1.449625856800191293e-01 9.101409130188628516e-02 1.064547922071116398e-01 7.888459757137913919e-02 9.108075353278136110e-02
7.753993660483277095e-02 1.232893286812668660e-01 1.065154886842065579e-01 9.082349235550009336e-02 8.865098589113440397e-02 1.490934924899006420e-01 8.737841572274375468e-02 1.120453068759578452e-01 7.719088194241806311e-02 8.747267075203898901e-02
8.146839831501737073e-02 1.232050434315724030e-01 1.125552170350793552e-01 9.006433406922645379e-02 8.671761076004369517e-02 1.464690870518744192e-01 8.514436954371155941e-02 1.096937513569631595e-01 7.942202037910037205e-02 8.526016805741119808e-02
8.345048104459354410e-02 1.138409126295311380e-01 1.094623204461416671e-01 9.494402138540222746e-02 9.086673558602548217e-02 1.446736944087650967e-01 8.447315373824874907e-02 1.107299894929923978e-01 8.292825227682418254e-02 8.463043899147548732e-02
7.412753906908833845e-02 1.214718209002069588e-01 1.100988644566490704e-01 9.365331426241688129e-02 9.026308013654718576e-02 1.322350255136509056e-01 9.344100891778310547e-02 1.180167303203830814e-01 7.308166415699522689e-02 9.361095226627921817e-02
8.982714249194147238e-02 1.134000529998259316e-01 1.120635861555470125e-01 9.286540013514815728e-02 9.145913915957139262e-02 1.169981510005018294e-01 9.375410083943525041e-02 1.084018189620242212e-01 8.745663970020163547e-02 9.377396855580306945e-02
7.789672937371260042e-02 1.207057119064731537e-01 1.167580335964652077e-01 9.076647568166765212e-02 8.647612210607973082e-02 1.465333681103200836e-01 8.396058305937272037e-02 1.126150186216697408e-01 8.026399319735831595e-02 8.402396434688072513e-02
7.068259096226961469e-02 1.228590164085561487e-01 1.090453542078167054e-01 8.765599195899262397e-02 8.831626467354361520e-02 1.584903331640770685e-01 8.862627186549491831e-02 1.149584969342448831e-01 7.053068355227713748e-02 8.883499627272725685e-02
7.328613479169397704e-02 1.192189448864520718e-01 1.037945102975824374e-01 9.186414361244579774e-02 9.110319072088085557e-02 1.522858267359843698e-01 9.086740029399546781e-02 1.138114006728894317e-01 7.263136067060049772e-02 9.113708731747513503e-02
7.143363820686110532e-02 1.208483060372966961e-01 1.169935522164643332e-01 9.339317771381519528e-02 8.980338462543713263e-02 1.384613332521318907e-01 9.056262430516362483e-02 1.177121083086234143e-01 6.999895599839325855e-02 9.079291933581334906e-02
9.334483732181821092e-02 1.000492738731273840e-01 9.852506824675298647e-02 1.052106104604125375e-01 1.001090236325689192e-01 1.056323506442030102e-01 1.017859410988177227e-01 9.686656446513701446e-02 9.674034140065836118e-02 1.017359888565038534e-01
9.883513158739322402e-02 1.010263419770429799e-01 1.032875265224381528e-01 9.709280069044963490e-02 1.006150701168286310e-01 1.089402142948601160e-01 9.419019135987359570e-02 9.871277172272963085e-02 1.031005594016006777e-01 9.419939232678335717e-02
8.297279751507936896e-02 1.092172991637657548e-01 1.237257296071359591e-01 8.792504706503817546e-02 8.723944534997146727e-02 1.332104694328344052e-01 9.079032245802708123e-02 1.115298542727686248e-01 8.260339050663127736e-02 9.078564462874785801e-02
8.089888250321586316e-02 1.089071877135805166e-01 1.117196068716158758e-01 8.563126570093629319e-02 8.780818309011489964e-02 1.555115095455914254e-01 8.973292757319888124e-02 1.084803334241367517e-01 8.151236947543305522e-02 8.979773410217646579e-02
7.532380207166423924e-02 1.149994735524661887e-01 1.212281682755675938e-01 8.868129031504995430e-02 8.883531034381629554e-02 1.454905160696439437e-01 9.007182029147699220e-02 1.124000187582563093e-01 7.275454613754624156e-02 9.021505418451222780e-02
8.153429007936219275e-02 1.165641013971445150e-01 1.078108956548250175e-01 9.466272654419707888e-02 9.209702002753497596e-02 1.327281996300790079e-01 9.111498624085703768e-02 1.133381966392946333e-01 7.884403872130346658e-02 9.130554506540207449e-02
7.605514473703915701e-02 1.175615955675007318e-01 1.151702344734692185e-01 9.296553228599858942e-02 8.889472505464209029e-02 1.369346537141908349e-01 9.053127831721809182e-02 1.162184904830152465e-01 7.496199920790701243e-02 9.070634615901904119e-02
7.944951804387939687e-02 1.177014406144913788e-01 1.086252238385457120e-01 9.444203857898524068e-02 9.016072771174693523e-02 1.373318531060480352e-01 9.017348572588490541e-02 1.127272648099764268e-01 7.908526328340735601e-02 9.030318428703457134e-02
7.359139557230719164e-02 1.227797916842768844e-01 1.028438886099647676e-01 9.248377556534485844e-02 8.973531328603179258e-02 1.477356319575582055e-01 9.033629116081882959e-02 1.143971512165508631e-01 7.555357605737952897e-02 9.054318488976713375e-02
7.682350865505789550e-02 1.117728430084591468e-01 1.263903861536661011e-01 8.987922618295238197e-02 8.847464597680584908e-02 1.359225633487226581e-01 8.618752483787828211e-02 1.205510170601460790e-01 7.770174638406904255e-02 8.629653839224252221e-02
8.092554582309431643e-02 1.140595005386740579e-01 1.113732396267084063e-01 9.410842678644999737e-02 9.113202993157960841e-02 1.385078009237006857e-01 9.082473609961025374e-02 1.095087971838175633e-01 7.859858069956851545e-02 9.096134238679658146e-02
7.481385951114263855e-02 1.201164442021434436e-01 1.071489799100881352e-01 9.194595010072455221e-02 8.852579969437872343e-02 1.574976344891839408e-01 8.573969572450663990e-02 1.148494507018125166e-01 7.340570861027638505e-02 8.595647705574306630e-02
7.862839712895562660e-02 1.182929846703743015e-01 1.094804673286881441e-01 9.555433060994855676e-02 9.010698650992840508e-02 1.418287811391995834e-01 8.938508594235790305e-02 1.113693993983003450e-01 7.581500917780066573e-02 8.953855809444645486e-02
7.698483761821395266e-02 1.243955965592403456e-01 1.128414964485475042e-01 9.392307923674167447e-02 8.967600903738280615e-02 1.325998514252621496e-01 9.013347282603210997e-02 1.152097310107922934e-01 7.397252969204078099e-02 9.026339614574638293e-02
7.840605943169556835e-02 1.214403430939096362e-01 1.102924575993159684e-01 8.388695679702937169e-02 8.434874549677309763e-02 1.649150684291516289e-01 8.449253104257699321e-02 1.123979489122002018e-01 7.528752988733550255e-02 8.453235931001211456e-02
8.143916099693243593e-02 1.174735394165972446e-01 1.210965934974239516e-01 9.257495954887359768e-02 8.826283665482109742e-02 1.291057149848643948e-01 8.610536986115809033e-02 1.144579789526892072e-01 8.328991392338136457e-02 8.619393216325861584e-02
7.190198769164840575e-02 1.219394597055574875e-01 1.201607626206362828e-01 8.634440699503777294e-02 8.568251930203062139e-02 1.569350130554574285e-01 8.612618026430797491e-02 1.140162779951460342e-01 7.061854367232674179e-02 8.627484869785126409e-02
8.001267171732698302e-02 1.154624225775382484e-01 1.024107206662730335e-01 9.620076609053077044e-02 9.537274765298558998e-02 1.263459691493653003e-01 9.531017429350792380e-02 1.141891434865996147e-01 7.921654196358395017e-02 9.547884240228858566e-02
6.982256885962347115e-02 1.201024230755256689e-01 1.157121320597401110e-01 8.999591822830561860e-02 8.590226229615975650e-02 1.630455336601614458e-01 8.377871444419306146e-02 1.188089679971036650e-01 6.881781840521684901e-02 8.401366097397039434e-02
8.595540104206608745e-02 1.139948038616235559e-01 9.935058045655220660e-02 9.593986963481930530e-02 9.304339640667484701e-02 1.360365217676960392e-01 9.182976540221378381e-02 1.088449882602331442e-01 8.302330691837880861e-02 9.198136624974226350e-02
8.330781621453095531e-02 1.115432399700555383e-01 1.098284511170315447e-01 9.543902768651735258e-02 9.520957251551730172e-02 1.288859837505312023e-01 9.071048024987596325e-02 1.116163197320798189e-01 8.260333832590820158e-02 9.085577043795212138e-02
7.601949826681481115e-02 1.248117182369064548e-01 1.267063199941169116e-01 8.552546139686545423e-02 8.332851351126331629e-02 1.483200187874694209e-01 8.370746904069142902e-02 1.144807993672099927e-01 7.331158639832130453e-02 8.378861500034096021e-02
8.853523021180238761e-02 1.123398372073541873e-01 1.066777108783928951e-01 9.501415816323201258e-02 9.371398113112675010e-02 1.310507505652953042e-01 8.753739143381449039e-02 1.069607414704177306e-01 9.060161753908937965e-02 8.756858139947479303e-02
8.453405690544357753e-02 1.095511791440330202e-01 1.053019277335084380e-01 9.318896876723362088e-02 9.577534418071270705e-02 1.329538981257584462e-01 8.858145686883890646e-02 1.149989755637057798e-01 8.639178530734899220e-02 8.872240740341648391e-02
7.684108960731812765e-02 1.183072314529414332e-01 1.118100279149373266e-01 9.434709941479803297e-02 8.989555952627557855e-02 1.405257523537021547e-01 9.079120446078749185e-02 1.112651671620456389e-01 7.530702724767111833e-02 9.090984085952309723e-02
7.598915207356635171e-02 1.049202100223535217e-01 1.003681374338126348e-01 8.278033904540600674e-02 8.335907850481936998e-02 2.082737469200999780e-01 8.265768579813016770e-02 1.013319152190426259e-01 7.760501459278795755e-02 8.271472038998138598e-02
7.052145219733083059e-02 1.153504236427986412e-01 1.251884771005520869e-01 8.569050596031191347e-02 8.446765000179201621e-02 1.662068647495368867e-01 8.432870561366515028e-02 1.131088854262281423e-01 7.073397177927025214e-02 8.440306352851399685e-02
7.518705293112827592e-02 1.207396580731213281e-01 1.146011581609334418e-01 9.117665549279881099e-02 8.811452733557502415e-02 1.439720107535850391e-01 8.765661578782732444e-02 1.160728708236474505e-01 7.466585036831097089e-02 8.781360027307232030e-02
8.743522263280549545e-02 1.089386028089310843e-01 1.214288487896125757e-01 9.444253758888573880e-02 9.384721375598481519e-02 1.220395220280092868e-01 8.705612250565651633e-02 1.105647004494288294e-01 8.713362847713515547e-02 8.711360096355053040e-02
8.664036868142020731e-02 1.113731409866935834e-01 1.033287476989747100e-01 1.020786806193428875e-01 9.414240933510413523e-02 1.206998215000158747e-01 9.360993451765926843e-02 1.100236799629459861e-01 8.450672936861476636e-02 9.359648732922862258e-02
8.335982209490577777e-02 1.120656094504127315e-01 1.045810865178880694e-01 9.034180586940367130e-02 9.301459897626182527e-02 1.390493116223317782e-01 9.201981674374963560e-02 1.136784476554794365e-01 7.977073700649134347e-02 9.211876406307573095e-02
7.779985239936562658e-02 1.175183470675056907e-01 1.140331089927032054e-01 9.781074654405799707e-02 9.034780454849450360e-02 1.279660368933590309e-01 9.355378416563502053e-02 1.101308504732363275e-01 7.717041244807353040e-02 9.366905646756906734e-02
7.729082710909179754e-02 1.177161996994411236e-01 1.133811189554435467e-01 8.983733335302684919e-02 8.808009619636504584e-02 1.475529551998438216e-01 8.555256000561088647e-02 1.158448540819064371e-01 7.907239612488867198e-02 8.567165927438176454e-02
7.347871464728968072e-02 1.155697027041115710e-01 1.200081069129755595e-01 9.397376325154882526e-02 9.251422572397818844e-02 1.342660960921512603e-01 9.151158455193147967e-02 1.158824476151995159e-01 7.108496638841529935e-02 9.171039211239863376e-02
8.024810246147021098e-02 1.157574316419616028e-01 1.035919609917475698e-01 9.357411770362954184e-02 9.138981753498716387e-02 1.438981718044571034e-01 9.129650435529618191e-02 1.102598440645260885e-01 7.852972233813844405e-02 9.145432710378613439e-02
7.686653513116281644e-02 1.151721308163861646e-01 1.061626186033734626e-01 8.943958518881570119e-02 9.037978096301522990e-02 1.424018367878492342e-01 9.056315749966079021e-02 1.182475941305330680e-01 8.007531742977301581e-02 9.069144344943051717e-02
8.069544280173363004e-02 1.116644529543743408e-01 1.132195250874202808e-01 9.169422040525428141e-02 8.932676958017850277e-02 1.332049287354213629e-01 9.221754748207248997e-02 1.129387273530010477e-01 8.277885481990587824e-02 9.225953078063814372e-02
8.455081492898063045e-02 1.160629364565564231e-01 1.034265576629714162e-01 9.198200911185820672e-02 9.172106938522513186e-02 1.370078869563808588e-01 9.252521766502146139e-02 1.089581238309533517e-01 8.109313970253007042e-02 9.267224429952251874e-02
8.032304735127133999e-02 1.173954119793541445e-01 1.073306449186127026e-01 9.252800338984044914e-02 9.331812402308750642e-02 1.272522972245221928e-01 9.377224723844418408e-02 1.122355764699167202e-01 8.189223313228914669e-02 9.395241427266166900e-02
8.372593535638732376e-02 1.178651664616511413e-01 1.041891664407130352e-01 9.163680824793479784e-02 9.106212892177556473e-02 1.425310352606995179e-01 8.938386283038161906e-02 1.097849492325801563e-01 8.036064946401369480e-02 8.946029778386319076e-02
7.936904754111470672e-02 1.165787865433196568e-01 1.026161123977111789e-01 9.167125084119959189e-02 9.088209930369757494e-02 1.452257806792585926e-01 9.102861061675646126e-02 1.139958941058316771e-01 7.746504230242116928e-02 9.116737566868933496e-02
7.992038144321771120e-02 1.134806942542644914e-01 1.212477005006976361e-01 8.758464049863201595e-02 8.660052817779280432e-02 1.441392380044018984e-01 8.492400653533507815e-02 1.147309129373795394e-01 8.235145469270924168e-02 8.502044295556961118e-02
7.755736470551068129e-02 1.139487526335059564e-01 1.358424934460014943e-01 8.716241092882419383e-02 8.394776439163550985e-02 1.412094047304789657e-01 8.413046507621681214e-02 1.136297050501179629e-01 7.837587834415050969e-02 8.419576069355795556e-02
8.033549558875227592e-02 1.160571967930159182e-01 1.041794798640656300e-01 9.563229777067208670e-02 9.390995160373617756e-02 1.239119606486899644e-01 9.844286650324481081e-02 1.118578120236800866e-01 7.713523629003857240e-02 9.853770291410446358e-02
7.394296428321367465e-02 1.168866143108304584e-01 1.122862823506426966e-01 8.654066270858033760e-02 8.533889205010403156e-02 1.624113636628127799e-01 8.604049361981554178e-02 1.154727559696769601e-01 7.488832847930579351e-02 8.619164256501776755e-02
7.871157891302506260e-02 1.170876535509584870e-01 1.158308042359807444e-01 9.349350791329012755e-02 9.048069137691083785e-02 1.321002547879322198e-01 9.121628428452972781e-02 1.128444519589441308e-01 7.683855569209468994e-02 9.139621728633393061e-02
7.872658927671040419e-02 1.101034563511640585e-01 1.163566551348267086e-01 8.872596352097508743e-02 8.870059586807226004e-02 1.420413498814903641e-01 8.841826065475799634e-02 1.169521683862825845e-01 8.143352658990250792e-02 8.854143433581801448e-02
7.402025674196942295e-02 1.214820097285185113e-01 1.014137281403811458e-01 9.614386374872380125e-02 9.280833852333678080e-02 1.385417653963270934e-01 9.288320477705663825e-02 1.178100174270053785e-01 7.176687883526816636e-02 9.312993668141303361e-02
7.341934211515173392e-02 1.183875508024986173e-01 1.106973487566520198e-01 8.821019559521257880e-02 8.724920483478129651e-02 1.586976791964586353e-01 8.665185428114446919e-02 1.174351830901954746e-01 7.243718792016727581e-02 8.681445340773785713e-02
8.237720848870598578e-02 1.185578615092483801e-01 1.167644631055426568e-01 9.074504532157531833e-02 8.672345310395788986e-02 1.383443067731127407e-01 8.745054193271793730e-02 1.091141264591199284e-01 8.243930775696087232e-02 8.748368554905830430e-02
7.905504962179409068e-02 1.119895748690766385e-01 1.072856908696913081e-01 9.256220174670676260e-02 9.167545766747525748e-02 1.427139492296314593e-01 9.128084665140839826e-02 1.127759939190996902e-01 7.924959715532811644e-02 9.141163826978825069e-02
7.609415463121391165e-02 1.179523982848038471e-01 1.253804576109347479e-01 9.062373763214741362e-02 8.735822485537542148e-02 1.400339415667069543e-01 8.773361767113445342e-02 1.115878706379821589e-01 7.537929738096307841e-02 8.785629972873811033e-02
9.331733965363829542e-02 1.080489449557564124e-01 1.028765326827217608e-01 9.646329042409577947e-02 9.575194099275277648e-02 1.201568150552444897e-01 9.117292907594716500e-02 1.040501633592316455e-01 9.696801992398235148e-02 9.119402387662926823e-02
7.468348295615062638e-02 1.122718627445775247e-01 1.161124038965175298e-01 9.161362289302049655e-02 8.917910336378763458e-02 1.429084226238456490e-01 9.079812203048590047e-02 1.152033975389256115e-01 7.637902402389989964e-02 9.085055792878909964e-02
