9.919313125307183121e-02 9.671971572041374032e-02 1.233239746489021710e-01 9.639415871353207432e-02 8.246195382765575399e-02 9.606895296966477815e-02 8.037142355019966100e-02 7.878466693124422382e-02 1.233727622435092375e-01 1.233092601418065287e-01
9.579605393760820542e-02 9.328459183951966216e-02 1.240564765930704250e-01 9.427389981010823872e-02 8.406310092547540636e-02 9.409958450360036974e-02 8.339917236004282253e-02 8.272066898091226528e-02 1.242388476132184616e-01 1.240676034364441710e-01
9.585128941604782737e-02 9.616843306313384299e-02 1.201819460965397601e-01 9.450448999353004698e-02 8.845865038882740061e-02 9.431050684437224108e-02 8.575626941981523421e-02 8.428686361749984646e-02 1.202943906717821448e-01 1.201871604884516415e-01
1.111114068820017314e-01 9.317550210944434974e-02 1.229268043367066215e-01 9.419602253958922478e-02 8.101103152865055113e-02 9.387963088567699566e-02 7.977662536747842648e-02 7.798850169039243940e-02 1.230233199851237108e-01 1.229111546749359352e-01
9.687479127581481719e-02 9.221458547888843060e-02 1.272137251942213887e-01 9.372229555348197960e-02 8.094488830964881310e-02 9.360086591817444457e-02 7.984330547901292985e-02 8.093886297017212350e-02 1.273970145232622420e-01 1.272496652973228726e-01
9.832752769985249330e-02 9.197327393819990093e-02 1.148098130732872479e-01 9.401818521051347188e-02 9.517805381952491872e-02 9.406911691595777614e-02 9.356135739170635957e-02 8.828863694626387648e-02 1.149141042824052827e-01 1.148599307222886862e-01
1.006572961393415316e-01 9.342074094618531277e-02 1.258311333173811608e-01 9.363329394625588553e-02 7.931319171277981250e-02 9.331715190499370594e-02 7.766858891007712151e-02 8.443126881524704030e-02 1.258997239377302735e-01 1.258276103700081694e-01
1.057029168576772149e-01 9.161658194992730597e-02 1.203520017997258273e-01 9.476474423539200942e-02 8.475838383547670829e-02 9.451764073736773630e-02 8.285272417678915535e-02 8.463787483842812043e-02 1.204512008423892777e-01 1.203459307268266304e-01
9.606226713026091990e-02 9.516911651494146251e-02 1.191030307626197160e-01 9.575595672989060947e-02 8.862797469168921805e-02 9.543948840581364945e-02 8.685827613094093680e-02 8.474773905520020800e-02 1.191538755929758969e-01 1.190822749856673829e-01
1.004980115701515353e-01 9.301195224860681066e-02 1.235388320418629726e-01 9.478200572603827367e-02 8.624818774370970886e-02 9.458362546161630524e-02 8.270727267167210517e-02 7.738686341434983240e-02 1.236990693383594186e-01 1.235441797836330652e-01
1.016447624071944583e-01 8.888766686887877855e-02 1.249408773914595649e-01 9.154729396740228509e-02 8.341530645849951076e-02 9.140635466904675765e-02 8.214656862799138426e-02 8.588104715405132927e-02 1.251645826164961561e-01 1.249655398389797611e-01
1.003945900658031742e-01 9.343205051959761753e-02 1.283496251745618322e-01 9.225761204394895831e-02 7.947641000299915381e-02 9.195171671741236841e-02 7.903219259717696177e-02 7.823469033979264797e-02 1.285287441937183750e-01 1.283423683449888830e-01
1.046032129668713617e-01 9.103223536976698393e-02 1.189945114050431074e-01 9.389174586659010391e-02 8.768198219806030980e-02 9.363156892210398874e-02 8.407294741609881716e-02 8.807643464939697575e-02 1.190208033735474791e-01 1.189945578325208447e-01
1.120436076272915138e-01 9.004380541381468150e-02 1.273868472062320567e-01 9.093970259025213609e-02 7.790284724652579706e-02 9.067000415541430491e-02 7.690296645041273804e-02 7.914398280209761216e-02 1.275772061376798938e-01 1.273890303702792659e-01
1.081734324031036476e-01 9.141664410676664243e-02 1.262839030845353538e-01 9.267127498935652519e-02 7.717818612432783554e-02 9.240291412775739066e-02 7.607968509603667273e-02 8.308590791254265306e-02 1.264212605277841572e-01 1.262867916277890801e-01
1.006345800032878018e-01 9.253700508417263271e-02 1.273672466134685433e-01 9.152405114147472986e-02 8.153208644141020367e-02 9.136252430714941752e-02 8.079864445468423750e-02 7.926589263453226453e-02 1.275832096729111187e-01 1.273947596469090782e-01
1.010899403631395771e-01 9.315871215304528941e-02 1.197738227255377708e-01 9.437271380565306900e-02 8.694707763184847393e-02 9.421250503906405949e-02 8.511741222743388069e-02 8.561447535144174614e-02 1.199336260668879689e-01 1.197797146359481230e-01
1.001721169687658092e-01 9.806722209178224403e-02 1.208512041759409739e-01 9.779994983987623514e-02 8.016741505298827231e-02 9.739135987657351889e-02 7.946685068402122021e-02 8.437262847621948558e-02 1.209028788436694313e-01 1.208083739901628234e-01
9.432866345825627330e-02 9.367673759620215312e-02 1.296946053339209926e-01 9.572794032475225035e-02 7.818726426676478325e-02 9.533375287107244411e-02 7.634291050128032274e-02 7.724191752548253964e-02 1.297965318719392080e-01 1.296696762503290190e-01
1.066076530873582562e-01 8.965911815083062175e-02 1.227343294452392097e-01 9.369608422153309635e-02 8.361013674439400634e-02 9.340566404496296327e-02 8.294239936611348674e-02 8.179572927857979570e-02 1.228215603338171508e-01 1.227273253271713993e-01
9.548368274821460167e-02 9.172486529811907374e-02 1.275764683990421866e-01 9.406611443851722876e-02 8.201348103768002495e-02 9.384604871830395934e-02 8.024745315208210716e-02 7.971350275280489339e-02 1.277398065961453111e-01 1.275885768590906411e-01
1.041453587586677748e-01 9.326744201551573354e-02 1.192493996513105253e-01 9.443435354100007673e-02 8.617150277399590608e-02 9.425368014621401946e-02 8.428300091027658703e-02 8.553964089006993454e-02 1.194064560130950609e-01 1.192491652998544094e-01
9.975270551752582482e-02 9.387601243977765353e-02 1.219094528786011794e-01 9.323368114217317482e-02 8.621624586322874928e-02 9.307141741725143136e-02 8.573259953824120816e-02 8.221725650813713204e-02 1.220663632519279340e-01 1.219242654431357126e-01
1.092681346762546246e-01 9.074055266692086785e-02 1.230195914132952845e-01 9.382120296039353491e-02 8.166267062259663367e-02 9.355287014529112266e-02 7.937243972428015271e-02 8.240819461920220745e-02 1.231405472484820851e-01 1.230137959232835421e-01
9.250683926723225758e-02 9.357239882175866219e-02 1.237840947057864543e-01 9.373604145269090471e-02 8.602140732908244991e-02 9.353223058652485045e-02 8.678775465199722872e-02 8.236590892447531731e-02 1.238946535326833631e-01 1.237986707277684978e-01
1.526877384950621475e-01 8.968815981684385985e-02 1.227573790676104587e-01 8.915728180650397960e-02 7.119485479082000856e-02 8.875622075067676753e-02 7.001427511310638618e-02 7.016926572334787615e-02 1.228446665348394695e-01 1.227301579011890742e-01
9.462145973897084783e-02 9.668697598438476259e-02 1.203209376664497177e-01 9.594686002914257217e-02 8.770415612355078605e-02 9.572341306559019325e-02 8.480516016781906863e-02 8.344939028517193991e-02 1.204245937793329974e-01 1.203170531595871284e-01
1.050447927215141103e-01 9.489090670145161610e-02 1.192178487285359273e-01 9.424501401221771490e-02 8.714127324533270380e-02 9.410447541734644206e-02 8.536176202480340314e-02 8.144348016034609616e-02 1.193138850683310714e-01 1.192365619201209426e-01
1.022947592381463489e-01 9.208241420824676837e-02 1.227752496887067890e-01 9.335011537961650230e-02 8.350615132119465489e-02 9.317335089454824304e-02 8.254030014412498673e-02 8.455655781998712428e-02 1.229327606833890141e-01 1.227883406220395546e-01
1.074625296839536448e-01 9.351491355519320203e-02 1.170932179352167507e-01 9.266738309108128735e-02 8.825061599279020175e-02 9.242225697683842389e-02 8.628374399959466701e-02 8.804431869943248057e-02 1.171736223058364168e-01 1.170873977600629251e-01
9.921875969726325073e-02 9.288562053007570762e-02 1.282535554165305514e-01 9.298899064224667999e-02 8.064486937547039880e-02 9.277121609532446023e-02 7.810905872393460181e-02 7.844157902840516450e-02 1.284149029824142862e-01 1.282714475083348848e-01
1.011440770152695900e-01 9.410035358639889935e-02 1.227146176345620121e-01 9.399726498406120456e-02 8.436789934084294729e-02 9.380706456463873411e-02 8.168712930400572059e-02 8.257090357728630314e-02 1.228911044189920782e-01 1.227195855739425939e-01
1.017809350502064114e-01 9.253971135724266273e-02 1.240625476898715024e-01 9.556223554981829738e-02 8.276832646985911313e-02 9.538788048389779117e-02 8.075486772639550725e-02 7.883169003279717757e-02 1.242411586670225665e-01 1.240706469728889705e-01
1.079497342219047779e-01 1.060800304248845777e-01 1.088857151547650420e-01 9.631032054056305747e-02 8.900142942865869877e-02 9.618232176352534135e-02 8.823031727108811284e-02 8.955463036891779527e-02 1.089212651789208258e-01 1.088842356467718125e-01
9.890375514031884974e-02 9.372520327629005332e-02 1.163233917508820214e-01 9.622162821556089207e-02 9.005356824237485680e-02 9.613651437615670925e-02 8.913433855179882237e-02 8.675905512139550635e-02 1.163978370377787286e-01 1.163447082874435601e-01
1.143441773964590374e-01 8.780642750250759743e-02 1.247397812851827187e-01 8.814374773452410272e-02 8.246972797616144990e-02 8.788439968709436945e-02 8.189946273827838907e-02 8.307151089840814073e-02 1.248898720658487144e-01 1.247508927155354802e-01
1.152442274824918983e-01 9.611683731043810242e-02 1.266194088911521409e-01 9.355565175763044805e-02 7.562873907293470033e-02 9.321316561424609903e-02 7.433220143614435726e-02 7.198521934179580306e-02 1.266946945909499245e-01 1.266098545022165400e-01
9.254078684938324417e-02 9.375194993091973128e-02 1.273341183673064037e-01 9.405132844651738211e-02 8.234327423419238179e-02 9.379210762096606979e-02 8.166829278587579843e-02 7.970515585170073747e-02 1.274746967241515982e-01 1.273382891889866808e-01
1.006676328472426440e-01 8.922713786051274243e-02 1.300726676317438546e-01 9.042286323818463090e-02 8.123274934042905293e-02 9.020325003920141860e-02 8.072641580769009118e-02 7.710048153227853918e-02 1.302458286905996687e-01 1.301009730121173713e-01
1.052462713801666089e-01 8.961460224664528906e-02 1.286015174258967886e-01 9.201824209880252181e-02 7.987598321008587687e-02 9.185509418890691613e-02 7.738671153105930456e-02 7.797421336043948437e-02 1.287930322695310104e-01 1.286343322884662133e-01
1.003145519092074611e-01 9.055808105354455628e-02 1.252314360808010341e-01 9.317450533303693605e-02 8.405093432345125959e-02 9.296462836573607391e-02 8.243339083825787506e-02 8.063912173113452209e-02 1.253904687047153743e-01 1.252428816601149353e-01
1.076029530495512809e-01 9.257223432514576078e-02 1.212149419767591663e-01 9.400071552242028616e-02 8.492511314762267449e-02 9.386376505508095547e-02 8.287936664018630273e-02 8.033119330862795171e-02 1.213786904625644286e-01 1.212310265120412067e-01
9.571992451099042842e-02 9.075389653537691004e-02 1.267085397703976435e-01 9.319175020226333483e-02 8.353555438318092941e-02 9.290308580474621047e-02 8.462763909487501512e-02 7.904126631876624842e-02 1.268070400142486120e-01 1.267113033651546539e-01
1.035146857743891730e-01 9.364061567256568019e-02 1.244803473240990582e-01 9.396061067500020847e-02 8.133874214326379526e-02 9.368450324249094630e-02 7.959495273809592819e-02 8.068442618832347146e-02 1.246293525476817043e-01 1.244717636940900901e-01
1.066560303008732280e-01 9.798686352940516597e-02 1.222566723622444673e-01 9.512904692313321753e-02 8.243479758015077874e-02 9.487596019688547544e-02 7.913884122625031159e-02 7.691485702934111601e-02 1.223537182810028046e-01 1.222532125707134348e-01
1.018563191620503600e-01 9.354871942006821872e-02 1.208920577873324187e-01 9.284197474632140124e-02 8.515498979310734406e-02 9.264674643003499577e-02 8.500029989519940210e-02 8.617574852658906048e-02 1.209758291013676573e-01 1.209073151379291555e-01
1.069085777795863584e-01 9.666106730502198319e-02 1.258885774926111478e-01 9.486362720346223909e-02 7.686886466786657657e-02 9.450682659803585906e-02 7.471736686035715391e-02 7.778378799137393440e-02 1.259248565561337518e-01 1.258764475455510234e-01
9.799143896152780198e-02 9.471326343156034888e-02 1.281995413326925126e-01 9.228628689599202573e-02 7.995018171771368920e-02 9.201485372481360558e-02 7.905341104565175026e-02 7.924418602960910107e-02 1.283396476217132098e-01 1.282071892387259826e-01
1.036796594850675768e-01 9.481242098785509775e-02 1.199973807353183763e-01 9.470439943317027209e-02 8.648711779745940631e-02 9.454178836730234292e-02 8.400969662272260441e-02 8.165638319231972864e-02 1.201005882271177494e-01 1.200105651516667898e-01
1.084700247357610614e-01 9.553563843685948520e-02 1.195923669346668772e-01 9.370920230310036958e-02 8.552256704957496292e-02 9.351070528611014898e-02 7.963723877781629656e-02 8.473176500588591731e-02 1.196915966405429493e-01 1.195988948296819454e-01
1.092520377729073594e-01 9.673199892192117788e-02 1.051667558322670615e-01 9.793910878912748252e-02 9.395021383796738068e-02 9.803234336384782088e-02 9.109700578399149151e-02 9.742007809152654352e-02 1.052185193711078354e-01 1.051919382353358190e-01
1.022550775563125791e-01 9.390403126641733156e-02 1.213095947044724315e-01 9.361909470219842433e-02 8.645015232375367897e-02 9.331829963623682056e-02 8.492728533805149471e-02 8.150703184037071114e-02 1.214153245763489181e-01 1.212941080558376378e-01
1.023151873519118904e-01 9.733570854886741675e-02 1.159300567053584280e-01 9.711527403851871743e-02 8.734242049958718113e-02 9.693825266762469417e-02 8.551865829214529147e-02 8.554792247604638133e-02 1.160331186913013263e-01 1.159234007286387147e-01
1.033089502246168356e-01 9.334225897307149578e-02 1.150443840891400976e-01 9.632796242467184245e-02 8.703182993243346877e-02 9.618822717520705834e-02 8.625884851666512643e-02 9.225947762419563214e-02 1.151999161479075745e-01 1.150381448920908267e-01
1.066695902532390494e-01 9.222038350721763200e-02 1.272497569380608429e-01 8.975257014064912109e-02 8.004330337204643153e-02 8.953977871720479598e-02 8.074893651508942283e-02 7.907008375223301133e-02 1.274333865321919390e-01 1.272722102720677262e-01
1.066543100968828373e-01 9.392748961834369859e-02 1.280048073113077833e-01 9.261447460324809255e-02 7.416071958884351556e-02 9.228077455992528266e-02 7.432274166906335799e-02 8.193172077611081405e-02 1.281032838157690479e-01 1.279996779605055701e-01
1.086593931300137705e-01 8.926974296357502447e-02 1.283770276948229261e-01 8.812377464512122227e-02 8.070658619942071288e-02 8.798061989439187602e-02 7.976546424458411111e-02 8.010188135951983035e-02 1.285910522028673453e-01 1.284244576656831949e-01
1.111341471888648430e-01 9.169323531249293224e-02 1.255116219883488649e-01 9.164425889519485502e-02 7.821121068735559234e-02 9.135975457321579563e-02 7.724470657725936162e-02 8.209335405207389413e-02 1.255883315868993877e-01 1.255193791382944735e-01
1.012007170687510837e-01 9.517227545489265195e-02 1.240797289388886754e-01 9.556120979597607090e-02 8.290236698020535255e-02 9.531175902995006610e-02 8.075651764425180457e-02 7.675416156703675219e-02 1.241812536281945850e-01 1.240800098918529576e-01
1.080925822839441386e-01 9.816547795021990375e-02 1.173708898909915088e-01 9.506777363695671779e-02 8.201503939600522652e-02 9.493557047332554233e-02 8.494591745652295411e-02 8.455802843562809645e-02 1.174639759722407722e-01 1.173847445041651671e-01
9.862516070758257924e-02 8.816085311005363023e-02 1.285987523147485156e-01 8.997189001608937864e-02 8.455992759557728888e-02 8.981102020502046424e-02 8.264676495257733402e-02 8.017898871145685835e-02 1.288109087132471020e-01 1.286357336736468626e-01
1.096066434658354294e-01 9.689355633217457131e-02 1.120038355533830299e-01 9.624266090389765882e-02 9.106341231728561081e-02 9.623500804951506948e-02 8.751866453884919739e-02 8.632786883236931441e-02 1.120784425495842951e-01 1.120299074571058512e-01
9.964699780408810270e-02 9.285715172832423314e-02 1.226879489272973828e-01 9.407504284356757451e-02 8.595358284199425269e-02 9.389214407768728399e-02 8.543996095871843333e-02 7.987978945984693102e-02 1.228743114746910225e-01 1.226930698837847278e-01
1.005724004035203484e-01 9.581298676272029247e-02 1.235737859445801695e-01 9.405396947960566190e-02 8.227068934515208154e-02 9.379728420937336053e-02 8.021001459200070849e-02 8.241824218617128939e-02 1.237228780241088483e-01 1.235677490527672395e-01
1.014561889249272209e-01 8.900239964560795192e-02 1.144809048626098807e-01 9.637922761322523235e-02 9.606718106327379048e-02 9.638490456144094276e-02 9.099655516169662117e-02 8.614142184118070422e-02 1.145778190153459858e-01 1.145133973106916836e-01
9.344090930836922160e-02 9.579848004968927189e-02 1.252734214449523209e-01 9.457263527243504886e-02 8.413693144135515889e-02 9.432134638401762361e-02 8.122012013653757967e-02 8.060166165618606882e-02 1.253525742919126273e-01 1.252819200145450507e-01
1.085225114277932890e-01 9.687285495368634647e-02 1.195207367610569005e-01 9.292638292777991027e-02 8.361457676230697744e-02 9.283496966404398976e-02 8.090286177273865731e-02 8.560546015127065700e-02 1.196479363949985997e-01 1.195517091843246588e-01
1.074549206356676528e-01 9.381269360128385859e-02 1.181201801135434160e-01 9.326332586695033899e-02 8.387453291597783689e-02 9.302615748359027714e-02 8.347558156838318089e-02 9.064301460992142678e-02 1.182141859235882470e-01 1.181154072810937788e-01
1.055024328463024103e-01 9.400627880094715449e-02 1.216018504042536835e-01 9.446057419936036703e-02 8.118532378667608906e-02 9.419454506727290011e-02 8.100533063135338663e-02 8.476271411172317527e-02 1.216835992012993140e-01 1.215973509508114919e-01
9.657753237327630635e-02 9.544723061975098066e-02 1.205852380746410268e-01 9.556634288771430341e-02 8.779036713026062977e-02 9.530183274569070662e-02 8.608441069991326633e-02 8.142796730837074948e-02 1.206388497624340111e-01 1.205802283979480194e-01
1.122789411451359937e-01 9.119303422934223191e-02 1.180843265527189573e-01 9.123559020196385372e-02 8.691921372267548407e-02 9.117923928502014164e-02 8.493313802412653934e-02 8.783400363497587127e-02 1.182185307289702753e-01 1.181239824750706796e-01
1.046118799789055864e-01 9.257720961714376029e-02 1.244116416848238676e-01 9.313539534206201342e-02 8.180703532602920380e-02 9.284692307181172111e-02 8.072885548742635142e-02 8.093096711936469123e-02 1.245464676614064375e-01 1.244036247110263671e-01
1.110996599643601923e-01 9.512399942460647573e-02 1.181532862231990805e-01 9.322087059755065908e-02 8.573677770760411432e-02 9.307595930424833464e-02 8.313557839622501278e-02 8.399604415855509154e-02 1.182933318742073192e-01 1.181644923494437061e-01
1.128009178887681846e-01 9.447239759911102430e-02 1.243333383929808578e-01 9.103926369258649731e-02 7.996278440144961863e-02 9.082944305628366799e-02 7.770630746383141996e-02 8.004330697151984531e-02 1.244592873492001844e-01 1.243529531842687552e-01
1.076218187822544359e-01 9.162361575314556528e-02 1.263490042998013652e-01 9.129092810197980690e-02 7.895215186659933215e-02 9.109511789239051194e-02 7.936177399144039857e-02 8.085371660358732504e-02 1.264742351134274800e-01 1.263776375953738207e-01
9.854926583911702287e-02 9.414983843312965672e-02 1.295523138232836102e-01 8.983295298998002221e-02 8.191856486467123666e-02 8.968615833811588445e-02 7.933537627922129798e-02 7.763776425510400536e-02 1.297367904514290238e-01 1.296009747259482536e-01
1.053290295580593394e-01 9.170248140634816580e-02 1.269068072202178266e-01 9.107108268875838131e-02 7.834676608673483977e-02 9.090452779540250661e-02 7.805856862233497007e-02 8.366658936729017004e-02 1.270742472836526304e-01 1.269398999712011977e-01
1.046586923392586188e-01 9.090409654315709242e-02 1.209360315359209737e-01 9.338300894281575948e-02 8.560714765474478072e-02 9.318704451598806837e-02 8.382586933611946289e-02 8.545649380826837727e-02 1.211039753279440495e-01 1.209376399957828030e-01
7.785406242470677141e-02 9.895221773818457800e-02 1.537010134150883778e-01 1.002455143302941609e-01 5.502362131307033527e-02 9.903591106651817022e-02 5.400864347247430475e-02 5.407784829968936835e-02 1.536212192486450245e-01 1.534799486913289435e-01
1.075797676066198166e-01 9.649669685886766435e-02 1.202432651476156716e-01 9.538953274880859756e-02 8.197676962850021509e-02 9.520911161348702412e-02 7.998853306019541864e-02 8.250830183616830737e-02 1.203588273246403856e-01 1.202491941750968851e-01
1.028359566235889089e-01 9.541628623799591757e-02 1.227143879068950533e-01 9.497140607743262408e-02 8.347209727693723214e-02 9.469126944608349805e-02 8.171216653740739910e-02 7.865101308708398464e-02 1.228328782119726542e-01 1.227025385946027419e-01
9.859255265186514516e-02 9.096818137041903785e-02 1.241525013913162279e-01 9.364041501193184902e-02 8.457215459000874680e-02 9.349301412800581357e-02 8.277039150761882069e-02 8.332197255539110226e-02 1.243129351471803229e-01 1.241758816462629617e-01
1.058887223416297846e-01 8.863450144530672647e-02 1.222381877154049834e-01 9.317077483526660375e-02 8.696340401025202949e-02 9.307072855508734255e-02 8.359583253058254504e-02 8.176972602448234761e-02 1.223985330401686777e-01 1.222695895018190149e-01
1.051033577969257560e-01 9.330747129599015199e-02 1.283966622417375691e-01 9.159646516537270355e-02 7.891965977837314683e-02 9.128180381019398992e-02 7.830158713166586459e-02 7.615779977626072061e-02 1.285416652036020790e-01 1.283935277998779767e-01
1.083218772065001195e-01 9.788154711414720488e-02 1.197044823477438902e-01 9.490495436873504220e-02 8.324175315723439383e-02 9.475023924816548815e-02 8.116998226857463639e-02 8.049953159361782073e-02 1.198073302290111886e-01 1.197183024662702433e-01
1.030699498561328670e-01 9.385852111868026038e-02 1.282506697092795911e-01 9.493335201434258130e-02 7.721569627772306710e-02 9.452797735452683758e-02 7.494223002334485240e-02 7.660850312069449053e-02 1.283752529954839405e-01 1.282178475297915399e-01
9.693798209481618855e-02 9.349728886116016879e-02 1.214495138235367200e-01 9.284856582843083184e-02 8.698704977841444086e-02 9.274178493255627598e-02 8.678858364053514129e-02 8.564753429285973385e-02 1.216262495405890931e-01 1.214754472071014196e-01
1.050494516095513420e-01 9.126848908684002948e-02 1.275653778474268862e-01 9.232223715581079626e-02 8.066647975232969781e-02 9.203285574721244144e-02 7.899523037749220378e-02 7.677123603117518014e-02 1.277720055053989667e-01 1.275566368867624700e-01
1.043014155829043443e-01 9.795359914733074713e-02 1.166789430768892244e-01 9.432822807737135939e-02 8.790398673967761423e-02 9.417290372005453214e-02 8.800754877181719837e-02 8.317900111320401801e-02 1.167893405353383068e-01 1.166850332354126829e-01
9.714975889134452869e-02 9.371461658588352284e-02 1.265433891363153263e-01 9.556379356427995020e-02 8.048129010345314582e-02 9.527335795833698218e-02 7.808058624577848827e-02 8.000612027862888387e-02 1.266483704785195952e-01 1.265387167574596183e-01
1.074247701257057958e-01 9.736821701558782960e-02 1.233689893179743396e-01 9.325859031476090022e-02 8.053680356642371752e-02 9.296158899618824079e-02 7.978797093123322914e-02 7.847129840455850658e-02 1.234594494422596028e-01 1.233623218853079212e-01
1.119699435098164553e-01 9.313206003706631098e-02 1.239750233196297707e-01 8.979114753211810129e-02 8.074696598686455229e-02 8.959343917728664064e-02 8.055910243355846045e-02 8.208560401055116362e-02 1.241538535078999111e-01 1.239928604852086752e-01
1.065838426486726137e-01 9.789123843894122212e-02 1.149598734702215325e-01 9.548373192618475613e-02 8.644969638476152074e-02 9.542252248404159420e-02 8.497315650028708367e-02 8.819189243123927435e-02 1.150633944773734180e-01 1.149806512382769569e-01
9.951139690581885244e-02 9.250244868571415313e-02 1.255609773769500170e-01 9.311386125331511110e-02 8.150843863044389404e-02 9.291255836008208147e-02 8.039760109333399241e-02 8.319366677755229977e-02 1.257237961644462054e-01 1.255752547523433515e-01
1.035854269622641655e-01 9.351381808924803807e-02 1.193958474610573167e-01 9.450185268611546729e-02 8.487537100760372821e-02 9.432892046126249708e-02 8.592895633171986070e-02 8.496549337790286482e-02 1.194988124316596623e-01 1.194055011911663994e-01
9.582220214110238887e-02 9.275785390177869461e-02 1.244782417467532043e-01 9.383752065383213492e-02 8.380894927567184016e-02 9.362104522771520776e-02 8.464910932509475683e-02 8.192100611117274223e-02 1.246170342951175986e-01 1.244870373217614457e-01
1.167283344560992586e-01 9.599550148374615122e-02 1.174800714073862551e-01 9.316031047532619125e-02 8.456533259139316361e-02 9.301417695868205437e-02 8.256968026369855551e-02 8.140936776551682685e-02 1.175824768104687390e-01 1.174947477876828184e-01
9.879107915289331299e-02 9.066723358992448412e-02 1.287179494270252744e-01 9.206918730593670330e-02 8.044878588650840323e-02 9.192738371501074646e-02 8.051566939625379171e-02 7.917324364311213725e-02 1.289363049676642836e-01 1.287531629156708490e-01
1.001422248523406305e-01 8.843192466938377960e-02 1.287359690330882600e-01 9.014964604415288962e-02 8.370027176816074999e-02 8.997337256787144022e-02 8.460220616688045314e-02 7.654431362509808712e-02 1.289524168715861230e-01 1.287676544014376423e-01
1.017286992162068360e-01 8.861080376508990997e-02 1.197516989377114122e-01 9.534218240119338161e-02 8.973654564550682944e-02 9.513902514392352794e-02 8.745374105618100580e-02 8.263797989978559355e-02 1.198451057733571634e-01 1.197542181610443540e-01
9.892672147850603559e-02 9.737933420114013028e-02 1.272691509723421210e-01 9.426410073200210127e-02 7.860261545998020738e-02 9.395192166803660594e-02 7.728125127773315117e-02 7.767519155838749356e-02 1.273882796159780117e-01 1.272614330358941837e-01
1.093654256503517191e-01 9.522944056488265308e-02 1.154521683811177424e-01 9.294418527979479705e-02 8.925108437168570441e-02 9.288141605544615598e-02 9.120560948432558657e-02 8.263317284703866616e-02 1.155561198046606147e-01 1.154813775606963328e-01
1.018679905658386176e-01 8.778300244369958982e-02 1.269589522913409929e-01 9.044766504009978114e-02 8.452720276153004308e-02 9.037321003958234678e-02 8.150496589272845926e-02 8.232670604279418436e-02 1.272004998545955556e-01 1.270098050677904156e-01
9.714282353847975005e-02 9.401145712364973595e-02 1.312420393521289419e-01 9.389048571942058830e-02 7.646724089261221213e-02 9.353403662991349732e-02 7.503242991754302538e-02 7.605417399549099788e-02 1.313981749720861958e-01 1.312271378586750414e-01
9.637368387443687179e-02 9.636277393144611347e-02 1.269769749431038097e-01 9.682810231427474434e-02 7.929204070195465526e-02 9.636995979583480587e-02 7.766833313286863882e-02 7.616511377601982435e-02 1.270279997437764319e-01 1.269350177862841600e-01
1.029350584867868429e-01 9.533263263138702648e-02 1.279899230685752065e-01 9.475576882705427639e-02 7.593429336692179843e-02 9.436209258400114763e-02 7.522821954431609115e-02 7.740170707852664367e-02 1.280978620966178871e-01 1.279624423158131075e-01
1.074741192227777753e-01 1.023700170249846608e-01 1.003977693745035232e-01 1.006390148908478527e-01 9.849686123975880114e-02 1.006928199257544482e-01 9.384243568949837688e-02 9.530558594736342204e-02 1.003739681039989146e-01 1.004074085805122807e-01
9.677109224156688061e-02 9.517221190728472613e-02 1.018200541478030963e-01 1.015273807902933034e-01 1.057090449493398726e-01 1.015995608787546856e-01 9.975189975835170586e-02 9.400786937936467247e-02 1.018086529595815665e-01 1.018322329876594490e-01
1.140300280249636200e-01 9.502976652955309744e-02 1.145470897088974732e-01 9.135376560190718032e-02 8.800863704688115241e-02 9.131146457886728240e-02 8.682425256800764546e-02 8.965738959608643421e-02 1.146548323596203872e-01 1.145827739852157134e-01
1.048706945731661400e-01 9.595512509054851535e-02 1.168506878649396008e-01 9.399211991824397983e-02 8.612003578554701388e-02 9.385744931394612856e-02 8.652565035412644601e-02 8.801477971880566908e-02 1.169486894951441425e-01 1.168647678855323224e-01
1.102564850479906128e-01 9.555697627312188802e-02 1.225819833093632905e-01 9.439922959438146188e-02 8.039069174634788650e-02 9.414356867138228002e-02 7.994211644881248080e-02 7.746024927865917398e-02 1.226898441227922687e-01 1.225788555071486707e-01
9.911588294959128298e-02 9.385692890371502561e-02 1.208692924253673834e-01 9.506538846974334211e-02 8.572780975219743138e-02 9.476157881350381895e-02 8.408411807794935466e-02 8.469169317377628348e-02 1.209789272538709659e-01 1.208483801802851393e-01
1.070382788480900710e-01 9.524319704180843338e-02 1.243403427672420958e-01 9.370696253387991725e-02 8.134348369957772329e-02 9.339748781784075471e-02 8.003330633840284591e-02 7.611777731633599664e-02 1.244502557213832822e-01 1.243289079154388521e-01
1.010645993584767116e-01 9.366836895938160379e-02 1.224951418536922715e-01 9.372249322140852046e-02 8.427640562728290485e-02 9.350311415251250091e-02 8.241479670400288227e-02 8.376733073406533725e-02 1.225820159910829266e-01 1.225057333980943547e-01
9.594014392204101849e-02 9.449163398454835106e-02 1.294086224340636471e-01 9.408820640207596342e-02 7.828149161981941273e-02 9.373848875406166903e-02 7.706534436672717037e-02 7.803119512376385791e-02 1.295639452272119574e-01 1.293909281656869248e-01
1.099872675526391147e-01 9.239827518272775153e-02 1.199657644821179314e-01 9.486614680992160042e-02 8.456408527556411037e-02 9.470101605775953224e-02 8.225357696362320392e-02 8.123708754703175272e-02 1.200455825405481042e-01 1.199811975880669124e-01
1.090036385826220755e-01 9.468710668121176066e-02 1.190215770579846899e-01 9.506940508293003356e-02 8.584981564621063654e-02 9.484046913204380314e-02 8.422766507074462561e-02 7.920661977126942921e-02 1.190704911309634212e-01 1.190232118440195247e-01
9.881552685085108478e-02 9.098426705382195445e-02 1.281209117587297219e-01 9.408497330248946633e-02 8.124372987213557273e-02 9.373699436915662597e-02 7.935214273844476418e-02 7.731396782354392483e-02 1.282418498370904436e-01 1.281056363937364828e-01
1.032849162870272536e-01 9.292231634824899000e-02 1.239110230110290756e-01 9.385262634939629811e-02 8.384732029060167069e-02 9.360682448699333968e-02 8.187797043864418478e-02 7.871603517926521743e-02 1.240737843375814969e-01 1.239071832712124871e-01
1.002769488996828606e-01 9.253620485856449418e-02 1.285777390868821091e-01 9.221096212007701132e-02 8.102431975649142248e-02 9.199370082687398364e-02 7.911148845595843138e-02 7.690186001851391506e-02 1.287727390923642523e-01 1.285940368845915338e-01
9.625907815701288672e-02 9.013664119957114085e-02 1.300204725349253521e-01 8.999195813226983087e-02 8.185156528984513513e-02 8.991963289367475853e-02 8.356624924776008545e-02 7.792126124755707761e-02 1.302467253112614409e-01 1.300864159861223057e-01
1.063973560803838370e-01 8.893135323939857506e-02 1.217217496657891640e-01 9.118425899584588212e-02 8.512981065880473319e-02 9.106055572986250513e-02 8.405186289018778956e-02 8.789920297814789174e-02 1.218706173251887792e-01 1.217532324363908430e-01
1.046303687455154563e-01 9.140426617089406069e-02 1.302636535059868983e-01 9.108227335743303288e-02 7.686370924349020251e-02 9.082533994192566740e-02 7.634287623006762169e-02 7.785323513619719915e-02 1.304577425828046533e-01 1.302765350856852078e-01
9.554094135634322305e-02 9.802052199512500952e-02 1.196450462379564650e-01 9.831581038304393338e-02 8.480728909937043647e-02 9.804320730753574020e-02 8.250557325875429449e-02 8.374618984263279553e-02 1.197533679117859379e-01 1.196220526074521784e-01
1.012284368938488749e-01 9.065875979061716050e-02 1.304847731583130832e-01 9.309687763982876785e-02 7.686466035513313255e-02 9.270158378710802172e-02 7.545017419566059369e-02 7.846055861708428614e-02 1.305878611019338498e-01 1.304663144604722158e-01
9.519175008360977741e-02 9.496776306578810778e-02 1.183328649835787699e-01 9.634371901777874503e-02 8.972173472008942996e-02 9.610413835072241506e-02 8.888193536175932608e-02 8.372554978530630243e-02 1.184067513348782963e-01 1.183237932964887745e-01
1.036763878465741529e-01 9.369671617528677054e-02 1.156276680527117129e-01 9.842271962258829221e-02 8.770485957168860924e-02 9.822860975282814155e-02 8.609681374791729180e-02 8.523243327300071559e-02 1.156951595648929854e-01 1.156186323925113418e-01
1.069436156927482534e-01 8.794461780844790855e-02 1.317846715879857633e-01 8.760091771143278805e-02 7.852247931649634916e-02 8.745799771631099229e-02 7.980291404084477458e-02 7.607145611287066678e-02 1.320304754387934265e-01 1.318408545740691051e-01
9.742745600608586354e-02 8.971464714191224044e-02 1.155605012336514970e-01 9.600121451330446976e-02 9.428963021619363172e-02 9.603543085277686797e-02 9.083316237509385382e-02 8.883427837609511601e-02 1.157070962637977568e-01 1.155965830210886613e-01
9.719267571204616429e-02 9.243353840533097276e-02 1.146722750465472285e-01 9.997321672501591205e-02 9.122643241967079430e-02 9.981439320512806856e-02 8.825473635408946638e-02 8.703084852106778013e-02 1.147365405350063844e-01 1.146653430760972148e-01
1.080565908024817695e-01 9.438011677088467555e-02 1.236325497763744591e-01 9.358276511424079569e-02 8.199760408246765941e-02 9.337629122997448405e-02 7.993685416188391069e-02 7.762162159455408827e-02 1.237735699205406020e-01 1.236420365465975835e-01
9.993355050047339483e-02 9.340003057073648085e-02 1.185135620138729334e-01 9.416693272422146932e-02 8.690583817415237222e-02 9.406815160871700998e-02 8.569373421768813892e-02 9.018672024134319343e-02 1.185877222640048384e-01 1.185437576847901547e-01
1.125336193257246292e-01 9.153505542310973186e-02 1.257867589370466332e-01 9.175048146510884906e-02 7.824264644669545743e-02 9.162220632917957019e-02 7.658024522864641248e-02 8.015639672283562944e-02 1.259698752247668530e-01 1.258227148968862619e-01
1.058003025773293082e-01 9.175646822952382431e-02 1.271890074875950682e-01 9.238450018017241305e-02 8.072827099374188520e-02 9.212606028462276553e-02 7.875041955303013763e-02 7.671543740401058631e-02 1.273560746676660749e-01 1.271934586223079089e-01
1.095199177079837910e-01 8.917869856862573053e-02 1.118700816515029312e-01 9.608904662662680340e-02 9.285642849205497096e-02 9.608224175633085784e-02 8.960759168319275270e-02 9.093301087605114297e-02 1.119702799238833646e-01 1.118927027137476132e-01
1.040168389934585935e-01 9.553073777821960433e-02 1.135800818088750080e-01 9.600708851702402513e-02 9.334911206949983442e-02 9.603318759672908878e-02 8.832829884253466657e-02 8.588455357483255892e-02 1.136508412947522667e-01 1.136192595240743258e-01
9.713612457772108355e-02 9.696262135223875089e-02 1.183177596407552906e-01 9.806727825545488719e-02 8.838866452240848326e-02 9.790994163599356370e-02 8.779870837245486170e-02 7.871026172058610826e-02 1.183843119280462292e-01 1.183243279943407833e-01
1.081593134876411150e-01 9.646573233103103440e-02 1.218796389377890810e-01 9.333785322229426473e-02 8.143575764968814801e-02 9.311572980873185357e-02 8.031349549998786919e-02 8.139991321159986692e-02 1.220099233660075777e-01 1.218826424852291895e-01
1.017175070698550371e-01 8.994656731275885164e-02 1.245565129051966619e-01 9.270277331561600775e-02 8.263400507755502833e-02 9.253066651508358442e-02 8.134418061394972643e-02 8.525298784853009570e-02 1.247409938059490103e-01 1.245738055355060242e-01
1.095895677578428012e-01 9.614367231409245984e-02 1.224622969093989294e-01 9.744674863586864910e-02 7.912913835602898571e-02 9.712556976947281373e-02 7.741788009074768162e-02 7.566215019179062251e-02 1.225898345738614392e-01 1.224331414008956453e-01
9.862475036308276932e-02 9.533999734240446167e-02 1.214174663576280955e-01 9.558190831789922792e-02 8.485415200883233977e-02 9.531865049235546672e-02 8.381422232639185177e-02 8.213022962027288765e-02 1.215094790810899161e-01 1.214091440900429697e-01
9.669165787882631757e-02 9.601856202962137654e-02 1.227778339599139845e-01 9.597147533873875980e-02 8.349024390364240267e-02 9.575292397447909831e-02 8.158620596058498153e-02 8.203066531466390865e-02 1.229021897960275583e-01 1.227782418435015982e-01
1.049901961164572822e-01 9.661885505461681456e-02 1.177082870537601161e-01 9.373404050751132921e-02 8.708272770452574196e-02 9.363044291465409674e-02 8.472252910900562872e-02 8.593294899566711331e-02 1.178540205815701847e-01 1.177259519622317202e-01
9.988203852416556450e-02 9.548289247275099090e-02 1.204272631994510734e-01 9.482172034469318889e-02 8.696883451938695886e-02 9.457215086050371755e-02 8.730577962414151627e-02 7.958584628572869246e-02 1.205339116261618243e-01 1.204195625430164451e-01
9.924803252388901542e-02 9.631746421556779125e-02 1.210095847316605827e-01 9.600254716518544229e-02 8.200483779559278319e-02 9.570097778863294324e-02 8.247335627424620674e-02 8.517515719395576945e-02 1.210739618551062574e-01 1.209940804561632222e-01
9.554991221220633657e-02 9.253927783011706154e-02 1.221135216263992129e-01 9.426055515310834132e-02 8.883288824301677211e-02 9.414945996935444872e-02 8.653001123553495655e-02 8.166043167842100547e-02 1.222173713561227060e-01 1.221465706957191449e-01
9.496304402451476168e-02 9.620712952775686833e-02 1.232953483854351273e-01 9.611081637848888082e-02 8.655459197694305440e-02 9.586969905299355665e-02 8.372294581378619815e-02 7.662385044677254287e-02 1.233516119898241670e-01 1.233009624034848151e-01
1.039623971099577632e-01 9.052968242017524203e-02 1.215380730695437839e-01 9.238702367894999212e-02 8.662475141303847825e-02 9.224155134561266844e-02 8.521158270144867097e-02 8.425529925187021096e-02 1.216904090815913025e-01 1.215592299278118876e-01
1.183791776981511223e-01 8.936747659567002844e-02 1.215174487240636009e-01 8.922432661277257537e-02 8.319889516818305963e-02 8.910977377189507886e-02 8.235691773691394824e-02 8.360736037967927969e-02 1.216843011949913789e-01 1.215543221176798722e-01
9.969267423603331291e-02 1.015017764028064012e-01 1.199252388488351861e-01 9.695596173319295796e-02 8.287346244344136192e-02 9.674823516968625303e-02 8.280895330693401057e-02 7.958141672853680237e-02 1.199841597443390001e-01 1.199281213861947415e-01
9.981749376221797643e-02 9.321390784413151331e-02 1.268300278556130922e-01 9.253116381659722001e-02 8.065771802567153759e-02 9.225726648474016911e-02 7.993412650346551351e-02 8.099777678645043999e-02 1.269205989522145250e-01 1.268399199688979573e-01
1.065919492570938792e-01 9.452881947791505479e-02 1.218383237515793110e-01 9.392445030987664478e-02 8.436764052499921840e-02 9.361833332265087626e-02 8.154268658998559127e-02 7.984127866599589896e-02 1.219211681337776104e-01 1.218253499661259426e-01
1.055538031167460034e-01 9.504755514456311727e-02 1.183620783422460188e-01 9.539070552966667782e-02 8.542526840745928718e-02 9.517683524953797491e-02 8.445668079681532825e-02 8.382105935499549465e-02 1.183994344085396860e-01 1.183665796494304256e-01
9.513305434607337296e-02 9.677820413994363269e-02 1.275457715581530815e-01 9.696406056447402777e-02 7.852521165266181102e-02 9.655426329522416584e-02 7.723881434570759041e-02 7.609288793890808811e-02 1.276596109691180148e-01 1.275081211897361733e-01
9.842701747762244713e-02 9.327460767072708048e-02 1.275634913146948546e-01 9.397620395804252846e-02 7.980615081617134510e-02 9.369598850393671963e-02 7.884717461953247297e-02 7.919469984314442268e-02 1.276431172607583320e-01 1.275715485353698386e-01
1.044786638001676538e-01 9.099159200465893604e-02 1.239569522164139515e-01 9.028473720128975255e-02 8.466888216414453217e-02 9.022012767672851763e-02 8.573358053058970085e-02 8.149799837793872404e-02 1.241609989405530468e-01 1.240064670875151431e-01
1.016936245224120405e-01 9.653807179028013608e-02 1.191134828973840348e-01 9.711473547596685685e-02 8.433179124261190596e-02 9.689966040698007321e-02 8.373683132602301182e-02 8.224820005497372744e-02 1.192178684230863622e-01 1.191057338602818927e-01
1.100533925547152458e-01 9.208887774147088423e-02 1.244595293833339889e-01 9.181578375847126994e-02 8.098879237815502508e-02 9.160546827921535462e-02 7.989547892727839884e-02 8.000557354532375487e-02 1.246140031738533216e-01 1.244731002581827700e-01
9.468157191077765378e-02 9.310541381548435858e-02 1.105329749104459469e-01 9.773810431069693272e-02 1.018348273212903027e-01 9.776643758094695491e-02 9.533590908089309424e-02 8.783313016361528336e-02 1.106146681177314628e-01 1.105569627881180378e-01
1.068259263676983317e-01 9.651960140347981554e-02 1.199360303153282348e-01 9.490626028894628974e-02 8.333997070412330066e-02 9.479819974284107997e-02 7.951786498327664821e-02 8.412506378436883370e-02 1.200744615949072142e-01 1.199566208150302515e-01
