9.143224346464631780e-02 9.182146635813843993e-02 1.077765080341299003e-01 9.095626271188893275e-02 1.076919352411813274e-01 1.146857728802131021e-01 1.164684396691324508e-01 1.148482440601921728e-01 7.335603502012734423e-02 9.096309256035005342e-02
9.158804198470893443e-02 9.210875957066441688e-02 1.057752351285922432e-01 9.226295980852966538e-02 1.056222576290786891e-01 1.110777968432354462e-01 1.213160781333743748e-01 1.113450692299583489e-01 7.667034469378611328e-02 9.223345697807176780e-02
9.453791863323210420e-02 9.559905064963335197e-02 1.024619425986478954e-01 9.269008622169465361e-02 1.023750479970961247e-01 1.094499657764547301e-01 1.178434612822504002e-01 1.096177776465329934e-01 8.274509826694555203e-02 9.267965092751220824e-02
8.628291745627794662e-02 8.723720826304945386e-02 1.211245647295922656e-01 8.696435023933191122e-02 1.209081300336752318e-01 1.134454137023675896e-01 1.135652136856395988e-01 1.137231902411380419e-01 6.979625338553702152e-02 8.695275826339092518e-02
8.930151857197836385e-02 9.030006081904753956e-02 1.078835282792747624e-01 9.066963158809761281e-02 1.077849095989338729e-01 1.118411205932514502e-01 1.228829623968612644e-01 1.120133465415124735e-01 7.665652839513172057e-02 9.066639321591093981e-02
9.165959828057566872e-02 9.085957275786907261e-02 1.078285579994902182e-01 9.387306717940556433e-02 1.078380640364379750e-01 1.050208738751699372e-01 1.143881554056625921e-01 1.050044705387450511e-01 8.963323862216285298e-02 9.389440130448103994e-02
8.946061181589524958e-02 8.977678700863545025e-02 1.077942900407915516e-01 8.956232498618021953e-02 1.077330949774829433e-01 1.128522131829985814e-01 1.204172285782786622e-01 1.129678367013614432e-01 7.985709207254987341e-02 8.957852063582608104e-02
8.715652859204099656e-02 8.785291757645129207e-02 1.170340412783228839e-01 8.993668747448144152e-02 1.168681158198487668e-01 1.097519169957809210e-01 1.142471107785845430e-01 1.099622850990142203e-01 7.726648325901656900e-02 8.992391312645831025e-02
9.294230502375311342e-02 9.274300128710352698e-02 1.041865810773629497e-01 9.327228130619827362e-02 1.040998349584554561e-01 1.109890158645419067e-01 1.161336117275943852e-01 1.111544926204326017e-01 8.121264862583331412e-02 9.326622750872447243e-02
8.985504787784115432e-02 9.065158365072960300e-02 1.101178099807410410e-01 9.128567929825689986e-02 1.099429967819378212e-01 1.137290755484930971e-01 1.189261910474118250e-01 1.140199968582671919e-01 7.021170464685712320e-02 9.125991430946425731e-02
8.727777208926124075e-02 8.806769884213880295e-02 1.113708738510475194e-01 8.963503832892542877e-02 1.111837770416187476e-01 1.092371054675925629e-01 1.221605948686219495e-01 1.095088204526633996e-01 8.195197912722912426e-02 8.960633993090119653e-02
8.780543425297325510e-02 8.837612351329070248e-02 1.135504190693560483e-01 8.634020974081083044e-02 1.133109657719550967e-01 1.173989150025751965e-01 1.201227999187209905e-01 1.177940690014808306e-01 6.898549689330758794e-02 8.631556683552944753e-02
8.455139022521009073e-02 8.477850641795470210e-02 1.181911603711338216e-01 8.722147751101406998e-02 1.181146291529130421e-01 1.154601981226427432e-01 1.105896036577326685e-01 1.155679924168658695e-01 7.827829516978455915e-02 8.724674695474837760e-02
8.199105150709269652e-02 8.275954488913636609e-02 1.288390212307618243e-01 8.251350607308262364e-02 1.285006345035700770e-01 1.152667780552359134e-01 1.155452817437095103e-01 1.156658728749890563e-01 6.642594042937489951e-02 8.249236869304706066e-02
8.491635025199677222e-02 8.526927791384336652e-02 1.204218064263172100e-01 8.588419080830139718e-02 1.202230873140169437e-01 1.133649549595641820e-01 1.170213211042488571e-01 1.136228490515634321e-01 7.339794576226259248e-02 8.587821640788521893e-02
8.847591145012878577e-02 8.891814337985076699e-02 1.129417739211961286e-01 8.728188128980939042e-02 1.127541106904859092e-01 1.132728268217099432e-01 1.212990689901805863e-01 1.135623521187984625e-01 7.422932918502390953e-02 8.726460215281610366e-02
8.948669796509034491e-02 9.004176919370562859e-02 1.123992377045381075e-01 9.034835321793044383e-02 1.121915949338148089e-01 1.123514428154243489e-01 1.145992554043646083e-01 1.126682029420144476e-01 7.559800012241148226e-02 9.031544570070572375e-02
9.473833693378423682e-02 9.522601992450635544e-02 1.043116978540712808e-01 9.405080303286139642e-02 1.041790313799424994e-01 1.100303758846869762e-01 1.164316267526570720e-01 1.102650373392686373e-01 7.674163813295664660e-02 9.402543276526491300e-02
8.999211655636733809e-02 9.145858288936534186e-02 1.023991628529156706e-01 9.165971333225290951e-02 1.022818059006820740e-01 1.173207319347490674e-01 1.243112113203240776e-01 1.175865155959997799e-01 7.134076864513205773e-02 9.164939097221173891e-02
8.489419591504282492e-02 8.476228000680061103e-02 1.185742956914878354e-01 8.855863678082130652e-02 1.184207736761728469e-01 1.131881962887334031e-01 1.160533507596184094e-01 1.133923686215285165e-01 7.359787370610182400e-02 8.855802855369240834e-02
8.888468356548642757e-02 8.954743557883854121e-02 1.060876332058622307e-01 9.095435122276465667e-02 1.059641885021851554e-01 1.141472518452852775e-01 1.232838935697306570e-01 1.143823619081179160e-01 7.580533439085199165e-02 9.094286621087709077e-02
9.053464056601351340e-02 9.130011222897778389e-02 1.115129414811431574e-01 9.131480262013549898e-02 1.113103497520251534e-01 1.083883114868646885e-01 1.152692058463022501e-01 1.086753636672969231e-01 8.041770855766604276e-02 9.127656379357500238e-02
9.038006633559907133e-02 9.096604685206562124e-02 1.116409871498075801e-01 8.954026673661283353e-02 1.114817143242573388e-01 1.111053297257043881e-01 1.169865966870237417e-01 1.113459721457908252e-01 7.702966497906314769e-02 8.952335506407545218e-02
8.523010409043015045e-02 8.584766485644794443e-02 1.223527499554443176e-01 8.788680590211060684e-02 1.221399795119607196e-01 1.102338036614500111e-01 1.152588218582013407e-01 1.104789800024408297e-01 7.269872253451381550e-02 8.787236762700025017e-02
9.055398531193148415e-02 9.091838742687086139e-02 1.058063251746926559e-01 9.062021971071899940e-02 1.057284774636730040e-01 1.158141008483930950e-01 1.196134649217179824e-01 1.159817711747516689e-01 7.433626923849240287e-02 9.062699872875787377e-02
7.669719125574676888e-02 7.745831181996537529e-02 1.652470264112792797e-01 7.597943476815789687e-02 1.647329273586088105e-01 1.011951992011328183e-01 1.047441229068429847e-01 1.014383451932182739e-01 5.653252730228483514e-02 7.597491378276302609e-02
9.394419427277425627e-02 9.402622692199036347e-02 1.028982602055962953e-01 9.296565539978485226e-02 1.027897050539865048e-01 1.120561377311983520e-01 1.165935441348882745e-01 1.122724026193971519e-01 7.950461877756268003e-02 9.294925488282125559e-02
9.194656815217933099e-02 9.343312892694304039e-02 1.090982523845278329e-01 9.126329241784884860e-02 1.090308132705494343e-01 1.102416748689432902e-01 1.153661327691862942e-01 1.103517164960728658e-01 7.799820690671582790e-02 9.127021380703329023e-02
8.865037273852660604e-02 8.914937673452584532e-02 1.116649079737843248e-01 8.965725292489953868e-02 1.115023315586711194e-01 1.125197368580719975e-01 1.178340652817864431e-01 1.127739239627475465e-01 7.660760579084649469e-02 8.964042617614008390e-02
8.946150457184864901e-02 8.959553081585162893e-02 1.165487997232880490e-01 8.844663069430103164e-02 1.163978630170316858e-01 1.093541677120515448e-01 1.117956076173061419e-01 1.095445965138889949e-01 8.041445497195394421e-02 8.844084436247838521e-02
8.930374986535988269e-02 9.022608376305207845e-02 1.083659273317170574e-01 8.924289944111354900e-02 1.082476529266637455e-01 1.146254968421127757e-01 1.229978946412125518e-01 1.148414418850503410e-01 7.290865293537023006e-02 8.924020036834781622e-02
8.976627624504962544e-02 9.121605111293373813e-02 1.110339017342203277e-01 8.933282560438997322e-02 1.108193829718716467e-01 1.138577133080968667e-01 1.165605714128202519e-01 1.142061294714036557e-01 7.390730739480623479e-02 8.929984074440763808e-02
8.742647273328695012e-02 8.854696135963784076e-02 1.132426235339077936e-01 8.999061791243588571e-02 1.130222431213216278e-01 1.152721641658672469e-01 1.167500418598353129e-01 1.156238599134962602e-01 7.016666954732610206e-02 8.995834585288496610e-02
1.026609769994642485e-01 1.041745094138381567e-01 1.024838495811660477e-01 9.301603203135605513e-02 1.024315203745453096e-01 1.036614131835846414e-01 1.051748833577593190e-01 1.037476666015002547e-01 8.963698507099474022e-02 9.301216338579126885e-02
9.162725599123437703e-02 9.282760094166252196e-02 1.078119678626523747e-01 9.409165895904925137e-02 1.077833971758452997e-01 1.066578476227361821e-01 1.136554012654623913e-01 1.067006542650004025e-01 8.474205871965267978e-02 9.410215719670451950e-02
8.212427214464113057e-02 8.223524645752709750e-02 1.277600238869510962e-01 8.228273366640247166e-02 1.275279106263661200e-01 1.126161125351389652e-01 1.163986156300154534e-01 1.128700500853831168e-01 7.390139680617884010e-02 8.228363816139573628e-02
8.623268850898975491e-02 8.712624782617613139e-02 1.258520624470131632e-01 8.377034861854393277e-02 1.256670259627008512e-01 1.146929373969293037e-01 1.134508225960000338e-01 1.149094136205999900e-01 6.451819704076817985e-02 8.378025598227865911e-02
9.136324239885741660e-02 9.213612365708279128e-02 1.027383204148030749e-01 9.143610248283801090e-02 1.026345806477569761e-01 1.154515791757857873e-01 1.237701284213052894e-01 1.156798694281757356e-01 7.336167942160529143e-02 9.142837395178961268e-02
8.472710670348909678e-02 8.540010820088463073e-02 1.183983248428615576e-01 8.578004196999983177e-02 1.182587026077374925e-01 1.139350359768725035e-01 1.232695898608867496e-01 1.141255603078903808e-01 7.031731453498984985e-02 8.578821499438794851e-02
8.322803096374091492e-02 8.383413893113515758e-02 1.211154997078071061e-01 8.535946083708301213e-02 1.209238157625738691e-01 1.155289578963521469e-01 1.191330651082392750e-01 1.157876879527822422e-01 6.973211040771325198e-02 8.535723243257306581e-02
8.793186281681575345e-02 8.912025401914445977e-02 1.117299195317090349e-01 9.027238488835359620e-02 1.115820464454651967e-01 1.120665900094471035e-01 1.212598856138726450e-01 1.122948315719717871e-01 7.348286909193557648e-02 9.025935601128474983e-02
8.747081264050822480e-02 8.829421230089096184e-02 1.183065949298642699e-01 8.860142151100357244e-02 1.180924278174120684e-01 1.125084192636835734e-01 1.141462615953479365e-01 1.127961607281278561e-01 7.120444493910842165e-02 8.857924427405314272e-02
8.866622956669870104e-02 8.914537593289474648e-02 1.072105083948693832e-01 9.094062080160486561e-02 1.071382640125335961e-01 1.147326953421094059e-01 1.236615244299653221e-01 1.148777798732292521e-01 7.267606671673491892e-02 9.095093492935980850e-02
8.892803866708318128e-02 8.959907518407057847e-02 1.129680776296226735e-01 8.889052212733578040e-02 1.127573400335126624e-01 1.138112897267108264e-01 1.177799950059732620e-01 1.141383950067656056e-01 7.226292817496171583e-02 8.886433844396372794e-02
9.196541651267253759e-02 9.346182556810397890e-02 1.113706424260550304e-01 8.905658676825517484e-02 1.112311612137366623e-01 1.131733899584161235e-01 1.144738119834594336e-01 1.133972031578284329e-01 7.281984554574279234e-02 8.905011686572987528e-02
9.092691088500765018e-02 9.160928432063464300e-02 1.075603724866313476e-01 9.020448999079681840e-02 1.075110085544616206e-01 1.116640728587714321e-01 1.174112909821644762e-01 1.117576559460041752e-01 8.113438325373875659e-02 9.022053072178906619e-02
8.806831280350745084e-02 8.864337222220659840e-02 1.185382942258984690e-01 8.633054786319144247e-02 1.184321066946491668e-01 1.169169312017349777e-01 1.146717999904252050e-01 1.170723494438252466e-01 6.497466919490887949e-02 8.635161635965259153e-02
8.932261164102625606e-02 8.971223831024933981e-02 1.092698873144776484e-01 8.684362976583440141e-02 1.091316249734055194e-01 1.187382747537826660e-01 1.206103691930230648e-01 1.190069399699626718e-01 7.052019513828963748e-02 8.684422893994879489e-02
9.208028903058305958e-02 9.363281951601992725e-02 1.097379922480172798e-01 9.186177449191766653e-02 1.096523949561149930e-01 1.094576432141385891e-01 1.163354902775690924e-01 1.095886862210606605e-01 7.579150784547353248e-02 9.186140219910521321e-02
9.254695496579587455e-02 9.335240052691237689e-02 1.088513874629611633e-01 9.061506060628514436e-02 1.087580469887278189e-01 1.078397898718227582e-01 1.156172377439358134e-01 1.079786608967829020e-01 8.382774296075326537e-02 9.061271797602281353e-02
9.583986180103735986e-02 9.785541809359041276e-02 1.057529534457775366e-01 9.710700049735318529e-02 1.057392417478333901e-01 1.021823985174054455e-01 1.041339788303899533e-01 1.021968229551190321e-01 9.208403186152826214e-02 9.710829224996538056e-02
9.114804677300550328e-02 9.179591384789713426e-02 1.089733321031189223e-01 9.055351209432430104e-02 1.088198901513275363e-01 1.111993868303922522e-01 1.174065906722543406e-01 1.114467025469319528e-01 7.812161549063338650e-02 9.053500949011472620e-02
9.466979329361652207e-02 9.658498372660277720e-02 1.039652861939972112e-01 9.413204577175181276e-02 1.038279009510022638e-01 1.100865020171228337e-01 1.123768444731731014e-01 1.103333499223947828e-01 7.992312004030169281e-02 9.410017361003708558e-02
9.204241362614881683e-02 9.162087361483592374e-02 1.092272677165937594e-01 9.453773449773480997e-02 1.090052716972086944e-01 1.070223443224831567e-01 1.128753733053997066e-01 1.073437896852926926e-01 8.184757466030116724e-02 9.447735687400131421e-02
8.648050952978447725e-02 8.769116716648060750e-02 1.194728498582207782e-01 8.398672106448118457e-02 1.192756129426056216e-01 1.132434715038812684e-01 1.189617497162768073e-01 1.135049892823146306e-01 7.339979819496367242e-02 8.398313074099093833e-02
8.690910243632390952e-02 8.783204644527736749e-02 1.177862938186681058e-01 8.552488195015658934e-02 1.176351574713467990e-01 1.158162846932666579e-01 1.182563412672781172e-01 1.160361361841572014e-01 6.867094271692018859e-02 8.553281301660504987e-02
8.355503292324374665e-02 8.463671159140333244e-02 1.230087040565699397e-01 8.241678796426646358e-02 1.228229212735973408e-01 1.140224201663094794e-01 1.198382580929606422e-01 1.142534821565905356e-01 7.302303117078805250e-02 8.242265060427042545e-02
8.316673257183901380e-02 8.353637009236271338e-02 1.261893573488645781e-01 8.308743812023362818e-02 1.260514417713251845e-01 1.151427715372238536e-01 1.138013967348889544e-01 1.152992330156163286e-01 7.061541685612507391e-02 8.310984195152061604e-02
9.013065218505011966e-02 9.055134378434412379e-02 1.102133945617301825e-01 9.032129374204976580e-02 1.100933286838092495e-01 1.144712846936962458e-01 1.172826746292741917e-01 1.146784327029321815e-01 7.193931929179200879e-02 9.031827572532195869e-02
9.413870519228384470e-02 9.574966120505343237e-02 1.102817450942072258e-01 9.104760542893625130e-02 1.101910735633374050e-01 1.088852021939580028e-01 1.123431182012645801e-01 1.090190458224872261e-01 7.729721542899493925e-02 9.104662786947706477e-02
8.616543087295437664e-02 8.700283704368583226e-02 1.114978071783065960e-01 8.781896923844460801e-02 1.113663880755522556e-01 1.119130801876609543e-01 1.253255492247610237e-01 1.121174702467967882e-01 7.897696790977581927e-02 8.781550002206178762e-02
9.347759266374242038e-02 9.562914787458565158e-02 1.095382620087536063e-01 9.287102774934719029e-02 1.094874486997980817e-01 1.080578316883866047e-01 1.079529286169945701e-01 1.081332757155099716e-01 8.197545917207132993e-02 9.287702581081057340e-02
9.004686766321627622e-02 9.080573027257143881e-02 1.113728467229930935e-01 9.087445927282601643e-02 1.111596352210545285e-01 1.113690355430153739e-01 1.184403504749158842e-01 1.116941472428545079e-01 7.340072131072185313e-02 9.083620627583101348e-02
9.259082786595730641e-02 9.342603150061165596e-02 1.063702867305316713e-01 9.053359251004723662e-02 1.062058166148779625e-01 1.110047009649962058e-01 1.189516442897960713e-01 1.112856423165976966e-01 7.912503880956964220e-02 9.050641839701459301e-02
8.706085133864226167e-02 8.750811424562779384e-02 1.122948625044759979e-01 9.435789299763093496e-02 1.122410987435947111e-01 1.079270327651004474e-01 1.119142647930928408e-01 1.079962510593585612e-01 8.433750075535910440e-02 9.436213079711729124e-02
9.198569419591544338e-02 9.186188105314299635e-02 1.026657496618167548e-01 9.074465989200686256e-02 1.026207675546060294e-01 1.170046016618962043e-01 1.201970287773010959e-01 1.171335352627604215e-01 7.502390435005955316e-02 9.076217759049461098e-02
8.962878161043247305e-02 9.166783589606106175e-02 1.168260064814936050e-01 8.591594168947710997e-02 1.166857773897693462e-01 1.149023253502632763e-01 1.103613416211104148e-01 1.151085722543580686e-01 7.298283912524657080e-02 8.592057858178805962e-02
8.810936310006302341e-02 8.856307950684146058e-02 1.193905366920644945e-01 8.736995042728409877e-02 1.191986177282922665e-01 1.115771875126837509e-01 1.106786092224406742e-01 1.118208312597613330e-01 7.593235475864222594e-02 8.735946979192667217e-02
8.934075364361029892e-02 9.121697761206476462e-02 1.135755864178424612e-01 8.960282399063759784e-02 1.134542045234135654e-01 1.116399659615057854e-01 1.153849359421440374e-01 1.118158428902260582e-01 7.436619194497200158e-02 8.960271707358340165e-02
9.295754433512093406e-02 9.328403915878573371e-02 1.035217256982605416e-01 9.295367775892490747e-02 1.034709481264382003e-01 1.127276539525011445e-01 1.173419772273664868e-01 1.128439585669655520e-01 7.793603658583843352e-02 9.296243858979806596e-02
8.815317891494185709e-02 8.946016759509935190e-02 1.160026012997927430e-01 8.820859580623048590e-02 1.159179448802696993e-01 1.067603064395396539e-01 1.139762697215692538e-01 1.068535878247190568e-01 8.644985233507311573e-02 8.821749518276472690e-02
8.796370877706571889e-02 8.897831997403789217e-02 1.160962160135300680e-01 8.820072133300214945e-02 1.158968494136749933e-01 1.119697107492434590e-01 1.178460443294502141e-01 1.122458129361110640e-01 7.261957090284469618e-02 8.818304557103977259e-02
8.864336610961180696e-02 8.997838227251989118e-02 1.215336451732038497e-01 8.663554610105213272e-02 1.213005358474480710e-01 1.110814984353131196e-01 1.097315478302807179e-01 1.113647236642178878e-01 7.311475940269213103e-02 8.661599516366036422e-02
8.592372449245949673e-02 8.672213196700646887e-02 1.236389371652343305e-01 8.270465961550280132e-02 1.234605108987582717e-01 1.149821821677438488e-01 1.128777724554081707e-01 1.152048855135164723e-01 7.177106492513926628e-02 8.271413079923084499e-02
8.469019449327251647e-02 8.553211470134201855e-02 1.222373467028988470e-01 8.437445364285992011e-02 1.221170469865678898e-01 1.137166375577638999e-01 1.166720339641637294e-01 1.138614397653682914e-01 7.240536302377997835e-02 8.439336916198292293e-02
8.985109844283302449e-02 9.028103576482407466e-02 1.109725634976613112e-01 8.570871546529279517e-02 1.108918540240907136e-01 1.133753935979018856e-01 1.233888031397438606e-01 1.135123230939125427e-01 7.629253985252783254e-02 8.572567312121193162e-02
8.494481263857596443e-02 8.566929596921286916e-02 1.188705031634963993e-01 8.428748382191643407e-02 1.187079359576505844e-01 1.168243651945911898e-01 1.173051019843312226e-01 1.170625697590845227e-01 7.203414799410728930e-02 8.429378351703353811e-02
8.831528652929404588e-02 8.925216989079824692e-02 1.134167943417348362e-01 9.039484833787002349e-02 1.132068794330375189e-01 1.085008520848201180e-01 1.170175408028076014e-01 1.087863958159155930e-01 8.074925885876994835e-02 9.035997390495201231e-02
9.295488261210839431e-02 9.442421270175038739e-02 8.269810604002812704e-02 9.327834550445904260e-02 8.258356543193609567e-02 1.332416935844512318e-01 1.440937852561528509e-01 1.338010721661531122e-01 4.966930053721663879e-02 9.325503616574412624e-02
9.167861995050635704e-02 9.344384621117189649e-02 1.113442470630067599e-01 9.041672106353232374e-02 1.112010713253150651e-01 1.119624043061362845e-01 1.139370683809198120e-01 1.121854193093284324e-01 7.342681146937363179e-02 9.040379092070946476e-02
9.084958040099563870e-02 9.220850358545906733e-02 1.112590110318087827e-01 9.010458151777804570e-02 1.110805181946668413e-01 1.132934340969520975e-01 1.164697816657681156e-01 1.135788898644020661e-01 7.107258143413307250e-02 9.008311820803630021e-02
8.802758318520777225e-02 8.825818138609553554e-02 1.098979580354285390e-01 9.048288738119407426e-02 1.097735720222030864e-01 1.127067899316870764e-01 1.198387674144012205e-01 1.129135133605658342e-01 7.762620353222501879e-02 9.047454375099182877e-02
8.284477112909771623e-02 8.336535317898249864e-02 1.232109842746960393e-01 8.702062309043628874e-02 1.230231386105735403e-01 1.131057956587435548e-01 1.140087361808339722e-01 1.133329020202245574e-01 7.307220102456239708e-02 8.701549483184940759e-02
8.749721569791051035e-02 8.842129384201719011e-02 1.155205854884651800e-01 8.563684752302218317e-02 1.153266829485518757e-01 1.171609954061545444e-01 1.200572315742556295e-01 1.174679781425435332e-01 6.728089848961736619e-02 8.563027088746198723e-02
9.176543753490327970e-02 9.304260172219019909e-02 1.146236364219619663e-01 8.884564068164640949e-02 1.144959689372777450e-01 1.123548491628361956e-01 1.119998958256196303e-01 1.125394434728514137e-01 7.148758736378896250e-02 8.884493887692421210e-02
8.877506577833536860e-02 9.012313794547913148e-02 1.119256509325140675e-01 8.937553463110463337e-02 1.117158478000447180e-01 1.139693943866563197e-01 1.208835654142569049e-01 1.143026139695707266e-01 6.958012204143486368e-02 8.934906710060325219e-02
9.189035259489065910e-02 9.207342987128500078e-02 1.091507998517913663e-01 9.105709104473505566e-02 1.090158590414353201e-01 1.089994411067514990e-01 1.189480650492665270e-01 1.092057826434505302e-01 7.862023466206433109e-02 9.103894413432973842e-02
8.727209574501948453e-02 8.819696154841472069e-02 1.148574395842412027e-01 8.785214230662403978e-02 1.145872338799261564e-01 1.131060154548672592e-01 1.213788228116866041e-01 1.135025157127671075e-01 7.143405448818744563e-02 8.781271846826599337e-02
9.416643194621109048e-02 9.403772201135095210e-02 1.116601972010167060e-01 9.044630743026942088e-02 1.115160708291448866e-01 1.090854249381303792e-01 1.118345841401539170e-01 1.092915534682914747e-01 7.753118210780385322e-02 9.043052592762730602e-02
8.844364679122951323e-02 8.909469762636798573e-02 1.057068965741728012e-01 8.999682357537847066e-02 1.055868004758236667e-01 1.196550200047271362e-01 1.192037040542708315e-01 1.199198323287446882e-01 7.239899481908405876e-02 8.999358375020080625e-02
9.185943712593432064e-02 9.295230784009106406e-02 1.140782706735175983e-01 8.776120395278512454e-02 1.139403505626109120e-01 1.126922306715193584e-01 1.161445425046148811e-01 1.128954199592016594e-01 6.991466465881046588e-02 8.776157205091465741e-02
8.693157712826790617e-02 8.782432747238286264e-02 1.232942808919510608e-01 8.358728087440084331e-02 1.230518618363045796e-01 1.117520869533953076e-01 1.153082979073318942e-01 1.120407276805140961e-01 7.263354975291465288e-02 8.357600950253681049e-02
9.565620360220221385e-02 9.790521779903189892e-02 1.065201729955218557e-01 9.319643914154977782e-02 1.064469204982706890e-01 1.064183840861931268e-01 1.120932475125216848e-01 1.065319648607087888e-01 8.204162183259197660e-02 9.318982767140798762e-02
8.863700930448366322e-02 8.878035960689363570e-02 1.109128438711829839e-01 8.902131495044315890e-02 1.107597570035373652e-01 1.139476368587116067e-01 1.199589744401563657e-01 1.142005946618042389e-01 7.477184458647510856e-02 8.900966471631187316e-02
8.947801413632373857e-02 9.009880507301425145e-02 1.098801131191084884e-01 9.029220470406229548e-02 1.097634632346404654e-01 1.140098180463132022e-01 1.140322015075536655e-01 1.142114559810841617e-01 7.794552191441551925e-02 9.028840228348419816e-02
9.031323881256096697e-02 9.092989869459323915e-02 1.074449524605117778e-01 9.117098588694957928e-02 1.073256097589160019e-01 1.136870506306738304e-01 1.208912089090452557e-01 1.139044994866961757e-01 7.317069058230206424e-02 9.116186477775113650e-02
9.198802901013113098e-02 9.353904882906528828e-02 1.156799150668814530e-01 8.914670834387646015e-02 1.155651608241875655e-01 1.072357522660881551e-01 1.123507269608313430e-01 1.073715321222082075e-01 7.797699590213284793e-02 8.914613067459753459e-02
8.863862701339680905e-02 8.929104909002985591e-02 1.083393120691707873e-01 8.984912014716535389e-02 1.082060158790647264e-01 1.130471865224634831e-01 1.254140459311497147e-01 1.132792050651072191e-01 7.409812474880546340e-02 8.983731353364665662e-02
8.661574877902784853e-02 8.720103236212987941e-02 1.147825927951069969e-01 8.813731173397042207e-02 1.146254487955577356e-01 1.110037875110417571e-01 1.256848748027193097e-01 1.112223968700187110e-01 7.259832504059796077e-02 8.812848130982942063e-02
8.608697397520964634e-02 8.653764812046922661e-02 1.117021443964935634e-01 9.250928400141755770e-02 1.115889229646465364e-01 1.123417465976538909e-01 1.161840597101358868e-01 1.125188787098309051e-01 7.802707787668916595e-02 9.250326364745359298e-02
9.181017902489621574e-02 9.289420122637943866e-02 1.083928799900407414e-01 8.860189330714218769e-02 1.082515711458755386e-01 1.152879153852220812e-01 1.196649063266309043e-01 1.155450926857714972e-01 7.095666607947707927e-02 8.859469482856426048e-02
9.307898142448627066e-02 9.441339639557454200e-02 1.114307731338853719e-01 9.082418540906460336e-02 1.113655818343558673e-01 1.073811885013303824e-01 1.126784375536587085e-01 1.074674802670484292e-01 8.052893703335323172e-02 9.083103844724259301e-02
8.426660206596221780e-02 8.459014336533100809e-02 1.176164147064946153e-01 8.672683010907078494e-02 1.174339738054195198e-01 1.123597302385801050e-01 1.214582463284176461e-01 1.126071607075505854e-01 7.622461184404678847e-02 8.671628682912671526e-02
8.933138002387798482e-02 9.020600100287552714e-02 1.101544226715035907e-01 8.887024512814294119e-02 1.099730196096505297e-01 1.150763231288879085e-01 1.242812577549289865e-01 1.153856728406880694e-01 6.786977751169907813e-02 8.885190032774537006e-02
9.209578280943586659e-02 9.230699080313124749e-02 1.052358388143751350e-01 9.219766576033361360e-02 1.051196481387327158e-01 1.147406221760612771e-01 1.211298486527153662e-01 1.149698097699159705e-01 7.001437860930230517e-02 9.218941446599647482e-02
8.868600536726832517e-02 8.918494307870164506e-02 1.148094901001812801e-01 8.779882911170835968e-02 1.146079089267819789e-01 1.144868588811871618e-01 1.187214354731430110e-01 1.147909786401131033e-01 6.913027482155559289e-02 8.778327559935954205e-02
1.022910583574131865e-01 1.033818435366242044e-01 9.890648325737434743e-02 1.007102880147070639e-01 9.897124876396780346e-02 9.759110278107609171e-02 1.004312528977881480e-01 9.749545274149065688e-02 9.948980648781388658e-02 1.007314631617445555e-01
9.548912172864133796e-02 9.389311880373472918e-02 1.046110574359925688e-01 1.020546312132585010e-01 1.046586543904529515e-01 1.002309892086495763e-01 1.022916239853332299e-01 1.001563653049255542e-01 9.454370525030444949e-02 1.020707326787070324e-01
8.928759063334233692e-02 8.995684330136426154e-02 1.220111294113968570e-01 8.584620529893348395e-02 1.218945466782065945e-01 1.093400854337548828e-01 1.074788018632309577e-01 1.094620949890948991e-01 7.886522557046471427e-02 8.585747682021105387e-02
9.178223732223775300e-02 9.182463381832685345e-02 1.145209057280284493e-01 8.978548558658680512e-02 1.144013860199395022e-01 1.105225294896268334e-01 1.115541649167335336e-01 1.106864053898430067e-01 7.513873955510989855e-02 8.978351217356736469e-02
8.910085522780332445e-02 9.012387024767599952e-02 1.201939921975796466e-01 8.779324751011381711e-02 1.200096189615133951e-01 1.106049160155324479e-01 1.140191895902598618e-01 1.108277988783082785e-01 6.954206370310685170e-02 8.778444766810634958e-02
9.053985577199170909e-02 9.093659279573192145e-02 1.073682983679985908e-01 9.133355134374558648e-02 1.071956726239248481e-01 1.118818594256252019e-01 1.162088494016478568e-01 1.121746188767464431e-01 8.105625491109771930e-02 9.130444648149009523e-02
8.965317297353872505e-02 9.111610318832795430e-02 1.143159202630465721e-01 8.792937285591255481e-02 1.141380512990816942e-01 1.143841556624748401e-01 1.167295458353140997e-01 1.146558119038595114e-01 6.915908480606373920e-02 8.791878121238032306e-02
9.024769577029233270e-02 9.054868291165196759e-02 1.088031523920228727e-01 9.023169237693846878e-02 1.087368252756864273e-01 1.124660385985617461e-01 1.179065895173301709e-01 1.125846696463327634e-01 7.823076603508705151e-02 9.024388747609618511e-02
9.158926596155440858e-02 9.183190202878800668e-02 1.044909049990897787e-01 9.080771671049292504e-02 1.043287320336697688e-01 1.151755292119190782e-01 1.249609962795212303e-01 1.154940855418254697e-01 7.053803161208833938e-02 9.078283562105096682e-02
8.398567800758115209e-02 8.453797959891251601e-02 1.234702969340527312e-01 8.621515881640103018e-02 1.233235947304886226e-01 1.169052568504050094e-01 1.089753085672855587e-01 1.170963323684406920e-01 6.926358901606757823e-02 8.622680511036510953e-02
9.124015429657113263e-02 9.265286642099873626e-02 1.119038773920290608e-01 9.155011201123350317e-02 1.118487403443716721e-01 1.097613773103083279e-01 1.146398155721356366e-01 1.098392777376339946e-01 7.499934520349278710e-02 9.156443371122516273e-02
8.715709092681327153e-02 8.762114574565892100e-02 1.090981329916871911e-01 8.985799426574032911e-02 1.089469987842461712e-01 1.160180672450599748e-01 1.224391688754511293e-01 1.162912086659978889e-01 7.272340016190159684e-02 8.984679233744358173e-02
8.969687197796302747e-02 9.090584633237192014e-02 1.101726770750205836e-01 9.024895260046975065e-02 1.099809948289038608e-01 1.110079057692289206e-01 1.191388843611069920e-01 1.113056799593912932e-01 7.732362017269406307e-02 9.021856692284963009e-02
8.854556260584979521e-02 8.955721800656481213e-02 1.111632363749629898e-01 8.799229119221230189e-02 1.109937749275780872e-01 1.124875612102123057e-01 1.225931806196394608e-01 1.127550858603477008e-01 7.593504460391839461e-02 8.797704459871419358e-02
8.673433567492765117e-02 8.730564791206789355e-02 1.135183099734591305e-01 8.661962446641388591e-02 1.134203138729028282e-01 1.149099848292941817e-01 1.248306207230725495e-01 1.150697397961095991e-01 7.095949304693907611e-02 8.663192970481320421e-02
8.470990301626274421e-02 8.508942756925365336e-02 1.194366790330998046e-01 8.680978311761336497e-02 1.192933731405946551e-01 1.120869487110492668e-01 1.157313968834778328e-01 1.122682843158825383e-01 7.776124047748643464e-02 8.681296373527974675e-02
8.582296213372328508e-02 8.645549542551266009e-02 1.201019744032805064e-01 8.528557440490484864e-02 1.198844820425845059e-01 1.128739729783925783e-01 1.218961986838146272e-01 1.131565063575322438e-01 6.924796780872780055e-02 8.527486576152690234e-02
9.449245952308611696e-02 9.476696856988368889e-02 1.017873963218091510e-01 9.433454246467014304e-02 1.016263831578198135e-01 1.124282724503526537e-01 1.148826945807143729e-01 1.127457871334406475e-01 7.864298196676998420e-02 9.429251383145344223e-02
8.398264369446217792e-02 8.428269705051266714e-02 1.161909467875746615e-01 8.602026808897610122e-02 1.160157558446443943e-01 1.183269690825185794e-01 1.206722491207966319e-01 1.186074699896823847e-01 6.987971999863452910e-02 8.602128034219784503e-02
9.362638657510573281e-02 9.375495680567789980e-02 1.013819011190539021e-01 9.476187286546788879e-02 1.013031869259258810e-01 1.105390622286210184e-01 1.164386434865051917e-01 1.107035468210985918e-01 8.273981103561997563e-02 9.475063213692394570e-02
9.031901755928443964e-02 9.117323183810951970e-02 1.095274755470198452e-01 9.466844683080112566e-02 1.094050310566072048e-01 1.106218532531551973e-01 1.112555788600229217e-01 1.108151883206524302e-01 7.756438923321069823e-02 9.464978750113663131e-02
8.274697001509877248e-02 8.361995379836688336e-02 1.256641254719602641e-01 8.236857608956285604e-02 1.254743214083365310e-01 1.125673660905565504e-01 1.236436427268200605e-01 1.127808010951903833e-01 6.875902413240607414e-02 8.237521917170165242e-02
8.857866534233356515e-02 8.903026919478530810e-02 1.082007214616136914e-01 9.475161691559397248e-02 1.081066531055853847e-01 1.078405102869706977e-01 1.138430538745975468e-01 1.079849663234828117e-01 8.692824510268708227e-02 9.473529839234991201e-02
8.906196742972295743e-02 8.978185913313670163e-02 1.060810000795384955e-01 9.615284083985929653e-02 1.059649127052552930e-01 1.150092924168227559e-01 1.103144844687915099e-01 1.152370433682675666e-01 7.626478254827150083e-02 9.613181701033392257e-02
9.061859630044677427e-02 9.240472630009541333e-02 1.118358364024285984e-01 8.964209661005201335e-02 1.116945394774796069e-01 1.105098852062093018e-01 1.183711643284306725e-01 1.107186792166073158e-01 7.457306684767638083e-02 8.963140931057392291e-02
9.039861609674956777e-02 9.086664259981928893e-02 1.098202735032603045e-01 9.123856468012979393e-02 1.098051118746415089e-01 1.106778998098840866e-01 1.147115113193650504e-01 1.107075542635374277e-01 8.050958145245500075e-02 9.126424440015794282e-02
8.428911895042857927e-02 8.513088799351932467e-02 1.255746205378525659e-01 8.439533739356791520e-02 1.253695565108299548e-01 1.124231240591371250e-01 1.155272334790897470e-01 1.126554385943460967e-01 7.024095094005348983e-02 8.439373154117522924e-02
8.722038944005629235e-02 8.833962122340566214e-02 1.143603531041313265e-01 8.756046337491005249e-02 1.141671813244166250e-01 1.147194704381912650e-01 1.205097633068408780e-01 1.150167677089447282e-01 7.056049114405696376e-02 8.754549893504617875e-02
8.530323698130629073e-02 8.551615525837419352e-02 1.192852623752265334e-01 9.188844055663239474e-02 1.191482490669514976e-01 1.079100259580183380e-01 1.068515673087166024e-01 1.080627742868834201e-01 8.415701809243449072e-02 9.187727011545619715e-02
9.295055493825288284e-02 9.373390567938343076e-02 1.026860407936559388e-01 9.357475484130410581e-02 1.026965336341280205e-01 1.091828891640833493e-01 1.105241249997945541e-01 1.091882895015034022e-01 9.186472298815195892e-02 9.359818345974230125e-02
9.299976295954094641e-02 9.360870359483076941e-02 1.058374808657469718e-01 9.397489172299072768e-02 1.057694696338329493e-01 1.144836931954827247e-01 1.133593771093459462e-01 1.146278701484150231e-01 7.136182725795167658e-02 9.397692351186227866e-02
9.219961405576189428e-02 9.427734182075488134e-02 1.126241540476278641e-01 8.895083409657304763e-02 1.124715253372326473e-01 1.080152435124696331e-01 1.161263990825122244e-01 1.082216597325703633e-01 7.817613480716294194e-02 8.893709350733448871e-02
8.570098705010903428e-02 8.626525956305426679e-02 1.139866108784869797e-01 8.811056699119187985e-02 1.137864451567706797e-01 1.152224679975212690e-01 1.182740324827969841e-01 1.155373040253528383e-01 7.502577518337899543e-02 8.809055067133703121e-02
8.917026966300513335e-02 8.990314723496843630e-02 1.173634990448546439e-01 8.990410408197048453e-02 1.170820132846246697e-01 1.119695647059624766e-01 1.130846887736701167e-01 1.123525708721483940e-01 6.931103325506537960e-02 8.985910908373026529e-02
9.267124319261657583e-02 9.286982498742095415e-02 1.052819027775152294e-01 9.266449420033623374e-02 1.051771099739861187e-01 1.114149903450935564e-01 1.177543893131247216e-01 1.116073516797999460e-01 7.790513977463844886e-02 9.265355375546820149e-02
9.089263391179636109e-02 9.172322669337336365e-02 1.068595298835936513e-01 9.059705066766989001e-02 1.067076241773116108e-01 1.178921942142262397e-01 1.158876247894564254e-01 1.181956348432715298e-01 7.066454895983739770e-02 9.057993185946353054e-02
9.178720404944640254e-02 9.316055266199467499e-02 1.131119004346290424e-01 8.882570604597074537e-02 1.129337482068230730e-01 1.117490086075321049e-01 1.114336289143173092e-01 1.120134067212103512e-01 7.617902723177435997e-02 8.880581712630192248e-02
9.400712967151995947e-02 9.520239059847750152e-02 1.052415776201406916e-01 9.306746544768963736e-02 1.051240520841759257e-01 1.101773368235596379e-01 1.182288880205157461e-01 1.103839184312378208e-01 7.551791390087571332e-02 9.304932740180736628e-02
9.317730819892253158e-02 9.411194968908789815e-02 1.067264429596692099e-01 9.263999626254609820e-02 1.066315595756299611e-01 1.110779167645022381e-01 1.168620571236438505e-01 1.112443972295997646e-01 7.489336529695009292e-02 9.263500689944834110e-02
9.076143812219410190e-02 9.075600785792650727e-02 1.058494766039439899e-01 9.250988022716297166e-02 1.058301620116187530e-01 1.112850449561810923e-01 1.197058249938341146e-01 1.113354711530590985e-01 7.943684626962084494e-02 9.252984780445853985e-02
9.248934490734196656e-02 9.237331640110293951e-02 1.042929659334883574e-01 9.236058497762152097e-02 1.042603181612870855e-01 1.155234811113718119e-01 1.184959929674116730e-01 1.156168155581683704e-01 7.220698091549250519e-02 9.238019906671375570e-02
8.482653361022111926e-02 8.520792179851674475e-02 1.215331448025235850e-01 8.643135471461074748e-02 1.213298208142611218e-01 1.138957009719260977e-01 1.135905658073633612e-01 1.141576892290196293e-01 7.260459493852489121e-02 8.642267331303271627e-02
8.226122766978104239e-02 8.258617712243444819e-02 1.333240021985932777e-01 8.207074250675153171e-02 1.330902682635312917e-01 1.105109084651877960e-01 1.116011046862667444e-01 1.107254416975950312e-01 7.175660464635681690e-02 8.207352274350200594e-02
9.742729052972587400e-02 1.000547483421691947e-01 1.031689189174065241e-01 9.294362470427464107e-02 1.031255021033789521e-01 1.104410645851396089e-01 1.149710090816675329e-01 1.105371954390359651e-01 7.437871303297789727e-02 9.295193326422382385e-02
8.743959866945164028e-02 8.770437133903807858e-02 1.142430512952316152e-01 8.674188216915965088e-02 1.141514306415701979e-01 1.168837512480141311e-01 1.188867809522264202e-01 1.170378010678491398e-01 7.014994583643510695e-02 8.676138678102400525e-02
8.983869525003598810e-02 9.038280999654589587e-02 1.142371205065853268e-01 8.902783402610728314e-02 1.140937993838610082e-01 1.106122229136148327e-01 1.155602697625423420e-01 1.108106056363194342e-01 7.641414967295576122e-02 8.902249285143215562e-02
8.838106578582970163e-02 8.866178873837184116e-02 1.164488831947266267e-01 8.869079570826880754e-02 1.163672169203029266e-01 1.165025599800333933e-01 1.100649562357782635e-01 1.166300086708492167e-01 6.954203858380272885e-02 8.871068618203649392e-02
9.252522514480406024e-02 9.384262918736191450e-02 1.012217830803161106e-01 9.223505399491009615e-02 1.010587027686299516e-01 1.164641691276703250e-01 1.214890850110381393e-01 1.168187890568707088e-01 7.214195288739030931e-02 9.220260974100841223e-02
8.735722419115092563e-02 8.730665006993389154e-02 1.116925203332353039e-01 8.797602038303130312e-02 1.116185959674540484e-01 1.179445184152580761e-01 1.194235561637186360e-01 1.180869480470585903e-01 7.059643602457017775e-02 8.799753040458904718e-02
8.795887679780509116e-02 8.861781794253419109e-02 1.177860997065213328e-01 8.721234329368887650e-02 1.176461193071166450e-01 1.092876474999017605e-01 1.194812408903685036e-01 1.094584342943566435e-01 7.534072022841059590e-02 8.721070003929634606e-02
9.209266188337042469e-02 9.306507613816181190e-02 1.085205917575739754e-01 9.234714546229604026e-02 1.083622512570812657e-01 1.130920827891796071e-01 1.132863181368768402e-01 1.133628198765271877e-01 7.354911246863223007e-02 9.232194023030065866e-02
8.635236140590274445e-02 8.702999226051166826e-02 1.237399033095456791e-01 8.590969858510409674e-02 1.235358942667647703e-01 1.092464511301956681e-01 1.163814220923921061e-01 1.094675233547930393e-01 7.243474612635866783e-02 8.590200746843161539e-02
9.290399152823168583e-02 9.149301569163509340e-02 1.049545596244630952e-01 9.753571854364370686e-02 1.049139233978132468e-01 1.058314188043267684e-01 1.101672014048782761e-01 1.058996350217479010e-01 8.877126734236086281e-02 9.752926864089937753e-02
8.971008338267252857e-02 9.073824398300299465e-02 1.151274849536071121e-01 8.805136060134229059e-02 1.149574156434654826e-01 1.131773323176121088e-01 1.111604640015416423e-01 1.134265171206977202e-01 7.561146064266859035e-02 8.803963735338955765e-02
