1.083799041963917492e-01 8.678201607679926488e-02 1.170821908864072003e-01 9.169416520228050593e-02 9.254580958629197995e-02 9.252093234782818310e-02 1.001355959217813396e-01 1.170211268117292702e-01 1.154345552725599411e-01 7.840370369793052407e-02
1.050674347102207307e-01 8.784428933533047767e-02 1.204180036836576123e-01 9.201956071680776617e-02 9.184488667659347627e-02 9.180614253655866586e-02 9.798093682390650316e-02 1.202183055081940399e-01 1.105859172452863387e-01 8.221452276344438925e-02
1.017541865665565759e-01 8.679989751530237108e-02 1.169499912387413215e-01 9.229297111656804831e-02 9.516919038771425032e-02 9.514096751290343490e-02 9.976170581113921743e-02 1.168216361141216075e-01 1.088350221217709302e-01 8.647443161518229837e-02
1.224532385415712243e-01 9.321075747921918342e-02 1.148305962411657888e-01 8.830608444241623556e-02 8.855821372296721061e-02 8.852019445465736380e-02 9.842992145450513153e-02 1.147238442795198571e-01 1.149471627889998571e-01 7.601998659497817556e-02
1.077564456802826559e-01 8.784335434910253704e-02 1.227011498096955699e-01 9.082306645066683115e-02 9.044449849848629208e-02 9.043183493780924953e-02 9.715896889721852003e-02 1.224999310012034187e-01 1.119375355657538929e-01 7.840321480978101887e-02
1.073740160325085263e-01 9.584561498370144927e-02 1.139247252933782983e-01 9.348798212122119700e-02 9.050185205246448483e-02 9.052530511707641836e-02 9.541725569625315873e-02 1.138002079411174761e-01 1.046709236013586702e-01 9.445211716092034859e-02
1.084595354554069996e-01 8.672102472425584352e-02 1.210702071678001479e-01 9.028680897006742534e-02 9.048664041306261896e-02 9.047023959652829295e-02 1.015186913494827009e-01 1.209873981501801421e-01 1.136176878925386768e-01 7.638176628067716578e-02
1.178382717621858783e-01 9.605742628573679665e-02 1.150021881797801682e-01 9.086703439629995049e-02 8.874386677230973464e-02 8.871330927183669612e-02 9.583336340380570195e-02 1.148900336065607347e-01 1.106963718260891016e-01 8.135813449539530673e-02
1.040590227113537408e-01 8.810975507739900181e-02 1.158914135854156729e-01 9.338963318695907290e-02 9.283681690274729614e-02 9.280300972499225254e-02 9.962611411052769983e-02 1.158275401845525049e-01 1.109259120603782178e-01 8.653078245567456805e-02
1.092129754192771723e-01 8.816845878431620043e-02 1.179292278229647634e-01 9.093506270162554639e-02 9.028291241309860382e-02 9.024559998738587718e-02 9.947777496898568828e-02 1.177552667447209628e-01 1.130810758281256406e-01 8.291164532949960031e-02
1.109785244037176655e-01 9.103302709871223530e-02 1.216522260908115272e-01 8.971329794833599047e-02 8.812814934064819306e-02 8.809456444158039745e-02 9.792993129348256942e-02 1.214090949466219149e-01 1.091504706264095903e-01 8.191071380967997195e-02
1.143963030035994588e-01 8.483731787609087582e-02 1.210114250427958699e-01 8.748364547312380279e-02 8.951534199307779882e-02 8.946518305022993500e-02 9.831014011259114893e-02 1.208212401031355798e-01 1.186432327485119481e-01 7.551617059684359590e-02
1.207696705742482141e-01 9.108346703139140466e-02 1.130889235646703600e-01 8.930365447140031776e-02 8.679657369971680025e-02 8.679474225028652179e-02 9.772367446424025383e-02 1.130499091733742772e-01 1.181266317106560437e-01 8.326275306001580667e-02
1.314288546503855903e-01 9.249370642987415903e-02 1.179750463763433871e-01 8.471605452155596405e-02 8.494380041700787254e-02 8.490242739379900982e-02 9.501378170389426780e-02 1.177769513971760607e-01 1.180595155154807591e-01 7.268986159448290185e-02
1.224432785402549267e-01 9.213888039555537257e-02 1.189995092356848916e-01 8.769353019488093648e-02 8.704682521338195922e-02 8.701846303877897038e-02 9.722106117282862392e-02 1.188501322799989240e-01 1.155475318259781697e-01 7.304078810265714206e-02
1.132280520738291746e-01 8.747143738176856032e-02 1.216076743451591363e-01 8.790735674544855605e-02 8.953693405551191309e-02 8.950750178079124042e-02 9.706130057481991702e-02 1.213764882116065147e-01 1.139089249366092432e-01 7.839432989445575817e-02
1.126624762182954903e-01 9.077338492674108528e-02 1.149031904633412565e-01 9.100687343448748967e-02 9.067731051310555512e-02 9.063734888689199687e-02 9.759602279683343706e-02 1.147291988788210482e-01 1.129572319493453159e-01 8.405696193213732514e-02
1.041684276276537008e-01 8.961093869842610971e-02 1.161035621150864894e-01 9.423841876014027452e-02 9.537843494264444666e-02 9.531857327093089249e-02 1.018027138819429522e-01 1.160407319982092178e-01 1.099487311261387323e-01 7.738946757882721184e-02
1.020542298283195481e-01 8.132668853302151002e-02 1.237493734453569971e-01 9.168449330477275450e-02 9.145362937464848740e-02 9.140918156476735001e-02 1.026828225484480300e-01 1.236347191083279756e-01 1.170654392853106157e-01 7.493942300702674530e-02
1.195674951634932148e-01 9.316384829658221067e-02 1.170120429038788296e-01 8.959540903163912273e-02 8.573986956391030367e-02 8.571618814689220545e-02 9.799684849872154768e-02 1.169118884455416646e-01 1.143222039661080935e-01 7.997420598323282115e-02
1.058773899987643513e-01 8.527336710715698043e-02 1.229668536857018574e-01 9.109735144047972910e-02 8.967165706900731559e-02 8.964386971375466751e-02 9.906174774999686183e-02 1.227872164487907730e-01 1.141451835264519904e-01 7.947536325989551509e-02
1.112946336568321898e-01 9.367426349523608198e-02 1.149979940268051198e-01 9.155350716684157453e-02 9.151446501548742007e-02 9.146799649110717856e-02 9.843737369830755923e-02 1.148262827674123715e-01 1.084481465160003766e-01 8.378533716597012793e-02
1.118070917618047833e-01 9.021596915315464871e-02 1.171585693963063390e-01 9.002279514578982733e-02 9.143818135162834482e-02 9.140916638242453651e-02 9.606313066536473211e-02 1.169863942009075758e-01 1.115425177543707125e-01 8.335618418824848608e-02
1.234716815195246176e-01 9.736239004303622047e-02 1.162907524726747299e-01 8.905158993027362246e-02 8.696567825675456664e-02 8.693203905479653104e-02 9.469391287089681808e-02 1.161579725299244775e-01 1.114782582458357513e-01 7.759572507628272053e-02
1.059336678961190492e-01 8.401148994430095163e-02 1.197630705171560117e-01 9.097157247160182758e-02 9.125909681475900814e-02 9.124591790304481531e-02 9.758527767428000488e-02 1.196364076406234433e-01 1.161465602808468833e-01 8.344693885726800486e-02
1.705838808891519953e-01 1.179842688207544121e-01 1.081572964231105327e-01 7.883304571730358201e-02 8.033888675447699301e-02 8.029895327793577786e-02 8.803748815912242065e-02 1.080657581594516720e-01 1.047275108560250662e-01 6.297291094266747880e-02
1.027657157267100885e-01 8.612307195491135381e-02 1.163941513538984396e-01 9.314750930198283096e-02 9.418844979606684487e-02 9.415411983760497983e-02 9.960035757867662098e-02 1.162759712643130772e-01 1.120890104405475457e-01 8.526164274528823250e-02
1.083620808670387597e-01 8.991701801434019703e-02 1.145908592267597531e-01 9.082634727775311390e-02 9.297604656028536640e-02 9.296828389961460382e-02 1.023100894358101864e-01 1.144799073839143089e-01 1.096462852866655208e-01 8.392308204781820380e-02
1.118602514836274930e-01 8.938445335644912282e-02 1.180408311965931989e-01 9.017635109776821201e-02 8.964910422302679871e-02 8.962047464113850892e-02 9.964782188297054144e-02 1.178679836456484331e-01 1.129978638478972702e-01 8.075486462488051798e-02
1.173083543055399441e-01 9.434827871630083185e-02 1.125196128357968534e-01 8.930708091946470972e-02 9.044733500582506636e-02 9.041939635110372853e-02 9.783906835608090213e-02 1.124260910779605327e-01 1.102458925580945825e-01 8.513888987383283480e-02
1.080317694289716079e-01 8.490611722713861664e-02 1.225744049632177257e-01 8.926821658511036039e-02 9.023507447865407316e-02 9.021261300762779822e-02 1.004599234958440113e-01 1.223978528321258141e-01 1.145013524245883929e-01 7.741267555672162737e-02
1.111727147967160878e-01 8.770757037029075498e-02 1.167290247914467560e-01 8.991670870903439861e-02 9.178642352810392757e-02 9.174108533917829655e-02 9.914172113356770066e-02 1.165396793606157250e-01 1.143622559529326732e-01 8.090281601811369350e-02
1.136818411611386498e-01 8.915785852628803354e-02 1.172542319008847284e-01 9.082021811654709953e-02 8.934344164249155562e-02 8.930407543486232336e-02 9.845301795357683239e-02 1.170636704525605670e-01 1.161051970495528135e-01 7.881644776209742465e-02
1.022751963029453759e-01 9.190995183337756502e-02 1.049556615679259619e-01 9.296673644590955354e-02 1.040937291323945635e-01 1.040722509728911754e-01 1.053720053215611574e-01 1.049078875062627592e-01 1.035276772760363728e-01 8.591890364069555697e-02
1.077200487671638868e-01 9.502750800792268693e-02 1.135376419954177846e-01 9.409753110726201686e-02 9.283311122603017662e-02 9.283509259243413747e-02 9.588842977055136996e-02 1.134472398354126887e-01 1.066444876754229359e-01 8.796890902238233001e-02
1.295631648208368514e-01 9.287231757380311203e-02 1.180902600615210130e-01 8.381209270952169610e-02 8.374689239915078520e-02 8.372423398258699301e-02 9.728796060872405005e-02 1.179272911038324184e-01 1.145221306164513619e-01 7.845365612357170504e-02
1.283125868076838705e-01 9.247970980700138954e-02 1.157164788764904334e-01 8.571788036683755663e-02 8.912853515291527251e-02 8.910357507917958386e-02 9.752991967415151897e-02 1.156316530489982369e-01 1.171598359654768273e-01 6.921982522126539361e-02
1.021380123882064950e-01 8.221395591350375009e-02 1.229593281304373481e-01 9.120595729398474349e-02 9.188332611489739843e-02 9.185279239477327218e-02 1.000817379060657403e-01 1.228028086211722381e-01 1.149664668403516943e-01 7.989561439660734787e-02
1.189651398377382097e-01 8.922923481491958075e-02 1.238423412813248331e-01 8.647268454377478319e-02 8.607831071253593813e-02 8.606538798690342718e-02 9.333198760955827011e-02 1.236538993853453089e-01 1.147270888682158096e-01 7.763392495968383933e-02
1.227078200392128227e-01 9.017518809833267868e-02 1.207891171981052697e-01 8.685784505171731396e-02 8.529656962166586032e-02 8.528177579104033457e-02 9.551056052176200295e-02 1.205851449158474864e-01 1.174234588031491389e-01 7.537251995916710579e-02
1.110999253920990776e-01 8.969008878150380726e-02 1.205143580153470312e-01 9.008846619458074634e-02 8.892202763055841175e-02 8.889384193426874692e-02 9.744171266164362855e-02 1.203396384333815655e-01 1.116617126877649524e-01 8.134822826885204639e-02
1.187107656753128709e-01 9.306038703221414243e-02 1.146162932230662401e-01 8.932383461984599871e-02 8.899860131311194966e-02 8.896956011361265015e-02 9.780908063867257973e-02 1.144401474406722963e-01 1.132557855818715625e-01 8.081554436161968169e-02
1.065447254441882347e-01 8.531551142472520999e-02 1.228006862633544694e-01 9.058292664732366106e-02 8.878072021161628746e-02 8.876339375607839033e-02 9.924196854143683966e-02 1.226864160776036661e-01 1.141285820728379224e-01 8.115506956083533285e-02
1.133050225039513026e-01 8.879392700662543103e-02 1.181035622038013599e-01 8.959613521120415869e-02 9.028247599316285843e-02 9.023568348396272809e-02 9.958158596277698338e-02 1.179424921818702371e-01 1.144453546898637070e-01 7.771376076278121992e-02
1.116137894575985195e-01 8.818836313433389695e-02 1.147331775494608574e-01 8.956552543844535641e-02 9.397126472646835649e-02 9.393959977604104949e-02 1.020873261466903048e-01 1.146247901556735060e-01 1.136357770792647964e-01 7.764038653602334250e-02
1.074658927409925663e-01 8.731208508386753553e-02 1.172905905826325673e-01 9.027904651292861793e-02 9.167532095622143995e-02 9.166977062585324187e-02 1.027307621277777777e-01 1.171910878408672918e-01 1.116816055639014704e-01 8.270383796495750506e-02
1.205387440257512099e-01 8.901143503530169199e-02 1.166363614284298550e-01 8.801339820245926426e-02 9.035195437755361159e-02 9.033551685833877964e-02 9.830686678334071837e-02 1.165885402350459454e-01 1.190294614607590035e-01 7.118772159301993419e-02
1.099991773714170257e-01 8.175384136451903372e-02 1.214358720607886660e-01 8.777351549676541687e-02 9.065118235808700131e-02 9.062469185382161785e-02 1.006328084319616928e-01 1.212825041076288912e-01 1.198127839601106637e-01 7.603362299489994924e-02
1.088168844142898689e-01 9.142082611075540155e-02 1.153271309110128484e-01 9.129482979570680001e-02 9.304183894287269829e-02 9.302614926888544411e-02 9.981662128642407317e-02 1.152092089280523785e-01 1.086825923771800317e-01 8.336391796482046923e-02
1.083752304075990408e-01 9.111183565173298915e-02 1.150507489291265617e-01 9.043047341235918579e-02 9.314465414865312487e-02 9.312298533248679344e-02 1.037849013830973444e-01 1.149371523229260894e-01 1.074952766577778329e-01 8.254674175424106530e-02
1.049800205233104994e-01 9.967426392601735907e-02 1.034260433885026143e-01 9.644064186870086874e-02 9.719066483974235504e-02 9.720237291876691887e-02 1.037747638673286316e-01 1.033593922525016529e-01 1.015286404843753765e-01 9.242319593075372375e-02
1.084816567897369938e-01 8.871622728611953945e-02 1.167877004585719108e-01 9.048393383103726928e-02 9.169741540191563012e-02 9.165357786862818323e-02 1.009158878267847892e-01 1.166685662078555397e-01 1.108715504222178572e-01 8.372348390713230115e-02
1.032399420444669452e-01 8.883322912197844090e-02 1.115743701499379709e-01 9.382527284510230881e-02 9.624490801070685608e-02 9.620139640964629757e-02 1.045251066758140640e-01 1.114580424046860141e-01 1.095313836679679548e-01 8.456634866969311992e-02
1.088104610133738270e-01 9.612294437325842600e-02 1.124004440663281812e-01 9.465381267441927426e-02 9.170874084077129673e-02 9.165263645497674638e-02 9.963962814388488409e-02 1.122288868951510366e-01 1.069056676820384771e-01 8.587677785579786449e-02
1.206397101804069089e-01 8.891577419771326540e-02 1.201573667692893699e-01 8.517881507899879856e-02 8.891562300686932374e-02 8.889075790964366675e-02 9.667669654219383790e-02 1.199608309030314041e-01 1.146816591385950435e-01 7.598276627325839527e-02
1.195220827626070070e-01 8.823909723053738330e-02 1.199943667407071396e-01 8.708938438642954694e-02 8.941626914038355856e-02 8.939054886642401609e-02 9.906413164505943614e-02 1.198841701711556712e-01 1.177313026353317554e-01 6.966864642136448571e-02
1.243814133053828819e-01 8.892289271648110005e-02 1.212738987343362218e-01 8.368277523039403809e-02 8.592652770154329822e-02 8.591773912317836326e-02 9.658151917559175403e-02 1.210457622462588756e-01 1.156788888671530097e-01 7.658858289968044353e-02
1.295047379690622280e-01 9.216250589772810586e-02 1.168721857471838738e-01 8.551478286715337440e-02 8.596513954835456606e-02 8.595786723529162676e-02 9.601430741441714656e-02 1.167835150535390526e-01 1.183853082844598809e-01 7.283964998281011738e-02
1.105150514711592952e-01 8.778864153243030877e-02 1.175965646347635341e-01 9.086076641504664542e-02 9.107445345476777865e-02 9.104949798620325108e-02 9.981976390077937356e-02 1.174822452816308288e-01 1.149834864905983356e-01 7.882952883262060728e-02
1.102190181826872423e-01 9.216521042147918230e-02 1.122970739222861336e-01 9.120928666763040982e-02 9.590443811545869279e-02 9.588950255060203764e-02 1.024945295687502284e-01 1.121900740507627142e-01 1.089934987913399739e-01 7.863736772900342675e-02
1.110253119919397402e-01 8.732419339112618140e-02 1.247317869792460288e-01 8.774502307470784246e-02 8.691885939806688610e-02 8.690236045058170877e-02 9.665860955397662102e-02 1.245000482726774382e-01 1.116945723744545288e-01 8.249923451322303813e-02
1.090107780087397060e-01 9.365468116681482935e-02 1.075220023323943952e-01 9.256689297998280108e-02 9.531433907994750487e-02 9.531905214122769754e-02 1.039725124787945487e-01 1.074331218868195686e-01 1.077099350519543780e-01 8.749668487332458444e-02
1.108098409567586651e-01 9.059591816542764131e-02 1.178043690997865600e-01 9.086966809969651560e-02 9.077661837416192703e-02 9.073012189967692709e-02 9.641435332571499095e-02 1.176033544941513936e-01 1.111263806292421552e-01 8.326937495538322409e-02
1.061603024875659856e-01 8.715972075727318469e-02 1.186235505071708690e-01 9.073847409314364509e-02 9.360745361950280341e-02 9.355897481220221135e-02 1.011482447231072945e-01 1.184604499763628471e-01 1.110119062983604965e-01 7.953092272531063489e-02
1.120639572983691407e-01 9.774958664352506599e-02 1.117389888487859279e-01 9.429923831468375872e-02 8.746474195229789195e-02 8.747213172483260524e-02 9.577467895178491675e-02 1.116251376470785567e-01 1.078688371459270295e-01 9.394270147271512050e-02
1.028175646250407554e-01 8.127818020464595838e-02 1.203678117047803642e-01 9.106881395436465521e-02 9.217745538669026850e-02 9.216793167245240781e-02 1.016216836874419410e-01 1.202738355938601233e-01 1.173126147334614261e-01 8.091410843726211388e-02
1.183280293856207310e-01 8.841992584134950039e-02 1.119614783903382371e-01 8.733707919160468847e-02 9.317200002054222552e-02 9.316577229514155789e-02 1.005387156753620725e-01 1.118220559578817913e-01 1.167426363997055294e-01 7.851230684245366631e-02
1.211854025305537097e-01 9.423502701526384473e-02 1.123982586593487848e-01 8.904054794740573486e-02 9.023572695836655500e-02 9.020482397878443193e-02 9.673960671843381820e-02 1.122919169011587920e-01 1.135181302020937533e-01 8.015055908859054778e-02
1.140222225196042688e-01 9.149443856135819342e-02 1.158109583393494013e-01 9.021264935380468586e-02 9.181792815291460463e-02 9.179242832058465140e-02 9.937705999259043022e-02 1.157163609971098989e-01 1.122329024487898896e-01 7.752305131389400361e-02
1.030357078562149364e-01 8.583628385630971691e-02 1.167348959352079718e-01 9.268923292534732294e-02 9.300320555515635690e-02 9.298562206469936087e-02 1.016551169857363712e-01 1.166674650108192740e-01 1.122738233432682420e-01 8.511864646724043304e-02
1.162169659080568296e-01 9.528345498871415575e-02 1.142229141766303302e-01 8.854464458658202475e-02 8.979891300118281183e-02 8.980154915044584463e-02 1.006366895216536383e-01 1.140715066332578381e-01 1.071525418908980953e-01 8.427082014257838982e-02
1.164858939340490257e-01 9.153441466911833857e-02 1.181917205926601711e-01 8.888099886955111439e-02 8.963857026391404415e-02 8.959734236928883211e-02 9.684941687096801366e-02 1.180444822612933403e-01 1.125889778161876104e-01 7.818818235296950969e-02
1.227473549082556820e-01 9.475940590493139859e-02 1.109462689205887725e-01 8.792254557386866565e-02 9.129470674322127943e-02 9.126358296533298997e-02 9.672650738064798859e-02 1.107951982115783218e-01 1.125632324340353763e-01 8.098119695753953906e-02
1.262389901518986834e-01 8.985601192619113720e-02 1.153857449705818355e-01 8.477473562309036093e-02 8.887691709607765944e-02 8.886386008677009396e-02 9.863143816445670009e-02 1.152489605629245517e-01 1.177365775708831275e-01 7.438676384712580858e-02
1.244378592260856897e-01 9.143652887404297991e-02 1.188451074812187785e-01 8.612969898827244064e-02 8.730345087333948872e-02 8.730109434792031331e-02 9.548588522005263535e-02 1.187064372943772983e-01 1.160078515655074971e-01 7.434608612918289228e-02
1.113174841269974208e-01 8.457322653048059136e-02 1.237822327203296768e-01 8.619327751641579771e-02 9.078127609206475268e-02 9.078025786390973850e-02 9.655071775310564153e-02 1.235806962393650871e-01 1.139658454342665078e-01 7.847498572306473019e-02
1.210067633681014554e-01 8.724782992000758297e-02 1.195382741620850536e-01 8.614806868138816243e-02 8.754986601785642863e-02 8.753975128140739637e-02 9.828437851113625001e-02 1.193575418411377265e-01 1.192939130257839736e-01 7.403361319109592886e-02
1.132480699171671268e-01 9.410232796936213173e-02 1.167817870430610666e-01 9.067532711307482729e-02 8.950631803548125820e-02 8.946231132605632352e-02 9.765723677735219099e-02 1.165985766848658400e-01 1.086113427120315028e-01 8.335670242154773202e-02
8.158774351027760219e-02 6.213072396624938487e-02 1.414246049287273543e-01 9.251543508235456070e-02 9.356262211693482100e-02 9.342995518464897176e-02 1.117775819292627648e-01 1.414978645448913552e-01 1.312211118219891448e-01 5.085235691466406804e-02
1.112681689197945328e-01 9.007077324013700037e-02 1.138852959344835158e-01 9.067828945675350527e-02 9.369412516347108699e-02 9.366547860351509547e-02 1.028879225570309003e-01 1.137572308664476506e-01 1.121293491172141582e-01 7.796336614115256802e-02
1.110889336805788580e-01 8.874104573900538917e-02 1.162599207184838723e-01 9.035490904310050642e-02 9.243627879492062605e-02 9.239146632265270165e-02 9.968578728900248653e-02 1.161296721887274258e-01 1.133607664773286644e-01 7.955121974619952518e-02
1.100273115146173514e-01 8.874322633627892976e-02 1.199728899870147608e-01 9.089264453789744347e-02 8.864843796519614183e-02 8.863053504570185537e-02 9.807866217764860117e-02 1.197954405016008750e-01 1.130904049253633747e-01 8.212044700868073588e-02
1.248067482495595765e-01 9.502648233991828342e-02 1.156141790826377275e-01 8.850181866201090042e-02 8.478125332342492659e-02 8.477125194657281204e-02 9.350240151445918246e-02 1.154403303676529852e-01 1.149349942266281455e-01 8.262054028713544662e-02
1.160085724458580769e-01 8.522741382314567848e-02 1.205627306519804487e-01 8.639742187891744085e-02 8.917989805133162695e-02 8.914329941939476420e-02 1.006349617179634059e-01 1.204064959679782137e-01 1.179515454879039166e-01 7.448766055552651089e-02
1.151199064113010706e-01 9.095593586448556811e-02 1.125620764628518788e-01 8.951149456456815312e-02 9.372404784949978085e-02 9.370753407955143000e-02 1.004040581996920312e-01 1.124470496210814019e-01 1.130900781325949733e-01 7.847781881437369822e-02
1.120282818990354229e-01 8.829056499822833526e-02 1.208598192700393453e-01 8.989014790247298881e-02 9.060537494239152834e-02 9.054603908193886719e-02 9.951428971781489663e-02 1.207248561918915497e-01 1.142823358946189194e-01 7.325829010156813259e-02
1.086587779997153086e-01 9.088774786652609183e-02 1.183748371002127653e-01 9.095653708768469681e-02 9.195764730492736461e-02 9.193345537973213188e-02 9.497612017280812613e-02 1.181794431897412595e-01 1.087542223948825409e-01 8.532121150376971441e-02
1.145731313542201618e-01 8.904225647018680634e-02 1.209992619337708492e-01 8.815985905721634985e-02 8.847333578890242967e-02 8.841513595848954354e-02 9.910182123779519292e-02 1.207809413004198862e-01 1.131777194394127800e-01 7.727653745958598663e-02
1.117213066827649065e-01 9.255351930214034128e-02 1.119145819289128208e-01 9.080508567440341572e-02 9.439052994029670240e-02 9.436131487239292348e-02 9.836540363869375470e-02 1.117904584101980375e-01 1.093725655806491448e-01 8.472523396954795283e-02
1.064182862857943196e-01 8.171073411114171403e-02 1.200190311875657945e-01 9.094495706107287580e-02 9.001416402664146055e-02 8.998607420646673183e-02 1.037102454505472310e-01 1.199012111884642240e-01 1.207018255176093430e-01 7.659347096469631966e-02
1.141980672768291849e-01 8.897506323246065496e-02 1.162403788133341137e-01 8.813945174924139869e-02 9.332638738401893841e-02 9.329520617078905509e-02 1.005843778918837361e-01 1.161381206044337644e-01 1.129869596164614493e-01 7.611598726054764896e-02
1.246598455623107032e-01 9.202158562888615445e-02 1.166558272038483168e-01 8.493017348328840699e-02 8.921278856842634886e-02 8.918238225725313995e-02 9.706593315259284815e-02 1.164653280148482267e-01 1.133628705705765904e-01 7.644326555796933376e-02
1.055983772153098327e-01 9.255163729900389713e-02 1.111256115192232607e-01 9.257661970396993678e-02 9.724186121413302963e-02 9.722954214582364696e-02 1.032098792799736181e-01 1.110068037752403869e-01 1.056541669161056851e-01 8.380550093121670596e-02
1.113681689137352299e-01 8.749448896080973259e-02 1.204404708781755817e-01 8.974061439404308615e-02 8.948090703422860448e-02 8.945378497278172469e-02 9.846294397004759502e-02 1.202623212260410523e-01 1.146915779406507824e-01 7.860472170948663850e-02
1.103963446225290218e-01 8.798866985264405804e-02 1.146225879267030318e-01 9.101008014187120243e-02 9.080281937934903125e-02 9.078468224685494470e-02 1.033576281256202989e-01 1.145053122108191379e-01 1.147865872254608954e-01 8.174528826814836391e-02
1.070222910908032038e-01 8.655555834191971942e-02 1.203659293530403990e-01 9.111647624554766733e-02 9.085841192110757913e-02 9.083176037646598089e-02 9.815948800395965512e-02 1.202110495139850216e-01 1.134491329862064024e-01 8.142990216696437134e-02
1.150809926527788518e-01 9.505692296952186759e-02 1.117739390489778245e-01 8.890431787614334891e-02 9.326913969663168380e-02 9.325331971568798228e-02 1.034652770263902177e-01 1.116581899880311202e-01 1.068522456990405739e-01 8.068565532679651542e-02
1.074999273529800153e-01 8.603984639740809570e-02 1.243847853446784224e-01 8.948189497233198508e-02 8.891377293731533848e-02 8.889251201309786299e-02 9.997479739692705092e-02 1.241477652660544911e-01 1.124481476831638849e-01 7.821655063604283920e-02
1.137506166484482523e-01 9.010586371708578790e-02 1.244674762033482901e-01 8.766359914478852322e-02 8.671902668014477844e-02 8.669702588515104669e-02 9.464743135404637964e-02 1.242324636973655833e-01 1.102594526212735959e-01 8.145704404834780421e-02
1.114784005005142187e-01 9.199822722966544131e-02 1.159377289374438486e-01 9.258649601243507110e-02 8.660192343869473064e-02 8.658338906670556834e-02 9.948736842794916879e-02 1.158295312315488074e-01 1.122905916761502421e-01 8.720634347889291704e-02
1.088610197600201612e-01 8.457894996526423015e-02 1.201319692390441507e-01 8.932548444513938035e-02 9.362394283955147167e-02 9.358546481772109238e-02 9.938289069564446021e-02 1.200008311693023660e-01 1.159978047855918376e-01 7.451164228272084966e-02
1.104405914072816575e-01 9.318406722992920999e-02 1.117072458418337799e-01 9.017225996120124820e-02 9.372934695537968319e-02 9.372873703153367098e-02 1.023371191345648634e-01 1.115873376056029098e-01 1.065879792951862082e-01 8.652531553748681048e-02
1.180641933831756973e-01 9.071545400796095227e-02 1.219744559886829643e-01 8.742895989632100406e-02 8.526985324986467718e-02 8.525702927016499955e-02 9.465471247152972001e-02 1.217149017634202163e-01 1.131703563533575096e-01 8.175008361552221769e-02
1.102757222384452701e-01 8.589166201766697262e-02 1.242858244626625364e-01 8.936885595575783103e-02 9.068049832442964808e-02 9.063152794871680296e-02 9.644947571967725508e-02 1.241176169203737217e-01 1.154264039870040864e-01 7.287241242526583396e-02
1.051429575183236986e-01 8.552747934244878114e-02 1.208541621439942065e-01 9.241110223828620518e-02 9.248693530070606350e-02 9.243772846557753164e-02 9.990657915741611717e-02 1.207918554556988433e-01 1.147027578145689980e-01 7.573844256297954103e-02
1.161075941726066735e-01 8.924084577182279931e-02 1.199843797354799291e-01 8.919299784317866187e-02 9.056802509957012637e-02 9.051788172015542977e-02 9.697771671373264790e-02 1.198661630313962723e-01 1.159949538613771064e-01 7.154944205068032581e-02
9.790067758866663472e-02 1.010224930849330238e-01 9.939473729268620550e-02 9.952285092972566749e-02 1.021707016006693780e-01 1.021942628736341036e-01 1.046702032232221247e-01 9.940790194787713085e-02 9.651571635985747855e-02 9.720045509872823897e-02
1.041082566590745828e-01 1.060341149113782494e-01 1.018018212146874213e-01 1.014394064219295011e-01 9.334815165328409770e-02 9.337005836486521326e-02 9.292224665365846070e-02 1.018017147289414781e-01 9.969969757236206431e-02 1.054745318198189175e-01
1.235310145031745244e-01 9.570177018375057576e-02 1.089760086059611832e-01 8.714008971139500237e-02 9.130844070266230794e-02 9.131372037345474035e-02 9.834109085528792982e-02 1.088540546013016252e-01 1.109861669553715291e-01 8.384764350764054019e-02
1.150715171687299310e-01 9.324307502977813300e-02 1.121496082499873759e-01 9.047515889756080343e-02 9.251788262771029614e-02 9.250347987906855363e-02 9.783468155191404891e-02 1.120373751805211759e-01 1.112760163127203689e-01 8.289120510200934100e-02
1.210137970782815126e-01 9.523516390535625986e-02 1.147960832961453653e-01 8.872058011711939085e-02 9.105308895264457858e-02 9.102112234984120753e-02 9.631394831867037820e-02 1.146772664301496519e-01 1.115827484642000350e-01 7.558620108759160627e-02
1.077327003119178811e-01 8.852610017310735824e-02 1.165262626546236663e-01 9.204064758721940132e-02 9.161112617447131345e-02 9.156031493144546618e-02 9.991233681180644588e-02 1.164033907989890926e-01 1.124702642429661059e-01 8.321685631345328293e-02
1.143889568265335499e-01 8.814999327955275188e-02 1.167877309238448541e-01 8.835194133335601274e-02 9.152580858647520190e-02 9.148605338080775806e-02 1.011818133140404696e-01 1.166668281408567570e-01 1.146934356423044976e-01 7.676743857222811940e-02
1.089528296132570018e-01 8.789465939874656353e-02 1.180453344142843308e-01 9.054027303982334351e-02 9.084725391443042308e-02 9.083695265216359949e-02 1.008529695287170846e-01 1.179434617036754784e-01 1.127489843419955812e-01 8.133728139290657966e-02
1.038149467497826578e-01 8.305066834452928815e-02 1.239920697384809395e-01 9.062441784946410894e-02 9.161347606969527657e-02 9.156004347337530491e-02 1.013481190746303162e-01 1.238230687344735875e-01 1.146375305426905883e-01 7.553565942287798762e-02
1.262090319123422288e-01 9.243689424210159433e-02 1.115805082991251362e-01 8.842639751238896839e-02 8.670179499169580750e-02 8.669805601963452568e-02 9.791224250597957424e-02 1.114890634316508533e-01 1.198213857723759712e-01 7.872462531270528474e-02
1.110841839497168498e-01 9.259947326796635902e-02 1.137605901651631835e-01 9.100818362032002395e-02 9.209243464625312126e-02 9.208256832164210537e-02 1.025577477222064104e-01 1.136985217622330790e-01 1.090198088808863874e-01 8.209648766361249406e-02
1.091205818349221257e-01 8.542421138547981463e-02 1.223671007127370425e-01 9.023253621280966086e-02 8.796219491123608014e-02 8.792365566679695432e-02 1.004993945207710432e-01 1.222329485808469479e-01 1.162353431939433940e-01 7.800203298045688127e-02
1.097082672518642915e-01 8.945027995709123325e-02 1.185558461302565897e-01 9.027948326466918305e-02 9.090948837884717249e-02 9.086230650606361148e-02 1.002079313740149163e-01 1.183794693246575519e-01 1.107967986650265774e-01 8.085012914750885904e-02
1.112470973005960928e-01 8.734254041846180316e-02 1.226222623437571296e-01 8.842951166625187542e-02 8.998075496306602583e-02 8.994759011348074651e-02 9.738666367497854359e-02 1.224126815465877843e-01 1.128494213827529735e-01 7.778147659006701131e-02
1.136177352782578587e-01 8.595110131359140482e-02 1.249992461890124112e-01 8.695066196124068281e-02 8.763799401233304809e-02 8.764199516527851341e-02 9.415678981738177800e-02 1.247535208270156015e-01 1.153278657890423470e-01 7.896308964684638221e-02
1.206070080504995923e-01 9.274678902934992142e-02 1.169429700748536999e-01 8.794749680348436238e-02 8.619993538342367312e-02 8.619287832194451326e-02 9.703375385654189333e-02 1.167779435951083189e-01 1.134748886748823127e-01 8.207633620991171275e-02
1.210726554618175577e-01 9.084240687957886862e-02 1.228455128899489796e-01 8.637069753196344180e-02 8.753346564442322786e-02 8.750061984644187663e-02 9.417314749984764810e-02 1.226391709021212306e-01 1.140937139861316618e-01 7.292860935772546571e-02
1.019357843472673969e-01 8.648623719580898761e-02 1.149831640732533605e-01 9.489854006237399831e-02 9.530100846509788337e-02 9.524199824164568395e-02 1.013794457506429075e-01 1.148622571725720909e-01 1.128131843027990189e-01 8.209838038853869979e-02
1.181373484742336832e-01 8.639006458100281782e-02 1.226571412127053645e-01 8.782433300067921111e-02 8.602659868993747794e-02 8.599312833438312043e-02 9.738278583867911176e-02 1.225425902351565260e-01 1.205321059594375299e-01 7.251390367378515722e-02
1.007951523227240409e-01 8.714391478009025915e-02 1.156817161597053223e-01 9.444759122734014412e-02 9.342546524379496953e-02 9.339543524200463742e-02 1.014561132586453002e-01 1.155933071369136256e-01 1.100021195328120954e-01 8.805918509596961929e-02
1.094937405111681555e-01 9.391288737318044533e-02 1.112218206260889158e-01 9.492566502254908001e-02 9.140670882034726552e-02 9.137782568979345432e-02 1.010777490937183332e-01 1.111415775914297160e-01 1.107557591598936353e-01 8.468626611183099895e-02
1.265942367858495232e-01 9.111038498833055888e-02 1.246046896669535525e-01 8.330747099319137094e-02 8.456442074237702222e-02 8.455679330728381460e-02 9.254870864173048162e-02 1.243441728900707838e-01 1.137609741813156855e-01 7.460814780289722059e-02
1.079794034193413688e-01 9.491896436980495899e-02 1.136527867699685113e-01 9.479822798550960328e-02 8.907940093593412489e-02 8.907431655075681576e-02 9.596602629551188868e-02 1.134866214232065490e-01 1.078594318118162448e-01 9.318482043814994842e-02
1.063499315467879014e-01 8.973283440074493467e-02 1.106618924861276221e-01 9.672224404022368438e-02 9.030461938217891615e-02 9.027955771731632773e-02 1.014574236723055217e-01 1.105846377106176476e-01 1.155279171569309482e-01 8.837894188676649609e-02
1.110855694074164152e-01 9.014519756965913566e-02 1.175304288196224317e-01 8.934323746347572204e-02 9.207591152972730009e-02 9.204668894727638384e-02 1.020912783180029648e-01 1.173760047488747876e-01 1.099781575080511775e-01 7.832752568789370928e-02
1.102875034034344198e-01 9.108209380146178868e-02 1.152395128515919798e-01 9.170695528803317342e-02 9.133566487367102138e-02 9.134805053726553770e-02 9.815397610752854551e-02 1.151489806728926008e-01 1.112594306440576192e-01 8.443783182006332766e-02
1.275441107276661656e-01 9.428956599012837392e-02 1.174548469257650773e-01 8.607932233689893908e-02 8.681997813943813369e-02 8.680754845782429063e-02 9.582367942675339145e-02 1.172603741660891291e-01 1.145616449073516563e-01 7.335892892208487059e-02
1.142214405651710007e-01 8.742948615418774660e-02 1.203404096730686101e-01 8.785462725364934222e-02 8.861341295369222493e-02 8.857742990291037066e-02 1.010684931047392127e-01 1.201608856115159857e-01 1.148760755910934461e-01 7.685773918997207410e-02
1.204122423341310172e-01 1.017151841759756647e-01 1.079796101546969395e-01 9.302135823148889593e-02 8.657534577679903975e-02 8.657052750933098839e-02 9.672967902396248374e-02 1.078645708411886117e-01 1.091948857891645447e-01 8.993659616326178663e-02
1.025470545174504144e-01 8.838142651713347397e-02 1.104686093644985240e-01 9.349750793181768604e-02 9.366639823756049699e-02 9.368908010416553134e-02 1.075025820492078732e-01 1.103815460989163166e-01 1.091678597303282483e-01 9.069793544892143511e-02
1.056181850215723722e-01 8.753641196942159308e-02 1.131745798493920957e-01 9.399841737376724016e-02 9.362308803285314396e-02 9.361131366626188055e-02 1.002404969218599895e-01 1.130945396247464846e-01 1.144187775093485487e-01 8.468419003077669316e-02
1.124928621968752096e-01 9.238625417464405021e-02 1.159282213030493197e-01 8.915087197038588929e-02 9.446284914203428862e-02 9.442688664582177260e-02 9.943745537370156373e-02 1.157849559163089265e-01 1.080808862905672796e-01 7.784875698661168630e-02
1.148289421129576882e-01 8.814539374436718144e-02 1.191984761639654777e-01 8.919571341922079288e-02 8.731234396190627745e-02 8.728286575763481714e-02 9.897785129664368742e-02 1.189990638710495957e-01 1.164464896903020519e-01 7.961285998195244407e-02
1.183038514335474078e-01 9.469021665549673394e-02 1.139760035937602972e-01 9.115406509809048652e-02 9.111734608661169188e-02 9.105246640622427501e-02 9.844433393079657368e-02 1.138402619722053560e-01 1.131845413274238515e-01 7.423691349584335408e-02
1.049349640152810736e-01 8.790987985497106250e-02 1.172840281145001717e-01 9.262972792313349524e-02 9.281344342228642352e-02 9.278044306899969895e-02 1.009805698132276441e-01 1.171779351301708849e-01 1.111826725750573730e-01 8.230633608237218624e-02
1.073948620946914706e-01 8.384222054427922788e-02 1.165225936198585888e-01 9.145053732308545957e-02 9.256585350137973289e-02 9.253161576308484293e-02 1.008759817226706351e-01 1.163855799631262761e-01 1.187921316360836671e-01 7.963862383174009907e-02
1.135430332277776316e-01 9.027869592839569968e-02 1.119565615149797078e-01 8.955115429125348747e-02 9.390230720030456890e-02 9.387425028546551864e-02 9.926712263794372493e-02 1.117975607928571591e-01 1.125211618168696637e-01 8.330815230415281047e-02
1.037857878257688604e-01 8.817502445661812294e-02 1.164910964827455819e-01 9.206901277301460240e-02 9.415555963677982310e-02 9.411627462827175383e-02 1.014574375235498399e-01 1.163701054348761921e-01 1.087962034022189189e-01 8.458349783615631834e-02
1.065544270967722917e-01 8.936371118916285050e-02 1.165813726699920228e-01 9.272665977569666262e-02 9.417607609677294822e-02 9.414294540936497813e-02 9.973110915244316754e-02 1.165039353402591155e-01 1.109896841025320713e-01 7.923007916700387787e-02
1.053258764431727335e-01 8.808344334614777449e-02 1.191026939630100423e-01 9.215477415664449778e-02 9.040911152918318372e-02 9.041597588122879392e-02 9.797831233068692025e-02 1.189809507609810579e-01 1.108462276477506642e-01 8.670263394119433198e-02
1.040158853481761847e-01 8.429904749197757174e-02 1.181715311522071737e-01 9.226345097658929240e-02 9.226644182092906543e-02 9.226020642415011519e-02 1.003387274887969499e-01 1.181011999392580641e-01 1.153114004574430779e-01 8.297210890047250487e-02
1.231970400364462009e-01 9.278142049065155050e-02 1.152664873664657336e-01 8.800294191875522587e-02 8.674671194377786554e-02 8.672815370060685258e-02 9.377590853523565251e-02 1.151007723724391252e-01 1.158268223042643458e-01 8.257374133135746141e-02
1.358336389608030270e-01 9.798257952971872742e-02 1.138638809008335334e-01 8.396781504889470893e-02 8.448823010902842268e-02 8.448076403752759200e-02 9.444896920829773390e-02 1.136850482247541844e-01 1.129833696915049923e-01 7.826570428863707796e-02
1.025343163678137381e-01 8.694322683987917855e-02 1.142287941878948471e-01 9.252232663334407359e-02 9.958057621921918845e-02 9.956431209134332383e-02 1.016266771207406938e-01 1.141567591726247999e-01 1.098440179200021322e-01 7.899899344713801064e-02
1.155381476374954391e-01 8.623811124261439309e-02 1.202601587017199936e-01 8.795365205522377716e-02 8.891656746365236841e-02 8.890695051018468464e-02 9.708822833482248782e-02 1.201558171523190860e-01 1.183927935218356403e-01 7.654957338013212986e-02
1.145662031869007086e-01 9.203978248840120890e-02 1.158318375413317225e-01 8.956768299384179621e-02 9.090691459257906060e-02 9.087343228547192786e-02 9.888305664374562320e-02 1.157367744995932701e-01 1.110773404634911588e-01 8.051697530464353714e-02
1.179865493932453491e-01 8.999056976051675316e-02 1.116364864221322112e-01 9.006761679408800680e-02 9.003080013400283077e-02 9.002800378878081378e-02 9.991551159860188880e-02 1.115866071609784849e-01 1.182322394389310055e-01 8.052561550872265606e-02
1.009851265823091399e-01 8.155288809993305188e-02 1.210570601585487099e-01 9.245686245171778894e-02 9.402805725608293086e-02 9.396205082422755261e-02 1.035968018898457965e-01 1.209321478550717810e-01 1.163822694833859112e-01 7.504673539887736500e-02
1.130569762335200262e-01 8.521946934040658395e-02 1.209054882492647254e-01 8.926306474965958748e-02 8.857322795979746810e-02 8.856557713356486006e-02 9.838896056545236302e-02 1.208120946733445555e-01 1.195506121368014596e-01 7.566452895818838453e-02
1.176205009520802369e-01 9.312922138738535804e-02 1.193429478130510063e-01 8.736750177031418763e-02 8.876918905998895659e-02 8.876233990948664831e-02 9.454695440299770715e-02 1.191208329216916079e-01 1.094251727086487935e-01 8.191533907435544215e-02
1.086578868625657085e-01 8.928980772833999824e-02 1.134431188276179142e-01 9.284154342628277157e-02 9.354000354842072207e-02 9.350000415411977017e-02 1.011697722404384242e-01 1.133263969530785148e-01 1.134844645568317961e-01 8.074700170230443563e-02
1.248091720327237364e-01 9.671920071106392125e-02 1.173847085545803581e-01 8.698882049533711303e-02 8.810541729703472158e-02 8.807967692085490186e-02 9.347501685007067462e-02 1.172179208335469569e-01 1.104544590974176899e-01 7.676560720736988475e-02
1.043146078654450942e-01 9.620584251290954791e-02 1.095202860786708837e-01 9.706494316677485856e-02 9.105980045681690005e-02 9.106145636394351317e-02 9.484791956239232991e-02 1.094214755612214068e-01 1.053155444055718093e-01 1.011881240262536841e-01
1.166495586404591167e-01 9.071327768039345874e-02 1.127581774046688967e-01 8.958540210753390687e-02 9.230479683436497440e-02 9.228458645887656353e-02 9.938070132067011730e-02 1.126077659587934043e-01 1.150281689226054505e-01 7.868756467163411095e-02
