9.178629786170551530e-02 9.225686481787222226e-02 1.178462902257891715e-01 9.185765798873841981e-02 1.085820100937364141e-01 9.300676479768281435e-02 1.084833618004919509e-01 1.158015282534880647e-01 8.808435297937375341e-02 9.229487118112171540e-02
9.265346112622074859e-02 9.193173522258515917e-02 1.226555205624426242e-01 9.269294557208408725e-02 1.058668088240160426e-01 9.615449581574625482e-02 1.056891449863276711e-01 1.116619360892743551e-01 8.874771622649563207e-02 9.194623557480745280e-02
9.335495606834581794e-02 9.519036591425041050e-02 1.192138995456348549e-01 9.339885178645652986e-02 1.029913757484134523e-01 9.753869152793863406e-02 1.028830599619716818e-01 1.103073409150843454e-01 8.991438833696846489e-02 9.520707019493584999e-02
8.773545162108517537e-02 8.701840056657893230e-02 1.150991135945465121e-01 8.780368660761186939e-02 1.217707884496145032e-01 9.352473264152555421e-02 1.215594257047694915e-01 1.145691322273031665e-01 8.386729204041140640e-02 8.705197654655337514e-02
9.160769286569114822e-02 9.021609657119906978e-02 1.248611790991593501e-01 9.163435723289921342e-02 1.087450025949348170e-01 9.332048373213762404e-02 1.086088854382596947e-01 1.131030964867692085e-01 8.767129487328743920e-02 9.023191110566243511e-02
9.423634686570278585e-02 9.204321892276796924e-02 1.150912197691649763e-01 9.422274925452141237e-02 1.082269705851669483e-01 9.860135464031186125e-02 1.082023716677480984e-01 1.054682317714196321e-01 9.186098880941180600e-02 9.204654771378449618e-02
9.075027802301338653e-02 9.064954959270815626e-02 1.223781119064178136e-01 9.082071631705790349e-02 1.091034651073043427e-01 9.395795536534171100e-02 1.090311539394573093e-01 1.144031454196051123e-01 8.821527536451807816e-02 9.069034896457615902e-02
9.109932383973380621e-02 8.825805473135669987e-02 1.162293930594353181e-01 9.115408814258406378e-02 1.182206714060771158e-01 9.283554128734683442e-02 1.180593259847291104e-01 1.112579126085855158e-01 8.459760113030985462e-02 8.828808780984169491e-02
9.408667611693016797e-02 9.372944143305962650e-02 1.175081604188450007e-01 9.415854018903338507e-02 1.049230160859398325e-01 9.363965720607198007e-02 1.048315247696651881e-01 1.120091459199369643e-01 9.134810742076349133e-02 9.376573043975436339e-02
9.191814526305229494e-02 9.043797211881379750e-02 1.204899388093200741e-01 9.196252101490867692e-02 1.104790725099884935e-01 9.197622595429108538e-02 1.102783549071751357e-01 1.146475093687110702e-01 8.735295749500457396e-02 9.045730255873474235e-02
9.077889132832366037e-02 8.835254475249121331e-02 1.246853296980424824e-01 9.081098125655703845e-02 1.123679153741031778e-01 9.429997269007039939e-02 1.121588078773606278e-01 1.107572425470222666e-01 8.742153086110868165e-02 8.836678361492045219e-02
8.764378654957163950e-02 8.908253349687242362e-02 1.228180007086537434e-01 8.771130043920302710e-02 1.147308536917811400e-01 9.198270987393997178e-02 1.144657311531734889e-01 1.193453506594057273e-01 8.311095692172640326e-02 8.910877650567239350e-02
8.915056637903928660e-02 8.643979470810470023e-02 1.131752389611052900e-01 8.920688845080113061e-02 1.206435384999428317e-01 9.146752682733777506e-02 1.205470633798151892e-01 1.180971532509617339e-01 8.479259268295444296e-02 8.647963685993763361e-02
8.435053362263636445e-02 8.377744788029800604e-02 1.189841186683171931e-01 8.440851984224359561e-02 1.309881199371434601e-01 8.600374306659266943e-02 1.306370747641065477e-01 1.180268280448293489e-01 7.902054126211550955e-02 8.380307291171734674e-02
8.739638677413988366e-02 8.639118312386789844e-02 1.197162895672906346e-01 8.745473528577911437e-02 1.221282500037024071e-01 8.984770518259388439e-02 1.219200720322839160e-01 1.154874814268021244e-01 8.323630422008736207e-02 8.642159238345276107e-02
8.842418678713179214e-02 8.960250467719099721e-02 1.237810075313434122e-01 8.845992505850737431e-02 1.139764001834255025e-01 9.318400878152426070e-02 1.137523559492704811e-01 1.149082019954194983e-01 8.429703109061967292e-02 8.961437794556700864e-02
9.152048710367806372e-02 9.060053296799198963e-02 1.168168014884827383e-01 9.155630913578567676e-02 1.133800920746616397e-01 9.358276941320015085e-02 1.131450097758320145e-01 1.139550774863349880e-01 8.483028472481443649e-02 9.061263582921832982e-02
9.402730608563446280e-02 9.466122603317712880e-02 1.168664035207482021e-01 9.411880245562935510e-02 1.040420966900890698e-01 9.545706651965238376e-02 1.039232280079565723e-01 1.100530829431115021e-01 9.214952647544683018e-02 9.470126126855453463e-02
9.254418107525201609e-02 9.082903272965948960e-02 1.261347553916864483e-01 9.263266276927918652e-02 1.031280925812711052e-01 9.493051125617228692e-02 1.029924920233776242e-01 1.185448768827788296e-01 8.738870516117952514e-02 9.087469012934347445e-02
8.985160325441703122e-02 8.612134880528606040e-02 1.182059994438740547e-01 8.991579605276073250e-02 1.200033980625178909e-01 9.173647592205647072e-02 1.198491609534683006e-01 1.149336919747818014e-01 8.322226194102186336e-02 8.616026358981579425e-02
9.201155654430356878e-02 8.989443603980912245e-02 1.254500512588961614e-01 9.206104496353618993e-02 1.070238702935532998e-01 9.422864885943428581e-02 1.068694800181325955e-01 1.155854604681326864e-01 8.695448579595210781e-02 8.992096575825002380e-02
9.202023197188717585e-02 9.117953636345033086e-02 1.169109405044119476e-01 9.206099947600693278e-02 1.119390857910219361e-01 9.567607840480515935e-02 1.117289550165315171e-01 1.093391928344640551e-01 8.795227240946805469e-02 9.119270722795282114e-02
9.074349528708193502e-02 9.156406674666944800e-02 1.192387312536090371e-01 9.077963478279577059e-02 1.127749144626138400e-01 9.173869563064586397e-02 1.125900830429263644e-01 1.127183046158004992e-01 8.627512096838542421e-02 9.157695320947184525e-02
8.909870479705239710e-02 8.637723204690421486e-02 1.174491668015029272e-01 8.915759274235814102e-02 1.236288057063961443e-01 8.987269209769808975e-02 1.234284084180506808e-01 1.118570175913109893e-01 8.272172889044764055e-02 8.640865090827871964e-02
9.178973101089282771e-02 9.171955083641987472e-02 1.216278852239603275e-01 9.183520197441490118e-02 1.069622693702373395e-01 9.231828927245860905e-02 1.068444574587429780e-01 1.174098394028071368e-01 8.774773887642499381e-02 9.174503657364102560e-02
7.676188269211901838e-02 7.746117665420375331e-02 1.063286820584612435e-01 7.684208759855594428e-02 1.662098738198179992e-01 7.742854417013331214e-02 1.658819994692559696e-01 1.023265467250976807e-01 7.325861476283054841e-02 7.750059204952454428e-02
9.372116362103005693e-02 9.467427715125856236e-02 1.180628504965943459e-01 9.377142307605434990e-02 1.034770171811052047e-01 9.491978082179149123e-02 1.033438585515765312e-01 1.130568182773317581e-01 9.027835036170091254e-02 9.469446046155677310e-02
9.193248131892468866e-02 9.262063938025925924e-02 1.165868317938928700e-01 9.196327287128978900e-02 1.097326218512093138e-01 9.517938188896367391e-02 1.096394851773800361e-01 1.111230916510440175e-01 8.858505560380171284e-02 9.263713846323463896e-02
9.073061595935753842e-02 8.968299635122256586e-02 1.199361675043536524e-01 9.077001170777142247e-02 1.126259352365840682e-01 9.233819363728137941e-02 1.124358774574514830e-01 1.139926403342627487e-01 8.778636886572056819e-02 8.970119294599450399e-02
8.948807670980775397e-02 9.049331285675388248e-02 1.135307364158387178e-01 8.954254077397350020e-02 1.176258377661761056e-01 9.422487746502973549e-02 1.174773406543544313e-01 1.107264156758223372e-01 8.637250600489314312e-02 9.051835567735036503e-02
9.014168261719927855e-02 9.018787554631881032e-02 1.249278004494125682e-01 9.019006019147700337e-02 1.091721648106934034e-01 9.338929550499089349e-02 1.090211177844217227e-01 1.158939171876353091e-01 8.686384847611614002e-02 9.021223743173492626e-02
9.065697196797456447e-02 9.104587889858727079e-02 1.191007897621444572e-01 9.069940126893674681e-02 1.121809083448479516e-01 9.165069635418951477e-02 1.119343843605673378e-01 1.157052369702279149e-01 8.596699072876343162e-02 9.105874134376082396e-02
9.104190314306701004e-02 8.840362013366991067e-02 1.189104176595347784e-01 9.108024119221230785e-02 1.140500569169105860e-01 9.201895878535960860e-02 1.137948175787987931e-01 1.167858782393243894e-01 8.549361829649253230e-02 8.842048805463012529e-02
9.313183672603550511e-02 1.027664972570667967e-01 1.054838171316688084e-01 9.315968445789257757e-02 1.024953609240330105e-01 1.016530010494059999e-01 1.024317961205339356e-01 1.038295639886329530e-01 9.228903823444686849e-02 1.027594041102835587e-01
9.455526360398967822e-02 9.208813263746015720e-02 1.144732992260834858e-01 9.457341378645323093e-02 1.082706388956505422e-01 9.717381676261530044e-02 1.082240973909688320e-01 1.072231164019089161e-01 9.131307818528083819e-02 9.210514310958899109e-02
8.418557920331849742e-02 8.401074571061895035e-02 1.197554690179942344e-01 8.424258189742110658e-02 1.302437355171895961e-01 8.773487961614434560e-02 1.300073864555502390e-01 1.153585877121630215e-01 8.042019908444389409e-02 8.404083578515611497e-02
8.473179570261965554e-02 8.721432347177089650e-02 1.151504264597173754e-01 8.480333219940293377e-02 1.269474307152333448e-01 8.938344043199007716e-02 1.267680180885609742e-01 1.161195054482619810e-01 8.163153824846401674e-02 8.725018923397877268e-02
9.227227358047795924e-02 9.217518908386246324e-02 1.255701519734747362e-01 9.233087124008759750e-02 1.034223654667455611e-01 9.329858848888902823e-02 1.032865188698632586e-01 1.166105484932820069e-01 8.882969321878630975e-02 9.220379958453107927e-02
8.719985836038250671e-02 8.612834497758878327e-02 1.260067094338795934e-01 8.724823731154263129e-02 1.200495584761719220e-01 8.870745256107155641e-02 1.198861300422636722e-01 1.159380467388965025e-01 8.267829280009543480e-02 8.615736929810742517e-02
8.705715732892689573e-02 8.487406562770365148e-02 1.222430747646474219e-01 8.709223705543749083e-02 1.230730238569396062e-01 8.836889148519790071e-02 1.228407914816915247e-01 1.179885332166979994e-01 8.156645888820000800e-02 8.489576629455757029e-02
9.144780944963526448e-02 8.905244587405990175e-02 1.235558089778631546e-01 9.149515577306190084e-02 1.128565670957735606e-01 9.092254750908283778e-02 1.126900238909223917e-01 1.136322543023821491e-01 8.526937935541001323e-02 8.907800777180886753e-02
8.961198310690374202e-02 8.843589789535065415e-02 1.161372674595030352e-01 8.964180878269394082e-02 1.191688967313338787e-01 9.234028105513276963e-02 1.189270635274590482e-01 1.139412013296633303e-01 8.334743971182753675e-02 8.844816040013211977e-02
9.176661286770873560e-02 8.947002135999189421e-02 1.252649623523618139e-01 9.183192931604605702e-02 1.080238121824018543e-01 9.479029619296264197e-02 1.079321256792577233e-01 1.158443144257684382e-01 8.556589496978531106e-02 8.951003065371550271e-02
8.998220616201010880e-02 8.997366335339811172e-02 1.199761716935324185e-01 9.004355203024844156e-02 1.138992853304826997e-01 9.126091269160108155e-02 1.136743511195710682e-01 1.153447522308912454e-01 8.584628130278926239e-02 8.999882408547556223e-02
9.014571741122917592e-02 9.306513004401560651e-02 1.163514618956581481e-01 9.020091639858214549e-02 1.124252126657767220e-01 9.258144161463859045e-02 1.122666940113020151e-01 1.146632100414807509e-01 8.521327471776260487e-02 9.308694119955419899e-02
9.106174706279383801e-02 9.179889310485238318e-02 1.188677447752288230e-01 9.110515701335858418e-02 1.084594474768682121e-01 9.572753088435198565e-02 1.083842914525757484e-01 1.127908387957606562e-01 8.998010106176280998e-02 9.182424837244697324e-02
8.773693673049003106e-02 8.950847955022291080e-02 1.167833256141484338e-01 8.781288622203736738e-02 1.202659739702933994e-01 8.729882418974428682e-02 1.201516365122132363e-01 1.189072453488085601e-01 8.198398068631808366e-02 8.955071117572371842e-02
8.814559484659968691e-02 9.064499189902618104e-02 1.230534998026770743e-01 8.820526215835254591e-02 1.105701890767255835e-01 9.215157607299216680e-02 1.103906939034390161e-01 1.206628316457298011e-01 8.550347477171993393e-02 9.067188582273799646e-02
9.260871858213005903e-02 9.281928000591375960e-02 1.177182207724795232e-01 9.264478130716545523e-02 1.104385723840761308e-01 9.294775906276064870e-02 1.103359034174521830e-01 1.104179879530643310e-01 8.723120985589956355e-02 9.283756665905835981e-02
9.126577682038472528e-02 9.319564158854992675e-02 1.168977833036577152e-01 9.130995257489525618e-02 1.094385279277596268e-01 9.714298544370458810e-02 1.093362345516156880e-01 1.086786860065979965e-01 8.951996582339671882e-02 9.321444595943782774e-02
9.741574521991552826e-02 9.615191841356292290e-02 1.045851743984217430e-01 9.739272275336477436e-02 1.060275910878013539e-01 1.009223875847165275e-01 1.059887225229626528e-01 1.025422136260016603e-01 9.283000854630207854e-02 9.614351584695073061e-02
9.109098333279384840e-02 9.164950475842330302e-02 1.186946822326897799e-01 9.115881735603507952e-02 1.093061702163465321e-01 9.631683362666645931e-02 1.091497393872283839e-01 1.119483471843209649e-01 8.900587059518486055e-02 9.167905131031073296e-02
9.427875434276440647e-02 9.476872974978343966e-02 1.130745499231687323e-01 9.431838293251137983e-02 1.038098563206699548e-01 9.967242659132632965e-02 1.036519361015932478e-01 1.103552792693649337e-01 9.128975360006234829e-02 9.478033116875524133e-02
9.483639059431722695e-02 9.225831084149967165e-02 1.140058184775171318e-01 9.486848696780156298e-02 1.090909571876254730e-01 9.842115075312614370e-02 1.088635260566614832e-01 1.074753221094430361e-01 8.791475562338207927e-02 9.226528138862617745e-02
8.552530055644903817e-02 8.804601104085540975e-02 1.219030571680460723e-01 8.557180150129159446e-02 1.212232055538082359e-01 9.046594520681908169e-02 1.209999757500074685e-01 1.154647882762236677e-01 8.273525415654933712e-02 8.806466078995009439e-02
8.708442902078576686e-02 8.848435390257902711e-02 1.209113201163609652e-01 8.715680934968972338e-02 1.196255714759684313e-01 8.793741966658320808e-02 1.194635678533259027e-01 1.180378233053302195e-01 8.277691034872911025e-02 8.852179496064764563e-02
8.427712164136891282e-02 8.543936445804468927e-02 1.233287114777962268e-01 8.430799298001151465e-02 1.253435907275538275e-01 8.936003561684065233e-02 1.251132237801428626e-01 1.167604213107602817e-01 8.061478104056225835e-02 8.545475696691876011e-02
8.511962217083500482e-02 8.521319075640615415e-02 1.169182395226671806e-01 8.518010519959787197e-02 1.290020898663883364e-01 8.551260709907347601e-02 1.288528800942597974e-01 1.180680871874337512e-01 8.088298002796109887e-02 8.525019807537732863e-02
9.105836294816130327e-02 9.084932209539284265e-02 1.187239538187662979e-01 9.111298372108318777e-02 1.108412068764368513e-01 9.273474801466302653e-02 1.106984184663542675e-01 1.155059302404470162e-01 8.759780498848127039e-02 9.087726883021404745e-02
9.164443086730675314e-02 9.474420687797123486e-02 1.134568371139254156e-01 9.167310700360388476e-02 1.107950351516441001e-01 9.369178685383303118e-02 1.106833725330732127e-01 1.096772210103739431e-01 8.888129279065103139e-02 9.475270979761742096e-02
8.890664958034441567e-02 8.722116193892778813e-02 1.277307808116603660e-01 8.894280951946688385e-02 1.125663070198216487e-01 9.349932112795369954e-02 1.124030348667079127e-01 1.134169121453079965e-01 8.807080505404663029e-02 8.724221793576265871e-02
9.353841068272703008e-02 9.415545099370596638e-02 1.089562300595066507e-01 9.353879742607081049e-02 1.101741099005590363e-01 9.667472015376479821e-02 1.100874798821845219e-01 1.089082801113137461e-01 8.981053498188062978e-02 9.415598580828674069e-02
9.171447387911517424e-02 9.082460421391011507e-02 1.204015407487679379e-01 9.175577648071824022e-02 1.119254122572087284e-01 9.242039248142060182e-02 1.116928936910203812e-01 1.125359645999012143e-01 8.589081683069732520e-02 9.083812481724022614e-02
9.117210977927001081e-02 9.319387452499862390e-02 1.205359174235728081e-01 9.122978579978066604e-02 1.067600518898121076e-01 9.544398789407575190e-02 1.065812896842528862e-01 1.118959160852166373e-01 8.997386859089392952e-02 9.321319832812657857e-02
9.503337881076069638e-02 8.769429858713655157e-02 1.130212991565833769e-01 9.503072524021136114e-02 1.129495245601582071e-01 9.636938149290179279e-02 1.128654689706877073e-01 1.087678822597973605e-01 9.055869069158983820e-02 8.770935023017309429e-02
9.176936002458788155e-02 9.303072859437910846e-02 1.219062126857040351e-01 9.182503850513190624e-02 1.036889911977469519e-01 9.504049169640145511e-02 1.036041647139170213e-01 1.184081742927441672e-01 8.766482266131236933e-02 9.306201562807510375e-02
8.771757446042234563e-02 9.150566395293373290e-02 1.131215453290904255e-01 8.773654427068583450e-02 1.189062907654081097e-01 8.863393069349180531e-02 1.187093464988837055e-01 1.174686629214247990e-01 8.469149673046053040e-02 9.150894437719871155e-02
8.885660909252321438e-02 8.958217247807916117e-02 1.130321568624870210e-01 8.890864112151902754e-02 1.210236411920206784e-01 9.017686147182139844e-02 1.208249563639726687e-01 1.135919599628991555e-01 8.439779106181934110e-02 8.960521039285829215e-02
9.074794932930176083e-02 9.046825523455188922e-02 1.172789342045803401e-01 9.080672525170307985e-02 1.147819951699106389e-01 9.229801029100662135e-02 1.146545130320503064e-01 1.131467414998986870e-01 8.531768478543155787e-02 9.049919120156507679e-02
9.332389603452108384e-02 9.332364077743537933e-02 1.181046302693835454e-01 9.338311476344539341e-02 1.038160868518064051e-01 9.541036748385750554e-02 1.037458867710700089e-01 1.132290380565672411e-01 9.230675139253897987e-02 9.335658759937442985e-02
8.956563028803009308e-02 8.951686661742776219e-02 1.161834933260142005e-01 8.957723484725943486e-02 1.175862530688551177e-01 9.513375546077978973e-02 1.174763934174866548e-01 1.084867150014556803e-01 8.694826996887215775e-02 8.952538800381909523e-02
8.924107209466058954e-02 8.896474596659886824e-02 1.199195228891189874e-01 8.930509421931677461e-02 1.170593660548679416e-01 9.171417194323124022e-02 1.168590661276876497e-01 1.134031590063714484e-01 8.453989240755242773e-02 8.899390929059404487e-02
8.816786110894195283e-02 9.017687968440195323e-02 1.122699258453254828e-01 8.819918597391794568e-02 1.231663524044886160e-01 8.862026942407756624e-02 1.229110448709859471e-01 1.131962222342567936e-01 8.310815873567879708e-02 9.018409971792493152e-02
8.445309911329006158e-02 8.773778639916939015e-02 1.157584846027573805e-01 8.449746306811757590e-02 1.258503507217475781e-01 8.927516097577582743e-02 1.256395101241579160e-01 1.175620226196883167e-01 8.146871424283068375e-02 8.775740813246524219e-02
8.614228680745630862e-02 8.647692158852220146e-02 1.195751002270343810e-01 8.618413117718946859e-02 1.245302337757897143e-01 8.682313582504536109e-02 1.243827955141373065e-01 1.162136929218244713e-01 8.316874164862723962e-02 8.650296051437360301e-02
8.662667501732972120e-02 9.082289798538885350e-02 1.253592390991755401e-01 8.665840262434806873e-02 1.119412037379764885e-01 9.052487343883014459e-02 1.118151934174212436e-01 1.147038427307950637e-01 9.071189745465543797e-02 9.083577449407947979e-02
8.637501604305927727e-02 8.704672022039042223e-02 1.208416509100535136e-01 8.641079522146616343e-02 1.214104962472236093e-01 8.858168933135264489e-02 1.211967082410460167e-01 1.198830281727480546e-01 8.118816662728431388e-02 8.706572898537594252e-02
9.121615001169633419e-02 8.906845610376516731e-02 1.188790881890414985e-01 9.126047625136168850e-02 1.140041649987204447e-01 9.603666674234279110e-02 1.137902949870106817e-01 1.096004730657768739e-01 8.705748219212357253e-02 8.908674745816096141e-02
9.296906726912373964e-02 9.255690209567601912e-02 1.443605689955770044e-01 9.323338225886143582e-02 8.222585901439313782e-02 9.728576334818936355e-02 8.212184747189679723e-02 1.328266060171070517e-01 8.973249269367042369e-02 9.268751083550504088e-02
9.128551540276205745e-02 9.253258065046929270e-02 1.155502412617927521e-01 9.132503177239080505e-02 1.120864467347098270e-01 9.338717557271294933e-02 1.119193323329718964e-01 1.131488105683583351e-01 8.621741434496874024e-02 9.254745135886324747e-02
9.083165643657485633e-02 9.154065446424737573e-02 1.180311997951839081e-01 9.089372683954555221e-02 1.117745606697028160e-01 9.214312301120539117e-02 1.115844222760565829e-01 1.143226681176335580e-01 8.731182416598690099e-02 9.156616422386305854e-02
9.175561908941363976e-02 8.925023419196170815e-02 1.221851096116796376e-01 9.178841812366143882e-02 1.111391306347667002e-01 9.338381013342460235e-02 1.109804111987337250e-01 1.144068392992396987e-01 8.584047807790419482e-02 8.926994963921464077e-02
8.870115141403212000e-02 8.443715119466312091e-02 1.168113378077116626e-01 8.872239085151378823e-02 1.251503496689929107e-01 9.093395958773919929e-02 1.249257771548659551e-01 1.154387553562813556e-01 8.042387946566616208e-02 8.445524749853375313e-02
8.685415064392706941e-02 8.871373118276695835e-02 1.224698118806990393e-01 8.692317417111665445e-02 1.167398772025747128e-01 8.981245626007386407e-02 1.165245105560808320e-01 1.189715575258021019e-01 8.424589545130828361e-02 8.874483512565044252e-02
9.002455408298806749e-02 9.297085733785177830e-02 1.139044650047087576e-01 9.005778158494452679e-02 1.158452380481654054e-01 8.869535266531565487e-02 1.156881978044921461e-01 1.139577680630155243e-01 8.587355567085189212e-02 9.298222973766626098e-02
8.996750005398622407e-02 8.931081231543928911e-02 1.224363276890530761e-01 9.005704547838780383e-02 1.122526090916005775e-01 9.293986441062432324e-02 1.120507057267117051e-01 1.148325966672949089e-01 8.680108782066869866e-02 8.935145074623337957e-02
9.197949291955490048e-02 9.279221131164012981e-02 1.208826323618398813e-01 9.200339841412177866e-02 1.099365773614209424e-01 9.222762073471924005e-02 1.097744935462678512e-01 1.102096369352853350e-01 8.739553220721435478e-02 9.279840420793557254e-02
8.896371232645214344e-02 8.831421597898046760e-02 1.239420831776534282e-01 8.902871298491246699e-02 1.157358987298187786e-01 9.192798028707717395e-02 1.154584333227932358e-01 1.146927091524202469e-01 8.359724181987160385e-02 8.833901222002046860e-02
9.119894291740887615e-02 9.491760282263921045e-02 1.132613803439573158e-01 9.123323229637127219e-02 1.122696816842123219e-01 9.528679536615607126e-02 1.121087852206196361e-01 1.100924322248474363e-01 8.470723992004253189e-02 9.492390720374525859e-02
9.119209731471793201e-02 8.960059321166745361e-02 1.213145404880979911e-01 9.125599959650354531e-02 1.068111759017845164e-01 9.451818311690141083e-02 1.066511783414870879e-01 1.213744142558803168e-01 8.764634407388506576e-02 8.963547369907468032e-02
8.857895219245097429e-02 9.269506035266857069e-02 1.176949921615988714e-01 8.864399202787329179e-02 1.148623547018980395e-01 9.079306096976702545e-02 1.147179090576420923e-01 1.138342433770217071e-01 8.545741688635702382e-02 9.272201827272244512e-02
8.503648011802410200e-02 8.841007245197315956e-02 1.180611514446674171e-01 8.507948039248691696e-02 1.249078448640107836e-01 8.973833645169897177e-02 1.246471451950725701e-01 1.138444104699902898e-01 8.185197098682356343e-02 8.842310762525229517e-02
9.358534669360882297e-02 9.604140109073018572e-02 1.129554167348529869e-01 9.359827947394944170e-02 1.067813874849448258e-01 9.782842918269389620e-02 1.066837569024558230e-01 1.069306660436820516e-01 8.955405550263556558e-02 9.604126089044641434e-02
9.023724176434881616e-02 8.982306065203356227e-02 1.223094797436432568e-01 9.028201795613831349e-02 1.120688986795001507e-01 9.181851897657145045e-02 1.118849078003766040e-01 1.156323017216497606e-01 8.609945368214327877e-02 8.984411902359479285e-02
9.117480484959797349e-02 9.033946984113304379e-02 1.155935002026389491e-01 9.121278946014391154e-02 1.106681480637358855e-01 9.546821874486735582e-02 1.105170135601082348e-01 1.152374654339614196e-01 8.942876584288746156e-02 9.035982400092572309e-02
9.192092315998262597e-02 9.103421504685743626e-02 1.225179245560773511e-01 9.196961561637294336e-02 1.080478574565431754e-01 9.278459873732942953e-02 1.079013816349201210e-01 1.147258237766052014e-01 8.803887873829549515e-02 9.105878127701622082e-02
8.946658348153987972e-02 9.230651342529064274e-02 1.131708684020438643e-01 8.949830919892447223e-02 1.158594586765360479e-01 9.714981636009072108e-02 1.157376932843281886e-01 1.076974069422545199e-01 8.679602757466284291e-02 9.231732265432877893e-02
9.059058983652966413e-02 8.934941879571221823e-02 1.273333987894395836e-01 9.062231556661376475e-02 1.089018898141922292e-01 9.277200833681688297e-02 1.087301044413384182e-01 1.141067263860928716e-01 8.822818048371267041e-02 8.936536754955165529e-02
8.891144392539057639e-02 8.735783797527316152e-02 1.276870631450600369e-01 8.895119830666872729e-02 1.154436330609494715e-01 9.229057135878629414e-02 1.152671153985022068e-01 1.120924853019299866e-01 8.461951503037343225e-02 8.737913649706610664e-02
9.334784603150070303e-02 8.685587841675232457e-02 1.176806947353304794e-01 9.339337246440393425e-02 1.124657598638327538e-01 9.747602720477167859e-02 1.123363385531098990e-01 1.134445554421467384e-01 8.611041452077303204e-02 8.688911276737844303e-02
8.945771867492531559e-02 9.266736337006978297e-02 1.214270295224589707e-01 8.952621680465737419e-02 1.091267908645289081e-01 9.274745600947105484e-02 1.089647324817698965e-01 1.165134241393997461e-01 8.687354805094012200e-02 9.269572008177884292e-02
9.124621144421943275e-02 9.351428494307743866e-02 1.135611168661084247e-01 9.125931043944321419e-02 1.117859676022684851e-01 9.263790250989545338e-02 1.116950670013435593e-01 1.079519523950782378e-01 9.282999929896527946e-02 9.351818749960046084e-02
8.808638885086639281e-02 8.557332639894076054e-02 1.242676303975591284e-01 8.810240463898789953e-02 1.190129932111420735e-01 9.241200079956311819e-02 1.187847389485202493e-01 1.142790900695730971e-01 8.389722165645274732e-02 8.558420502839447774e-02
8.986798598349804434e-02 9.029229546813537233e-02 1.264982678867844490e-01 8.994725736025371843e-02 1.110102049547062458e-01 8.914627817094519791e-02 1.108198432898085672e-01 1.164849477309354286e-01 8.560488832205029319e-02 9.032803083288266921e-02
9.246273531515593336e-02 9.232627336229552728e-02 1.219401418212623794e-01 9.256447930287313441e-02 1.053224905015423540e-01 9.316340713503541704e-02 1.052112658021891328e-01 1.151282290912690603e-01 8.950393522060116902e-02 9.237704244777593388e-02
8.860763803360627300e-02 8.946221663163331228e-02 1.204570445984428084e-01 8.869322868807524851e-02 1.154707127436016001e-01 9.206189734977718309e-02 1.152747600517999432e-01 1.156512763889742390e-01 8.481990690403921895e-02 8.950131861005015954e-02
9.998383618411829654e-02 1.015803069934064634e-01 9.954239702776451759e-02 9.996960630445696216e-02 9.833025479474828690e-02 1.050675978913511999e-01 9.838806724584107932e-02 9.685613204132301202e-02 9.870699074945968321e-02 1.015748107675304573e-01
1.020483603075059004e-01 9.550909179606020816e-02 1.021653825203487909e-01 1.020297251149218515e-01 1.047062247011890102e-01 9.852223178500246759e-02 1.047474849374075700e-01 1.002065217915149575e-01 9.454706996122876073e-02 9.551790708482049697e-02
8.778110416345760725e-02 9.130896235451843590e-02 1.102395611671461162e-01 8.778924787036494759e-02 1.244736475827593614e-01 8.846984548019359851e-02 1.243187202870144475e-01 1.119218214497598868e-01 8.238842165782873928e-02 9.130866798695690123e-02
9.127301726339530352e-02 9.329091433256599120e-02 1.138047647756815078e-01 9.130249913020889452e-02 1.161431158947474201e-01 8.901056872866718039e-02 1.159993992402351820e-01 1.124524806864873050e-01 8.342144917908707324e-02 9.330179076892418377e-02
8.861065467931508732e-02 8.990462434911357381e-02 1.156021117667241638e-01 8.866595479980733663e-02 1.209503433690464758e-01 8.842254847383106131e-02 1.207702248163826791e-01 1.117350384729658280e-01 8.540967697706310091e-02 8.992882229575066555e-02
9.237064455600361990e-02 9.151761677635879277e-02 1.181612952852084814e-01 9.243924959629150340e-02 1.082211933580018159e-01 9.486945553026013278e-02 1.080410033854729002e-01 1.132554989614300983e-01 8.957681599477153311e-02 9.154722655620110838e-02
8.876267180965126402e-02 9.047116984710125431e-02 1.184143051079142028e-01 8.883050916816245812e-02 1.150274262047743107e-01 9.274996690798463506e-02 1.148399479963868458e-01 1.155845046652957536e-01 8.481867040231476362e-02 9.050082789041453968e-02
9.119706583572617653e-02 9.121579631592308113e-02 1.195441479473431934e-01 9.124570997365719083e-02 1.098125953614804001e-01 9.547355573870978940e-02 1.097232917615316578e-01 1.137408559507432082e-01 8.680284330943154047e-02 9.124413780545370667e-02
9.128838269955938389e-02 9.202389753152560858e-02 1.264628214866864997e-01 9.136730876800609746e-02 1.046904814543333506e-01 9.400313129915061072e-02 1.045133335589191192e-01 1.158982368760261839e-01 8.769509873055765514e-02 9.205730759523546303e-02
8.793267348593507282e-02 8.566588913257322524e-02 1.114463684989978470e-01 8.796718057267974289e-02 1.255796000831802539e-01 8.930535778940543179e-02 1.253921243653725870e-01 1.193765928988276687e-01 8.164332949089969649e-02 8.569088368212855744e-02
9.197970057221416251e-02 9.167311048247087091e-02 1.154149970748993836e-01 9.203018298241671946e-02 1.123303059716715124e-01 9.493953655428734317e-02 1.122712652860020643e-01 1.103193389319237078e-01 8.733809320019639277e-02 9.170346894391789849e-02
9.084905097752897507e-02 8.808973273181901209e-02 1.244533656464292676e-01 9.092695933032715616e-02 1.099791116752920073e-01 9.427915172613283989e-02 1.098145497753083288e-01 1.174039776368709515e-01 8.607271887533297916e-02 8.813138162495842698e-02
9.093842016408644480e-02 9.033314815214733839e-02 1.208472151667045885e-01 9.099365435642976785e-02 1.106021509590733032e-01 9.634410541722757126e-02 1.104001593635332151e-01 1.119728711169565433e-01 8.721306511616123969e-02 9.035521018768002954e-02
8.916444069951456886e-02 8.969404325321306271e-02 1.250806607929793035e-01 8.921282291830391620e-02 1.122602298484905586e-01 9.331926914688623564e-02 1.120662140001515289e-01 1.141138414293842163e-01 8.537416603416680960e-02 8.971431187690981357e-02
8.808227090661821523e-02 8.820958756284608127e-02 1.277063732596165624e-01 8.809745903872680250e-02 1.151502744849721704e-01 8.760274233223086515e-02 1.149916684282734636e-01 1.169922423412433077e-01 8.494690519299565035e-02 8.822047645247690917e-02
8.842146092265330826e-02 8.628144390753936244e-02 1.184407450831490571e-01 8.844834687224061021e-02 1.213180943793400607e-01 9.269720781141102539e-02 1.211420461636985302e-01 1.142928333897918897e-01 8.265747265766457130e-02 8.630034881251161250e-02
8.668648173160925507e-02 8.720521216010505838e-02 1.247558099378417301e-01 8.674291628908384344e-02 1.216168180390117121e-01 8.731357257927759019e-02 1.213884516546484965e-01 1.148646047839153306e-01 8.219527460009506958e-02 8.723085822441188630e-02
9.483856257037245885e-02 9.493190688752697892e-02 1.161230799043701939e-01 9.489978056971670739e-02 1.019670169061900333e-01 9.560165358734559748e-02 1.017881601759436511e-01 1.131376920778412593e-01 9.175929287062943585e-02 9.495285445006369784e-02
8.757015416076179004e-02 8.547863722637522033e-02 1.234323093611320171e-01 8.765633082599560977e-02 1.179257282606004792e-01 9.165856763371613147e-02 1.177409243245764320e-01 1.205804272871542626e-01 8.243057071584769524e-02 8.552635020384032061e-02
9.508936007426997683e-02 9.392458680948512217e-02 1.172513372947599081e-01 9.514378171564964737e-02 1.015527769379416800e-01 9.799041836166717812e-02 1.014577091504327427e-01 1.109799772045418215e-01 9.265800121119964483e-02 9.395205124005227837e-02
9.525924969644786189e-02 9.085541755203510594e-02 1.123167931838126438e-01 9.530238759940112825e-02 1.099455100475569269e-01 9.545544500824743039e-02 1.098118758469719403e-01 1.113903537339338834e-01 8.878178697880885484e-02 9.088118035278422435e-02
8.397524510471378323e-02 8.436093147694818939e-02 1.269507434874518337e-01 8.400612963591286286e-02 1.276831781781435915e-01 8.615983087321749112e-02 1.274591211856673789e-01 1.149150530796819447e-01 8.011176265175624922e-02 8.437800432650666149e-02
9.555619575601616289e-02 8.931929514627208466e-02 1.153367233026315192e-01 9.554725246142910244e-02 1.088626080482505282e-01 9.687538480327269330e-02 1.087293993871211728e-01 1.088512326723456852e-01 9.159730772992358272e-02 8.932460069273745473e-02
9.708448617405020242e-02 8.990007957307465103e-02 1.117232080932974436e-01 9.711974520955261869e-02 1.068169589860591961e-01 9.445536176892836699e-02 1.066667108671464914e-01 1.162296938189168460e-01 9.007726612795576016e-02 8.992648938101843736e-02
9.024915180978836104e-02 9.120694189830599874e-02 1.198014125462124047e-01 9.029485680370893941e-02 1.122873417865344475e-01 9.465259978914192240e-02 1.121319070423036635e-01 1.113558813920239032e-01 8.679369498027381113e-02 9.122621195170654840e-02
9.233844962851681104e-02 9.151406776924278508e-02 1.163116272693255765e-01 9.235944942040517913e-02 1.110812885733331035e-01 9.170302178855152531e-02 1.110325191003450757e-01 1.120704381631389829e-01 9.005597208874203952e-02 9.153316619839893531e-02
8.590952416753894205e-02 8.579268028005222757e-02 1.182772184404147636e-01 8.593656933934759601e-02 1.273626821925575858e-01 8.712975028233688191e-02 1.271258505021601037e-01 1.145927827075567257e-01 8.206633437767300865e-02 8.580660771036220658e-02
8.864702910501565114e-02 8.827118032957573246e-02 1.227810017181479169e-01 8.870432389556676123e-02 1.153537540341492001e-01 9.166321094070017939e-02 1.151397158288446215e-01 1.162812012907178810e-01 8.486083845584563301e-02 8.829774440143643710e-02
9.365504951841452375e-02 8.693567471758334442e-02 1.092691601010576663e-01 9.365556535302188568e-02 1.212572206052544427e-01 9.424399694928665971e-02 1.210945694180636661e-01 1.100872544640718459e-01 8.285404623318419481e-02 8.694746264006172898e-02
9.432297830218899781e-02 9.372331925609320158e-02 1.115573969448591940e-01 9.431528644548002605e-02 1.034626231427227261e-01 1.022395152932590728e-01 1.034215582210718659e-01 1.101161291515510149e-01 9.311444613180851204e-02 9.372674711096538880e-02
9.461896928121535377e-02 9.363184384497423574e-02 1.144252170228244464e-01 9.465326775333886278e-02 1.063758190498390321e-01 9.190216227546336991e-02 1.062710455642898039e-01 1.153544461288579376e-01 8.911514692998680209e-02 9.365208214921022511e-02
8.933461607848432184e-02 9.256455052510120796e-02 1.172320753130370319e-01 8.938355658503735479e-02 1.128000868144861529e-01 9.661949089937482693e-02 1.126456759751543329e-01 1.085687166929723280e-01 8.827077982660726241e-02 9.258045128974516647e-02
8.970758028515336824e-02 8.722396364156803639e-02 1.212132092136335576e-01 8.974581639108793196e-02 1.155767833849402071e-01 9.145369471664852035e-02 1.153372236032096237e-01 1.174747786488131163e-01 8.502351893491581769e-02 8.724343118002983455e-02
9.036635721329520921e-02 8.955962898943882478e-02 1.143873022074683304e-01 9.043590087536652888e-02 1.173982719602020830e-01 9.171931929730245403e-02 1.171280838136823516e-01 1.126799596682696997e-01 8.673947418581487434e-02 8.958570178915964410e-02
9.314354725366556786e-02 9.312274323626375250e-02 1.188534382779910664e-01 9.320271328176005232e-02 1.055989296259713661e-01 9.531338021466344290e-02 1.054811333811500884e-01 1.120642017909137256e-01 9.006919994700464394e-02 9.315071299061626620e-02
9.170376088019668859e-02 9.197009508830560065e-02 1.178900803979013590e-01 9.175184719103923747e-02 1.077859665265397671e-01 9.072283945569313557e-02 1.075907586186591602e-01 1.194821189415414125e-01 8.911231213219050762e-02 9.199022076793315905e-02
9.007418047260613847e-02 9.304355185270753170e-02 1.136002009644103694e-01 9.009668412150299843e-02 1.142722302224359471e-01 9.242364475549430525e-02 1.140557905840937775e-01 1.134652587388101097e-01 8.592457115522098010e-02 9.304388713271788403e-02
9.347922148674495113e-02 9.438611455220996538e-02 1.193134423800612520e-01 9.353604328059139661e-02 1.054555370486364302e-01 9.370271606833252553e-02 1.053281676518733612e-01 1.107391475244822593e-01 8.965021726402101765e-02 9.440939274304685491e-02
9.323268963366765361e-02 9.375027639407401692e-02 1.180047769909516320e-01 9.330029140072791660e-02 1.072208667854405023e-01 9.240746047524975304e-02 1.071220666240002839e-01 1.118454915198693472e-01 8.933285688582280615e-02 9.378322329019610215e-02
9.344226983148376520e-02 9.169484449775081036e-02 1.212616488857480301e-01 9.346647350941959809e-02 1.068378171753378847e-01 9.402501651554949491e-02 1.067824341239588248e-01 1.124661125260709438e-01 8.830753626808215961e-02 9.171584666659848839e-02
9.287556394303964069e-02 9.301522638496520501e-02 1.194116681311046674e-01 9.292864129525491013e-02 1.047775741757484419e-01 9.365440554404239060e-02 1.047129620086495461e-01 1.162296840252738245e-01 8.934675088819195310e-02 9.304752360372937903e-02
8.804046039520863065e-02 8.638917640028949407e-02 1.163202816961955016e-01 8.807195454782998367e-02 1.233271516996340966e-01 8.901319317263073350e-02 1.230897827998997801e-01 1.161713629784549145e-01 8.317011251931562266e-02 8.640652379054125642e-02
8.376268622014317045e-02 8.395412344416704198e-02 1.145017873143677756e-01 8.378672973196717166e-02 1.355657602886599922e-01 8.693604297565421524e-02 1.353095616363932385e-01 1.129416459761857089e-01 7.927464051695598535e-02 8.396702189550570017e-02
9.321412846576609956e-02 9.770530267391641654e-02 1.155797676686143582e-01 9.325958335476448868e-02 1.033612293034167073e-01 9.488951276782123245e-02 1.032961639157805311e-01 1.108129933353676766e-01 9.015855984439101467e-02 9.772275867016146089e-02
8.821943682934967057e-02 8.893736324843092012e-02 1.213072871582807910e-01 8.827919693087413200e-02 1.159788494678639925e-01 8.942651427961098576e-02 1.158587171598754739e-01 1.189756840297329088e-01 8.404471461198521898e-02 8.897223628399586470e-02
8.986480348573508414e-02 9.065932768840065381e-02 1.171115238748094700e-01 8.993246695801147828e-02 1.150385547778611239e-01 9.279138912766432545e-02 1.149009206098304675e-01 1.117291178025624360e-01 8.728012904674814498e-02 9.069176662837674652e-02
9.001179063922748469e-02 8.971022878860278327e-02 1.118691000177229750e-01 9.005756924677081610e-02 1.179873984458537639e-01 9.002016628486682326e-02 1.178740835221264577e-01 1.183356332404965489e-01 8.439442106269165467e-02 8.973960875164063711e-02
9.270619860146518676e-02 9.293648613449784213e-02 1.228391338688319817e-01 9.279760550974122668e-02 1.013830339529449426e-01 9.594000462764158688e-02 1.012058743831922430e-01 1.171714276088415274e-01 9.004497991783061428e-02 9.297525539501282077e-02
8.934393623905517723e-02 8.872690378643369180e-02 1.216329577836023496e-01 8.940488275088204206e-02 1.132501049640953633e-01 9.029473726723930005e-02 1.131439848213900284e-01 1.198735221597557882e-01 8.556400591232089792e-02 8.876496431522537534e-02
8.811702087887636481e-02 8.886491101097658551e-02 1.214562261368520996e-01 8.813065455285090666e-02 1.186743200668662346e-01 9.216732337511825135e-02 1.185011442742981980e-01 1.105415590543036980e-01 8.467672350419644389e-02 8.887011714566125931e-02
9.286340343973437106e-02 9.256606770682382357e-02 1.144495351754542117e-01 9.291087353229925128e-02 1.087672418283670561e-01 9.371710741666305911e-02 1.085870521722762105e-01 1.138393149368753660e-01 8.971449339006835888e-02 9.258491040143829176e-02
8.697943301692834250e-02 8.740651309832167537e-02 1.184926781689318448e-01 8.702515819807384034e-02 1.248742237175354403e-01 9.017635445652143200e-02 1.246730706602588307e-01 1.107179263457806900e-01 8.222710856181715544e-02 8.742753377583077634e-02
9.804025322732332071e-02 9.338223761033050130e-02 1.110124627910166056e-01 9.803241320992724106e-02 1.053718919242481178e-01 9.877030083309462638e-02 1.053020048465448666e-01 1.064311114798880270e-01 9.027031104076596590e-02 9.338701303686067212e-02
8.941749645001424718e-02 9.107994414319683929e-02 1.134281513023787935e-01 8.944038791306563319e-02 1.164976286343483713e-01 9.182400250762341731e-02 1.162848596130175577e-01 1.150827917539938988e-01 8.585926835263213430e-02 9.108546932972913512e-02
