1.199616661322354394e-01 1.121177212732313577e-01 9.662624947274194021e-02 1.022942961587144650e-01 1.183104519936460652e-01 1.184802541296762490e-01 7.816582394592982985e-02 7.546120243549789275e-02 9.417714120199943695e-02 8.440519325632732384e-02
1.228890412955280370e-01 1.154393157662431252e-01 9.478695911017794018e-02 9.915947011885418994e-02 1.126121253279191298e-01 1.129876475294037119e-01 8.257435932937982892e-02 7.913898723060794338e-02 9.264857518540815795e-02 8.776351910647789412e-02
1.184343448244076363e-01 1.097833920501382343e-01 9.440020949833222152e-02 1.004803588718980734e-01 1.100610428424636383e-01 1.102710645784470145e-01 8.444083540545854749e-02 8.337945678527033944e-02 9.492979146250347944e-02 9.381950368108075977e-02
1.171687864800165790e-01 1.238695668174165099e-01 1.060701059017733344e-01 9.984955246499710446e-02 1.173206430417514240e-01 1.176799499027656459e-01 7.601010679134759251e-02 7.385889176406862378e-02 8.901273718106915422e-02 7.915965965479396238e-02
1.253447820270178481e-01 1.196572866525883738e-01 9.535746655587884479e-02 9.862779032151279546e-02 1.139910810566806126e-01 1.142998536936594978e-01 7.867173300982954753e-02 7.615847275800023686e-02 9.086730478148648260e-02 8.702422914334576043e-02
1.138748749884231637e-01 1.168350133616569003e-01 9.747775584342435740e-02 9.520432632440213594e-02 1.042668368828181535e-01 1.043463722855397929e-01 9.276826367289006670e-02 9.560466711962951891e-02 9.098292444126272749e-02 8.863896507995319696e-02
1.224852873857998625e-01 1.162314647683601460e-01 9.810293199765680872e-02 1.023888334349012802e-01 1.148647846598894878e-01 1.149692576086621121e-01 7.559262357124234277e-02 7.324511731467985010e-02 9.094170882524392485e-02 9.117799043356419886e-02
1.167024540319100689e-01 1.235447412802041789e-01 1.026771333744091047e-01 9.674643909018917909e-02 1.122725399241223387e-01 1.125339017393854474e-01 8.029809578756190447e-02 7.612346485993977396e-02 8.898644163176933075e-02 9.011478828050865919e-02
1.174971504474825734e-01 1.094891835447611705e-01 9.489887986412984255e-02 1.006333419876519475e-01 1.124960320794060331e-01 1.126267458599158333e-01 8.560872347966119733e-02 8.189721466957075591e-02 9.406701736346945175e-02 9.078571070395123621e-02
1.211695056803184095e-01 1.159745590654097380e-01 9.846353737329062439e-02 1.014076382949492677e-01 1.160303162074707434e-01 1.164538696452973449e-01 8.105761362366409317e-02 7.707757062448979124e-02 9.145006888087231500e-02 8.091532060423768657e-02
1.223098943732776889e-01 1.232498791333584282e-01 9.935204802593661233e-02 9.751743601530948879e-02 1.093944311762518606e-01 1.098018071519728522e-01 8.035756936432890407e-02 7.927331047463627434e-02 8.719749786487736298e-02 9.154612642005055534e-02
1.237452258141645556e-01 1.180868384679877314e-01 9.676436553294488763e-02 9.962914455112792389e-02 1.212424660893518247e-01 1.218029285866214229e-01 7.614823171325262041e-02 7.193878648230347950e-02 9.039104570291575658e-02 8.025096705932985297e-02
1.138412471645907226e-01 1.161189555349710356e-01 1.002969775278003267e-01 9.829471308337445201e-02 1.189466502087470900e-01 1.191294721718700877e-01 8.037496329088378300e-02 7.790485461275810375e-02 8.698339195706160376e-02 8.810877444794280866e-02
1.203749280983610198e-01 1.325649765632029575e-01 1.059473473058480525e-01 9.607685930582814116e-02 1.203548989571707889e-01 1.209797169800957417e-01 7.263148679190721546e-02 6.812780058644332670e-02 8.531838639222490139e-02 7.762359901891788261e-02
1.209235906679193145e-01 1.272881467835303426e-01 1.036951916168718651e-01 9.817695272969588494e-02 1.172992274102254845e-01 1.176763708907788558e-01 7.284591279479417369e-02 6.971454463177319261e-02 8.765624773377971024e-02 8.472381474063120366e-02
1.234222649918804565e-01 1.215736768897766606e-01 9.738639947277126507e-02 9.765536696896755242e-02 1.152925841528897599e-01 1.157737576948886932e-01 7.825391338428216992e-02 7.539101488882260504e-02 8.983029622044569340e-02 8.542072533527511613e-02
1.170585373574265925e-01 1.157664604552249010e-01 9.869310698364988643e-02 9.861690279862782293e-02 1.149436106094315485e-01 1.154294544077871382e-01 8.312813949469070873e-02 7.838969849588260652e-02 9.131195264351242569e-02 8.666213675376635561e-02
1.191980916300572346e-01 1.119040679586978115e-01 9.896734659275585599e-02 1.039508402627249833e-01 1.130033122756302078e-01 1.131588262884179186e-01 7.837437321678589197e-02 7.566498975444714559e-02 9.711947516955451998e-02 8.865867685092845840e-02
1.278050162136578072e-01 1.101503421029333268e-01 9.299206800388129524e-02 1.054081913077737076e-01 1.209056282990702419e-01 1.211721439391091060e-01 7.521623822514979241e-02 7.264962088702940635e-02 9.253240629063039235e-02 8.116834473076495193e-02
1.184710332125458593e-01 1.232255796788099267e-01 1.030921660892128167e-01 9.877402522445209720e-02 1.157144097319457166e-01 1.159710997505226104e-01 8.001535578402513282e-02 7.453122502727102527e-02 8.661668373085872064e-02 8.358842177035605281e-02
1.254998490701347835e-01 1.151878438642004870e-01 9.386815252378824526e-02 1.004090490926875939e-01 1.162711992409473788e-01 1.166075069623636745e-01 7.890996265705765844e-02 7.544385982701005966e-02 9.034888993970070781e-02 8.745368682210946654e-02
1.162415475298558959e-01 1.182857508792213019e-01 1.014416535739349062e-01 9.865326272027016841e-02 1.094764294648195579e-01 1.098607176438863853e-01 8.209858722458129865e-02 8.089805360876425877e-02 9.122933540838470967e-02 9.181466194628151722e-02
1.187746766025325057e-01 1.181869169826404303e-01 9.714997504658902383e-02 9.671989705844225016e-02 1.128753547887526021e-01 1.132495045821777235e-01 8.347185815008639764e-02 7.801781890542050513e-02 9.162983132973674671e-02 8.992416655362178712e-02
1.186559508102610627e-01 1.306771442495151536e-01 1.056179901743931615e-01 9.603603213008821138e-02 1.136661144191131179e-01 1.139826463773857268e-01 7.652213349447145596e-02 7.252972523180478692e-02 8.768816077262038544e-02 8.462410234034699330e-02
1.217552283909656002e-01 1.104039463889296691e-01 9.098674409018223108e-02 9.880456772412254951e-02 1.179167350444954021e-01 1.181906301356468320e-01 8.532195113978079115e-02 7.752575647795556524e-02 9.204755881463043410e-02 8.704688179329089781e-02
1.100296989915913182e-01 1.788905713597182812e-01 1.379643956360224744e-01 8.906389420970786674e-02 1.065907034185573643e-01 1.068493068512288841e-01 6.275205400949288026e-02 5.917627253117041519e-02 8.059301642874555638e-02 6.809008656376497326e-02
1.184179204428618404e-01 1.077255068690525092e-01 9.308815445648693787e-02 1.007692833049739917e-01 1.139638126638618659e-01 1.142398640090724338e-01 8.340732988216423283e-02 8.126248117418007066e-02 9.537167022435896757e-02 9.175397697298709465e-02
1.157735614546057668e-01 1.139599803873941192e-01 1.019102425768979442e-01 1.029551228100962362e-01 1.105967849680875303e-01 1.107856136907950928e-01 8.286557546423950482e-02 7.959055941056787653e-02 9.213759341517580026e-02 8.942496582214015666e-02
1.197094316184557361e-01 1.175937513747830343e-01 9.963668265096692345e-02 1.003241040650841714e-01 1.144017941855781928e-01 1.147945100191461038e-01 8.044363272933084674e-02 7.636784312292230203e-02 8.993281958911601703e-02 8.679543064461665847e-02
1.126727177367363164e-01 1.192640408215095288e-01 1.035398081089057981e-01 9.752014429183447630e-02 1.103646361350936467e-01 1.106040698818972351e-01 8.293856166628670035e-02 8.087576378205672822e-02 9.013263796034466646e-02 9.208761961533494522e-02
1.250389578047450545e-01 1.169180924382492021e-01 9.664356491956607731e-02 1.018128858651133062e-01 1.165610710187574006e-01 1.168916045220331906e-01 7.612331864736955611e-02 7.519953145002294947e-02 9.063313278525193806e-02 8.417784054889131118e-02
1.194029946421950455e-01 1.149870317051489704e-01 9.826149928361248287e-02 1.005053510517670001e-01 1.168410905977663727e-01 1.173713539401287642e-01 7.942904333943044681e-02 7.640289558710172679e-02 9.185840245049019248e-02 8.494033740235903962e-02
1.207698285813263300e-01 1.172025219433917020e-01 9.894720518335159420e-02 1.005293899258266205e-01 1.194404757301277820e-01 1.200006986227840772e-01 7.859152545588907190e-02 7.441828986308053617e-02 9.032281108973304329e-02 7.977725360448927050e-02
1.060230517004107087e-01 1.044563347613765847e-01 1.049660489559170323e-01 1.061149198206499805e-01 1.045602155533650185e-01 1.046617401878768699e-01 8.590755807015823531e-02 8.791845895372131514e-02 1.034921530486626606e-01 9.189951894786162201e-02
1.152936898958341755e-01 1.162111292199759088e-01 9.810206897186904418e-02 9.717049222017076771e-02 1.080975372939043250e-01 1.081823508970251035e-01 8.833606752239447912e-02 8.942594370109577251e-02 9.280591611305211153e-02 8.637480416467831212e-02
1.175948931017121724e-01 1.322744681863446958e-01 1.079037499931283089e-01 9.624170134619712547e-02 1.138801133137024996e-01 1.142717382775599866e-01 7.711685260683692755e-02 7.290590021543724708e-02 8.284539628549039691e-02 8.496518667359066745e-02
1.186832665555252742e-01 1.291362849083033393e-01 1.082981709815865612e-01 9.964298247741769365e-02 1.201904749592250521e-01 1.204892054475226598e-01 6.968498587202108518e-02 6.731651797730053843e-02 9.018108598385361774e-02 7.637702483724416458e-02
1.259938677551087349e-01 1.106913577813582877e-01 9.151312785337188671e-02 1.019124942906054904e-01 1.176352478282918085e-01 1.179377229082164136e-01 8.077176303175565009e-02 7.608339384005875783e-02 9.290644137975587191e-02 8.455458333147712613e-02
1.259526858242127623e-01 1.299404856947098952e-01 9.759624744005419850e-02 9.439154098375304724e-02 1.163795947535725683e-01 1.167009574785419779e-01 7.811753676957086667e-02 7.344434177996546353e-02 8.637825875159164946e-02 8.109835052402759870e-02
1.235404908562320048e-01 1.282690522469017991e-01 1.010786607647393281e-01 9.701848887919663211e-02 1.198071739335353075e-01 1.202970035002700055e-01 7.432012602575754912e-02 7.235112741095067745e-02 8.609828475618461208e-02 7.721959162623207029e-02
1.231386372724683487e-01 1.215474601109764602e-01 9.863487469422049791e-02 9.888163908216739129e-02 1.138733430470834085e-01 1.141958868475797667e-01 8.100187118012804055e-02 7.615344644134926233e-02 8.916568053483753253e-02 8.340716078918926357e-02
1.170978771385982886e-01 1.218189804823088807e-01 1.038404764689292853e-01 9.916529533862214474e-02 1.155294675389967329e-01 1.160139619097704938e-01 8.002843046384189307e-02 7.657917266630297204e-02 8.959566434358204323e-02 8.033067364904727947e-02
1.250231580288468369e-01 1.157924018731665283e-01 9.453399679118795751e-02 1.006372730241699848e-01 1.160543869830797797e-01 1.162178862252253447e-01 8.345432434221959628e-02 7.739226544159005794e-02 8.955297143984322639e-02 8.134133585067067351e-02
1.209861859035376297e-01 1.186772253355087431e-01 1.005872958309803750e-01 1.011882088416411890e-01 1.171670938245084059e-01 1.176068303352785088e-01 7.732056497021115582e-02 7.342822551012573307e-02 9.130375864119566476e-02 8.173461080701262260e-02
1.177148219257722478e-01 1.149415090917802751e-01 1.026589103771711475e-01 1.041718539645228869e-01 1.165477540559005099e-01 1.168600562290623146e-01 7.617675358461449553e-02 7.412710116517699788e-02 9.452548870812753357e-02 8.227575089787164675e-02
1.175640143393692633e-01 1.126378016376792662e-01 9.901070591266769583e-02 1.026357742946490959e-01 1.117798021081056609e-01 1.119265570005553295e-01 8.262715114915669679e-02 7.984182259333925946e-02 9.092350302213743352e-02 9.105286794234028480e-02
1.206520188298453172e-01 1.217411868522644269e-01 1.027403173808072723e-01 1.015011301108048325e-01 1.231979027941649818e-01 1.233948702731859498e-01 7.162508363086812768e-02 6.738900458875776711e-02 9.264970353450208140e-02 7.510878200479927103e-02
1.237826036744046065e-01 1.128721922605507300e-01 9.455287791696684319e-02 1.019506355024604183e-01 1.220029113755747435e-01 1.224228556581803129e-01 7.629735809008791891e-02 7.191173657543184494e-02 9.156334977067442926e-02 8.264347917566816637e-02
1.179234943102052680e-01 1.175091258960857254e-01 1.018640662193441848e-01 1.016077460355297030e-01 1.109548139611089002e-01 1.111468567114152622e-01 8.252465458550324595e-02 7.785821727355622668e-02 9.322230620893809383e-02 8.538871879831337608e-02
1.156581532081547986e-01 1.160169207460759189e-01 1.048233144587315258e-01 1.037987369405025950e-01 1.079166056349377401e-01 1.080895023722816400e-01 7.696618328306913115e-02 8.082157108079228436e-02 9.249549227455929057e-02 9.341352000089507557e-02
1.041125222079544305e-01 1.076113194347003421e-01 1.079072285792683633e-01 1.042490329617027645e-01 1.020339813792856543e-01 1.021254298684679124e-01 9.022289919259177116e-02 9.082697240691675611e-02 9.567729102568245381e-02 9.523332294342953808e-02
1.175803557701160657e-01 1.140876148199312379e-01 9.914078057176842207e-02 1.009384767837049196e-01 1.115887386308103829e-01 1.118579914393163649e-01 8.222837607181110453e-02 8.077507797533833855e-02 9.127845277334915852e-02 9.052413516385403314e-02
1.137087528941340547e-01 1.064155808341483572e-01 1.001582338169430819e-01 1.057903637524358481e-01 1.115880817142286402e-01 1.119131452035809771e-01 8.385165404264476041e-02 8.286233153458995304e-02 9.577278884053294639e-02 8.793906736676132541e-02
1.140955523363020724e-01 1.150120533634502451e-01 1.023021223534879287e-01 1.001724155654480919e-01 1.084107360871980480e-01 1.088333618619596321e-01 8.550769177001740773e-02 8.118814785770304965e-02 9.300173745850998097e-02 9.147618134592348793e-02
1.211382116900991818e-01 1.265916366640035540e-01 1.015293000220788278e-01 9.675262681678631349e-02 1.153663037503512012e-01 1.158005656195555816e-01 7.682568531407173162e-02 7.319583699615450634e-02 8.789469954270093255e-02 8.490513358419826684e-02
1.231851431810225966e-01 1.243244222788139758e-01 1.028005490762742558e-01 1.012287338267306019e-01 1.208172261864483288e-01 1.211138125322929887e-01 7.154286372605977995e-02 6.617791117157957592e-02 9.047520975199427329e-02 7.833412826878362323e-02
1.215642976237173711e-01 1.300510954285497567e-01 1.027894711903247632e-01 9.611402269508885488e-02 1.155730410240774636e-01 1.160450590453357134e-01 7.547801354539719620e-02 7.241608040696735638e-02 8.450012222235704640e-02 8.546879681818453367e-02
1.186815315862402714e-01 1.292060320730181455e-01 1.053562321554895043e-01 9.724526777681914702e-02 1.201561917002926111e-01 1.204253760198489287e-01 7.303285945619425457e-02 6.775919316303320727e-02 8.663585343426147278e-02 8.150146263480242959e-02
1.204981659023236090e-01 1.151251109580509330e-01 9.830183837651351730e-02 1.017834630112613298e-01 1.177437939737975975e-01 1.180343107401737313e-01 7.840639219034958862e-02 7.468442417010791312e-02 9.253335636867877911e-02 8.288914430874297357e-02
1.148848440582341257e-01 1.157125150969275651e-01 1.056914757199128724e-01 1.043921274590572934e-01 1.113599368550379221e-01 1.115822604083395869e-01 8.318756338675990791e-02 7.658056429133226761e-02 9.616077209961823580e-02 8.044794062478018148e-02
1.257463073728906922e-01 1.239661848172088632e-01 9.635659237916185949e-02 9.671483943592429355e-02 1.122098920949575612e-01 1.125514305155895234e-01 8.072878450861682709e-02 8.241365451809000431e-02 8.622450815496543464e-02 8.308780620259487160e-02
1.090727052110860157e-01 1.101927809801813152e-01 1.064986380473338101e-01 1.051496439492439344e-01 1.090939551463391555e-01 1.092960139404364206e-01 8.522857742674133652e-02 8.502674005574849259e-02 9.429388462429008633e-02 8.614706061859939146e-02
1.203143548071659436e-01 1.187754264434495305e-01 9.764089715081926413e-02 9.757134796661325049e-02 1.133044436378218556e-01 1.137684420543640662e-01 8.372189933147343444e-02 7.706510891082775372e-02 9.136989307331017107e-02 8.646818662415474421e-02
1.202097661167716436e-01 1.137550257190044489e-01 9.775064062386559782e-02 1.016709685565831967e-01 1.123739312809833024e-01 1.127227334673087666e-01 7.798291916573177329e-02 7.741918711051158641e-02 9.352184901236988701e-02 9.259297894686981112e-02
1.129297025330772974e-01 1.171124215652496192e-01 1.000623776889641159e-01 9.652169227230711357e-02 1.087750978795991447e-01 1.089621766040265449e-01 8.971568324872218614e-02 9.073013641029935294e-02 8.765998764616116101e-02 8.753072415159345032e-02
1.225701859380097375e-01 1.069109471356447377e-01 9.140320198619933389e-02 1.031743875774638747e-01 1.193507515543750785e-01 1.195453601646438990e-01 7.943466580129439347e-02 7.625241265964262383e-02 9.370332552799133519e-02 8.765476165473505554e-02
1.144366737308156190e-01 1.155013978476808895e-01 1.037020956455724369e-01 1.022452988471234253e-01 1.191395795510560851e-01 1.196049371366156300e-01 7.745366153596698611e-02 7.470711899908613618e-02 9.275441321369080894e-02 8.045482349239201081e-02
1.139518838482339314e-01 1.208113023620792231e-01 1.037838684830950653e-01 9.756548103945644757e-02 1.150761661187887086e-01 1.154287320615160067e-01 8.049098418600783567e-02 7.529282216642124714e-02 9.067681646002360984e-02 8.692194327437788304e-02
1.184097999241146143e-01 1.196802875672445393e-01 1.028459030816833708e-01 1.011725679691591190e-01 1.147003978348554304e-01 1.149185267591059656e-01 7.887225400641767470e-02 7.406301835380857401e-02 9.163817613370804638e-02 8.369906836990267940e-02
1.184469665453212334e-01 1.081270463526338432e-01 9.490903449310232609e-02 1.028541721383927215e-01 1.138809275842220803e-01 1.139962130948021651e-01 8.450552510089667790e-02 8.156744598612793162e-02 9.379872534439757936e-02 8.791394336010342758e-02
1.131324871471524884e-01 1.225814978535705868e-01 1.074205430989725180e-01 9.920635401879995818e-02 1.058190720086317899e-01 1.060395550114377611e-01 8.133469695639257424e-02 8.155249238645487231e-02 8.728088331538873257e-02 9.563241820319878794e-02
1.204403575822618339e-01 1.236531397235797053e-01 1.013831127103471536e-01 9.800611551298996083e-02 1.146459577528356893e-01 1.149953916169900031e-01 7.810291061597615658e-02 7.455357724473871128e-02 8.985311465025289102e-02 8.436632259002793677e-02
1.134545207560533620e-01 1.227071943532184600e-01 1.066254042262489710e-01 9.822284242984911928e-02 1.149952493263571018e-01 1.154782471487346834e-01 7.978244645764077936e-02 7.665429582498584082e-02 9.154463600901487086e-02 8.053516346789679758e-02
1.165766262832702432e-01 1.242251076926581543e-01 1.057695469341983496e-01 9.914744970282024505e-02 1.188124353625749779e-01 1.192352536226309462e-01 7.283403031025524610e-02 7.129294778723824222e-02 8.859692427797147274e-02 8.350967802638212256e-02
1.206402723179733488e-01 1.289645362280201490e-01 1.028809165254413183e-01 9.656537486835030382e-02 1.175326687436585305e-01 1.178300182438112992e-01 7.577534456585460765e-02 6.993650673052004274e-02 8.738966729648899034e-02 8.248469447988142356e-02
1.256443303991769123e-01 1.219651164305504965e-01 9.550091262869987718e-02 9.748489577163158004e-02 1.152766954612174932e-01 1.155785629874469811e-01 7.689337556185037170e-02 7.940424386207697860e-02 9.122653380754577879e-02 8.102533308980350291e-02
1.212899752472908071e-01 1.223317830349993918e-01 1.005801314307840505e-01 9.912846592300865456e-02 1.207882249862562429e-01 1.212692103553837802e-01 7.460058021665297301e-02 6.937277464233343460e-02 8.762652960984056161e-02 8.301232455345011751e-02
1.178196628020157510e-01 1.218706841493737841e-01 1.019234302293468009e-01 9.767192434677871016e-02 1.094024487494088954e-01 1.097811051347138411e-01 8.159659252294496068e-02 8.142482975416949487e-02 8.883541278177418954e-02 8.967390952947359994e-02
1.537824781534763152e-01 9.293999095091423635e-02 7.825158166908993684e-02 1.207531625576412360e-01 1.436792682534126508e-01 1.437117009624537811e-01 5.415156862440777957e-02 5.245535620424118806e-02 9.985021462155950489e-02 6.042467800280340584e-02
1.170429447043428439e-01 1.154424366022655385e-01 1.045802518401351411e-01 1.050931594570492233e-01 1.151329366603748849e-01 1.154754558229686423e-01 7.786184863685431667e-02 7.421147356754272117e-02 9.409370658777926888e-02 8.106578612068743306e-02
1.192792512829697199e-01 1.159446021236001517e-01 9.996725262930966638e-02 1.015744265987492539e-01 1.162746576369126372e-01 1.166397354778351270e-01 7.938052162214380425e-02 7.548286946447585466e-02 9.302092139911583013e-02 8.243576176488795482e-02
1.217250400453660092e-01 1.175562370128175882e-01 9.658503967963796843e-02 9.888169724257099558e-02 1.144832411186714610e-01 1.148274087774906332e-01 8.111656054625952794e-02 7.600049751064033576e-02 8.924245068846460571e-02 8.958182737808093044e-02
1.177445058328373123e-01 1.271056970334618619e-01 1.020094496425224678e-01 9.467300193954222842e-02 1.168059295642597806e-01 1.172606406906170490e-01 8.047381055758388857e-02 7.764197497311185747e-02 8.536334073126707056e-02 8.092164903479642790e-02
1.229517104282216999e-01 1.199401756528528790e-01 1.006442611728700365e-01 1.018973087298556124e-01 1.202049422530370171e-01 1.206376647897783594e-01 7.493922490170043527e-02 7.051751549737493574e-02 8.953485822581561115e-02 7.873233834849345525e-02
1.158978332594993860e-01 1.174336881637919744e-01 1.048028202495638467e-01 1.028932294864345204e-01 1.163238711207688625e-01 1.166539272322761195e-01 7.858892510322790237e-02 7.378473458592520184e-02 9.484770955024207639e-02 7.877326124827017939e-02
1.245371793213325418e-01 1.207877192829974466e-01 1.002240274135569736e-01 1.017447934459053682e-01 1.177853758544964158e-01 1.181335333252039321e-01 7.274973696995393202e-02 7.154068710300198752e-02 9.149875246892096026e-02 8.099819481463051141e-02
1.200710464781932357e-01 1.190703644175344356e-01 9.576727886871148898e-02 9.565544910634854459e-02 1.100101095691950193e-01 1.103433215153837854e-01 8.574921668460505630e-02 8.054790397433382598e-02 9.257757169143569775e-02 9.020773769425888267e-02
1.234066181060399642e-01 1.234815610408134950e-01 1.015617935337454064e-01 9.999049882106092468e-02 1.152811137340346292e-01 1.158011634601245343e-01 7.635366912935254158e-02 7.324972058026338328e-02 8.866592263708239496e-02 8.220793895748272628e-02
1.137139322638465316e-01 1.154840390161019498e-01 1.016073640365722647e-01 9.937560183695788585e-02 1.110207051935677841e-01 1.113298238848120236e-01 8.572589279411178820e-02 8.082293704764342834e-02 9.567367146376372367e-02 8.524603246262257850e-02
1.228414613029850527e-01 1.077783719538508850e-01 9.423112029688543445e-02 1.055691872574564677e-01 1.235186163187611957e-01 1.239011378244770645e-01 7.578542069150079330e-02 7.395424020590242453e-02 9.108561600234083011e-02 8.133482814583979648e-02
1.190543547307934269e-01 1.196312162388997319e-01 1.037461026178621293e-01 1.025109691665346823e-01 1.156797557416547051e-01 1.159340869808102581e-01 7.697349134052892949e-02 7.195063541798089879e-02 9.412721625608974629e-02 8.039217150884546415e-02
1.175394216308381368e-01 1.283416658776088681e-01 1.061185555950549392e-01 9.702702777889433972e-02 1.140129074202857890e-01 1.144882439768579174e-01 7.632814801316989417e-02 7.258609824309314451e-02 8.846777955626002055e-02 8.509015190793700611e-02
1.132718158803044661e-01 1.127458444211444366e-01 1.048027331921579930e-01 1.046944134144286997e-01 1.074928531217831523e-01 1.076932723712862444e-01 8.373413868928841763e-02 8.158486532849308637e-02 9.652473025930348449e-02 8.745533332181003316e-02
1.225903004323142947e-01 1.180674085743621399e-01 9.709659131329789750e-02 9.952251177381507552e-02 1.165304241587401118e-01 1.169228948673262242e-01 7.846794614278063129e-02 7.419571382084483302e-02 9.044430748649884277e-02 8.616190143001994928e-02
1.155375993547021890e-01 1.106053693272588678e-01 1.001029611090444443e-01 1.036486112484485966e-01 1.156034770812443685e-01 1.159350742887597513e-01 8.313871185440042944e-02 7.898063952122576226e-02 9.055933198685804653e-02 8.588822422805753032e-02
1.229764012030874903e-01 1.150191318118742589e-01 9.464621047763248363e-02 9.968465360888369153e-02 1.157301800159512423e-01 1.160389958655122511e-01 8.359220507354206409e-02 7.685558926844708594e-02 9.175857907637266497e-02 8.369805359869671169e-02
1.123088231828262284e-01 1.205873241800573259e-01 1.114762074706869277e-01 1.034327931668021922e-01 1.071998806812423238e-01 1.074125479109242082e-01 7.891307646484403693e-02 7.956187190057358027e-02 9.184089023332263346e-02 8.726658480872054313e-02
1.267801214119912423e-01 1.199050638647766870e-01 9.710758457021269330e-02 1.010559467341126533e-01 1.142274403431656621e-01 1.146154343387680435e-01 7.928405423925004303e-02 7.555231771978698774e-02 8.937708483498849055e-02 8.209495194294753884e-02
1.262623653004433522e-01 1.294114345901072327e-01 9.821171995318651871e-02 9.525824091906093249e-02 1.114663657047892109e-01 1.118049252755423800e-01 8.290066747048278895e-02 7.824468394422345874e-02 8.680014784205954126e-02 7.963944900010455630e-02
1.171779399107941849e-01 1.157065657772160250e-01 9.957935856426185228e-02 1.000932167967725078e-01 1.133992068944620624e-01 1.136406665560353302e-01 8.550595792362231107e-02 8.259492171155549678e-02 8.674376917822274047e-02 8.555839668705743362e-02
1.233718785321369360e-01 1.148386453480793046e-01 9.593246328920634891e-02 1.014529438585039384e-01 1.190635723203830737e-01 1.193950885918005078e-01 7.490308635332770804e-02 7.172680843780225579e-02 9.461257591922556109e-02 8.470293734953437959e-02
1.127344809782266782e-01 1.165321970569595939e-01 1.066129446233006622e-01 1.028565298395320154e-01 1.073307005805123754e-01 1.075205054604656402e-01 8.903437262835260657e-02 8.638438296669800898e-02 9.295024760786645135e-02 7.804363825808588451e-02
1.233915204807181087e-01 1.279232392981137778e-01 9.885893440895097972e-02 9.495521497364686758e-02 1.140403980883642754e-01 1.145287633694944268e-01 7.915112901004367485e-02 7.862906949183520733e-02 8.532749918993905169e-02 8.319423168889357456e-02
1.288350104534149165e-01 1.216817574018239922e-01 9.547901749024316487e-02 9.922696764483084075e-02 1.195511943509415670e-01 1.199158095296895404e-01 7.363998795317809598e-02 6.923098243821114439e-02 9.256797878200401231e-02 7.987129395566269774e-02
1.248750293967177821e-01 1.134064516957574154e-01 9.500863586768744373e-02 1.027733424915673599e-01 1.186397152402303701e-01 1.187910546015866625e-01 7.636393567220171874e-02 7.301050241573230071e-02 9.504211599200204641e-02 8.208921662651684492e-02
1.236596055759342783e-01 1.227070081922470024e-01 9.966967835063303416e-02 9.931320426830284043e-02 1.195879600838423290e-01 1.199265528742272657e-01 7.268219195877054228e-02 6.866354623627808629e-02 9.240298484576332794e-02 8.138726761400121024e-02
9.995373707557961285e-02 1.016427204468375034e-01 1.069309747451151482e-01 1.054377133028945174e-01 9.700581407574217219e-02 9.686606497485424072e-02 9.346933773304026694e-02 1.010195640765046282e-01 1.017621492741014461e-01 9.591192429533046404e-02
1.036831117907759670e-01 1.085022001742520364e-01 9.874409215569301956e-02 9.484438480448524611e-02 1.014729073818748106e-01 1.013778110824470752e-01 1.015660262426494043e-01 1.059140034682093390e-01 9.671525415420427485e-02 8.718020874540881315e-02
1.095883289901230795e-01 1.214580314661814486e-01 1.089823880022006003e-01 9.852456996781010223e-02 1.113892366348245982e-01 1.117145049812055674e-01 8.303656604550373188e-02 7.745026205126610830e-02 9.084173306997445074e-02 8.701437879091028504e-02
1.143170201133999336e-01 1.177001802363863703e-01 1.025910255960435363e-01 9.929647831680028791e-02 1.132970927527463811e-01 1.135840630558640207e-01 8.463259488552440923e-02 7.618966323241550820e-02 9.394384886869239226e-02 8.444803294212718803e-02
1.177555382998275585e-01 1.269772056556160433e-01 1.060801035849556623e-01 9.826007526045604790e-02 1.143901788953624321e-01 1.146915179217772168e-01 7.678861437204065332e-02 7.151583439393748021e-02 9.196875946991342476e-02 8.157217214611343914e-02
1.177776617038552159e-01 1.117896300172627894e-01 9.660864052075496256e-02 1.002716041616919518e-01 1.136852944901161344e-01 1.140179948424636935e-01 8.186186021474561869e-02 7.888642468639767147e-02 9.177947277790160507e-02 9.332141658481032942e-02
1.194958428947349299e-01 1.183046753497476733e-01 1.028967313968047470e-01 1.028720767444448320e-01 1.173342859205675909e-01 1.176839091407275301e-01 7.687645658469613452e-02 7.326500265372676290e-02 9.175347196772436209e-02 7.951754734682545123e-02
1.191090764179239536e-01 1.145522732474173050e-01 9.828968684118623289e-02 1.014089028170798296e-01 1.136249158671929771e-01 1.137961021892814201e-01 8.010530732724123471e-02 7.736445574665769265e-02 9.106218065637101955e-02 9.068709888964830712e-02
1.274634104531671697e-01 1.138295492950330834e-01 9.447597227950786658e-02 1.033180036454830197e-01 1.177552451075662976e-01 1.181148212872070169e-01 7.587706988221158688e-02 7.285121121740788241e-02 9.340230913028800541e-02 8.291240770212807143e-02
1.141205166460975556e-01 1.195710086562545016e-01 1.046782849286325701e-01 9.983597795498515282e-02 1.225036367150972028e-01 1.229103482935424291e-01 7.823927600881790123e-02 7.408300606217324558e-02 8.783183808794753356e-02 7.622610664645190770e-02
1.156126519427663479e-01 1.174887219279529826e-01 1.059629231349466516e-01 1.039730008701373332e-01 1.107239650291167166e-01 1.108034999022142336e-01 8.179087834553885883e-02 7.804865202607655372e-02 9.195601168205051745e-02 8.363969513919987386e-02
1.248243382039456312e-01 1.160607052645839105e-01 9.633683734159365075e-02 1.018571500469019342e-01 1.185218542714301243e-01 1.188356263454780626e-01 7.726104320186406860e-02 7.463205822377247389e-02 8.882526010971462938e-02 8.284512699071558406e-02
1.202020051725384980e-01 1.178492615502065854e-01 1.001211555927001839e-01 1.007246359061727409e-01 1.121929901632338078e-01 1.125740009730192975e-01 7.936655033842053564e-02 7.812988615984656215e-02 9.043199509209505493e-02 8.840751905176674752e-02
1.247363874407293044e-01 1.217953915338779031e-01 9.722753536598977009e-02 9.826332033993090409e-02 1.145256232274249331e-01 1.149203925568390988e-01 7.670273902812249633e-02 7.618570867625328036e-02 8.994156903643107936e-02 8.570133279440117491e-02
1.273171805585497640e-01 1.246551577488645701e-01 9.413881304107390990e-02 9.531708016547262019e-02 1.169564576610212653e-01 1.173557703951267905e-01 8.180712552022406658e-02 7.413865132502572841e-02 8.812827719325656839e-02 8.018548639138470269e-02
1.172907641759833863e-01 1.241134075679885679e-01 1.024895570566902031e-01 9.679631719828123149e-02 1.135513533744198500e-01 1.139081047363005583e-01 8.094526788457338806e-02 7.697418504221209545e-02 8.565700678819976321e-02 8.827403617535101166e-02
1.256892029721566051e-01 1.324669425898936936e-01 1.010590415170804224e-01 9.560298839295006124e-02 1.164899472099892308e-01 1.169077572311285340e-01 7.363890290374866532e-02 6.870873746080538580e-02 8.835147297572627789e-02 8.108500674652115159e-02
1.178926404086679536e-01 1.055669492218766353e-01 9.407294010817850161e-02 1.031639831277219310e-01 1.157069208294386198e-01 1.160840175424190379e-01 8.126920063317567833e-02 7.868733912974716638e-02 9.701081485333523657e-02 9.054519414543926725e-02
1.251618039388440462e-01 1.217689107728747305e-01 9.731587172256649099e-02 9.885348127574149213e-02 1.230131364279795914e-01 1.233550225889167296e-01 7.234966217718806492e-02 6.880289005395019697e-02 8.708623736627847667e-02 8.229298367566016681e-02
1.167903226428428504e-01 1.062119609744725107e-01 9.394266238682945358e-02 1.019695253108400118e-01 1.110127747367017359e-01 1.111794833297679863e-01 8.765958031630571856e-02 8.508542345205472035e-02 9.389254596172193212e-02 9.225572088846303864e-02
1.136556583160396455e-01 1.117882345832771074e-01 1.019161917161478526e-01 1.028195057817517383e-01 1.131887232718095104e-01 1.134334728920196600e-01 8.461659922433009684e-02 7.928271685524898582e-02 9.225473980342711877e-02 8.704415755594831217e-02
1.260632169379312384e-01 1.400057088187073029e-01 1.023063109485817940e-01 9.293261864743246337e-02 1.146163662350164064e-01 1.150523193264736121e-01 7.629776024492704312e-02 7.064673718972291905e-02 8.407225699350064085e-02 7.800670465770655204e-02
1.146598695838541571e-01 1.142360704709287911e-01 9.651836565339369511e-02 9.628886439893985516e-02 1.085108326286219199e-01 1.088123814054011984e-01 9.008277458830203643e-02 9.124680682875480064e-02 8.900010758257503873e-02 9.064392685922854909e-02
1.135507262613606322e-01 1.043242152323340527e-01 9.617133722744575230e-02 1.036563584745699013e-01 1.185981959580672679e-01 1.189392447990893914e-01 8.736985905425247168e-02 8.107392398900668817e-02 9.165273263319199948e-02 8.466340637068178743e-02
1.196914691579157725e-01 1.200844440885810438e-01 1.045135798137396682e-01 1.032638310541810212e-01 1.118137074519294227e-01 1.121057795426591563e-01 7.736229795348047167e-02 7.595967264040748290e-02 9.151959739435355790e-02 8.368562090275234733e-02
1.164871052235709192e-01 1.153027266188925565e-01 9.824579669291651218e-02 9.907378876935078738e-02 1.122455299747717322e-01 1.123621381550149179e-01 8.422531207877057002e-02 7.931773417996555720e-02 9.161886061350872634e-02 9.112100769323774885e-02
1.196024113060541183e-01 1.324442072751409460e-01 1.069657155097429313e-01 9.692647883500947470e-02 1.163614241699822971e-01 1.168231856089936155e-01 7.281915103018833657e-02 6.954311665415900678e-02 8.704757399799450956e-02 8.146673561273479192e-02
1.226843969658490269e-01 1.209213308893241079e-01 1.019760211541442529e-01 1.022128705076089522e-01 1.169527409595291917e-01 1.173786128009760982e-01 7.591535930601324422e-02 7.306858101356235313e-02 8.869079979756494536e-02 8.019928660542784138e-02
1.092197456945043776e-01 1.198561225575519168e-01 1.068775342321752336e-01 9.742275957217215454e-02 1.102909335249156880e-01 1.106090738101362381e-01 8.745795782855836364e-02 8.428221330472568384e-02 8.704590291701810867e-02 8.693775655824222126e-02
1.096906783831308047e-01 1.030207265598618166e-01 1.001271364306535738e-01 1.065524907738524679e-01 1.081581055493359422e-01 1.082901985172623482e-01 8.529554214175349980e-02 9.124542366993669551e-02 9.203980103019210324e-02 9.557989694402065084e-02
1.168199720055629887e-01 1.075942936558563073e-01 9.586650925536131795e-02 1.031574835038675669e-01 1.180484095874072964e-01 1.182905409550950721e-01 8.668568010973531912e-02 7.818306121269802400e-02 9.576150342074449262e-02 7.959254629367165657e-02
1.176822957749285858e-01 1.217692506599839658e-01 1.044327631274689222e-01 1.002782979359776588e-01 1.095633033978481580e-01 1.098286313612067966e-01 7.752452047342260621e-02 7.743891122034621266e-02 9.335845974758659460e-02 8.812356630123049928e-02
1.209413020719211362e-01 1.182625940311016061e-01 9.862761000295700020e-02 9.960091697932445254e-02 1.179400048492538072e-01 1.184602858372445638e-01 7.894343343307377858e-02 7.478680614292804174e-02 8.748188114961867601e-02 8.495516550257693755e-02
1.178182669599759369e-01 1.218712432391955425e-01 1.055167742154337479e-01 1.008840744590165234e-01 1.170741585556632630e-01 1.175486349100497430e-01 7.448140249408376212e-02 7.141234385117443961e-02 9.295254412730689919e-02 8.044055718810015632e-02
1.192204136374369616e-01 1.116503697751951296e-01 9.685516921165925053e-02 1.021159230411376323e-01 1.129559625205429491e-01 1.131681083390339848e-01 8.226090629799703846e-02 7.873178016845265581e-02 9.379694314462595772e-02 8.924442386391844007e-02
1.201090493032951900e-01 1.080472539045705810e-01 9.447191223795983750e-02 1.033103340825387989e-01 1.224056561860300124e-01 1.228824074340723327e-01 7.979344850394272382e-02 7.559677461539558718e-02 9.413485741916741145e-02 7.924830631302748341e-02
1.138849364505687273e-01 1.141663791940351613e-01 1.013865059509071465e-01 1.002635942775800676e-01 1.142992631211259408e-01 1.147658442478166896e-01 8.192783749148352390e-02 7.849469238218977074e-02 9.367458660077565558e-02 8.713636028351734453e-02
1.187911247215303334e-01 1.123311496306022700e-01 9.849044473838802771e-02 1.028225901266080905e-01 1.108546031981526292e-01 1.110802320290368572e-01 8.605674758512862899e-02 7.967755910800501662e-02 9.442398327487798448e-02 8.547156558767017576e-02
1.197248316888181868e-01 1.141928092405270212e-01 9.831964512297182435e-02 1.020095353797648152e-01 1.139756202014430564e-01 1.141265321267763005e-01 8.159259589511350108e-02 7.580888567206750528e-02 9.546814578961916598e-02 8.478139888289866477e-02
1.204957071900111393e-01 1.139661524233591683e-01 9.426414622572666657e-02 9.886629405682804961e-02 1.118657542102923369e-01 1.119933312268557302e-01 8.534630354640712624e-02 8.113347574045680355e-02 9.116271261877802179e-02 9.090612276128491598e-02
1.211655670899053905e-01 1.088993233546043243e-01 9.336733275829403600e-02 1.026800681889064731e-01 1.181533477858596054e-01 1.182836526954759021e-01 8.224591668101748076e-02 7.859747730397827203e-02 9.449223976024939686e-02 8.211507438170920214e-02
1.172764103044137418e-01 1.238820624409790738e-01 1.003415585592906667e-01 9.482697045820863424e-02 1.176655940079332913e-01 1.181453861546763739e-01 8.216254212378958088e-02 7.777089507644920074e-02 8.742259218106504526e-02 8.050598869319443296e-02
1.143770142249135174e-01 1.367152791733437234e-01 1.114472215309121189e-01 9.429688682817199963e-02 1.132194945661821606e-01 1.136684193880678900e-01 7.747069051700603004e-02 7.301934452109413998e-02 8.409586486124998039e-02 8.168978438905843964e-02
1.183106739250518319e-01 1.099387593332672997e-01 9.833883958423238203e-02 1.049624541253139920e-01 1.136881020966796912e-01 1.138044592265259197e-01 8.171956230839215463e-02 7.639802251395194643e-02 1.002021469899185280e-01 8.263697989666629606e-02
1.226905727795937345e-01 1.192388034261359087e-01 9.669504153333520480e-02 9.874771916965875695e-02 1.206745451417346182e-01 1.209234381567540623e-01 7.730261625509123047e-02 7.230828734323560547e-02 9.012777448958889104e-02 8.129120170487200148e-02
1.171469429400181783e-01 1.201320767785371141e-01 1.026468861348007605e-01 9.951967182484877661e-02 1.123164126995683798e-01 1.125296229106162171e-01 7.834317003286907222e-02 7.723467009935024163e-02 9.106143231456823028e-02 8.906911426482297389e-02
1.144410516666772570e-01 1.140200992801620045e-01 1.021500110864363986e-01 1.022742514588834833e-01 1.212216798594143857e-01 1.214672136158896770e-01 8.165232418641865664e-02 7.509703206325515912e-02 9.182855194583811054e-02 7.584778483702485363e-02
1.248197098421277851e-01 1.070108063038933410e-01 9.308332083563727877e-02 1.059667230837817858e-01 1.200780839475766582e-01 1.204473549890296008e-01 7.557353681360286235e-02 7.295875733735307511e-02 9.513432134748592284e-02 8.492738549951166227e-02
1.236371814351068243e-01 1.164952889560322835e-01 9.551529641332136278e-02 1.003487314371811490e-01 1.221602058480910358e-01 1.223877870811928142e-01 7.641788859748729901e-02 7.178394183204588053e-02 9.033728549944930464e-02 8.091639290009210173e-02
1.203284664977071761e-01 1.289684051150903621e-01 1.013272208784833650e-01 9.468134230479363644e-02 1.099089908585697967e-01 1.102631521821271221e-01 8.318299054546836324e-02 7.947419095117209953e-02 8.831124541877910517e-02 8.355399524780901532e-02
1.165140011392333669e-01 1.108312715735003395e-01 9.940038490822775130e-02 1.032483079528951908e-01 1.165440747817551720e-01 1.169201193637658953e-01 8.190108126928848098e-02 7.703825285422917502e-02 9.469251800935046814e-02 8.290998814775409065e-02
1.194335765662760673e-01 1.344765369560866064e-01 1.057725574501357929e-01 9.450195719442394671e-02 1.121753265709772018e-01 1.125091571409860824e-01 7.663558538901732442e-02 7.341663391149343132e-02 8.848712136691072594e-02 8.259154745369283457e-02
1.109616127205070579e-01 1.096088159340220941e-01 9.501700641199678499e-02 9.583561327743252145e-02 1.065036448941348440e-01 1.066566718333467612e-01 9.562664471956187906e-02 1.006431779770894652e-01 9.342278447425082788e-02 8.572402775765779193e-02
1.147716088318925243e-01 1.157091448448031301e-01 1.020671081012222148e-01 1.005257078036412427e-01 1.169274956521550168e-01 1.173973114021123337e-01 7.608962618825716728e-02 7.530942523139494416e-02 9.248020611987475825e-02 8.872236582464676502e-02
