9.080294151441205275e-02 1.140430643405495464e-01 7.262859279828629000e-02 1.155711935346582925e-01 1.156560418277249036e-01 9.856988100986757706e-02 9.003672066698931165e-02 9.033387666127778992e-02 9.860218976779522304e-02 1.137554978784390686e-01
9.006502988592401948e-02 1.096509497057667898e-01 7.713751585641799580e-02 1.195158420863242643e-01 1.196216416025949331e-01 9.646970450159718380e-02 9.071028925889353112e-02 9.088971716698572567e-02 9.678287167801555291e-02 1.091564382574800179e-01
9.299972687139473893e-02 1.079135405732222913e-01 7.986029604347893995e-02 1.160368496800826960e-01 1.161079971113415932e-01 9.846913705872281652e-02 9.107935694341674771e-02 9.126926601735593780e-02 9.865605849179816256e-02 1.076077712091860067e-01
8.814019881516930999e-02 1.162551875520994454e-01 7.224873099848200253e-02 1.159887661468934072e-01 1.161135142238572948e-01 9.886545066519400460e-02 8.862555452602600969e-02 8.892507260056753404e-02 9.910383470663915173e-02 1.157336897650718122e-01
8.851970967220505748e-02 1.110819605085404949e-01 7.365458275328597149e-02 1.220352881758980518e-01 1.220600338788283001e-01 9.605894443736924526e-02 8.977715319171998554e-02 8.989452298459034429e-02 9.617918345862014329e-02 1.107386209389424059e-01
9.158813234977078443e-02 1.048558359473944768e-01 9.104355126120475261e-02 1.144940380532107893e-01 1.144080181311661337e-01 9.574611788045908622e-02 9.372570003718451448e-02 9.366859770382145178e-02 9.562239992538572320e-02 1.048476087104023291e-01
8.872831456583675502e-02 1.119761927565001286e-01 7.189523198404282334e-02 1.193496131963314028e-01 1.194143599659608646e-01 9.979078899638038624e-02 8.849286691567442853e-02 8.878095089262534600e-02 9.979728162130237223e-02 1.117743991053454372e-01
8.909325650217053694e-02 1.124587737135775839e-01 7.507219463207036314e-02 1.167981905979698781e-01 1.168967890450980651e-01 9.685080227071475589e-02 9.176387026262883273e-02 9.200648549886261685e-02 9.699521145793085775e-02 1.120644260189765928e-01
9.159213298875978904e-02 1.095588586209294835e-01 8.104408387727567165e-02 1.143635898983212801e-01 1.144719266260298546e-01 9.796840603374040723e-02 9.167755060462610961e-02 9.197969041748454977e-02 9.806340158141604868e-02 1.092803593514167781e-01
8.858970963992544856e-02 1.125610791876881928e-01 7.491683191463387181e-02 1.174070379399850816e-01 1.175132421856810577e-01 9.828532750290613906e-02 8.994127096828741230e-02 9.013922775795772668e-02 9.862793826063095959e-02 1.120183346423041376e-01
8.694655897468413219e-02 1.092440328961780255e-01 7.734162577771534763e-02 1.219820956420234470e-01 1.220766278757092621e-01 9.729196812845516962e-02 8.928691131775319534e-02 8.943639558662208611e-02 9.766807756422721254e-02 1.087257062366321081e-01
8.771733615909552140e-02 1.178750569425977557e-01 7.042494501369953031e-02 1.201308971393481723e-01 1.202901059820251639e-01 9.675124593366112025e-02 8.612955528783022840e-02 8.642287622609659548e-02 9.712092318991420725e-02 1.171370581257316773e-01
8.668877806845619316e-02 1.183740111416992646e-01 7.639393718894532670e-02 1.132525806002896013e-01 1.132734455231094728e-01 9.780333039756392011e-02 8.907076973543279208e-02 8.930331449060550930e-02 9.768694752220088984e-02 1.181528853316971134e-01
8.537702865586273282e-02 1.206300016214985893e-01 6.852328131003534994e-02 1.204640255816556149e-01 1.206029029777404421e-01 9.618160399108011127e-02 8.579612854306080394e-02 8.605761024742925036e-02 9.653011651260330617e-02 1.198373005590337853e-01
8.703991417517852047e-02 1.165302500624788712e-01 6.926687477977883090e-02 1.200064694975395835e-01 1.201031651790883115e-01 9.746176258472334653e-02 8.783012542726893745e-02 8.808439226952130552e-02 9.764641497786803737e-02 1.160306310465542418e-01
8.849730007000387866e-02 1.137501846417806467e-01 7.377840022496406913e-02 1.216116737569894468e-01 1.216888949075010523e-01 9.625881078183425033e-02 8.725694440338009616e-02 8.741755668196531104e-02 9.655653558291500682e-02 1.131836989486662282e-01
8.994603581909381418e-02 1.134436196842006361e-01 7.626417944416159778e-02 1.153822788004853911e-01 1.154877740599897368e-01 9.723021469643632064e-02 9.082255937958169656e-02 9.099051209468392298e-02 9.759820836282562251e-02 1.128346176585412475e-01
9.340901469380469280e-02 1.088099894612428453e-01 7.404899694609708150e-02 1.146863760988969250e-01 1.148657642949305890e-01 1.000329657750538420e-01 9.251482832195548345e-02 9.290788851780741597e-02 1.002969227671057506e-01 1.084272531231053327e-01
8.726439467548319229e-02 1.140635774646792111e-01 6.745441554669059925e-02 1.204606357987739046e-01 1.206170105345831106e-01 9.937697246998403178e-02 8.859691458079881066e-02 8.896179483870862714e-02 9.959259392741645622e-02 1.136116901628820425e-01
8.602860489517483167e-02 1.149005728844428864e-01 7.398183098969714211e-02 1.175473302978494033e-01 1.176384705614134663e-01 9.802783553916291637e-02 8.947412210491474671e-02 8.974857069622316219e-02 9.813273173898542923e-02 1.145199302921360018e-01
8.735018687293585882e-02 1.124772104045752702e-01 7.246427759303715466e-02 1.212809666534489239e-01 1.213676372219766320e-01 9.706601845541419638e-02 8.923743978425222045e-02 8.944921708217164202e-02 9.726663484486589017e-02 1.120404110873222392e-01
9.088379793613345081e-02 1.092856386093212367e-01 7.841375953967180679e-02 1.158977046214321460e-01 1.160223415695808141e-01 9.838606800810788255e-02 9.168428966655052526e-02 9.187550301998664848e-02 9.880143511625642805e-02 1.087494619129591028e-01
9.073745281760287051e-02 1.119185050091271588e-01 7.880935903817597177e-02 1.176428542389016535e-01 1.177168752578510863e-01 9.582784744450276171e-02 8.984198455112513138e-02 9.000483018064714402e-02 9.604782072678010041e-02 1.114524707352862326e-01
8.799223993732006865e-02 1.141297629511018874e-01 7.178406492843104891e-02 1.190228995146674351e-01 1.191372660354701879e-01 9.636194674222250955e-02 9.055595927099706344e-02 9.081878566485504511e-02 9.653327571942850460e-02 1.136637992355062632e-01
8.900775327526573577e-02 1.140109612406074863e-01 7.904193457903882503e-02 1.176379677997992090e-01 1.176761784700996460e-01 9.549124327768217235e-02 8.887186064213041525e-02 8.906032109177225431e-02 9.551470171113181362e-02 1.136870779124724423e-01
8.842128833864951187e-02 1.169950120965241591e-01 6.611908112711606389e-02 1.206547262586916691e-01 1.208162640748982192e-01 9.769212122039684643e-02 8.728131903676354664e-02 8.767146704583675398e-02 9.784794869701535225e-02 1.165007721041078914e-01
9.247811686943158138e-02 1.106237728254648722e-01 7.812197077209621920e-02 1.148492536597466585e-01 1.149425238252272524e-01 9.775433562877050564e-02 9.141048208186131063e-02 9.162852109404094614e-02 9.796046130883573344e-02 1.102305619345249482e-01
9.093287251449717890e-02 1.091431448345376032e-01 7.898735215024516032e-02 1.141895541649725759e-01 1.142032920139865043e-01 1.015626938460621187e-01 9.011183082077556250e-02 9.024243130302601890e-02 1.017033399842190294e-01 1.089234883676782756e-01
8.826309967112186405e-02 1.123967990123399541e-01 7.657096136341849657e-02 1.174832193051848495e-01 1.175627186393051887e-01 9.848472464044957797e-02 8.918675082334270865e-02 8.936177977718243182e-02 9.878007160163385092e-02 1.119098751660211194e-01
9.108918019365359886e-02 1.115975670086309657e-01 8.101858930607760967e-02 1.138468094576667033e-01 1.139300077744177658e-01 9.855518909625334001e-02 8.988274066164629594e-02 9.012061863313415577e-02 9.871987800598470975e-02 1.112394198625348274e-01
8.783467436983366516e-02 1.130088415133834734e-01 7.135591979364108717e-02 1.211120475738137886e-01 1.211779664648962029e-01 9.864573428657232024e-02 8.760761531872597596e-02 8.781195882210111880e-02 9.884517387174070191e-02 1.126000679852916658e-01
8.963453138162033595e-02 1.142567692631753923e-01 7.383184128066648533e-02 1.165992506316469307e-01 1.167190926116549593e-01 9.817173029889962599e-02 8.919939693480469223e-02 8.939310892772521500e-02 9.860063099868010550e-02 1.135936476711263549e-01
8.747069221617723156e-02 1.158734213128490842e-01 7.190837187304013889e-02 1.169996841479714889e-01 1.171101577112571568e-01 9.741890131844023470e-02 9.002025540728703090e-02 9.019772048148239074e-02 9.780380679073583106e-02 1.151969887407593707e-01
1.024087354263277794e-01 1.035990630586557659e-01 8.437026054936092034e-02 1.050120585857883815e-01 1.050453537239461194e-01 1.051000028520306523e-01 9.276921384389939795e-02 9.289377873392128115e-02 1.053628403656915458e-01 1.034386928603782257e-01
9.197026298861982196e-02 1.070552556220562834e-01 8.466805396472114331e-02 1.141474967525295120e-01 1.141357625629023098e-01 9.622626542300483088e-02 9.430160692988408255e-02 9.438066487860016784e-02 9.615338632109185490e-02 1.069612445565899655e-01
8.475461011689086610e-02 1.165358848217726423e-01 7.550722389566380532e-02 1.202089702366629931e-01 1.202898109756622425e-01 9.841034383975418021e-02 8.469450015525065156e-02 8.494049685960942953e-02 9.862666686495080715e-02 1.160314922337824239e-01
8.937652041762066124e-02 1.191110823700644167e-01 6.686936772403986873e-02 1.175272664634119807e-01 1.176147791059635184e-01 9.869499655972643892e-02 8.651851831671515669e-02 8.682684838606953559e-02 9.876807679852091237e-02 1.186925438578674552e-01
8.867582616794303374e-02 1.123414961049375438e-01 7.445018923433298352e-02 1.202109980508908604e-01 1.203053782174780817e-01 9.726486600967998442e-02 8.856700248383349294e-02 8.881182521242908523e-02 9.744295348960520242e-02 1.119294650288697318e-01
8.569486780138274584e-02 1.154295560326121795e-01 7.373635427830527167e-02 1.248101434940192545e-01 1.248521232370950612e-01 9.357528636800768740e-02 8.652935568227350382e-02 8.673369227842457618e-02 9.358934768279603134e-02 1.150492731450836331e-01
8.500620075946976884e-02 1.183292190921921005e-01 6.919045627493719541e-02 1.218755412903419211e-01 1.219163881810770983e-01 9.574664702134735861e-02 8.704104499702156050e-02 8.719524791532819175e-02 9.590331987753149268e-02 1.177959345907532845e-01
8.743834579170331467e-02 1.117361635904295519e-01 7.442819044435672327e-02 1.207057220578350576e-01 1.207924208111820497e-01 9.695976861572587480e-02 8.963035271921138136e-02 8.983612613768518496e-02 9.716495383053772028e-02 1.113079560013331970e-01
8.871299137565294424e-02 1.145562262751035759e-01 7.410653490783072894e-02 1.159705923033649833e-01 1.160450813892418692e-01 9.823575745953729010e-02 8.983903624121551690e-02 8.997934287371256445e-02 9.856966722770572897e-02 1.139847699466347147e-01
8.664416328501940712e-02 1.122070687048733889e-01 7.557322122654305807e-02 1.208046256793545159e-01 1.208722059591683384e-01 9.727034133145801009e-02 8.856364531985376487e-02 8.883033020038685890e-02 9.728514582733174820e-02 1.119492524660108679e-01
8.888858079995816397e-02 1.142516216285355823e-01 7.214377718558898089e-02 1.178275856535907773e-01 1.179699016339459533e-01 9.857262620497067585e-02 8.874450038693358633e-02 8.901413070450790721e-02 9.894115807934285300e-02 1.136461177226254921e-01
9.203876159889751163e-02 1.135806556589202820e-01 7.055337115592726083e-02 1.146201163758895081e-01 1.147053856574008629e-01 1.014499106010294249e-01 8.897240765806181673e-02 8.920949852611986808e-02 1.017096567062590051e-01 1.131602360614944597e-01
8.948889972300755336e-02 1.099514063618931697e-01 8.040820613882020129e-02 1.155880178084775084e-01 1.156035865925143236e-01 1.009288929879363500e-01 8.854647269929730169e-02 8.872393264928001011e-02 1.009920077755543932e-01 1.097685772632191747e-01
8.986019198306317846e-02 1.193911398349945807e-01 6.550344420844153581e-02 1.168659016987717153e-01 1.169324054795449486e-01 9.833662518789039464e-02 8.771178876131449642e-02 8.802808379678206396e-02 9.827160491138452192e-02 1.190988141378125642e-01
8.813516849127815689e-02 1.175043042085332778e-01 7.144999568776481957e-02 1.190946716493028190e-01 1.191761557273517264e-01 9.811719642539322439e-02 8.548461460448704419e-02 8.573296909013558564e-02 9.831060963403788489e-02 1.169943144817154612e-01
9.157628135353201859e-02 1.090176049787066059e-01 7.669200262489891951e-02 1.157926963171417717e-01 1.158303410534915062e-01 9.979237149221283076e-02 9.122434709044421886e-02 9.138004705819936790e-02 9.992767537352319207e-02 1.087666326578495962e-01
9.212718991138488245e-02 1.075339283587906924e-01 7.532876074350526585e-02 1.151746435395386708e-01 1.152310313142379389e-01 1.033799686794883016e-01 9.006194939629620644e-02 9.025203683221491580e-02 1.036336329454517341e-01 1.072768582790914332e-01
9.600635833092319160e-02 1.023890356255764411e-01 8.648224619420620540e-02 1.044554111140107711e-01 1.044121991405314309e-01 1.045900316931780566e-01 9.733694101401839383e-02 9.724788104321786808e-02 1.047464619132100622e-01 1.023334339311275931e-01
9.005294507877874277e-02 1.102096323805968059e-01 7.935976509563252845e-02 1.160175953932498089e-01 1.161505961589372471e-01 9.961794861426100101e-02 8.930391706864304613e-02 8.959575098689023798e-02 9.991949649361515917e-02 1.097723527293954504e-01
9.290309267865143328e-02 1.084386313386171974e-01 7.896510554901686740e-02 1.103929616616619869e-01 1.104945442805719408e-01 1.027152536402513583e-01 9.237652561356189673e-02 9.255764891582617115e-02 1.031674166248863211e-01 1.079888196969549102e-01
9.199730458592879356e-02 1.075440113407947901e-01 7.881131820824538448e-02 1.130316451634761354e-01 1.131765817869396090e-01 9.925828825728892635e-02 9.462858474243032725e-02 9.479227792984296075e-02 9.981038749695086976e-02 1.069496004881022033e-01
8.794046074790183576e-02 1.155295768875106294e-01 7.454064789670722391e-02 1.211693500146284741e-01 1.212380487740688517e-01 9.681096548729012374e-02 8.526345656049529043e-02 8.546523592935785507e-02 9.703319952881649113e-02 1.150090581732232109e-01
8.813555579428945796e-02 1.176835273998179665e-01 6.667533216207038871e-02 1.198918228567800448e-01 1.199834751121886811e-01 9.854874437211146032e-02 8.643261030657271859e-02 8.673671692437727454e-02 9.864289935022710343e-02 1.172693157215648763e-01
8.539901713856949683e-02 1.168428088629341055e-01 7.317630280638971751e-02 1.227595962951371078e-01 1.227703903864795082e-01 9.709536455543642253e-02 8.409617904862826121e-02 8.422923812857524561e-02 9.727953026663797853e-02 1.163515725112121563e-01
8.663521741697298439e-02 1.200387798786565485e-01 6.973925245118912930e-02 1.184933607078353518e-01 1.185275875299440784e-01 9.711658520568892949e-02 8.621103993878209693e-02 8.646517399267447668e-02 9.705703857583147798e-02 1.197159643024249681e-01
8.954824821563883708e-02 1.139828154855748316e-01 7.326553073402453098e-02 1.165551815081754122e-01 1.166320070997116792e-01 9.847570520957732443e-02 8.954531714563447597e-02 8.977794471569813806e-02 9.862175559875688280e-02 1.135954942872079015e-01
9.386741821204346026e-02 1.087701564134743171e-01 7.897355290262712824e-02 1.121438905073664088e-01 1.121711690577901627e-01 1.019145271657183466e-01 9.070171468716393959e-02 9.082773265041986510e-02 1.021239843601794844e-01 1.085058540432169011e-01
8.530069826350653028e-02 1.110429954409704739e-01 7.912594613142244493e-02 1.243071634032657108e-01 1.243511200748733947e-01 9.564738705857565859e-02 8.680427642455622317e-02 8.695986033978514440e-02 9.581731053365398487e-02 1.106432423293904760e-01
9.334742951242273878e-02 1.080082267031842597e-01 8.122150473240784263e-02 1.079418373648512175e-01 1.079147578951018815e-01 1.040634142262506501e-01 9.270969627597802631e-02 9.271626091516112222e-02 1.042448874296812572e-01 1.078319849449610179e-01
8.976402251435816604e-02 1.115514897265032501e-01 7.733012592812703312e-02 1.182910948577604315e-01 1.184198641562912574e-01 9.596201415939251134e-02 9.060420067684073209e-02 9.079600750653075980e-02 9.633973678675077090e-02 1.109414436874450738e-01
9.143294735049502242e-02 1.100602281732226129e-01 7.534422944188202964e-02 1.176001141013278406e-01 1.177349680572483959e-01 9.948860745525132943e-02 8.932852649498601583e-02 8.958174206933341988e-02 9.987632882770436371e-02 1.095523080285489420e-01
8.776954236698733536e-02 1.088342867734271580e-01 8.568914819337579425e-02 1.129402066200430182e-01 1.129085953207271398e-01 9.655171305500902246e-02 9.505050166297038250e-02 9.504519002503283853e-02 9.654086481609493176e-02 1.086699511663323375e-01
8.977135995302182314e-02 1.142753210076251635e-01 7.299030127698251380e-02 1.172961115934037235e-01 1.173295263394615595e-01 9.875735207481114997e-02 8.828432099536950850e-02 8.850875121097991072e-02 9.875571750168454788e-02 1.140312380466600439e-01
9.119556765361229445e-02 1.172222038343037620e-01 7.377715797826059352e-02 1.124936681680358957e-01 1.124913745249319363e-01 1.005258089724072046e-01 8.734787022850230842e-02 8.743183785485207637e-02 1.007403162298584204e-01 1.167741945552354665e-01
9.064077555786136109e-02 1.151327289817787175e-01 7.669108756891472589e-02 1.139026891508416323e-01 1.139923284217592842e-01 9.754400957950461193e-02 8.973597746505479478e-02 8.996664285701547192e-02 9.773441692304124517e-02 1.146593434942282108e-01
9.001273192726393091e-02 1.126760208012569098e-01 7.324215491679246515e-02 1.162403942803961754e-01 1.163189442871839230e-01 9.933968562257917967e-02 9.005323837372640472e-02 9.030412435115914294e-02 9.946245266375534910e-02 1.123502527758864500e-01
9.066616129546599401e-02 1.100331635683288178e-01 8.082699814258220705e-02 1.143945581730328176e-01 1.144526475754236994e-01 9.935266709077614222e-02 9.040373816153277065e-02 9.064741144665995620e-02 9.939241994333504471e-02 1.098302346028625920e-01
8.935192095678205770e-02 1.083145662258508807e-01 8.094574971002818642e-02 1.157299488931436415e-01 1.157040152485316886e-01 1.015039025259283495e-01 8.931575180103731859e-02 8.936769408739043963e-02 1.016633957399244587e-01 1.081030548113829787e-01
8.890460553444684555e-02 1.135573577077243351e-01 7.353645116371068657e-02 1.191669314301683352e-01 1.192981457655920563e-01 9.699882126537781590e-02 8.898397837012199385e-02 8.926447691273507734e-02 9.724353501613240691e-02 1.130456968339904056e-01
9.154629682124791612e-02 1.151947363269107405e-01 7.553735012863498077e-02 1.135190473021041591e-01 1.135915113508014218e-01 9.829984207607372904e-02 8.946010535045156864e-02 8.960740313711612615e-02 9.862257250874249814e-02 1.146211349979168181e-01
8.876484062518456841e-02 1.190719598317827865e-01 7.064940929062810127e-02 1.167237277101096926e-01 1.167569506331865847e-01 9.929565667962950148e-02 8.524610624749773269e-02 8.543628548398940481e-02 9.944932075437151742e-02 1.186057427436200684e-01
8.712539527442401954e-02 1.171007819572813385e-01 7.315754228619479604e-02 1.201132863737763290e-01 1.201171091416873837e-01 9.617394795906950011e-02 8.654983293000434452e-02 8.672507278997244884e-02 9.614748304753602259e-02 1.167895482400537616e-01
8.930633762004840104e-02 1.128423536597257665e-01 7.856642165562457980e-02 1.228926765617071037e-01 1.228768645159390438e-01 9.538670451921937854e-02 8.501850699474208795e-02 8.514900440544997950e-02 9.541129846060818209e-02 1.125498316069354632e-01
8.643969305890507326e-02 1.191812371201627641e-01 6.957547443734951598e-02 1.195511876003908652e-01 1.195726340052467307e-01 9.773726993339008906e-02 8.560833486785078550e-02 8.576082581801772187e-02 9.789153477027030814e-02 1.186818083884161878e-01
8.889131066917950463e-02 1.096616039165782541e-01 7.814651652031760765e-02 1.179532872438190383e-01 1.180807844234153386e-01 9.781091903924044040e-02 9.096237935804231400e-02 9.116730638362213757e-02 9.819807087633115883e-02 1.091278215694542197e-01
8.399563396323495024e-02 1.209087502820419824e-01 4.442257164021820581e-02 1.292685097599336475e-01 1.298523040894487557e-01 1.015296594243399603e-01 8.350193889719143003e-02 8.451090558059667912e-02 1.018359174921021765e-01 1.201738088708922542e-01
9.148151407359392251e-02 1.120564756506128301e-01 7.193759002279045967e-02 1.138117136460410628e-01 1.138815265158340251e-01 1.022072984577976212e-01 9.014199828453078878e-02 9.031690473150240372e-02 1.025357731009788054e-01 1.116292055163179836e-01
9.041752098363842194e-02 1.131749334418459541e-01 7.443013485424367082e-02 1.159749235160277420e-01 1.161043246083918318e-01 9.878303793847582892e-02 8.954975443986439021e-02 8.982054215288824695e-02 9.909163673682576390e-02 1.126531913277981634e-01
8.759327927297390348e-02 1.124189450692551634e-01 7.483958154112385630e-02 1.194157083350323723e-01 1.194640732598329091e-01 9.703609862290250854e-02 8.993090063122013977e-02 9.007532633649989462e-02 9.721179388932781051e-02 1.120142930418314281e-01
8.571409006996939806e-02 1.173164370832887188e-01 7.370665849037397188e-02 1.181370322333988171e-01 1.181590610347496295e-01 9.501983344022203737e-02 8.993920307270106274e-02 9.003814731703703444e-02 9.513633100873886139e-02 1.168332062495204549e-01
8.712734048339652870e-02 1.170744659413932576e-01 7.093846527792040113e-02 1.196110889818680356e-01 1.197308165435529009e-01 9.915600134789338826e-02 8.506370999022012935e-02 8.535543103300671786e-02 9.944117819545481018e-02 1.165015022052938581e-01
9.262396261142286091e-02 1.136750027689127501e-01 7.355699507331805997e-02 1.131708583909728505e-01 1.132054113755980029e-01 1.004887140245716154e-01 8.957379949009246223e-02 8.971920076521736065e-02 1.006835197433557094e-01 1.133025357565383140e-01
8.842798511841194753e-02 1.139852182944798981e-01 6.814632559714509097e-02 1.203756002983788903e-01 1.205761103475191803e-01 9.837299654953979289e-02 8.881248202721399310e-02 8.919896034168170451e-02 9.870317839556837225e-02 1.134011430300611578e-01
9.169401748281373610e-02 1.091031019971803462e-01 8.089637415474770776e-02 1.189594492698705097e-01 1.190129860219229646e-01 9.480307783857708226e-02 9.086027686461480013e-02 9.097273952387378848e-02 9.499744652071331896e-02 1.087005303256857597e-01
8.712163957605030540e-02 1.135313288653783670e-01 7.089703829743354557e-02 1.213417343595952630e-01 1.215294354663064569e-01 9.835035376185216616e-02 8.763821986571580791e-02 8.792748786215798251e-02 9.886069142585250658e-02 1.128020705196575990e-01
9.489128298017340812e-02 1.102749736481769827e-01 7.927350362436870468e-02 1.128515949051118045e-01 1.129183503207038392e-01 9.864074843003586834e-02 9.111338077496491938e-02 9.126955332564952450e-02 9.888965905574158277e-02 1.098769529350733937e-01
8.651170912185568440e-02 1.173457869056381969e-01 6.948165270152698025e-02 1.165925673544421781e-01 1.166861064910485885e-01 1.002197815953981830e-01 8.780063850792367564e-02 8.806588240321706895e-02 1.004386674290706077e-01 1.168572074898788365e-01
9.202599844233005921e-02 1.131630162551001684e-01 7.286693707413526011e-02 1.163739516587121020e-01 1.164650914212829735e-01 1.002231396120296242e-01 8.770478090953125194e-02 8.798071498911173849e-02 1.004074229694423420e-01 1.127889466683244662e-01
8.938249403100075041e-02 1.153600196494509317e-01 7.444886071092469970e-02 1.187800393409044336e-01 1.188605491657464402e-01 9.808036001299051676e-02 8.585826719321756895e-02 8.605074055290634627e-02 9.839737489468342035e-02 1.147812944481748781e-01
9.497251589940416960e-02 1.058508864930630677e-01 7.912427217989610739e-02 1.114751011469086173e-01 1.114879824277872078e-01 1.030448230857252262e-01 9.252602194393502733e-02 9.258905466227732028e-02 1.033070269230987465e-01 1.056223152379044683e-01
8.827886501064709235e-02 1.138395105591773065e-01 7.337770114740517491e-02 1.196299952186451604e-01 1.197093810091646449e-01 9.714973961730194452e-02 8.854434034214121729e-02 8.873919863307212774e-02 9.737636289398365896e-02 1.133549055684616585e-01
8.841240356476449958e-02 1.129081258801042792e-01 7.970281891324373924e-02 1.127519074066288263e-01 1.127999521395245119e-01 1.011646234234947622e-01 8.908464070663585366e-02 8.924808482605400828e-02 1.014104389661412420e-01 1.125170041734082499e-01
8.875321353843645955e-02 1.120044114917478767e-01 7.764697315690094470e-02 1.189073196826182233e-01 1.189863215041234434e-01 9.641572512844391596e-02 8.945012022188010559e-02 8.965848500300499513e-02 9.657692688637635470e-02 1.116005033864676810e-01
9.252801522629638953e-02 1.080618325451065120e-01 7.732619649247615690e-02 1.131383161518377811e-01 1.131703359196235964e-01 1.042083142430098586e-01 8.957049519619814104e-02 8.971041889087069676e-02 1.044920647267894576e-01 1.077940106077914240e-01
8.659979390229159690e-02 1.107687344305657573e-01 7.497966763983700267e-02 1.228006724721315973e-01 1.228545765266067236e-01 9.791955226092179110e-02 8.770735363857923295e-02 8.784682723896139467e-02 9.820035871777735292e-02 1.103224631723275367e-01
8.609504004719151227e-02 1.106242979645663538e-01 7.840575850165899807e-02 1.251696550267703545e-01 1.252348194601815012e-01 9.447558389750250474e-02 8.748594765322616207e-02 8.765951453245765523e-02 9.464550544635051688e-02 1.102038774700944412e-01
8.563868597652650461e-02 1.119256426929084725e-01 7.814650244180802729e-02 1.155720908786540269e-01 1.156372942237112594e-01 9.874267767966087017e-02 9.183359890479092513e-02 9.203017898667452401e-02 9.887938765469651836e-02 1.115939405605688856e-01
9.115056809377358737e-02 1.148122499870578572e-01 7.033308371519063351e-02 1.188511948091960924e-01 1.189663773015240122e-01 9.776234891085126832e-02 8.776832986135564563e-02 8.805881998170947411e-02 9.795458384120236950e-02 1.143424434981390320e-01
9.197663953842251383e-02 1.062244603118679270e-01 8.963851504485506605e-02 1.115150482680819649e-01 1.115004048715376866e-01 1.017568705696366982e-01 8.967928252903449582e-02 8.973752479460272991e-02 1.019332585080088283e-01 1.060379955639520616e-01
8.523098831002504094e-02 1.140019760529501630e-01 7.552070346512171350e-02 1.231940393568188158e-01 1.232151126661228807e-01 9.484380146195467431e-02 8.768419873482415083e-02 8.776157141493728941e-02 9.506020023006168940e-02 1.134874083071835404e-01
8.878330654580354753e-02 1.147938342636338482e-01 6.769774422059879337e-02 1.235616620888857625e-01 1.237290181022117491e-01 9.520180535995079185e-02 8.812076400963914091e-02 8.845948427607895626e-02 9.541190983661052005e-02 1.142404712965868763e-01
9.037321417935037515e-02 1.128411364764883573e-01 7.055492652121769792e-02 1.186859925092447338e-01 1.188594334927778190e-01 9.770358856458624675e-02 9.013765201451286180e-02 9.056254058360878323e-02 9.781217185185629714e-02 1.124693438063568418e-01
8.967383027339241586e-02 1.161734536114640698e-01 6.791044067587871658e-02 1.199999747564196445e-01 1.201705452206056346e-01 9.640325750908497471e-02 8.853527823057805168e-02 8.890570321506656437e-02 9.660101562327798319e-02 1.156265008842318753e-01
1.018806668876202914e-01 9.703712771908731827e-02 9.246040798682236828e-02 1.000261281685191073e-01 9.997496240995792927e-02 1.055020993323446121e-01 1.002639295035577666e-01 1.002042967882989938e-01 1.054400720566085331e-01 9.721030914718307991e-02
9.705161373436328731e-02 1.016890201284867817e-01 9.448294609214535900e-02 1.039335985859542733e-01 1.038825386360477110e-01 9.508143483802718177e-02 1.036578438427633864e-01 1.035807512878674508e-01 9.481997160962435389e-02 1.018202812447201039e-01
9.247774943031542016e-02 1.134246363668479918e-01 7.955204680575948817e-02 1.115190494943814892e-01 1.114857307451708607e-01 1.002754583996012250e-01 8.884809726315452683e-02 8.888510713562279564e-02 1.003973341751695086e-01 1.131347901839767078e-01
9.308575326591642107e-02 1.123309252366400252e-01 7.703247901260742991e-02 1.132610318365663837e-01 1.132917915605446135e-01 9.839834750303634581e-02 9.097022642614549515e-02 9.110083960452330931e-02 9.852966790439957045e-02 1.119989376496204059e-01
9.121484328935426655e-02 1.135430497850823672e-01 7.368477955466590235e-02 1.167796933211582705e-01 1.168735611257428059e-01 9.747035637032767930e-02 8.971542012106788200e-02 8.995982561382971643e-02 9.764013790932338233e-02 1.131183329094477275e-01
8.993405164393299123e-02 1.115633889129164641e-01 7.794457176283287048e-02 1.154544581398955078e-01 1.156080272499505207e-01 9.831579866504733256e-02 9.059696737138922540e-02 9.089616172109545034e-02 9.864545581225581117e-02 1.110411187206838818e-01
8.951831274054299070e-02 1.145842996983797019e-01 7.197877261153069750e-02 1.165781400078208657e-01 1.166987149580976657e-01 1.003811517763218697e-01 8.760625825708899528e-02 8.789696766579602194e-02 1.006722327908326220e-01 1.140851494935885557e-01
8.953730847192994946e-02 1.116693050620393562e-01 7.524554311188776101e-02 1.169968820019311878e-01 1.170300576740695153e-01 9.963208815977576960e-02 8.928220697972480413e-02 8.948372343449256805e-02 9.968033184801713964e-02 1.114425532561319487e-01
8.900511638738228815e-02 1.123753956086163130e-01 6.978256180688052757e-02 1.214927244834482778e-01 1.216679522021967136e-01 9.850891266946705527e-02 8.807761063455755990e-02 8.841194449133985001e-02 9.885653980807250496e-02 1.118212419080388959e-01
8.670777724819685173e-02 1.208836437317545726e-01 7.214572672853195034e-02 1.125293918315760644e-01 1.125411091783063700e-01 9.846136713926761930e-02 8.880049647806893820e-02 8.894858521092918746e-02 9.851092499818907278e-02 1.204709774551793733e-01
9.067768723457476920e-02 1.091066512976080066e-01 7.686081565182642517e-02 1.138864808267905093e-01 1.139197105747672828e-01 1.024335422942264928e-01 9.072598900831636837e-02 9.093590518214911267e-02 1.024879312999241870e-01 1.089652866298168737e-01
8.578055734623159234e-02 1.145027899299726482e-01 7.103431047478347971e-02 1.204700428808418988e-01 1.206116979271202455e-01 9.833219482566071812e-02 8.818448815523025064e-02 8.851169216453412536e-02 9.855313520918934644e-02 1.140190910864356671e-01
8.902909238259469615e-02 1.106381029499323293e-01 7.518213633075331026e-02 1.183909804245961567e-01 1.185297148873914880e-01 9.923372959207846233e-02 8.950712783053745014e-02 8.975262264576340521e-02 9.964263367639498992e-02 1.100938592799576149e-01
8.838101999231520733e-02 1.126688402014177220e-01 7.245687909120208936e-02 1.225678017881837445e-01 1.226653649329532275e-01 9.659070260812055442e-02 8.772235769850483811e-02 8.793382795435086829e-02 9.685194758906606749e-02 1.121612581438856532e-01
8.628147144230954857e-02 1.144916662104991656e-01 7.739512146724121522e-02 1.245145404940450340e-01 1.244742529288293820e-01 9.326137449175406213e-02 8.604938529308392425e-02 8.611353243444029582e-02 9.328157799547973084e-02 1.141370772423176416e-01
8.637497109119721128e-02 1.145019405690430453e-01 7.655170267829053410e-02 1.181690226973283464e-01 1.181819115071576359e-01 9.754907854984613824e-02 8.837860367936034578e-02 8.849657215010328648e-02 9.767613288098553337e-02 1.141200641966879925e-01
8.751267474221496867e-02 1.154938204015716896e-01 6.954786661680049942e-02 1.244618473197145053e-01 1.245701066919353145e-01 9.470899846675388811e-02 8.680515446187075934e-02 8.705223802224218432e-02 9.489912753001095158e-02 1.149481657468852530e-01
9.289082141524461489e-02 1.110349202286674136e-01 7.554990392228014273e-02 1.130024622128580070e-01 1.131600257103250601e-01 9.890304693392541757e-02 9.270344338850992905e-02 9.297627163759640545e-02 9.930790835215548562e-02 1.104711961984375101e-01
8.479423001945517180e-02 1.197608502346869802e-01 6.676262960005593938e-02 1.217343482660859094e-01 1.218716488074721577e-01 9.617743201221565230e-02 8.651079934613743749e-02 8.687317822984921833e-02 9.626757633212143506e-02 1.192473071519200289e-01
9.125178076879145173e-02 1.079383687758473515e-01 8.310073185834662701e-02 1.134836172261072529e-01 1.135713131716205443e-01 9.909988892843971109e-02 9.219967849950221062e-02 9.243151895485766933e-02 9.927005041010125708e-02 1.076530514063858829e-01
9.007113737827399103e-02 1.105688103177461801e-01 7.739935417351730129e-02 1.109455104494061345e-01 1.110281679442412656e-01 1.003802215032595924e-01 9.429677297527080948e-02 9.448951518523782123e-02 1.006072890045878881e-01 1.102132210684590996e-01
8.484781621632482562e-02 1.156937137440643693e-01 7.367294876597207942e-02 1.271014843264530181e-01 1.271082187004250741e-01 9.374362805796675191e-02 8.430989650842107830e-02 8.444351509000458389e-02 9.384012278020154030e-02 1.152386558101666791e-01
8.858477502355001365e-02 1.080544238748924746e-01 8.603631497253037830e-02 1.140863926824711855e-01 1.140821387257025671e-01 9.583259556142111057e-02 9.480966469484131132e-02 9.478594654475866466e-02 9.597897980187974909e-02 1.077487681179524898e-01
8.792199215160491355e-02 1.138217297936505862e-01 7.814556736489224054e-02 1.088912240688592187e-01 1.089637218478868713e-01 9.941386519082831552e-02 9.482870588883449137e-02 9.498772604965623201e-02 9.963237852135846395e-02 1.133930891224286808e-01
8.999108085125331891e-02 1.100413970879549064e-01 7.343202290573734581e-02 1.176854866026913610e-01 1.177636637678978193e-01 1.015552971915904823e-01 8.890586956894373782e-02 8.910494055390365264e-02 1.018701250815419040e-01 1.096501163884854857e-01
9.044123753239807773e-02 1.106749003932553377e-01 8.120233368757415193e-02 1.148268278961598193e-01 1.147856616232835053e-01 9.768257462793883406e-02 9.107142868941763003e-02 9.115554718950837076e-02 9.756955190793993593e-02 1.105899364525243095e-01
8.733918059567238878e-02 1.168178508355224854e-01 7.014370862792022876e-02 1.199404630009383438e-01 1.199648638081395047e-01 9.723210126969872302e-02 8.734810084215667569e-02 8.747042363506933593e-02 9.741901876915819158e-02 1.163242886157240946e-01
8.665294546848673063e-02 1.143848801081173705e-01 7.128700055130209046e-02 1.198464772464846728e-01 1.199598756593467930e-01 9.987619150992288475e-02 8.684437229446113904e-02 8.709133401178192901e-02 1.002286771741962706e-01 1.138282459759001192e-01
8.829352620684843833e-02 1.118915177617472445e-01 7.886728347886988455e-02 1.107251308242182541e-01 1.107293754986801437e-01 9.878127648817523754e-02 9.509948973279044870e-02 9.511331062842508233e-02 9.893978309654370695e-02 1.115593062837016147e-01
9.117372652487243379e-02 1.070457322013525087e-01 8.346466019251100321e-02 1.085406385235751642e-01 1.084680876359674778e-01 1.054381925527053676e-01 9.169401541095449637e-02 9.166140072004004546e-02 1.055228196625064285e-01 1.069907265755151160e-01
9.148313372401184473e-02 1.127764977495274157e-01 7.830965303324839699e-02 1.115402186540495055e-01 1.115704589301189376e-01 9.851080069168764719e-02 9.229517371846862606e-02 9.244143108742407244e-02 9.857690468005490814e-02 1.124957277314086457e-01
9.282685944971891256e-02 1.090742368532594542e-01 7.627322106168561711e-02 1.170508109309911504e-01 1.171426511098363765e-01 9.976336476376689022e-02 8.945874357745664529e-02 8.967572415977839717e-02 1.000449048215791420e-01 1.086894832719273452e-01
8.580191472775297590e-02 1.158137405827861094e-01 7.367973944832621747e-02 1.186058316446526317e-01 1.186919560268167861e-01 9.770719591306951946e-02 8.814392762807525539e-02 8.831526636727271562e-02 9.804077730906794741e-02 1.151996503521798693e-01
9.068356462649906913e-02 1.144897216496091885e-01 7.012697518426479204e-02 1.150584339627127861e-01 1.152495569946930254e-01 9.854286284394128681e-02 9.137265083842315005e-02 9.169091384453884053e-02 9.900118269851609920e-02 1.137841373568017483e-01
9.109267558092454253e-02 1.097656901853197031e-01 7.744941025574336724e-02 1.157659924196164924e-01 1.158646869035358518e-01 9.917785146839359911e-02 9.091665146512227513e-02 9.116917047784527106e-02 9.937223189495433817e-02 1.094256393485445733e-01
8.953090177474823386e-02 1.165661012440357969e-01 7.395248806880933001e-02 1.142513558853653910e-01 1.143441638938121480e-01 9.829312670744479175e-02 8.914208235576918937e-02 8.935068958776813675e-02 9.857643844315240600e-02 1.159926520390945487e-01
9.264681508624522666e-02 1.132518348897331301e-01 7.755814044460714041e-02 1.127147083266726718e-01 1.127701764533387135e-01 9.925248297159976196e-02 8.968635878517489113e-02 8.979441309944043159e-02 9.960365493292823447e-02 1.127214150102597567e-01
9.172339334047946435e-02 1.077981274988969729e-01 8.034749826385374771e-02 1.154192119237381076e-01 1.155276792432240740e-01 9.992397736088091953e-02 9.068666327624830270e-02 9.093076593130682006e-02 1.002064233573945057e-01 1.074362598039770716e-01
9.224677003128484154e-02 1.101616433920450944e-01 7.583376395614524479e-02 1.156478425292368495e-01 1.157489471573049794e-01 9.855602209551096726e-02 9.149034133005450042e-02 9.177666186428190542e-02 9.866316464335794789e-02 1.098748430007776972e-01
8.945838496580728327e-02 1.096678722444654891e-01 7.937189832690849656e-02 1.180829025091994083e-01 1.180555351616762588e-01 9.691318446372078343e-02 9.098264534820837968e-02 9.108090944600186201e-02 9.683531680506139716e-02 1.095513507289506000e-01
9.040041268623134896e-02 1.129405076758407678e-01 7.592035297339837230e-02 1.157759975237683259e-01 1.158014320219128285e-01 9.813329377828165778e-02 8.998884005593850433e-02 9.020369647473573671e-02 9.807055016725432783e-02 1.127649166426381161e-01
8.719301032018293707e-02 1.174429885385394057e-01 7.762393864203551153e-02 1.169250123483405457e-01 1.169744040175028921e-01 9.457283493079143843e-02 8.874773837436564228e-02 8.889063319037684985e-02 9.472542557506577476e-02 1.169040140627989333e-01
8.681320398079533929e-02 1.169236486803022779e-01 7.590614777400231383e-02 1.179972342118873613e-01 1.180062995004073217e-01 9.731037514158065449e-02 8.650171393920519369e-02 8.661110959542704657e-02 9.747981801942072477e-02 1.164504491569717526e-01
9.594967119805926370e-02 1.088774276988930673e-01 7.596247290193576529e-02 1.132584673719637669e-01 1.132948603143306143e-01 1.004951733665719743e-01 9.135687812440225486e-02 9.154715400636259659e-02 1.005567151438875456e-01 1.087011798735931511e-01
8.787055149217566641e-02 1.175661701013943766e-01 7.209590107515573276e-02 1.194558964755882413e-01 1.194936988287057245e-01 9.617239820310405363e-02 8.685867382841451489e-02 8.710412336729196625e-02 9.611929408957232968e-02 1.172632925385974356e-01
9.056151115350047354e-02 1.117475145405451287e-01 7.584251096816356508e-02 1.164660232444837268e-01 1.165731149611893280e-01 9.896264817018964044e-02 8.952010528116244314e-02 8.981090210730958978e-02 9.912564191785364076e-02 1.113900276556024499e-01
8.936575673336664971e-02 1.178761930679791542e-01 7.484742926676149488e-02 1.112334314561535809e-01 1.112481058452201299e-01 9.942067377991574417e-02 8.940763456164187162e-02 8.959719053523208798e-02 9.939227352864014875e-02 1.176113112250892073e-01
8.967074806906134843e-02 1.133741454268012983e-01 6.944749838433637856e-02 1.177087651277239910e-01 1.179131689038109138e-01 9.995256555526610409e-02 8.920832004068780796e-02 8.959490544184960104e-02 1.003602399133944889e-01 1.127696431370680263e-01
8.716097797643630740e-02 1.177486373191078406e-01 7.090911270440808378e-02 1.191055360342161695e-01 1.191406373433894217e-01 9.669735689586211880e-02 8.744644017944527836e-02 8.769464762987333462e-02 9.662565229958869351e-02 1.174710016176727240e-01
8.892126012089686393e-02 1.107353064569408102e-01 8.062243555097990677e-02 1.211142880943255479e-01 1.211104836163991588e-01 9.533583719442177695e-02 8.812317820073543861e-02 8.818760012932644332e-02 9.547773872180008448e-02 1.103718719141739690e-01
9.129919545301169725e-02 1.125308959330465763e-01 7.652649947207422476e-02 1.123880806015266215e-01 1.124932905898365920e-01 9.960870210953903792e-02 9.148748788819861810e-02 9.169940465513577721e-02 9.993735259855208997e-02 1.120290906990787511e-01
8.943516156844333320e-02 1.134600290310569387e-01 7.357129080270292942e-02 1.206807078386968185e-01 1.207573175299538754e-01 9.552188464849746541e-02 8.883860157759189413e-02 8.904369931203336141e-02 9.566902916567916748e-02 1.130222785253442580e-01
9.304529940451415626e-02 1.060766757129088800e-01 8.779023154809209584e-02 1.104708030697389431e-01 1.104555233275910375e-01 9.543059875969894801e-02 9.769858720192266255e-02 9.767588382513746337e-02 9.543105057604424346e-02 1.059253465743515560e-01
9.136815949432015860e-02 1.156694022931078758e-01 7.251059284860808529e-02 1.134177076002319262e-01 1.134574903416325498e-01 9.935942282193828412e-02 8.965668761008636911e-02 8.976399791145281415e-02 9.963974108892953430e-02 1.151567979896923749e-01
