8.013654813917053810e-02 1.210726334951918864e-01 9.586601190965414465e-02 9.639460966163172773e-02 8.220026791174055159e-02 8.010076514862038422e-02 9.898672223147050864e-02 1.175486768326460679e-01 1.047856425449792683e-01 1.229081221248948946e-01
8.427778952922626576e-02 1.145804820307120692e-01 9.519753745663854516e-02 9.440526821531948498e-02 8.503299000569478072e-02 8.426151718627659937e-02 9.676814099715784490e-02 1.188531442964492896e-01 1.013046158499866789e-01 1.253185144325384692e-01
8.662465859105275556e-02 1.126239062597132884e-01 9.533267098883982382e-02 9.720691271923168064e-02 8.941089298702674382e-02 8.657211628677702331e-02 9.679091979342641094e-02 1.110217685061046233e-01 1.030617751466053889e-01 1.213543787212222613e-01
7.857604677652019198e-02 1.208795096854903967e-01 9.257429293726478214e-02 9.180996724971601797e-02 7.983351383710698967e-02 7.853065701722318492e-02 1.095726665232667763e-01 1.240054463043126082e-01 1.032161953650499314e-01 1.210017043040491347e-01
8.146228995332520373e-02 1.178545107601440822e-01 9.555392976247323311e-02 9.409996273712245562e-02 8.255167920130714043e-02 8.150113012455918737e-02 9.883091859080937736e-02 1.160836807315693692e-01 1.022487876351093339e-01 1.298131105035806310e-01
9.475221212435444573e-02 1.064906950578490274e-01 9.521752524174970089e-02 9.303590665701351459e-02 9.629414044449700893e-02 9.478779416999613683e-02 9.959657027253750183e-02 1.062293052761644069e-01 9.725749396684296721e-02 1.163383567889951925e-01
7.865848222628961384e-02 1.193839768971513976e-01 9.456789229858232615e-02 9.451715906710282666e-02 8.026895502248736214e-02 7.863424405343183432e-02 1.020259146735729150e-01 1.180737379108830892e-01 1.064735263591462672e-01 1.273961114913523540e-01
8.362207296194931749e-02 1.166018559995312537e-01 9.548616761930604768e-02 9.248659443036041927e-02 8.559645818746211554e-02 8.357773428443068808e-02 1.068314362915719351e-01 1.136791570127845541e-01 1.007075747077280231e-01 1.214109485048756321e-01
8.707332534415548886e-02 1.141186768071184576e-01 9.576082629815559077e-02 9.540363024927969726e-02 8.891611316885134064e-02 8.697499533300755148e-02 9.636357627975401796e-02 1.138828229586019425e-01 1.021939737666602288e-01 1.193120597944156702e-01
8.190847412091735447e-02 1.168058256607694967e-01 9.376911280165030338e-02 9.221463002703550460e-02 8.550652826436469511e-02 8.186714414778621662e-02 9.948313055303051322e-02 1.236153991265830088e-01 1.025401171115983417e-01 1.222896381862645515e-01
8.384924022131347299e-02 1.137580215317669646e-01 9.339602222752244054e-02 9.084221653585193568e-02 8.523391573369834551e-02 8.383108849822848430e-02 1.037081665772745520e-01 1.159916747410562193e-01 1.018939187360210497e-01 1.274957351972665076e-01
7.811228826003834003e-02 1.237953008502246238e-01 9.101014402043021423e-02 9.247660260176199243e-02 7.863497795213186814e-02 7.806246367595477686e-02 9.922840956360463871e-02 1.296606735527356391e-01 1.022527621978703838e-01 1.267663773252475645e-01
8.253091369547166378e-02 1.218694124950850527e-01 9.192821931585909434e-02 8.919086445982832290e-02 8.601689526986895651e-02 8.246856201228944250e-02 1.028277096971034060e-01 1.256337605725992013e-01 1.007512238850803432e-01 1.167824385968145168e-01
7.557071162469065906e-02 1.246357935540550604e-01 8.921554755663402281e-02 8.857871043820082779e-02 7.661550908809139360e-02 7.553973749513510916e-02 1.102111914003213178e-01 1.344751419725144781e-01 1.000464291017412882e-01 1.251112277686158292e-01
7.593950338152713475e-02 1.219554210128566130e-01 9.232677643787781663e-02 9.126546316370609535e-02 7.703144029954658856e-02 7.593525710947042484e-02 1.080972182196489606e-01 1.290370649795932190e-01 1.024017599476663987e-01 1.260100954481067626e-01
8.123501744499392330e-02 1.192703947270654236e-01 9.193820363922372563e-02 9.314368076796974982e-02 8.201473108483532670e-02 8.122862902278250863e-02 1.011443835270949276e-01 1.204907315995303735e-01 1.015019591191070047e-01 1.280322690673970365e-01
8.481424797578629438e-02 1.167942745337802873e-01 9.398052680402475823e-02 9.297595707844204249e-02 8.675397556578740010e-02 8.477873359228031702e-02 1.006955897801294492e-01 1.192004905892892902e-01 1.007113339769649951e-01 1.192948701035152076e-01
8.049215363931998268e-02 1.157949873645760241e-01 9.881138114737564315e-02 9.945171441424353886e-02 8.127529207522016241e-02 8.043970916600005905e-02 1.015604460712291324e-01 1.131531800760545020e-01 1.067245444907926888e-01 1.222965915551883082e-01
7.641959314366232603e-02 1.225176286419825677e-01 9.556077864485350293e-02 9.378588811075118381e-02 7.829055098082661479e-02 7.637899563922759261e-02 9.443588508832354012e-02 1.258108930400334835e-01 1.070693578616474378e-01 1.297304288486917367e-01
8.226938416938478493e-02 1.186493936166357899e-01 9.272399604075798329e-02 8.887695536759290804e-02 8.295192472073732726e-02 8.221393277832614310e-02 1.058824324170474784e-01 1.232727271400551466e-01 1.014809955879511921e-01 1.216782581615112324e-01
8.112195330973828722e-02 1.192148194722582738e-01 9.495607905478825606e-02 9.275424179515862066e-02 8.293050510151016297e-02 8.110728380787447789e-02 9.650824584007947071e-02 1.192048206196396898e-01 1.032722937451754086e-01 1.289297572537772552e-01
8.510983928806549470e-02 1.130716327954478101e-01 9.529802341292084589e-02 9.435768003122148306e-02 8.715109527723861882e-02 8.506869874627621952e-02 1.051547321324115686e-01 1.120606244013612612e-01 1.023734193384910895e-01 1.203542545765656641e-01
8.593477949397769489e-02 1.158333881516024760e-01 9.336607338266292300e-02 9.419044561692527240e-02 8.648339258102713534e-02 8.590426767369735428e-02 9.999824982279277574e-02 1.165136025890476379e-01 9.961321742814216451e-02 1.221625832601245937e-01
7.998231310821478368e-02 1.184517982052423896e-01 9.437454880567849869e-02 9.146811233899070082e-02 8.233639093546876730e-02 7.994574086753801490e-02 1.103010250908084272e-01 1.188841597795391031e-01 1.003543894954519594e-01 1.239015213730673554e-01
8.612608922658507304e-02 1.187564585698218655e-01 9.286117505220874146e-02 9.281807217257251330e-02 8.535271635137491042e-02 8.609530037069926256e-02 9.180707024635036129e-02 1.236777864584263226e-01 9.968525645249323719e-02 1.228200750994677265e-01
6.951091041716668528e-02 1.177528458387892968e-01 8.824196601352461700e-02 8.906246597249893593e-02 7.068962113673762926e-02 6.947641391138266453e-02 1.525336066635171184e-01 1.223425382321512850e-01 9.860615868361655156e-02 1.217834731306152163e-01
8.514103567077611900e-02 1.159930856068152744e-01 9.619030791958593785e-02 9.715372015655858451e-02 8.812086714746683591e-02 8.509037398269640728e-02 9.497288435282598418e-02 1.137512512863330660e-01 1.028464862236005140e-01 1.207399876533412353e-01
8.498317549348588518e-02 1.132503854511587166e-01 9.371492956226673554e-02 9.444482907194787225e-02 8.672639636270546015e-02 8.497463231658464178e-02 1.045408222319770958e-01 1.130241141361639778e-01 1.056520413171182643e-01 1.186886740565913645e-01
8.259583310391936661e-02 1.171039275480757896e-01 9.331941648740051110e-02 9.221566939944307595e-02 8.360800698352544025e-02 8.258129863053449704e-02 1.023337751501344206e-01 1.203009195115677388e-01 1.031158009784985535e-01 1.228253522069005510e-01
8.592460958887182532e-02 1.139680755347715624e-01 9.210253040768476285e-02 9.314552557801228372e-02 8.795081436800719632e-02 8.583649829976928991e-02 1.071157176373380149e-01 1.164743408745428921e-01 1.009406331811702889e-01 1.165412545298318836e-01
7.823642144641994312e-02 1.195033970972825127e-01 9.299326693643272801e-02 9.305054537074004817e-02 8.076822110250560238e-02 7.822820244270581314e-02 9.935258387121309598e-02 1.247178589214711780e-01 1.047102181810532912e-01 1.284392846301757873e-01
8.121990521240961269e-02 1.189604410708981624e-01 9.338448429401403905e-02 9.373085905950680197e-02 8.399170493071328458e-02 8.118792133975785696e-02 1.004986321998315862e-01 1.221722737278609222e-01 1.028998727652608025e-01 1.219539053997469313e-01
8.002632688363597868e-02 1.211523950717853099e-01 9.464381202506914892e-02 9.183649402206646439e-02 8.209619249850914902e-02 8.002659425692194850e-02 1.008205767672271380e-01 1.239673688529057960e-01 1.025293560481068816e-01 1.229008835737722405e-01
8.739167537751438286e-02 1.062619777405129640e-01 9.531313455451249916e-02 1.052198688683952110e-01 8.816050796530729150e-02 8.738662983641026782e-02 1.068417866190624066e-01 1.075080474343351328e-01 1.080811567634101938e-01 1.078352148405396643e-01
9.007967029272427595e-02 1.101819796562326093e-01 9.716576932207451889e-02 9.464973458770582770e-02 9.095673761544192937e-02 9.009390657959108484e-02 1.000317357975878396e-01 1.101951463923764168e-01 9.906967231510843686e-02 1.175756474411570884e-01
8.114450900396978639e-02 1.193458938648155887e-01 8.713250964331240023e-02 8.696956737180054631e-02 8.174659751170423871e-02 8.106523460223795385e-02 1.134066029075986165e-01 1.244297701580606846e-01 1.012265461924783672e-01 1.235327687440218453e-01
7.295884716709638562e-02 1.255752691532968091e-01 9.157364286526463448e-02 9.431084521409544008e-02 7.418125817298110158e-02 7.295131386902138637e-02 1.133379799572725999e-01 1.265595402330285946e-01 1.043156863358171010e-01 1.242356170321259889e-01
8.185252831089948056e-02 1.188946347208489213e-01 9.409078829369872665e-02 9.399270354429942187e-02 8.255294602110738178e-02 8.182107465786540856e-02 9.272160526392160540e-02 1.232198298825761124e-01 1.032823943387496946e-01 1.275714949660332331e-01
8.155954697039713430e-02 1.211949155474546930e-01 9.118006202874270882e-02 9.008754647383697411e-02 8.204735112592635715e-02 8.153293685308883598e-02 1.018280166575833423e-01 1.206746780804478641e-01 9.849565764409504154e-02 1.313992886184270625e-01
7.717884793515897290e-02 1.240456930765631016e-01 9.166697637591404713e-02 8.936642539732168877e-02 7.963896000515820195e-02 7.719225973530090268e-02 1.050111070175032552e-01 1.267975307112350625e-01 1.008439114832992839e-01 1.282582882625454834e-01
8.314898343373389178e-02 1.165495974775000998e-01 9.385336680585275315e-02 9.137335319987806292e-02 8.482767971987766054e-02 8.311450724005102486e-02 1.012146978259335223e-01 1.181230017040832692e-01 1.015197635454590103e-01 1.262750490476307053e-01
8.194886436915063688e-02 1.178831627864692366e-01 9.289301113707694457e-02 9.163351809377250079e-02 8.403095167698428070e-02 8.194211372063707477e-02 1.063797417859008443e-01 1.217758086508752002e-01 1.016846563448670082e-01 1.198281714342662729e-01
8.463115134690855912e-02 1.174617097009874045e-01 9.296369541723535634e-02 9.066736031499821047e-02 8.352568389417668049e-02 8.457855164955914440e-02 9.578076692598611053e-02 1.217704657599011642e-01 1.019529553797318966e-01 1.266676596105154873e-01
7.929410626386536320e-02 1.196964820310764677e-01 9.345586077467127328e-02 9.340971637029173158e-02 8.111355762799790647e-02 7.925350278843798502e-02 1.031342877854568435e-01 1.228695473126904802e-01 1.038413585946980217e-01 1.239315804508138580e-01
7.829389120797726476e-02 1.194714300444459087e-01 9.394723669811089195e-02 9.700509053136002757e-02 8.156603607126554356e-02 7.827107751799204649e-02 1.055136056790139387e-01 1.178925156909870348e-01 1.071333230770050299e-01 1.209057934818422581e-01
8.473732698234848204e-02 1.144770699877449421e-01 9.238410419208670232e-02 9.318210050406439127e-02 8.484405623302553046e-02 8.471415686967843917e-02 1.015277843199617891e-01 1.183655510443731018e-01 1.052577546576433098e-01 1.205100952090733119e-01
7.323830900471918481e-02 1.257967178340173853e-01 9.270072832784405359e-02 9.464801174802596473e-02 7.526692114329747163e-02 7.322925722484256716e-02 1.049851459925220942e-01 1.330729654491877301e-01 1.037025206300348917e-01 1.233594226455086290e-01
7.769144583410254878e-02 1.238379905971407346e-01 9.050411077564192441e-02 9.309969837994029607e-02 7.856858341517337918e-02 7.766436514322527795e-02 9.627638404160442087e-02 1.325636728458606528e-01 1.038446576481596439e-01 1.259490913191511630e-01
8.439922858965981378e-02 1.132810775004508969e-01 9.502755688391702205e-02 9.525609309191278296e-02 8.688422307225159014e-02 8.438444059123169361e-02 1.041734134569359538e-01 1.121056733411234935e-01 1.039492893689659969e-01 1.205390041035507565e-01
8.076668001732650870e-02 1.130115110586644711e-01 9.489431580507023956e-02 9.691856788118444199e-02 8.674809346468916049e-02 8.073097391198381934e-02 1.099794599643188625e-01 1.067201790209954954e-01 1.089748927494378905e-01 1.212553261263291798e-01
9.122741410988609301e-02 1.032035766217552497e-01 9.815945942036265193e-02 9.688230484661822239e-02 9.402478799468766413e-02 9.130486493280301485e-02 1.092983393317213114e-01 1.048816193028155458e-01 1.056504491806747048e-01 1.053671842586755281e-01
8.482047264328945735e-02 1.146857638108887273e-01 9.330501708017580054e-02 9.386024861374227257e-02 8.644904425246176249e-02 8.472416907106210260e-02 1.021434873463038379e-01 1.148831624337564583e-01 1.040660158726516293e-01 1.210626188756679100e-01
8.519582952356097305e-02 1.130452444659032774e-01 9.668132032235884910e-02 9.713292903241477205e-02 8.710942114252427648e-02 8.517228402933495202e-02 1.018165205994319561e-01 1.107557706512490858e-01 1.076505897094006403e-01 1.154400905238212177e-01
8.746331083410342766e-02 1.104676567236328455e-01 9.768451646378710496e-02 9.490725848616068938e-02 8.843551863262852364e-02 8.744004307527825093e-02 1.046943294315636208e-01 1.096696476631412454e-01 1.026559243283591411e-01 1.165817943613452062e-01
8.050566425535021775e-02 1.204903047611480954e-01 8.933682778118007262e-02 9.198762919117309256e-02 7.981419098976447191e-02 8.048221544272730898e-02 1.063891844629010902e-01 1.227044772612539969e-01 1.014511746269666920e-01 1.268383312275349895e-01
7.397751702177830790e-02 1.246940219838124086e-01 9.194029586645079133e-02 9.346244182401902689e-02 7.376762641161965783e-02 7.397870713493180650e-02 1.062959952321860246e-01 1.298179904111254057e-01 1.046962868908728472e-01 1.273691172232037372e-01
7.951280229453672188e-02 1.213585540793144235e-01 8.773273543002665931e-02 8.897138804236227883e-02 8.042461496862350623e-02 7.950612416606289701e-02 1.083179641612038724e-01 1.248440951931202719e-01 1.013481963738734337e-01 1.279835252908759213e-01
7.661615880900909947e-02 1.258140745520981707e-01 9.065534601509765700e-02 9.082275406706824539e-02 7.749476434067305297e-02 7.660276873452613600e-02 1.104464281265965520e-01 1.251261503605659298e-01 1.019478786221847816e-01 1.244736763721803335e-01
8.026084561507072779e-02 1.202451794715580224e-01 9.480458056913380893e-02 9.459639275182195328e-02 8.239317136493820581e-02 8.024198824358873272e-02 1.006103837402908679e-01 1.193643644509284341e-01 1.042040996701573824e-01 1.232789941225118230e-01
8.444011021261063621e-02 1.129438586322992766e-01 9.442439751255712888e-02 9.764050825316028526e-02 8.148862225651054558e-02 8.448571481374926584e-02 1.074240282370174104e-01 1.143071446479656389e-01 1.061643457400665014e-01 1.166812696940633665e-01
8.392477890454333456e-02 1.162946115632207400e-01 9.124742155311345304e-02 8.951557440011503886e-02 8.589367508272811869e-02 8.388689651860727070e-02 1.001401129282036562e-01 1.179675886974474036e-01 1.005581509816384639e-01 1.305711893703825899e-01
8.616927089487787239e-02 1.101938671315885743e-01 9.475079070190392527e-02 9.539523709270052165e-02 8.960638093427415740e-02 8.620551307788204554e-02 1.078037897954815388e-01 1.130678837617278137e-01 1.064969176609130569e-01 1.103103489486504801e-01
8.598355631366441654e-02 1.158859957634635618e-01 9.460941346145010367e-02 9.362182139230507127e-02 8.663660407979414946e-02 8.594134094647155886e-02 1.002660737165550903e-01 1.133621192176031273e-01 1.002898884179027478e-01 1.234031866907900898e-01
8.101454708387212378e-02 1.163510215215916022e-01 9.486048036414988782e-02 9.693167945546671271e-02 8.318283596031449123e-02 8.097416103448443203e-02 1.015450219676233834e-01 1.146916530062754846e-01 1.057095116195772844e-01 1.247390879866446117e-01
9.117515332083697688e-02 1.103931895570354066e-01 9.656499173531270241e-02 8.908919457894706739e-02 9.623355408293819691e-02 9.118129119805781779e-02 1.016845023901523232e-01 1.108454982382321152e-01 9.809783514144947147e-02 1.147347897570379638e-01
8.085592774447376840e-02 1.212719627858420274e-01 9.393503208255571391e-02 9.528505204772184933e-02 8.370571007206592529e-02 8.082750480015654659e-02 9.300319760738184893e-02 1.214703682068120350e-01 1.049545878153123613e-01 1.246906568376779378e-01
7.894637932575172823e-02 1.211251066578563212e-01 9.061537091592304638e-02 9.456424663936656427e-02 8.154494699616977871e-02 7.897307674503917241e-02 1.058173627425629398e-01 1.273638405906775684e-01 1.043958955085469986e-01 1.166537738781059513e-01
8.327229496557586597e-02 1.186731143473878369e-01 9.288271773775312601e-02 9.363775392955962784e-02 8.371535429769154379e-02 8.322999183981434623e-02 1.073016723010213475e-01 1.185758972965026831e-01 1.009318240210370643e-01 1.177793792636566139e-01
8.124581307895781257e-02 1.179336277744807704e-01 9.455268992374833703e-02 9.427750760573772038e-02 8.141722186994031218e-02 8.122846706373403058e-02 1.059124226476540892e-01 1.172872672583798459e-01 1.042232881427605923e-01 1.219216946346064895e-01
8.559286029936753748e-02 1.151352531913706206e-01 9.480740479057737924e-02 9.484252728228705076e-02 8.728580817000997083e-02 8.553291084639844111e-02 9.604148114756826116e-02 1.168376754682238922e-01 1.040737347933672341e-01 1.198503440108295848e-01
8.566335699756981448e-02 1.112883774952274640e-01 9.196592386292538890e-02 9.194101197204652964e-02 8.762208376333788240e-02 8.567488875701850803e-02 1.132097257477436558e-01 1.088863506788962654e-01 1.046169213762442041e-01 1.191313593489902595e-01
8.100201385093112882e-02 1.184922618862066929e-01 9.327163061261803390e-02 9.296300129799214829e-02 8.215216863712460071e-02 8.094923970767568810e-02 1.050650703189098256e-01 1.197182923981532782e-01 1.016311966049201071e-01 1.247551246854684825e-01
8.189934172103678633e-02 1.175985394717608129e-01 9.176862553937283062e-02 9.383729695466599963e-02 8.452699423588523608e-02 8.187733262202798179e-02 1.094651684917070100e-01 1.217265414717010052e-01 1.009357327823008355e-01 1.163644267095415158e-01
7.621017176492299317e-02 1.239624852080880579e-01 8.912354271315749144e-02 9.263996306203407805e-02 7.838024936421685018e-02 7.620215524571911925e-02 1.106826395524542900e-01 1.270594904204101760e-01 1.038085773915997934e-01 1.219307252773971090e-01
7.914852265778238305e-02 1.225726799567817132e-01 9.087758905200324366e-02 9.128691514030384813e-02 7.865554972814267631e-02 7.916492190599339063e-02 1.074691907396701507e-01 1.239162296307784877e-01 1.008825105224088609e-01 1.260258906661352041e-01
7.996547785273142028e-02 1.196411907137253650e-01 9.041077774320058213e-02 9.485801848972140460e-02 8.250114909826419818e-02 7.996407150078573001e-02 9.932811802390142941e-02 1.213237062483117218e-01 1.013991226443329424e-01 1.306083676850252062e-01
7.700540570996070033e-02 1.243589630640935112e-01 8.972309838682876459e-02 9.044947714423336171e-02 7.723779709217319656e-02 7.702961439089975326e-02 1.039082396733724545e-01 1.326233458505145513e-01 1.024553509219284092e-01 1.252087077659952974e-01
8.465092609257994505e-02 1.130661521844667089e-01 9.421979855297475670e-02 9.193507249508228729e-02 8.658063105844285290e-02 8.460034847233154076e-02 1.057040408253238917e-01 1.157869052995971620e-01 1.013985534867126725e-01 1.220575715324882099e-01
5.383776589190592682e-02 1.426087922523406881e-01 9.912741259007173955e-02 9.870301464403140324e-02 5.485582915853687291e-02 5.379646318143150446e-02 7.771454251598675089e-02 1.466945378820883605e-01 1.198465719961196441e-01 1.528150698874871094e-01
7.887652728260975687e-02 1.163686754903521942e-01 9.396870809150471848e-02 9.524354194475947999e-02 8.084571499098147651e-02 7.888777035268920712e-02 1.060344609878055705e-01 1.245850111020881112e-01 1.066403003620052109e-01 1.185492893952042881e-01
8.119181028764019259e-02 1.185127644395227164e-01 9.420303863095563779e-02 9.491419379025049785e-02 8.301736080778270022e-02 8.114219437888045561e-02 1.022014715063914586e-01 1.190428280664214133e-01 1.039181930020315892e-01 1.218561450901233384e-01
8.316961425885591175e-02 1.170850241732721703e-01 9.400465625112841561e-02 9.142194816352690323e-02 8.499384550200103638e-02 8.316536454839579262e-02 9.905398109952397168e-02 1.209132206960438216e-01 1.014524431810834154e-01 1.247399021261685059e-01
8.292005688634948579e-02 1.199738224508774959e-01 9.235764538610419239e-02 8.789835970758302919e-02 8.626893613781733139e-02 8.291521256063666412e-02 1.051020408375053505e-01 1.237206027132884689e-01 9.759027791383312334e-02 1.212530454060048585e-01
7.719155676146599587e-02 1.233625182315458563e-01 9.008476291069811293e-02 9.202684027893924534e-02 7.782873340494152192e-02 7.714580868040489536e-02 1.036322775944760327e-01 1.272288437219747381e-01 1.049920347630557277e-01 1.265066236524978738e-01
8.018763897234032489e-02 1.184504623213714081e-01 9.365628764439967724e-02 9.674475063594115132e-02 8.220792343060163987e-02 8.020254683606499457e-02 1.070041295814769255e-01 1.181817205122399073e-01 1.051119984608320373e-01 1.182525416047319200e-01
7.531051794559817658e-02 1.215057215662273954e-01 9.515701292804326639e-02 9.442844336492575708e-02 7.766987791100077310e-02 7.526006367269853781e-02 1.036767550239752755e-01 1.229057804524841674e-01 1.053251055333926656e-01 1.287607216016539435e-01
8.835139118776819123e-02 1.130408144919354124e-01 9.447663397097648408e-02 9.528637536775450001e-02 8.861407614234947938e-02 8.833816751757080088e-02 9.868195687216320400e-02 1.109704605404366884e-01 9.861864110891628565e-02 1.236214828001289401e-01
7.924488152609857061e-02 1.190670558073851359e-01 9.247443851104220069e-02 9.173261380659356035e-02 8.105881965512065634e-02 7.918416460969536497e-02 1.053750862746901246e-01 1.201255870936843023e-01 1.038744658855228903e-01 1.278628868301672494e-01
8.756872127001998074e-02 1.130906364895360311e-01 9.377361498002913243e-02 9.759146697472180498e-02 8.752794624684631652e-02 8.753795966574010046e-02 1.037828077380972547e-01 1.114921628000535569e-01 1.015717583399776830e-01 1.160629254949781808e-01
7.678451090223895048e-02 1.247961502241837634e-01 9.378237612639796217e-02 9.215107709548139847e-02 7.914026054397246823e-02 7.676760604597891724e-02 9.548986802935174878e-02 1.296798827012654587e-01 1.070137441636413167e-01 1.243945241674880298e-01
7.908305996228891244e-02 1.185654742846764531e-01 9.222169816323838587e-02 9.654460663745505211e-02 7.982602464698800027e-02 7.904790362891764288e-02 1.065448180967929620e-01 1.206164410768554573e-01 1.053250188734421722e-01 1.222249546293450034e-01
7.978456445993512003e-02 1.187275129193393897e-01 8.880796725696395166e-02 9.233494922541253536e-02 8.000965741598800585e-02 7.975776283278673828e-02 1.109299759391040308e-01 1.253765925912120049e-01 1.015233483365669681e-01 1.227476690226912970e-01
8.524221421719715974e-02 1.093192383516555510e-01 9.576529059613014816e-02 9.828266876274323327e-02 8.670722286631414588e-02 8.527866713262650944e-02 1.068276058288306629e-01 1.104461799844700248e-01 1.067914620495478556e-01 1.153394502104846814e-01
8.061417326257674931e-02 1.193722291878550196e-01 9.324561404688586075e-02 9.280573072434150639e-02 8.175031080990280419e-02 8.060501007471079782e-02 9.977514565738643260e-02 1.236406039434810727e-01 1.023225120151364381e-01 1.258686702777233324e-01
8.453584079448307753e-02 1.172702910484788030e-01 9.285809564705710395e-02 9.200866442624749952e-02 8.350192424991256801e-02 8.453064891749971499e-02 1.018421017208016449e-01 1.205003356130005671e-01 1.055096068041830731e-01 1.174424907783359479e-01
8.480647461542271948e-02 1.171091849707783794e-01 9.387316397505782173e-02 9.296030668048457790e-02 8.399411217174469757e-02 8.478108639215781173e-02 9.600691846599535006e-02 1.206484341967265644e-01 1.011488697532885728e-01 1.246714487783434910e-01
8.197139928474227177e-02 1.111640245330860061e-01 9.238518331229857161e-02 9.534034360229168281e-02 8.394245513505199652e-02 8.196767428582867054e-02 1.158584692787612419e-01 1.131599825405427834e-01 1.075896508391013806e-01 1.166208171882953532e-01
8.157123738017126036e-02 1.172410006723581533e-01 9.320475536199772371e-02 9.190948037667294457e-02 8.150991130414614316e-02 8.159071374955713385e-02 1.000119640346152222e-01 1.184072450745298211e-01 1.041484477028601918e-01 1.304052443430913644e-01
8.591271573881714696e-02 1.151671611773527892e-01 9.143017138740476557e-02 8.982095264858121209e-02 8.504003317967875897e-02 8.587565634933011505e-02 1.017399344908532233e-01 1.155794797743431301e-01 9.873055200157028477e-02 1.307033432520685878e-01
8.750618975486193496e-02 1.157377402710372816e-01 9.525592826067812158e-02 8.860825568848165745e-02 8.983695269546072837e-02 8.744840804993311845e-02 1.018250879628100486e-01 1.116176265229079784e-01 1.023846675037533155e-01 1.197791432900758429e-01
7.727790143974162806e-02 1.225109108366864430e-01 9.405317587028921844e-02 9.744565723270603996e-02 7.860803578853034490e-02 7.725627030563125830e-02 9.895813605457334794e-02 1.219985968179771590e-01 1.046887886879346308e-01 1.272025269659299573e-01
9.050508485283295657e-02 1.089704531101349377e-01 9.217584816689394778e-02 9.449828449842519185e-02 8.853661760862234498e-02 9.051405379269839013e-02 1.084556442840323015e-01 1.070634500851786741e-01 1.046940393031924044e-01 1.145865242979888787e-01
8.259714233844668574e-02 1.186036474387338335e-01 9.162852856360377551e-02 8.898947919385545580e-02 8.568239342095262945e-02 8.259982710670098205e-02 1.032096903640666030e-01 1.188129586184270142e-01 9.920143513940098134e-02 1.286748978158120671e-01
7.555807253282337266e-02 1.222843941068811890e-01 9.432868174829853181e-02 9.475892871701949161e-02 7.704351091978024757e-02 7.552832756878144482e-02 9.791742695140399910e-02 1.287076687122815644e-01 1.018018483617754849e-01 1.320711403809546325e-01
7.805097882894747319e-02 1.209765185687120825e-01 9.698569209175451900e-02 9.685227582567428051e-02 7.971736729953994571e-02 7.798582003942457208e-02 9.697486142373291929e-02 1.200707623785898376e-01 1.049010805294603027e-01 1.274846430141640119e-01
7.554696612775362030e-02 1.239368262782163527e-01 9.490736133477400971e-02 9.581651721174715142e-02 7.628813652032483128e-02 7.551605099712187241e-02 1.035307070585372441e-01 1.228170971964175767e-01 1.032055314084647651e-01 1.284348058666426318e-01
9.411050745586016508e-02 9.784206775050245664e-02 1.009364798002907598e-01 1.025999576672351338e-01 9.866597837327871490e-02 9.416294099698684084e-02 1.077509020215550312e-01 9.696271570466745426e-02 1.062454633390458592e-01 1.007229868905775982e-01
1.005873150314223058e-01 1.005717649066425745e-01 1.024002682588167762e-01 9.584221661318084728e-02 1.065291143857524520e-01 1.006021106329122866e-01 9.772197822987825633e-02 9.922817489883797859e-02 9.381466136433445901e-02 1.027023956782221054e-01
8.549249293336796951e-02 1.144553249279511159e-01 8.990468853148367301e-02 9.356426627132578833e-02 8.660692753904705721e-02 8.550642734278676715e-02 1.122714283650808192e-01 1.178190906559829776e-01 1.015562280744703588e-01 1.128231253585034732e-01
8.561409536803370190e-02 1.143780528187374329e-01 9.291313498086554989e-02 9.498256351697641209e-02 8.520972696467597751e-02 8.561294325721958975e-02 1.037995026203235166e-01 1.213684872036502882e-01 1.005087155444640556e-01 1.156127777250535171e-01
7.963026608910019066e-02 1.183435483313689113e-01 9.386983812782495606e-02 9.524408157567561262e-02 8.008865991515412563e-02 7.961892460387154369e-02 1.099796981383647093e-01 1.192361375559166936e-01 1.019297424100499838e-01 1.220591032526733011e-01
8.438155779189858430e-02 1.167267509277019055e-01 9.522592126743456564e-02 9.430224110544084548e-02 8.615885238151918535e-02 8.429806527684681472e-02 9.948268466681356448e-02 1.149007084907672505e-01 1.033278278935062799e-01 1.211953901980709625e-01
7.917426744775930836e-02 1.204424055221547663e-01 9.249764439636753988e-02 9.428207132552941794e-02 8.051251957006277937e-02 7.912519734190776033e-02 1.059234643470335913e-01 1.191394576958069718e-01 1.059709239510501638e-01 1.229320484023276733e-01
8.258214985598266722e-02 1.169505639696492294e-01 9.373151773247440088e-02 9.379146772095149631e-02 8.440867462012500988e-02 8.255829037626957745e-02 1.012962069987838054e-01 1.174364072749532334e-01 1.045186534626992847e-01 1.227260679881112676e-01
7.747536679062198839e-02 1.198304595185811783e-01 9.438246351411280766e-02 9.511563489829452656e-02 7.876802908104328649e-02 7.743214317458103901e-02 9.644100820722942280e-02 1.250213967101700685e-01 1.055360681265800626e-01 1.299974299787856058e-01
7.978234914278031775e-02 1.246161043070473373e-01 9.188411870164184259e-02 8.954223362870410152e-02 8.196589633534984154e-02 7.978850110552747343e-02 1.067534755729529772e-01 1.274603679380236221e-01 1.018417198278976921e-01 1.163652334400747668e-01
8.360871383748666452e-02 1.130630800845153355e-01 9.417936516807201563e-02 9.390923485288729666e-02 8.517724956564146077e-02 8.358016439907840767e-02 1.082688527197043088e-01 1.138330267050419453e-01 1.062560634507568463e-01 1.181242492168157465e-01
7.929853300291407614e-02 1.212456703075777825e-01 9.378656965627164832e-02 9.092596152571515156e-02 8.123921036882782165e-02 7.923624142045614105e-02 9.879029318601441345e-02 1.230409729204784558e-01 1.044926614689544453e-01 1.279438861427900365e-01
8.207806312506048252e-02 1.155883018882050972e-01 9.395694903355887584e-02 9.328250006700937458e-02 8.416159280248408647e-02 8.202623496346680976e-02 1.035161198167246638e-01 1.170123228361860668e-01 1.042420374476651646e-01 1.241358780196393924e-01
8.028710335289437894e-02 1.194920562294566474e-01 9.345319117058306646e-02 9.399308755789684278e-02 8.227012873590702768e-02 8.026474412676330716e-02 1.017718228107161449e-01 1.151003211820908895e-01 1.029219604302606950e-01 1.304455844034309864e-01
8.383389024873190432e-02 1.196337252593707712e-01 9.021615018787187967e-02 9.038035387393100750e-02 8.204196378927608446e-02 8.387517541782125996e-02 9.655824088053634180e-02 1.251873113249380998e-01 9.777617297788045170e-02 1.304970160396421996e-01
8.412168994778078390e-02 1.176997789648478038e-01 9.116563987468112584e-02 8.896686239976372979e-02 8.518701532481824656e-02 8.411192041436453548e-02 1.065164701409394427e-01 1.197555139558736104e-01 1.006473040685768872e-01 1.218278049083538345e-01
7.701982181629153656e-02 1.214639169982284217e-01 9.172968141203359516e-02 9.227471014623968293e-02 7.756121323514054977e-02 7.700895246839005448e-02 1.056833390737173667e-01 1.258485811735389204e-01 1.000356810026972187e-01 1.313741026737226536e-01
8.247890492140438901e-02 1.170128219031645045e-01 9.816621019033947015e-02 9.819342382572864014e-02 8.490506869476989460e-02 8.243878775433284567e-02 9.546535360695512784e-02 1.170468601642901674e-01 1.047758936146502284e-01 1.195166753243647878e-01
7.480605348222230111e-02 1.267991302758678385e-01 9.201738688216642981e-02 8.983730984479677828e-02 7.620830703501466075e-02 7.476024800147346161e-02 1.005131180629043885e-01 1.336576784866633782e-01 1.021151265651428497e-01 1.292856413637479274e-01
8.891432568492069199e-02 1.123302463691959602e-01 9.621737669914817714e-02 9.502768675895195694e-02 8.982272444236753806e-02 8.884576022172825660e-02 9.521066721862643523e-02 1.119450800744733743e-01 1.033719582453491576e-01 1.183141742852384798e-01
8.577974754869388541e-02 1.144952135787801334e-01 9.795799709256694521e-02 9.338825523675478579e-02 8.743221199011795564e-02 8.576256195153766915e-02 1.033154583828824330e-01 1.124227931699287447e-01 1.042871767939924504e-01 1.151585842547449556e-01
8.071589154170942526e-02 1.209291596108344191e-01 8.849260210180859287e-02 8.892622980342099193e-02 7.938203582844659267e-02 8.072644002422117715e-02 1.082608172619470704e-01 1.208599649877037385e-01 9.838921361075737837e-02 1.333176452291506275e-01
9.146201275258603047e-02 1.099491498144697099e-01 9.672498536586120188e-02 9.035650616242554833e-02 9.498205596894115921e-02 9.148431320018919621e-02 9.805586642192831714e-02 1.127336044931785825e-01 9.786623422340080813e-02 1.163852715970194740e-01
8.655407538182627314e-02 1.171660604311703519e-01 9.797370971782101701e-02 9.066700807373234694e-02 8.953106591444327800e-02 8.653471070540179333e-02 9.527753716863709976e-02 1.211362420982330795e-01 1.027353075440972929e-01 1.124242829646374814e-01
7.975952376483128048e-02 1.150017906328710815e-01 9.325037349936743380e-02 9.423604709426687542e-02 8.183596589282197964e-02 7.974719667433483039e-02 1.077922032184118889e-01 1.184635188728511423e-01 1.065881224794785337e-01 1.233252578707649261e-01
8.593350337723762444e-02 1.144791446594648210e-01 9.431838665855854509e-02 9.353467583663996332e-02 8.704125559490756558e-02 8.595640630267710469e-02 1.002579315641476398e-01 1.185174903513528666e-01 1.010786402190305133e-01 1.188825654359833284e-01
7.630443955288411517e-02 1.216390309704231815e-01 9.134591194128893754e-02 9.122804408846642288e-02 7.791950960122234759e-02 7.634378169447396389e-02 1.121943777513860901e-01 1.259355989631109896e-01 1.017350933872156055e-01 1.253542120495282908e-01
7.847280518331847809e-02 1.204569897518218413e-01 9.190076187573112398e-02 9.149519430932138986e-02 8.049156228023050808e-02 7.843700090220619148e-02 1.054091327774671072e-01 1.209111979640380835e-01 1.057442784268680935e-01 1.266810765289972107e-01
8.923975121554483803e-02 1.122943813921604139e-01 9.571451616989133659e-02 8.880193830696420099e-02 9.249846953476950628e-02 8.925503672710738412e-02 1.090981939954875635e-01 1.121646791364254159e-01 9.950912404696386770e-02 1.114239094746855147e-01
8.653497595501372097e-02 1.096966613144490371e-01 9.404151292117904348e-02 9.349066428279442786e-02 9.133988290684669220e-02 8.657619332423650838e-02 1.017206778424210728e-01 1.169931197078821067e-01 1.082731559653819786e-01 1.113331557797954535e-01
8.619324002669487284e-02 1.171893853394214285e-01 9.616416960847169737e-02 9.517285781961762337e-02 8.675039792360116075e-02 8.619610329202745391e-02 9.534418240804576339e-02 1.182442012763567502e-01 1.026000676630666741e-01 1.161453946426965755e-01
8.126766095354651109e-02 1.145842401431239610e-01 9.431417529831641333e-02 9.772375195156475514e-02 8.243632206379372662e-02 8.125056633751800983e-02 1.094851245499967873e-01 1.104439266592527336e-01 1.052099674272876373e-01 1.232842646155994926e-01
8.082908255426213273e-02 1.203017177555420203e-01 9.203306641243880204e-02 8.944644026558222494e-02 8.216434669865421703e-02 8.081648147895519052e-02 1.010269034284247552e-01 1.275379333940422077e-01 1.021090998270223760e-01 1.237349281850760319e-01
7.682037804203932507e-02 1.202838593892449903e-01 9.655850854858988308e-02 9.561722983577838897e-02 7.862612030227934812e-02 7.679886698108107090e-02 1.088357107997473122e-01 1.208661089422785606e-01 1.041767581441355450e-01 1.214164590148255479e-01
8.387615399073596045e-02 1.149037893389017739e-01 9.548032711125764571e-02 9.545379888506752564e-02 8.495973100656580013e-02 8.383261219811759257e-02 9.871093413879239442e-02 1.172250049247505616e-01 1.041102286340424149e-01 1.214474197717683723e-01
8.022206560237997441e-02 1.226451415030075237e-01 9.424799777932099665e-02 9.450196752338914374e-02 8.213292995314544487e-02 8.020868076509916900e-02 9.501233804880854228e-02 1.263884243074371028e-01 1.039590334446393038e-01 1.206814210727727987e-01
8.352126993006309119e-02 1.161164892823083050e-01 9.237014608329047194e-02 9.539471427282159022e-02 8.590773561778887457e-02 8.351208659022478498e-02 1.034194778493382066e-01 1.213679336638101153e-01 1.023687040469474924e-01 1.160214426634070539e-01
8.717655242952428163e-02 1.119824495969088257e-01 9.452714827553991561e-02 9.542739396393243312e-02 8.692550612860550086e-02 8.711135072787705436e-02 9.971565305640936461e-02 1.127900332415707196e-01 1.041644562810856295e-01 1.201794562985462611e-01
8.343067225903834372e-02 1.163533018784283918e-01 9.690865916213303732e-02 9.745799260184234702e-02 8.296777467103277903e-02 8.340191551750320009e-02 1.004849153972173226e-01 1.123676200681789777e-01 1.042725332093779184e-01 1.223546152352476823e-01
8.704884107297214402e-02 1.139940133874893791e-01 9.471004423332575473e-02 9.298160403582902966e-02 8.929142138107351578e-02 8.704723451625047403e-02 9.613365436941949393e-02 1.151203624013797111e-01 1.008019849259732953e-01 1.228708396762872024e-01
8.291312168991961384e-02 1.189485972747588022e-01 9.497136176133955110e-02 9.517149983141359737e-02 8.565881857253929144e-02 8.288325456462082574e-02 9.406738695569367981e-02 1.198890587768078886e-01 1.034129597574336701e-01 1.220839408154730521e-01
8.418890270164985923e-02 1.201209322420101755e-01 9.118846594728617638e-02 8.946422301655479470e-02 8.562367398100982629e-02 8.415982658685430828e-02 1.027766070854804481e-01 1.252397994680945204e-01 9.717902543158053741e-02 1.200585435394793538e-01
8.158913273874632277e-02 1.188646367164763046e-01 8.830699950349663041e-02 8.852519848052452234e-02 8.240855262565634221e-02 8.158374793118104706e-02 1.173818130422088490e-01 1.215482480823976696e-01 9.939694713797066206e-02 1.203947237413416499e-01
8.269645168092715215e-02 1.149845194220152494e-01 9.667010958720524683e-02 1.013804128754789285e-01 8.270550278622258722e-02 8.271456497222662296e-02 9.956285097520976846e-02 1.132583058652883307e-01 1.062730674156042998e-01 1.197542144198217723e-01
7.934122825422400271e-02 1.236174674616704328e-01 9.161327509088208754e-02 9.242124767684341269e-02 7.999651476756772239e-02 7.931822321446176105e-02 9.918059570482398724e-02 1.273754348083659393e-01 1.012674456741570334e-01 1.258685673470036070e-01
8.153740798179720528e-02 1.165643110337397093e-01 9.369913860243705983e-02 9.453914300236876400e-02 8.440662325900688545e-02 8.146679623728741992e-02 1.066993640594157411e-01 1.158379041581091839e-01 1.034940074324373210e-01 1.217553042334006685e-01
8.222319657327317732e-02 1.218614201908583272e-01 9.268292334503611118e-02 9.242728243199380134e-02 8.309651318820310273e-02 8.221145543113501930e-02 1.028331125864236084e-01 1.244868103157125011e-01 1.029535885045277238e-01 1.152236974328366553e-01
7.719632665014471151e-02 1.222232988850624064e-01 9.667782359033594286e-02 9.687556293584227707e-02 7.856935729284687808e-02 7.714800685516665091e-02 9.505629720311080388e-02 1.206121154242840721e-01 1.082889118339512569e-01 1.273522993292549588e-01
7.851347646045468698e-02 1.253215556498027128e-01 9.334224126473070204e-02 9.275873538794669748e-02 7.938818178016562865e-02 7.850664544612367957e-02 9.809967687757040200e-02 1.240269980538799832e-01 1.030334106842154679e-01 1.270090783951100533e-01
8.646861251782046731e-02 1.139954745372089018e-01 9.102054098806296178e-02 9.180005483269321198e-02 8.538491095505577888e-02 8.648563698827725632e-02 1.053900726971918334e-01 1.158743404482653339e-01 9.853184359006562920e-02 1.250485124453586672e-01
8.249920966861554184e-02 1.170542002456319286e-01 9.557839407068133286e-02 9.523375856623793323e-02 8.314725203409432941e-02 8.248749135666748333e-02 1.001624779046709074e-01 1.224183481706798138e-01 1.041167076957308507e-01 1.173021602869898511e-01
8.075246090721888148e-02 1.178804313466650933e-01 9.266472385864339689e-02 9.311964274766218463e-02 8.187512376113213752e-02 8.073489346902049113e-02 1.114068580971581401e-01 1.162078843018191504e-01 9.959591780184548493e-02 1.257620637088350812e-01
9.557268631066205555e-02 1.062665786247461580e-01 9.800635331419363383e-02 9.332062900387266824e-02 1.021311803837155474e-01 9.555106485956610385e-02 9.491813365595232199e-02 1.076746910039234756e-01 9.573984113296976628e-02 1.108188417103982415e-01
7.826490324231545614e-02 1.199322990398760530e-01 9.336725671497515811e-02 9.509453642916239346e-02 8.202507366230142594e-02 7.829000868640292876e-02 1.050918048830498108e-01 1.263027611425238950e-01 1.035836525132436542e-01 1.180477036861492801e-01
