9.707242773789261092e-02 8.215651994862506469e-02 1.135668298806225412e-01 1.133712896942482562e-01 9.684467789354786471e-02 1.411300930923832242e-01 9.692351779313879145e-02 8.002425078528575819e-02 8.002427458776543989e-02 9.888611858649042075e-02
9.776170217004634400e-02 8.406077799672345696e-02 1.076488874515261068e-01 1.073075417730052911e-01 9.389563790687208145e-02 1.532234265189697520e-01 9.394761450082286802e-02 8.326181913552962999e-02 8.331766274492845292e-02 9.557492980157600293e-02
9.974782079205080088e-02 8.947866662488206113e-02 1.053807660335786267e-01 1.051738907870107959e-01 9.841658345084051962e-02 1.333234887139153890e-01 9.846234741141518532e-02 8.657144811572294041e-02 8.662494029309597554e-02 9.682004777748771940e-02
9.513654518901734636e-02 7.689088525410284203e-02 1.239906731641527843e-01 1.235669785924618930e-01 8.948440676402157068e-02 1.448005329317289813e-01 8.956324999885056926e-02 7.558442231504666764e-02 7.561741013228558128e-02 1.053648956583318058e-01
9.628416834738470764e-02 8.164296645146654208e-02 1.123329020594191346e-01 1.120757115301655865e-01 9.414204900362740935e-02 1.503704379662141599e-01 9.417431623024419274e-02 8.063958041941723942e-02 8.061968777778871775e-02 9.771818021427232381e-02
9.666997730761670016e-02 9.342751336564450448e-02 1.061711506264236965e-01 1.061391538917939303e-01 8.948518701155964983e-02 1.379821924593700733e-01 8.947527192132090357e-02 9.200929528049547890e-02 9.195522250388978025e-02 9.668503563188528271e-02
9.793008443839296140e-02 8.029243787648876474e-02 1.139532645882809225e-01 1.138101229426481675e-01 9.497465341766293812e-02 1.447126757362805494e-01 9.505102276259051741e-02 7.864167345043210355e-02 7.861623170221121448e-02 1.020178330850118609e-01
9.554092029754313042e-02 8.401405502130385172e-02 1.217947029207902820e-01 1.214664360861981707e-01 9.157464550782210000e-02 1.252488323475154930e-01 9.164389316510419825e-02 8.197739207699163144e-02 8.202113946697422997e-02 1.047179831097569680e-01
9.559804916778462391e-02 8.920022687060677469e-02 1.072937937524923585e-01 1.071123937486092165e-01 9.559165605915509456e-02 1.385753182589782306e-01 9.567486496320518063e-02 8.714597122673502227e-02 8.720376292473243363e-02 9.660396302770103694e-02
9.298852488399864114e-02 8.470950274025694504e-02 1.118071456142082504e-01 1.114222784514950770e-01 9.221419853060087990e-02 1.539731995643937312e-01 9.227137090369681716e-02 8.103965301344133454e-02 8.111803655819478653e-02 9.845608973971356481e-02
9.487537509286463056e-02 8.326651112411039002e-02 1.130652268901083529e-01 1.126637236597495956e-01 8.958541730186746210e-02 1.519449181255301540e-01 8.963168153041028985e-02 8.185633275373524476e-02 8.191871757028405809e-02 1.011920959513398360e-01
9.560617484049935277e-02 7.862721733434449578e-02 1.193757707445385480e-01 1.188484518347437263e-01 9.313701831401395570e-02 1.460724348996041977e-01 9.321726123824904120e-02 7.798976226653832333e-02 7.804646717254537513e-02 9.907944135492298410e-02
9.117014050066843400e-02 8.317953822553536547e-02 1.205653444814935582e-01 1.203849730935009354e-01 8.656867112519568697e-02 1.527074741873895303e-01 8.662905564056129493e-02 7.969727248032384970e-02 7.968709164912483878e-02 9.941043861620652011e-02
8.676916186933814057e-02 7.304060704166315254e-02 1.323763105377548377e-01 1.316871654005083714e-01 8.529996507849113563e-02 1.566108442625159802e-01 8.536927363534872748e-02 7.197215267207809908e-02 7.201533754487370043e-02 1.048591819574278133e-01
9.159493946280047871e-02 7.431238584891095011e-02 1.247088837960665386e-01 1.242965380527786545e-01 8.848165664436004330e-02 1.574123459689598381e-01 8.854981423638978721e-02 7.324750198401545898e-02 7.324911152553913174e-02 1.041468224801791326e-01
9.486675978030126299e-02 8.022641458737878040e-02 1.161096719956238310e-01 1.156804240051803739e-01 9.160062230883680989e-02 1.521192587818993025e-01 9.164145532986911480e-02 7.943880333316613584e-02 7.946746881493849113e-02 9.884912106280591138e-02
9.460189171302836597e-02 8.532947290602786727e-02 1.146579918030199985e-01 1.142058232264657330e-01 9.205077236018220643e-02 1.413987137409645767e-01 9.209964793658427518e-02 8.332524261345106154e-02 8.340884150240597539e-02 9.892160219786995390e-02
1.006313504307768669e-01 8.149143666211504378e-02 1.097785492306490307e-01 1.095262505860633839e-01 1.003312164279063362e-01 1.348872535609880186e-01 1.004423675243304864e-01 8.058778374037327275e-02 8.063979145522193193e-02 1.016840003815756149e-01
9.833039896982329053e-02 7.850774483318155583e-02 1.070008542585756256e-01 1.067341254336647977e-01 9.568785762775014470e-02 1.702040257381754740e-01 9.579158809121747498e-02 7.654370142753420814e-02 7.657125394036069788e-02 9.462844967971675847e-02
9.163157268350462237e-02 8.028183663324908736e-02 1.200767554177336605e-01 1.197742045673193950e-01 8.597111208182406372e-02 1.548145923011734482e-01 8.604808420933719726e-02 7.951274085008129544e-02 7.952934218194107618e-02 1.023597590738361401e-01
9.723543348386196050e-02 8.289049018287635018e-02 1.105699173322972767e-01 1.102725450133739821e-01 9.346492331551385646e-02 1.535192925359527005e-01 9.352698660157117427e-02 8.104382975652642263e-02 8.106839224422941748e-02 9.640818953379690082e-02
9.802270646569628820e-02 8.611252170079981838e-02 1.146537696149207697e-01 1.142364487135006101e-01 9.405929777134644509e-02 1.269950982820809982e-01 9.411501466685336104e-02 8.398457230058968548e-02 8.408034044150548836e-02 1.037402300427065077e-01
9.299898136691671369e-02 8.517887747688097921e-02 1.144392005766427522e-01 1.140840090776542165e-01 9.340618045862288110e-02 1.388697880227240389e-01 9.344769133305624864e-02 8.456483686515513243e-02 8.460694157715782648e-02 9.840349324518918306e-02
9.127142950347916228e-02 7.892422958442189829e-02 1.257220817037495719e-01 1.253165975181957381e-01 8.838751372195297051e-02 1.431507508433081943e-01 8.846054215767423790e-02 7.658551270023725155e-02 7.662739351516296982e-02 1.055539487518179637e-01
9.224950788612097663e-02 8.432509819055913902e-02 1.071026549878931200e-01 1.068902528301668015e-01 9.212894012527514387e-02 1.643737133555402130e-01 9.217681627021760693e-02 8.503407799738810224e-02 8.501786785860432349e-02 9.070107049823460110e-02
7.494396139615611130e-02 5.952014109056332630e-02 1.612166347889476548e-01 1.605084084575693903e-01 7.582268426208779721e-02 1.472594261114714420e-01 7.590757435804995623e-02 5.846811550918949024e-02 5.847763921348284738e-02 1.278754148124819356e-01
9.916699056502281673e-02 8.966997965898548806e-02 1.082135964065868428e-01 1.079529960470769351e-01 9.900190557851482054e-02 1.272460014099579539e-01 9.906184864184192085e-02 8.651744400493079079e-02 8.658104615481494737e-02 9.658819153226748389e-02
9.601652536190748155e-02 8.581012744238877832e-02 1.108285935143414752e-01 1.106563096395820484e-01 9.499671782272771370e-02 1.351252433729509261e-01 9.502403594360055161e-02 8.406885598681448912e-02 8.406007958281187797e-02 1.034135113328746719e-01
9.377021450473725650e-02 8.251319596859142680e-02 1.144882027741459113e-01 1.141230696341505729e-01 9.156605353386186585e-02 1.480420143766195962e-01 9.161554857312137479e-02 8.147291279585623658e-02 8.150585924853326336e-02 1.009029285903825235e-01
9.424948046139965119e-02 8.541841671120188606e-02 1.177600704595734848e-01 1.174673017388961349e-01 9.066094605654310967e-02 1.332210696610892919e-01 9.072022940681961911e-02 8.326998346930682138e-02 8.332580638780170967e-02 1.039066956473683051e-01
9.541791365392623958e-02 7.996288794355645158e-02 1.117008993634236308e-01 1.114140318010863606e-01 9.313248628433563880e-02 1.619918191940656615e-01 9.318565300576034383e-02 7.743471664406183230e-02 7.744436540928557877e-02 9.831522670049827606e-02
9.393682003511544254e-02 8.351466339286682528e-02 1.150647971451623092e-01 1.145853526500707764e-01 9.474010091336715345e-02 1.421405091214969219e-01 9.479249081496597673e-02 8.066860761775562771e-02 8.075129167828776211e-02 9.980536663091124638e-02
9.444869320232052168e-02 8.100323695179949268e-02 1.171517152720978339e-01 1.166558161774740032e-01 9.181838311360041027e-02 1.497527532640381409e-01 9.187303768752708155e-02 7.893883864596074051e-02 7.899570610771787516e-02 9.936181957746390014e-02
1.017879690259968772e-01 8.615504177113625373e-02 1.025912301262764947e-01 1.024715946959758317e-01 1.043341650709432716e-01 1.231742839825630820e-01 1.043363096566716497e-01 8.538892538530176712e-02 8.539380939020134453e-02 1.043666708949334554e-01
9.738485489330554745e-02 8.870394401661328698e-02 1.086036254561963538e-01 1.085201651298035169e-01 9.355230882409709681e-02 1.363787695456699367e-01 9.357335747593312214e-02 8.788060393024785255e-02 8.784949150871447510e-02 9.755287921941878382e-02
8.662029501823088895e-02 7.794968899930738992e-02 1.288317015552468414e-01 1.283746486249149332e-01 8.311240913939672847e-02 1.494866669433979889e-01 8.317428608993200634e-02 7.722299448244393516e-02 7.725044138288006401e-02 1.079768677642492375e-01
9.047971306930251145e-02 6.946194330347349455e-02 1.287775353345455565e-01 1.284180311205666281e-01 8.930912546930955265e-02 1.615888531722459442e-01 8.938095091403791548e-02 6.830929543861094522e-02 6.828499941510436655e-02 1.059895527628031409e-01
9.579410592147614978e-02 8.311250363173194877e-02 1.063594768979888167e-01 1.061014396789666803e-01 9.550001876041849802e-02 1.595547709106938661e-01 9.556697954942033890e-02 8.233871902075060034e-02 8.235717464764606699e-02 9.331481098090700643e-02
8.912438324836417791e-02 7.884488147753072884e-02 1.208765179361326603e-01 1.205650131327106328e-01 8.732540065816049579e-02 1.614495651238367635e-01 8.737778698915768527e-02 7.832964587062365980e-02 7.831613105832790911e-02 9.779067450515527282e-02
9.035335131830699029e-02 7.732625541940958691e-02 1.260756764109293160e-01 1.256289395558428112e-01 8.745370372227456723e-02 1.538661495475976693e-01 8.749740773562368623e-02 7.495867343991034770e-02 7.495796011684562055e-02 1.018818827332593907e-01
9.231997803458195928e-02 8.392247191229391945e-02 1.147585721138363185e-01 1.144356275790706368e-01 9.168132626331419732e-02 1.466953734355961603e-01 9.173996179876826862e-02 8.218174478167750152e-02 8.222102106633571994e-02 1.000439230145252767e-01
9.299964319107718869e-02 8.158026866227692520e-02 1.200975565725212052e-01 1.196338481878601173e-01 8.983056657534567446e-02 1.437321076345722259e-01 8.987002361859479371e-02 7.952746426796303281e-02 7.957453901795899509e-02 1.031539822718298416e-01
9.460599251685425370e-02 8.228746374898811278e-02 1.080185348343602192e-01 1.078477591399031738e-01 8.989643268474190041e-02 1.664949424893530372e-01 8.996883159947111075e-02 8.328238867034767900e-02 8.326477712146231058e-02 9.433287719451817488e-02
9.414842595669749292e-02 8.052372517244940631e-02 1.176315949917871306e-01 1.171837852474243019e-01 9.349484398706250921e-02 1.439106938484904785e-01 9.356996697518524253e-02 7.861846171169127595e-02 7.868109757283413275e-02 1.022374045363780154e-01
9.556107480933885567e-02 8.075853193360178761e-02 1.162068675712261273e-01 1.158950267543627788e-01 9.766266632246706214e-02 1.368626638532553508e-01 9.771819746455764899e-02 7.746465387003115266e-02 7.749193666487980137e-02 1.043783807562794069e-01
9.644236429625405171e-02 8.424013186426537736e-02 1.094355659968657135e-01 1.092988893267154982e-01 9.327158376976563137e-02 1.450345238645159573e-01 9.331275042768623351e-02 8.409843006507307372e-02 8.406601392815322982e-02 1.007997464607052196e-01
8.986488466925962593e-02 7.338573236510052833e-02 1.241979555355681303e-01 1.239698254487768825e-01 9.298246932711616564e-02 1.574793232277198196e-01 9.305948352936700696e-02 7.140095493793024994e-02 7.136352714480290182e-02 1.022958438143587029e-01
9.398996960810249157e-02 7.801607299462635925e-02 1.129857245464770260e-01 1.126462781388903461e-01 9.291379072821072393e-02 1.667333007731283123e-01 9.297528021786348462e-02 7.709127859615338973e-02 7.709280895691225655e-02 9.555549543963556824e-02
9.335713814729271198e-02 8.505490940251472787e-02 1.110759806649560533e-01 1.108815139905958147e-01 9.486625413358101833e-02 1.427449794744244660e-01 9.490229681967843334e-02 8.258789191117295314e-02 8.259976049572910484e-02 1.019292749600547165e-01
1.004230864696214198e-01 8.618272749642277852e-02 1.131943486515575303e-01 1.129911605506092459e-01 9.717285372077598404e-02 1.232776520463948061e-01 9.721773064394230446e-02 8.015633063816915427e-02 8.020251810607675891e-02 1.091815916764299343e-01
9.904093077052918137e-02 9.153917165198935391e-02 1.040217168854480484e-01 1.039581924780607208e-01 9.628498981124941625e-02 1.245789076166780029e-01 9.625782138816207922e-02 8.895980352702577421e-02 8.893477441082486834e-02 1.064236914600326100e-01
9.718488957409261719e-02 8.507276034805613674e-02 1.103509338928345129e-01 1.100432222664081139e-01 9.309637677690141278e-02 1.440765628785140862e-01 9.317426720429936027e-02 8.326456462531467428e-02 8.334403680286422977e-02 1.003923856307149254e-01
1.030620788066155952e-01 8.771852990478988532e-02 1.072985813839192754e-01 1.069895273790347212e-01 9.982405687952880524e-02 1.212917339468656680e-01 9.987193034398476887e-02 8.571964430261609647e-02 8.579187669722658505e-02 1.024320403554186271e-01
1.003676007876124626e-01 8.741145108196354818e-02 1.111117886742816196e-01 1.106620134020287888e-01 9.340457511414708425e-02 1.274383594003328513e-01 9.346181878100276452e-02 8.636258345013314575e-02 8.648592958118726803e-02 1.032938797273104392e-01
9.110144234010937592e-02 7.689242166538473588e-02 1.222398227346199462e-01 1.218109254441496342e-01 8.990708712115258461e-02 1.506842642008172084e-01 8.995179387323806730e-02 7.751278105413936248e-02 7.751320535427132230e-02 1.023862562121177627e-01
9.027498876689389606e-02 7.174820890772490301e-02 1.231251313725228030e-01 1.228030514123679001e-01 9.195675402510190832e-02 1.608819393157167044e-01 9.203280888114001579e-02 7.196297559519761189e-02 7.192717457872262188e-02 1.032869671446116494e-01
8.943763064604406954e-02 7.728398590384349953e-02 1.256577736976808857e-01 1.252259136094115433e-01 8.664020972498602535e-02 1.522908760118733273e-01 8.666751093759497704e-02 7.639672983840488374e-02 7.638369520847949901e-02 1.040156744216812618e-01
8.653921473195999581e-02 7.368455251519930027e-02 1.309591857781966795e-01 1.306665993701420225e-01 8.682434752869352956e-02 1.538739793358085417e-01 8.688536444224807809e-02 7.283738125625756343e-02 7.279219367374749339e-02 1.049371813677468235e-01
9.618883978486335307e-02 8.207468033678638752e-02 1.151552204914642469e-01 1.148757878642958918e-01 9.473846743882609334e-02 1.421778913466386907e-01 9.480126043316242090e-02 7.990824851777091065e-02 7.992047242760152992e-02 1.001591313585904752e-01
9.623062615476141168e-02 8.121987461409635456e-02 1.139153641397408767e-01 1.137005065462727976e-01 9.900582842606880929e-02 1.214215404484811911e-01 9.902657154315519517e-02 8.425957182917372112e-02 8.420464425995614899e-02 1.070154720382935354e-01
9.450971198944370377e-02 8.454155629167303676e-02 1.138969758265255955e-01 1.135885191665105959e-01 8.901297306715848234e-02 1.518144004117309709e-01 8.905605930578258667e-02 8.252160432644038701e-02 8.254975157503331717e-02 9.850844803970135177e-02
9.628612916450579595e-02 8.808604942696353357e-02 1.098055030751949879e-01 1.096529803639544193e-01 9.593617873761367543e-02 1.287919949930277086e-01 9.592711585632419935e-02 8.477423775226401725e-02 8.476044168127094824e-02 1.059793689488807422e-01
9.455692728808619274e-02 8.586295059752879766e-02 1.145590216116799398e-01 1.141029282606127876e-01 9.360630919659397586e-02 1.341182217306944868e-01 9.366270170961892017e-02 8.510425734847194834e-02 8.519402144451958259e-02 9.923266081219341006e-02
9.981147057731891425e-02 8.351877677248886744e-02 1.116811862640764569e-01 1.113223839215284339e-01 9.825424522272584171e-02 1.327080359080132499e-01 9.832220580760728246e-02 8.124026416765231517e-02 8.130859978385857056e-02 1.018328315747301649e-01
9.543760825321863372e-02 9.379282669987876186e-02 1.119421460506088428e-01 1.117928191654428555e-01 8.730757864784381705e-02 1.355534682108832656e-01 8.732337010179490322e-02 8.886455364288499414e-02 8.888163575915949965e-02 9.910399346828442646e-02
9.885887140202750945e-02 8.506875745992939497e-02 1.080861315587432758e-01 1.079322506181071006e-01 9.678066069082895406e-02 1.476674793423103926e-01 9.683773428076117296e-02 8.212088176566570419e-02 8.210542831808848030e-02 9.454180456353801498e-02
8.988469746819098549e-02 8.006064588910419277e-02 1.208198375420750786e-01 1.204547061400800534e-01 9.496430619624481040e-02 1.398803216658954240e-01 9.496830087825153255e-02 7.755981396534561423e-02 7.754406561634372141e-02 1.038633046384686287e-01
9.189050432465331597e-02 8.158776569194764461e-02 1.235007725490783609e-01 1.231063708570496740e-01 9.178556774223028958e-02 1.296846040180222037e-01 9.184433282835860468e-02 8.106582839730372414e-02 8.109579113177470266e-02 1.044384624595814520e-01
9.473330925665363056e-02 8.019966010178969373e-02 1.180033859418715553e-01 1.177491062524110704e-01 9.489111919005033258e-02 1.352452248945012481e-01 9.495456287676277973e-02 7.999783236869310865e-02 7.999046655584474141e-02 1.042353325614217979e-01
9.722151281777118015e-02 8.755641279152931444e-02 1.059690594152652848e-01 1.058377396667513209e-01 9.554865712519217125e-02 1.444402043677178726e-01 9.561238830116816634e-02 8.574004195109233284e-02 8.574944232240062914e-02 9.632454124111172744e-02
9.438847656995963398e-02 8.462310879754064707e-02 1.167444378115166242e-01 1.165420339565869517e-01 9.013018104517626916e-02 1.326495598062086834e-01 9.013743363789161744e-02 8.275431614899111943e-02 8.273647732300691560e-02 1.092939749031215935e-01
9.312681796350860686e-02 7.976675517395814818e-02 1.189957161635834398e-01 1.185973381752435801e-01 9.137643972503700640e-02 1.477029417577336301e-01 9.145113967971414681e-02 7.853509643250233818e-02 7.858444389719375367e-02 1.018633110315253637e-01
8.910198367614929893e-02 8.162399670355145742e-02 1.239789996847413950e-01 1.234860235850891858e-01 9.200131450662848986e-02 1.341086427513113466e-01 9.203314717001445655e-02 7.902563388983398218e-02 7.908000765074979510e-02 1.055602503819305787e-01
9.069487686094752921e-02 7.542687935492878304e-02 1.281002952708906184e-01 1.276948289898771627e-01 9.002488713093113881e-02 1.449307394277540850e-01 9.006319654878022773e-02 7.332574446841449989e-02 7.331193701242556815e-02 1.064266149350504148e-01
8.968769806427466518e-02 7.705611467798198500e-02 1.289799943790616854e-01 1.286932942600950702e-01 9.037928190992021438e-02 1.344402640579057673e-01 9.041948264469090724e-02 7.758587177629017173e-02 7.752345947678772331e-02 1.052345387529918241e-01
9.217027182274867281e-02 8.048060811114204904e-02 1.141955041662533615e-01 1.139654090985828122e-01 9.300930165874098099e-02 1.602559220764147585e-01 9.302906542654958144e-02 7.801021521671988590e-02 7.798320454294788151e-02 9.690049787989998831e-02
8.994707841714096042e-02 7.549993141364849669e-02 1.235491927171618598e-01 1.231469642463361991e-01 8.921261386348977585e-02 1.572598771210111102e-01 8.924790510818507439e-02 7.532503215027519516e-02 7.528896772676402227e-02 1.015224372359872923e-01
9.680571284390541986e-02 8.437855689279397109e-02 1.148862690749134774e-01 1.144664528547987420e-01 9.059485693357866021e-02 1.405281829732497878e-01 9.065495928890594801e-02 8.237216562280161303e-02 8.246446907278430494e-02 1.028483744422681034e-01
1.105870225137580848e-01 5.844636862964885243e-02 9.378110273717862877e-02 9.354359955652168102e-02 1.071639981334824993e-01 2.317319498958661517e-01 1.075033678186795016e-01 5.727379860002870804e-02 5.728554282367302741e-02 8.268324929116287192e-02
9.502580884343078682e-02 7.988198101958093877e-02 1.141644105298122991e-01 1.138426081970003723e-01 9.595752226451045863e-02 1.445363949184102492e-01 9.599835231678890968e-02 7.794833068494777528e-02 7.796330584617405801e-02 1.046812853793441939e-01
9.389356716989886997e-02 8.152884522003442380e-02 1.140272727303639211e-01 1.136533121955070752e-01 9.467101859222294691e-02 1.479357068277498966e-01 9.474237994000229979e-02 7.962257156994852203e-02 7.968165417320775823e-02 1.002436715810643142e-01
9.532115424567060014e-02 8.465961927310557134e-02 1.135769671900942329e-01 1.132756422285761677e-01 9.134839589939693083e-02 1.461421474259323450e-01 9.139267445308039972e-02 8.282498127091489359e-02 8.284298087283678558e-02 9.861543714039208708e-02
9.028411191454077667e-02 8.223566243545853138e-02 1.244165638682387109e-01 1.239961041788322643e-01 8.435646502837869376e-02 1.521407059849177734e-01 8.439006572433491171e-02 7.902343302482538190e-02 7.904750010713559871e-02 1.001093877333373711e-01
9.171703087237251251e-02 7.659767240097789531e-02 1.194393496736607385e-01 1.190181238644644757e-01 9.160381108194813604e-02 1.562939066026673152e-01 9.167851439167407079e-02 7.587668626861313048e-02 7.589777319700077851e-02 1.018771316466209609e-01
9.085129930749571980e-02 8.097053576057981761e-02 1.188899555193047436e-01 1.185882680589957910e-01 9.664394079910938740e-02 1.340474368241089120e-01 9.667137729853991779e-02 7.900651294300176097e-02 7.899998442328479142e-02 1.053306890655791306e-01
9.632819500627780307e-02 7.605020415336717632e-02 1.164673817741383316e-01 1.160537615292176750e-01 9.396369280151503633e-02 1.584180758077058382e-01 9.407157545886216110e-02 7.362512040635162125e-02 7.368600075102785252e-02 1.013359923115364769e-01
9.401736581563933937e-02 8.792282899233770654e-02 1.121568502855534860e-01 1.118460910692420235e-01 9.475162537869311064e-02 1.314007543936627775e-01 9.478071066614157658e-02 8.762114666384181183e-02 8.765863715554381153e-02 9.784398957934438423e-02
9.415353908393842008e-02 7.977758338008257566e-02 1.185947407837132928e-01 1.180420751916690519e-01 9.130435403375351811e-02 1.474461816367791667e-01 9.138698093200131600e-02 7.784579046296356830e-02 7.794296119833958592e-02 1.035057932967595046e-01
9.694274169447313072e-02 8.653410114772135120e-02 1.142632181496035376e-01 1.139506165675240740e-01 9.637397253407160858e-02 1.199784133782013373e-01 9.640803163141119236e-02 8.650141390400682695e-02 8.653885309651064561e-02 1.025086378964762818e-01
9.837426221754301536e-02 8.006488274121743853e-02 1.113614559891091399e-01 1.110543108272040308e-01 9.399728738242836557e-02 1.592084618633138882e-01 9.407298918142986688e-02 7.764292012219532746e-02 7.765396977138666612e-02 9.656945990417224734e-02
9.274265434661829732e-02 7.830913119964180713e-02 1.175385799554777844e-01 1.172520105783175226e-01 9.590347524338373175e-02 1.428442913200874687e-01 9.596709337076364532e-02 7.751152682989516374e-02 7.751556722826419277e-02 1.044156699275503586e-01
8.975024724368088624e-02 7.655658067491440122e-02 1.250567836817613465e-01 1.245540446084540398e-01 8.929235825679227023e-02 1.468806082604233454e-01 8.933351443852280416e-02 7.628219418671138008e-02 7.630580890938665206e-02 1.059878597393529159e-01
9.747459237511341135e-02 8.437436066201554896e-02 1.064107507773235234e-01 1.062315285926504482e-01 9.788882228203384106e-02 1.397917611287057826e-01 9.789181713851255462e-02 8.301247099142573804e-02 8.300689971801883393e-02 1.039169963342002345e-01
9.405666270842201471e-02 8.101577927293253378e-02 1.149538960195196219e-01 1.145991559308015689e-01 9.217288401464045211e-02 1.524255231505632080e-01 9.222695797696861542e-02 7.986301694585722089e-02 7.988195931585267973e-02 9.880416466444201518e-02
9.700926798763244430e-02 8.326503777528332373e-02 1.125696326769846101e-01 1.122851009393452948e-01 9.243302264092422005e-02 1.398923190605975975e-01 9.247705498907718424e-02 8.428536887693756363e-02 8.427584231065794740e-02 1.015073527425598282e-01
9.401706870208245692e-02 8.332800953623145657e-02 1.096381108324800402e-01 1.093600510081044197e-01 9.291215287657256239e-02 1.544132477180208685e-01 9.296935089624576432e-02 8.407949730002785282e-02 8.409032177939904096e-02 9.519218935083552380e-02
9.573604317232943528e-02 8.002563515790443727e-02 1.141981849553119210e-01 1.139663161087693666e-01 9.245129838975077452e-02 1.445204133810228664e-01 9.247550421941480581e-02 7.813519194092233278e-02 7.813912519057622519e-02 1.103522874839978352e-01
9.490162985726283140e-02 8.100842197803651001e-02 1.115159525873937324e-01 1.111903247244609566e-01 9.205551361206028294e-02 1.556856442904303028e-01 9.209570064822754365e-02 8.110163052282008678e-02 8.110045155602821354e-02 9.934473022327953984e-02
9.253566442163523031e-02 8.287090172698735602e-02 1.158638830524488100e-01 1.155262119763486028e-01 8.817257382021312373e-02 1.504476716855253360e-01 8.822074934659546175e-02 8.364371070371641459e-02 8.366345690754307951e-02 9.905517635898652973e-02
9.705103073760242005e-02 8.760364514605442632e-02 1.120678479455182175e-01 1.118226607985200460e-01 8.693295614557913775e-02 1.478391460765463294e-01 8.699599749407770088e-02 8.520830854320017578e-02 8.525187933639280513e-02 9.922652777650869949e-02
9.809168025421463599e-02 7.903987784171444264e-02 1.155906830120439904e-01 1.152648904949021280e-01 9.921028497990032335e-02 1.387764614279513309e-01 9.928430974144436538e-02 7.765438736567099876e-02 7.766718242104421466e-02 9.942024246111352825e-02
9.291863873991595968e-02 8.791597655736507755e-02 1.122539703918618986e-01 1.120871322198321307e-01 9.519211132490061622e-02 1.170135448305970050e-01 9.519502225627037018e-02 8.989535976730993194e-02 8.985675182968319574e-02 1.076714920822638144e-01
9.326122547599481616e-02 8.306213694928984981e-02 1.201941530076068299e-01 1.197645635592811952e-01 8.662627093354856311e-02 1.502990682150733837e-01 8.665246245622733323e-02 8.006235665628134990e-02 8.009305056596228989e-02 9.998471218073437528e-02
9.231168759095892407e-02 7.600192174492827191e-02 1.151670572290253020e-01 1.147847091453771812e-01 9.448121861429338575e-02 1.672389481335839756e-01 9.457436728130767800e-02 7.446758955115205525e-02 7.450144888826898404e-02 9.647105182110428390e-02
9.691813787519562573e-02 7.905962272934675961e-02 1.097797833594943845e-01 1.095502217675774215e-01 9.639626608095593074e-02 1.611290022406396405e-01 9.651471589765328596e-02 7.727289889281137303e-02 7.730623364383365503e-02 9.607311751249185405e-02
9.707223648718384112e-02 7.505214180970541660e-02 1.219246049596780096e-01 1.215167317059096530e-01 9.489202110755538822e-02 1.443204447193212892e-01 9.499352123721829799e-02 7.425531384844269445e-02 7.427901674868785109e-02 1.016939673762975171e-01
1.046972445907774357e-01 9.737366486762312479e-02 9.795999860977025464e-02 9.807483073831066434e-02 1.023229899657167735e-01 1.049538198552525115e-01 1.022938776831436164e-01 9.298402791382201493e-02 9.294173733755552169e-02 1.063978084380280825e-01
9.743938475108722408e-02 1.050903669193385959e-01 1.036373358962337649e-01 1.037192739189550794e-01 9.298606429589670319e-02 1.091957136854232041e-01 9.298753814937650575e-02 9.925288953887161092e-02 9.925016013103878099e-02 9.644127271377853083e-02
8.701812739488122561e-02 8.319714612819979760e-02 1.226480876350938831e-01 1.223661467730538799e-01 9.055607732277246025e-02 1.315665124784707596e-01 9.055026161503992865e-02 8.215712435498635779e-02 8.212857989456033569e-02 1.078119364029413579e-01
8.695176560162402868e-02 8.180799111489203690e-02 1.136649218533459516e-01 1.134000923445373371e-01 9.126073677846088805e-02 1.576536310690624942e-01 9.128825283879765662e-02 8.219297517331396186e-02 8.218444436700224343e-02 9.959518885896340157e-02
8.957102868425748099e-02 7.658617974421354224e-02 1.227255651802124925e-01 1.223655130865869411e-01 9.218345159099658459e-02 1.470519941603490033e-01 9.224297296817308978e-02 7.612168863191480506e-02 7.612904348481273897e-02 1.050225624684833353e-01
9.766822957183604603e-02 8.597175043675536754e-02 1.114850441381700641e-01 1.111251666199996185e-01 9.458562054800585817e-02 1.372465943273663835e-01 9.467133340905610484e-02 8.400923508621095659e-02 8.410266095750476567e-02 9.913436490509484889e-02
9.523299499636306287e-02 7.927849399067762870e-02 1.182589888243176235e-01 1.178862809250109250e-01 9.442539235025892985e-02 1.405008001427260900e-01 9.449937367330500659e-02 7.785622849021379965e-02 7.789095863999487279e-02 1.041704879671320610e-01
9.756439828726290453e-02 8.390924685199305233e-02 1.123904726483381661e-01 1.122221075042284383e-01 9.361371091441494929e-02 1.418731281494458318e-01 9.366482387695404532e-02 8.205063294611758540e-02 8.203686259014779381e-02 1.006746162310972192e-01
9.820455791197214845e-02 7.953297534875138075e-02 1.094827969655387812e-01 1.091279007335816259e-01 9.637894015934585223e-02 1.572275802790432664e-01 9.647454530180953058e-02 7.812576028792664329e-02 7.817865954928479577e-02 9.726628346274597547e-02
9.097058535682100988e-02 7.992121726460778286e-02 1.282153854963582751e-01 1.278595502967008746e-01 8.793915600416002398e-02 1.374802177447508877e-01 8.797904217126570336e-02 7.780778229338969343e-02 7.778407999239124460e-02 1.040429833795544906e-01
9.511786664883602194e-02 8.334837785788926090e-02 1.127170293896707504e-01 1.126022715707354349e-01 9.338464815552857679e-02 1.399892466536526991e-01 9.343466176603715256e-02 8.176387182390151831e-02 8.174688254220960348e-02 1.058951435915389677e-01
9.612950988460661206e-02 8.019517954865904019e-02 1.122972163205727542e-01 1.119744963613910210e-01 9.033388844863908529e-02 1.648809379299715772e-01 9.042721439086806590e-02 7.814741798137311846e-02 7.819185057022291774e-02 9.742228856369578027e-02
9.800759951308196660e-02 8.275522687122237320e-02 1.125152159212643721e-01 1.121182203738882027e-01 9.301683674308797167e-02 1.456166529669452314e-01 9.308508608195179002e-02 8.058164056588014434e-02 8.066242610398655088e-02 1.016410948586913138e-01
9.727485663900310719e-02 8.175611077989050623e-02 1.171169607551778985e-01 1.167326037734899291e-01 9.452514418808698193e-02 1.374816016764149884e-01 9.458143055431002255e-02 7.972826525367268657e-02 7.976578646357725122e-02 1.010372399163766699e-01
8.707810535859049350e-02 7.966167470687569863e-02 1.147264060658202134e-01 1.144452320449266536e-01 8.836045707054546172e-02 1.706642819840930581e-01 8.837242439215255152e-02 8.149367979453898958e-02 8.142765504140568600e-02 9.377008354105118015e-02
9.394124590172407696e-02 8.369511166596033114e-02 1.230977733920462364e-01 1.227630401064333382e-01 8.784443996552770972e-02 1.309398643116243266e-01 8.787806096987160753e-02 8.262828607612016096e-02 8.262404627246973388e-02 1.045881313382224509e-01
8.876229195581851472e-02 7.450260390082133477e-02 1.238574109893167546e-01 1.234068306823177807e-01 8.935145560958755728e-02 1.614049644623206936e-01 8.941523094397264837e-02 7.395615049514754624e-02 7.396688980861722273e-02 1.013761711520800024e-01
1.007834099497138536e-01 8.640583133028537088e-02 1.075299502435134863e-01 1.071700410805449116e-01 1.002780611598461519e-01 1.326856978278220800e-01 1.003591924548649927e-01 8.382578504131076025e-02 8.392076066086051611e-02 9.704127025123790440e-02
9.391655408656505999e-02 7.428425280262772323e-02 1.210876600745833948e-01 1.207200022487256025e-01 8.799315667448909251e-02 1.703728059959740138e-01 8.809222495633375893e-02 7.282863020136992604e-02 7.283738929661932870e-02 9.786732366271204409e-02
9.933471603513734094e-02 8.994449198049281335e-02 1.030235110696458706e-01 1.028423316905247714e-01 9.535452652137699214e-02 1.409618492755396746e-01 9.542005126047026220e-02 8.888703882839363302e-02 8.893697287366755799e-02 9.529451046475106990e-02
9.741582647308570653e-02 8.674969750990084438e-02 1.122944853585670921e-01 1.120325258429505366e-01 9.359703782603005784e-02 1.316724139867536392e-01 9.365747417247463624e-02 8.506125047495026459e-02 8.510148668465090938e-02 1.024178016706363270e-01
8.679271077234246290e-02 7.588078016593224895e-02 1.288839819582127399e-01 1.284568235477102360e-01 8.594048786892147240e-02 1.503443134807909420e-01 8.597022106840275513e-02 7.718335775247220365e-02 7.714498100864554397e-02 1.034023423765694227e-01
9.702241788604598627e-02 9.393859941470444896e-02 1.090389246205136498e-01 1.087961060156682064e-01 8.983228532506207231e-02 1.335675045960411922e-01 8.984356861062048338e-02 9.047966579751108573e-02 9.052294341769169528e-02 9.695798431614120749e-02
9.649504566428714070e-02 9.064733123170320983e-02 1.092608897535452817e-01 1.089764273899466729e-01 9.260139833424591016e-02 1.377320038492627075e-01 9.266019225600920228e-02 8.757397104833038182e-02 8.763134073366839194e-02 9.642139973900117067e-02
9.622837784827728558e-02 8.046217729516291772e-02 1.142375829567598006e-01 1.139347648774335087e-01 9.452789248507374731e-02 1.433577876095902537e-01 9.457596349315079698e-02 7.838666602561783492e-02 7.841067267325993462e-02 1.058781147356739338e-01
8.491864473748728104e-02 7.897170941789591336e-02 1.030935775672725402e-01 1.030191849010176353e-01 8.534062315517788877e-02 2.123203568891804394e-01 8.535731736168487849e-02 7.802155934982459018e-02 7.796175354714315886e-02 9.099527307331570225e-02
8.659500180145827952e-02 7.282819693051593990e-02 1.268034536612585306e-01 1.263562469043409409e-01 8.615072365622208905e-02 1.675664562459133200e-01 8.617912636875248167e-02 7.138980112325414573e-02 7.137095275497042091e-02 1.047600405533138795e-01
9.389268642373117812e-02 7.948157421477548834e-02 1.183073081974660296e-01 1.178876205469032712e-01 9.157188651798538193e-02 1.484055016786946790e-01 9.163889361915879272e-02 7.740526352671751875e-02 7.744729920573785453e-02 1.039619660688297781e-01
9.383914474767639236e-02 9.010239997780827848e-02 1.208067183460388855e-01 1.205007072327498874e-01 8.674411185733771346e-02 1.211313771383078081e-01 8.676537771687296841e-02 8.694134711068667032e-02 8.697289039547638489e-02 1.061959254770449695e-01
1.036816039592545619e-01 9.285705120827142389e-02 1.049755410414456858e-01 1.049183251801270866e-01 9.585060850911984731e-02 1.222995917985312958e-01 9.583603568712138754e-02 8.806024959883931857e-02 8.801898307514244291e-02 1.035020099421469775e-01
9.339081432792370463e-02 8.679208162549706396e-02 1.083174303466466620e-01 1.081260292396293426e-01 9.588976699609916277e-02 1.436990567189236345e-01 9.592872723297707349e-02 8.624067146184724586e-02 8.622634593904457412e-02 9.538907611141157761e-02
9.932257120748487489e-02 8.016841307108101000e-02 1.159667307551017490e-01 1.156569098053584072e-01 9.721873599172312086e-02 1.300563494718484647e-01 9.726641342358080533e-02 7.898884807935037389e-02 7.901470035557001115e-02 1.063403278389011691e-01
9.294198639793620209e-02 8.134765793357644215e-02 1.175894711105311685e-01 1.171309376855039358e-01 8.918844704125533651e-02 1.526235677615582764e-01 8.924034396954899639e-02 7.998548605492622476e-02 8.002557598515304405e-02 9.992652606001040105e-02
9.588031018435973218e-02 7.684795915989461879e-02 1.227779034897982097e-01 1.222204432362558046e-01 9.429182583458950440e-02 1.373562368871154571e-01 9.438326246823883214e-02 7.501524703434810093e-02 7.509150789032144335e-02 1.061353038150783384e-01
9.701676928003129252e-02 8.433112589676924897e-02 1.075998572701196976e-01 1.073709728732910040e-01 9.501920932889966476e-02 1.493099723121789346e-01 9.508792909653117353e-02 8.316062034752016996e-02 8.319397589765104017e-02 9.790956769700778772e-02
9.401878562627298541e-02 8.281724756597518000e-02 1.118925427657903870e-01 1.115171199110978478e-01 9.621168798586403337e-02 1.497885537613690421e-01 9.626872484210310943e-02 8.085010938913424205e-02 8.088526565775806809e-02 9.574996249463509079e-02
9.328015469662535863e-02 8.449376974376876515e-02 1.154071389616213583e-01 1.149974104697375210e-01 9.523532315224107758e-02 1.354321782908868843e-01 9.525435417420184681e-02 8.210953394853223730e-02 8.215945471605809458e-02 1.016306818463268008e-01
9.443887743017775893e-02 8.661763423407196905e-02 1.063932286742072381e-01 1.061462982211244660e-01 9.635740841176670957e-02 1.408490043185617879e-01 9.642102175832556465e-02 8.672553398691119908e-02 8.677888713259492015e-02 9.927210583225834495e-02
9.615926516552399106e-02 8.307974907486267990e-02 1.117670770308490241e-01 1.115669604906113499e-01 9.864903789785132993e-02 1.325379949595210105e-01 9.872524844874210059e-02 8.348534506041836722e-02 8.348695587273123608e-02 1.005423659988888829e-01
9.472505940214037690e-02 8.879485983739833499e-02 1.078373342988372952e-01 1.077446127327250924e-01 9.250582741734264536e-02 1.471197942111273915e-01 9.253248144351954030e-02 8.656940138114366246e-02 8.653539459797572608e-02 9.563523467778989318e-02
9.594535745666656068e-02 8.585854967629284740e-02 1.075931973303897449e-01 1.074783982265824084e-01 9.534857370851891611e-02 1.519751830824391525e-01 9.540365032499387166e-02 8.305391272248453804e-02 8.303499530524255379e-02 9.430818216638940654e-02
8.903071569647431904e-02 8.266857440718805572e-02 1.235443620669943732e-01 1.230944315673566658e-01 8.680705327126075899e-02 1.464046740729598450e-01 8.684686941956457074e-02 8.121722068559114605e-02 8.124848462733237631e-02 9.913761418527790303e-02
8.596458251592711819e-02 7.727109564594779323e-02 1.342657716046516680e-01 1.337786043299447059e-01 8.336509491960229778e-02 1.390564817318417912e-01 8.338950147512193267e-02 7.649204400208664545e-02 7.648548013587917749e-02 1.099313436389968701e-01
9.873111268505417593e-02 8.298689966233284421e-02 1.077100020912353517e-01 1.075875156497522606e-01 1.045113571310582051e-01 1.280345111808940395e-01 1.045445464089199139e-01 8.302116025266426114e-02 8.298018346643946941e-02 9.989271147164947851e-02
8.999338645501307743e-02 7.755589397275600150e-02 1.170362974793095756e-01 1.168118452852558442e-01 8.995199925843572197e-02 1.687694481396886381e-01 9.001163257183220079e-02 7.688810419905191262e-02 7.685125406730869413e-02 9.613013857134837525e-02
9.506934433430087872e-02 8.290950904473269600e-02 1.180194820949184986e-01 1.177398268194292941e-01 9.350418604106512654e-02 1.345644618724657071e-01 9.357959680569312433e-02 7.994392833031951917e-02 7.999066540230666267e-02 1.046789992547685066e-01
9.081647160545359976e-02 8.146486454912542363e-02 1.193469901368801878e-01 1.191370917551514697e-01 9.096654862598449465e-02 1.453031967332239494e-01 9.101267007046334734e-02 8.059725859785471513e-02 8.055670494356646782e-02 1.007982029822963588e-01
1.020880160277990722e-01 8.009436763561984807e-02 1.079693626417731894e-01 1.076075429827779151e-01 1.002619515459016730e-01 1.475980286587019463e-01 1.003753784208741839e-01 7.857813220270680465e-02 7.864347788690113916e-02 9.678374199694421420e-02
9.235217731771207250e-02 7.776017018493848465e-02 1.161598050517371333e-01 1.159616918249730955e-01 9.089024482497501389e-02 1.660814976931375420e-01 9.095483835239566439e-02 7.690327930525725497e-02 7.685610876924128809e-02 9.608018667563243687e-02
9.211285248694127403e-02 8.256839802324329736e-02 1.187006958716914085e-01 1.183771398168435018e-01 8.945126565683760023e-02 1.401930296748807869e-01 8.946311248407717853e-02 8.364892107996489690e-02 8.362998494731202492e-02 1.018545999582080447e-01
9.554627714312598219e-02 8.232349194022763050e-02 1.109820302326430808e-01 1.106329644180963634e-01 9.533428606650792836e-02 1.473891506180591560e-01 9.539252811240406249e-02 8.164286266679215975e-02 8.168369871770091162e-02 9.907271008444273885e-02
9.126460487672261035e-02 7.774042411443787826e-02 1.265233084156173471e-01 1.261225404602524525e-01 8.916227021945125064e-02 1.410609070212610061e-01 8.921293041524357148e-02 7.663481874283054052e-02 7.665048264865144401e-02 1.056277130855319130e-01
9.833649107804000311e-02 1.017057562281316052e-01 1.049337643942918064e-01 1.048108896957823805e-01 9.153432322172737334e-02 1.223196780668592970e-01 9.154528215365508037e-02 9.510870413570467197e-02 9.517579579123140732e-02 9.452931523457636098e-02
9.361262248024042332e-02 8.004754105337244519e-02 1.188884622266097035e-01 1.184837470566600381e-01 9.388175977658087812e-02 1.458487703132009816e-01 9.390367838347880858e-02 7.641353458725980152e-02 7.643346564525171916e-02 1.024864184773451731e-01
