1.158483188927550978e-01 1.162219638664727245e-01 7.559885545853786692e-02 1.144909356556500224e-01 9.034310564819299227e-02 9.112329901167792734e-02 9.187419847450134514e-02 9.100502578935332210e-02 1.144817143095161888e-01 9.901258289334254059e-02
1.188277758256495037e-01 1.199035871252739777e-01 8.034180249646259708e-02 1.096642209557778108e-01 9.064433644855719729e-02 9.010611880386798500e-02 9.427265800984656330e-02 8.996116821119791440e-02 1.096970263624583580e-01 9.658130576090810659e-02
1.154513663267732054e-01 1.161326650565915330e-01 8.263803782001351295e-02 1.077774263248028885e-01 9.091346440599205880e-02 9.289490629853276726e-02 9.520357863541617505e-02 9.278395451773578662e-02 1.077881331524085384e-01 9.841646746173354776e-02
1.158625881544627922e-01 1.165232616117027192e-01 7.539268650206815137e-02 1.164803770459404003e-01 8.872168370345524802e-02 8.829930642859643020e-02 9.492565328622845633e-02 8.814049532508141938e-02 1.164948491118829865e-01 9.915909883058143803e-02
1.216935736572198196e-01 1.226703147263995264e-01 7.686974349143811669e-02 1.114512089149718860e-01 9.003392832501734555e-02 8.878858270038594847e-02 9.184766912694541929e-02 8.872875081928387198e-02 1.115101111487620256e-01 9.640611708957605441e-02
1.137583952064327164e-01 1.142154714360245765e-01 9.308792924581507644e-02 1.046400782224003179e-01 9.355138375171366538e-02 9.133743134471759839e-02 9.781614990787114439e-02 9.140567670943895717e-02 1.047013911669538444e-01 9.548609300863213079e-02
1.198458559856676181e-01 1.202969993303035362e-01 7.412714438499500014e-02 1.126881779865938765e-01 8.902162315044775953e-02 8.923615775776919112e-02 9.249540640022614613e-02 8.914367008453696894e-02 1.126759405853637319e-01 1.004690243340961714e-01
1.165169561592115377e-01 1.171708520202728171e-01 8.043965727329778492e-02 1.125534678315070758e-01 9.177709012450269155e-02 8.915454069863842923e-02 9.379617537041719244e-02 8.902196220179471597e-02 1.125619371580254963e-01 9.700736116233225903e-02
1.147176540880950613e-01 1.151375899250602769e-01 8.370763498921870993e-02 1.100630630459753789e-01 9.204266179047557173e-02 9.200471281360377007e-02 9.193494583124348085e-02 9.185659820370514761e-02 1.100325433421813354e-01 9.850259597044122573e-02
1.175339589603938140e-01 1.184942057173864194e-01 7.905313925923714014e-02 1.132725768693183255e-01 9.043077150402607789e-02 8.916405794123033468e-02 9.070530280499071452e-02 8.901989965243664593e-02 1.133145206656639425e-01 9.901156662531655772e-02
1.216538295366865752e-01 1.229427876540771097e-01 8.053828045746780351e-02 1.097450141611747837e-01 8.962086967129219428e-02 8.736256960777842584e-02 9.326709528464020849e-02 8.723426733003822320e-02 1.097950982772141482e-01 9.784018801963050016e-02
1.196440226778396204e-01 1.207478334020520294e-01 7.403698239865777464e-02 1.180389062263380862e-01 8.615295241675213767e-02 8.785982264609393244e-02 9.075518029222538752e-02 8.766882221741756354e-02 1.180820909035104060e-01 9.701338681911307604e-02
1.137175224056634903e-01 1.139007698638775795e-01 8.036020900454601823e-02 1.189980604909567363e-01 8.951701950063820079e-02 8.705241265200291956e-02 9.210459086019549824e-02 8.700793108411442045e-02 1.190327189408123126e-01 9.830876519719276840e-02
1.203568415643836848e-01 1.215031018624842807e-01 7.306634082669415109e-02 1.212473419543623615e-01 8.614081751020806477e-02 8.581324548469095037e-02 8.812158465663906537e-02 8.564743273498727494e-02 1.213212550887635827e-01 9.678203831678651448e-02
1.200912711654271159e-01 1.209252789843855980e-01 7.267279412002938810e-02 1.171274155314166454e-01 8.821430393079451870e-02 8.746026500802622783e-02 9.097517008151159712e-02 8.733415038220114501e-02 1.171649687729102302e-01 9.803438202329750606e-02
1.207730828930399236e-01 1.219708225099860460e-01 7.713152254349553427e-02 1.137608776124682114e-01 8.719536231157785922e-02 8.851530735451430820e-02 9.207330029491547774e-02 8.840200105756199078e-02 1.138353204362863996e-01 9.634240298615423526e-02
1.147335593710604729e-01 1.156947313735488120e-01 8.193490719191877381e-02 1.134180985116725049e-01 9.071620519051440401e-02 8.995745394853779664e-02 9.294767206572887575e-02 8.980887108832660837e-02 1.134759915567889466e-01 9.731250970190286065e-02
1.149979492490558475e-01 1.155096894605393970e-01 7.571246682249364868e-02 1.092322395629685416e-01 9.278672281686516088e-02 9.380739522774965422e-02 9.463503956023033847e-02 9.357283544083161431e-02 1.091687229937943621e-01 1.005769388654713797e-01
1.209055049074792554e-01 1.216297615464752152e-01 7.136641666920530425e-02 1.148083497813996434e-01 8.909907466270115817e-02 8.781716575644692158e-02 9.180801924846210271e-02 8.763578069104001333e-02 1.147830791009556706e-01 1.001468476358347570e-01
1.177843204495086504e-01 1.183648890924536290e-01 7.977555736466213077e-02 1.154584642295987257e-01 8.985197542869995113e-02 8.640049819628294048e-02 9.204401963659790409e-02 8.628262399495428836e-02 1.154688455819929266e-01 9.856880602524886736e-02
1.211443665894915561e-01 1.220940225693943615e-01 7.658441635867040131e-02 1.129361791927604858e-01 8.953908978236600757e-02 8.769076478512806416e-02 9.193405721765726679e-02 8.757339662474861175e-02 1.129686007872508363e-01 9.753510609253240871e-02
1.153776771621966846e-01 1.163576332650495260e-01 8.193494660517576522e-02 1.093611758331856365e-01 9.165936658135964699e-02 9.099541935062034625e-02 9.551824521148537250e-02 9.082450005821597616e-02 1.093869091424924944e-01 9.858412679021853753e-02
1.170750294239268630e-01 1.179841642631033888e-01 8.272828111967261977e-02 1.119716954102395745e-01 8.982060529012736438e-02 9.079322501879233398e-02 9.098523388473704621e-02 9.068013610011028958e-02 1.120216247195263970e-01 9.594000476976410896e-02
1.188906531023338070e-01 1.196747265220892559e-01 7.698079018417144925e-02 1.144437459862310408e-01 9.073332516306621687e-02 8.822116564786974813e-02 9.181154675462553649e-02 8.807576772536007681e-02 1.144575958105836372e-01 9.671068310366924548e-02
1.175103297595324198e-01 1.181343802776905760e-01 8.266132508247847621e-02 1.143246592487563579e-01 8.907679600071259640e-02 8.921157175135627226e-02 8.979697989650618772e-02 8.914205310449492548e-02 1.143680943973030412e-01 9.577381048116917484e-02
1.210551737974355641e-01 1.217390843887024149e-01 6.921948079664336229e-02 1.176791875604917825e-01 8.771488676752613178e-02 8.892130397899192240e-02 8.890867778417753386e-02 8.873268625519857566e-02 1.176568252837966316e-01 9.837269338703609478e-02
1.146249353954234967e-01 1.152859161317407455e-01 8.102228642117743906e-02 1.107868864807047271e-01 9.148114272739517328e-02 9.263034598299833833e-02 9.289234160126906559e-02 9.249416422737838372e-02 1.107999221277445046e-01 9.798205890416818165e-02
1.143562641092945031e-01 1.148812423525819998e-01 8.214604438869123337e-02 1.096911081229880458e-01 9.053725872703090316e-02 9.135894757352948370e-02 9.388209499711366868e-02 9.131501769125884016e-02 1.097285411820901613e-01 1.021034808554211609e-01
1.176364058728204265e-01 1.185544621871337662e-01 7.948281804981992271e-02 1.131390705694018395e-01 8.970911229079438221e-02 8.884580915846308768e-02 9.149405187002755679e-02 8.873012167867144750e-02 1.131898339120289421e-01 9.921831441083858727e-02
1.135373501645007138e-01 1.140762156066959104e-01 8.380261747116450610e-02 1.116013015840659622e-01 8.983012780980040302e-02 9.108571062424264397e-02 9.485808826344911682e-02 9.096435525713851555e-02 1.116129523738813717e-01 9.863128084506084248e-02
1.211613199419708936e-01 1.220705461861994051e-01 7.416042107800129013e-02 1.136448316433937705e-01 8.804726028474220423e-02 8.830592392036711036e-02 9.145130474070270465e-02 8.820782183435842139e-02 1.136870662149448014e-01 9.926350415531934313e-02
1.163991529016664694e-01 1.174547459811552674e-01 7.789730385350521202e-02 1.147228131507692789e-01 8.947187827295333129e-02 9.003725505069816448e-02 9.066711659134854551e-02 8.987405453506877584e-02 1.147825653623980868e-01 9.869311430043684052e-02
1.168984970882405855e-01 1.179470231125917257e-01 7.653729843574079428e-02 1.164532350801057020e-01 9.038043572305778928e-02 8.792391796187976061e-02 9.154700633031531698e-02 8.777607966886953605e-02 1.165241464904543528e-01 9.801236010874445070e-02
1.041927899237877486e-01 1.044358346967166201e-01 8.455035996143039911e-02 1.029403031493463655e-01 9.215014974663518488e-02 1.018139972840365615e-01 1.007266590725499622e-01 1.017428175114367395e-01 1.029455394355650449e-01 1.045015492184954292e-01
1.137049172619100101e-01 1.140959907582722865e-01 8.738121697130871168e-02 1.069537689474939490e-01 9.420270576560516029e-02 9.183757897725453034e-02 9.689884400899928529e-02 9.182454403099933604e-02 1.069785939611817005e-01 9.612183931697507178e-02
1.204586750640049969e-01 1.213477411614471008e-01 7.938445421844742000e-02 1.173591280735171161e-01 8.523310966379683828e-02 8.531510843823593426e-02 8.910802375357314287e-02 8.520697183917633200e-02 1.174124943264049786e-01 9.917429346139614021e-02
1.175301373567294999e-01 1.180333001035009099e-01 6.917179687055086124e-02 1.194010073414117634e-01 8.667596142134670334e-02 8.955191234679743539e-02 9.178993953655575910e-02 8.943338165136600904e-02 1.194224700054552363e-01 9.899009336628583622e-02
1.203076390557150932e-01 1.211502808860577679e-01 7.747910175749748996e-02 1.129305482089041357e-01 8.897033914148905209e-02 8.912855458666996133e-02 9.023138521503759613e-02 8.900172534133399260e-02 1.129494370212566767e-01 9.785098878603822048e-02
1.244856324910364187e-01 1.254345245915531593e-01 7.764795010886714477e-02 1.157774338751268034e-01 8.674688429656057798e-02 8.589974230183299031e-02 8.847383038856986015e-02 8.582776804175884511e-02 1.158318726111983582e-01 9.387436129349581437e-02
1.217852638932872822e-01 1.228143110057107329e-01 7.374231978471738891e-02 1.189960622223110859e-01 8.747560036634627334e-02 8.544193303685414242e-02 8.896505012625281761e-02 8.536899475752973698e-02 1.190931697504803016e-01 9.631729505651029366e-02
1.207331865310654478e-01 1.216735878232719226e-01 7.984434722696850950e-02 1.123386761708048409e-01 9.005084142028693672e-02 8.789667615982639515e-02 8.975799154177140082e-02 8.777852349422993194e-02 1.123689786011753816e-01 9.755719103059927455e-02
1.155380209545963516e-01 1.164758343928946061e-01 7.942251765015435894e-02 1.147741376497811022e-01 8.993714453762620409e-02 8.888912051472898368e-02 9.283307960478986987e-02 8.877638680143885852e-02 1.148503819557269573e-01 9.850337593826272164e-02
1.207669214688953524e-01 1.213711241817608116e-01 8.086679572563687524e-02 1.125261298360308304e-01 8.877557531622638776e-02 8.683497240274720697e-02 9.200184123032567607e-02 8.674140900691008904e-02 1.125266731207015120e-01 9.758855771076528629e-02
1.179224114343853519e-01 1.188696464380607637e-01 7.572748425993480748e-02 1.148767098134620829e-01 8.914057246431289494e-02 8.939680925089985020e-02 9.070740444036741457e-02 8.921622986471111627e-02 1.149018200660631012e-01 9.924091196780260304e-02
1.146569791062632682e-01 1.152674632976048580e-01 7.444272338755035523e-02 1.139836864836487329e-01 8.922811208571208852e-02 9.236723798843275712e-02 9.190553438373498529e-02 9.224120734890682571e-02 1.140094149494736003e-01 1.018976409686725010e-01
1.159696038510986543e-01 1.164357106921904278e-01 8.175330827220449181e-02 1.106519847441322646e-01 8.908821553059308174e-02 9.000884165732339626e-02 9.385633269836163306e-02 8.996447691000432345e-02 1.106776964293987309e-01 1.015938292146929822e-01
1.173110161526154938e-01 1.175987369365078250e-01 6.971867335687753631e-02 1.199905771756556300e-01 8.811379085738164918e-02 9.024439343416516823e-02 8.801905566345281928e-02 9.014958681166247711e-02 1.199984176256564117e-01 9.885575198602494784e-02
1.190698329279396978e-01 1.198814926726107094e-01 7.372613245782605462e-02 1.180116929133617903e-01 8.579332584614692003e-02 8.849199859682187197e-02 8.997666231894997646e-02 8.837813949144503189e-02 1.180649561780398316e-01 9.860576659685815759e-02
1.158110819292543364e-01 1.164060751881438593e-01 8.135165482508742441e-02 1.094334218807487547e-01 9.153547529931950477e-02 9.190825617310624529e-02 9.204161974508641431e-02 9.183686996449783035e-02 1.094578786676047438e-01 1.002176663271508450e-01
1.152931236125864234e-01 1.158913093460517685e-01 7.699704380941667370e-02 1.080132025323748551e-01 9.042142168896193100e-02 9.253448863907108579e-02 9.646509423671789651e-02 9.244133551520976322e-02 1.080233976982623995e-01 1.039195829213472311e-01
1.043287089626552255e-01 1.045655650822148036e-01 9.065343121940670768e-02 1.025250358425544989e-01 9.747102118974318441e-02 9.612190377779240846e-02 1.008763490710705285e-01 9.616102935512051142e-02 1.025725389495152351e-01 1.047244165499268825e-01
1.159665344978410423e-01 1.166908653228811155e-01 8.137147381071049845e-02 1.105221218871851457e-01 8.948184800688621654e-02 9.032433616235913121e-02 9.495367663736319075e-02 9.015089681679858136e-02 1.105132649874752959e-01 1.000249818704998239e-01
1.102614177342804702e-01 1.109283538905269234e-01 8.161117446499294159e-02 1.086910702941470269e-01 9.251516846307464292e-02 9.316552502070181430e-02 9.801749267663187326e-02 9.301174421401323111e-02 1.087104755068403206e-01 1.030875777347907973e-01
1.122250723145400003e-01 1.132285347754919264e-01 8.457959634707951091e-02 1.073375093520208684e-01 9.433937714224865934e-02 9.190395689783568967e-02 9.809096748718114378e-02 9.170142809987763544e-02 1.073602922167162105e-01 9.923326536700834144e-02
1.206754190576991709e-01 1.217016734791439847e-01 7.700024778650814417e-02 1.157523913627818007e-01 8.536785447616020150e-02 8.809681310440441171e-02 9.053216989363073453e-02 8.799451136258472361e-02 1.158212546243331253e-01 9.705766485275374444e-02
1.203280086928655568e-01 1.209564025071139248e-01 7.010170932664214205e-02 1.184773219136661809e-01 8.696117834537683833e-02 8.868770206282888813e-02 8.815028056580749560e-02 8.856729975506873187e-02 1.184958118690326995e-01 9.927428496159763915e-02
1.223682249470198630e-01 1.234777234872748708e-01 7.653310428739597271e-02 1.173135987987110607e-01 8.438997279153702402e-02 8.569969161959282988e-02 8.963266815974609003e-02 8.565259931030032303e-02 1.174254622457749364e-01 9.750695435264701560e-02
1.190017177883481575e-01 1.194524212899747556e-01 7.341973203065405018e-02 1.208822919047495004e-01 8.678343682015501881e-02 8.716254976781946662e-02 8.746459532001163439e-02 8.710153345640683775e-02 1.209298642533735008e-01 9.780185736850703637e-02
1.167309599527340258e-01 1.173548114550927585e-01 7.621520193758719863e-02 1.145377292339422454e-01 8.992624110806926585e-02 8.996189636865400963e-02 9.184138501830979573e-02 8.985090320212163473e-02 1.145630387072126000e-01 9.901783301627649359e-02
1.122105176643182350e-01 1.127359104784533272e-01 8.154012985971748062e-02 1.092112223580241626e-01 9.103411900457226980e-02 9.424769965664356319e-02 9.320837838184217738e-02 9.418639511543219767e-02 1.092490570189858512e-01 1.023765704620108186e-01
1.241546163584921342e-01 1.253112353253674482e-01 8.027420395743536941e-02 1.116741927182615252e-01 8.724877007307968446e-02 8.575569572269840790e-02 9.193443422797940856e-02 8.567910425772543026e-02 1.117324861045361772e-01 9.623526125442441459e-02
1.081111776597596941e-01 1.084774094900228109e-01 8.475459673254372162e-02 1.085272187248452758e-01 9.314281631384128957e-02 9.377113844787456076e-02 9.627152373917530204e-02 9.378070580925287891e-02 1.085941286222561614e-01 1.045692844604283467e-01
1.176708516695151030e-01 1.187970837722498452e-01 8.240040933196114692e-02 1.116384825615743814e-01 9.058248082428760339e-02 8.987772334502568128e-02 9.149069173276905276e-02 8.970726508782819741e-02 1.116802163467300602e-01 9.615479532805891461e-02
1.174237787396324451e-01 1.183636754781025036e-01 7.655043589735115173e-02 1.104095836793011626e-01 8.952919109787985108e-02 9.176496835095765414e-02 9.401472869924031028e-02 9.158516968348127951e-02 1.104198108760736929e-01 9.993865749797986586e-02
1.129128698010168075e-01 1.133978555698146873e-01 9.006523443775550641e-02 1.092386149133557499e-01 9.539221342182203911e-02 8.803509523182417862e-02 9.672646363473251518e-02 8.804118865694739171e-02 1.093022007561530035e-01 9.688826357657819022e-02
1.173203907619583264e-01 1.177768309087029591e-01 7.623845481356178455e-02 1.146139200056578711e-01 8.851581141583177159e-02 8.998202424941527389e-02 9.192461984701501276e-02 8.991944978610345862e-02 1.146404635825465507e-01 9.906803462920701908e-02
1.126554900368482437e-01 1.133051324359108242e-01 7.661914575594820642e-02 1.179630518064516548e-01 8.786042436574952041e-02 9.174807212252021615e-02 8.887097983486445807e-02 9.171998670566908207e-02 1.180820903554183204e-01 1.011756265806194877e-01
1.137474644324961148e-01 1.143605824197451853e-01 8.060697331435891233e-02 1.153486073828363101e-01 8.983832090077610577e-02 9.080742544553394024e-02 9.142897017234313806e-02 9.067828463295077301e-02 1.153830416497828859e-01 9.780032964917667604e-02
1.163609489752654574e-01 1.168962665288892366e-01 7.772109042106342680e-02 1.130985874412974296e-01 9.034039378281674693e-02 9.032452245449033856e-02 9.216284621858311654e-02 9.021225827576574707e-02 1.131062990274685626e-01 9.977678687435997951e-02
1.148756207546917651e-01 1.152425040219339086e-01 8.210266452982514784e-02 1.106967952000595251e-01 9.091368552219145083e-02 9.117572489126989088e-02 9.321946969618737089e-02 9.108569542656079487e-02 1.106904247237644467e-01 9.999741523351564354e-02
1.156952260927323201e-01 1.163761165655115559e-01 8.361126227840109948e-02 1.088363196204158168e-01 8.972862566690738284e-02 8.974336298647411780e-02 9.536464333835119322e-02 8.973943545896653773e-02 1.089045395821139628e-01 1.020004684101260134e-01
1.189094417584796587e-01 1.197776450093043371e-01 7.744511902631839861e-02 1.137890194161766261e-01 8.908733790239346806e-02 8.909169150818903316e-02 9.187155868947710635e-02 8.892648780801945541e-02 1.138009630616959866e-01 9.730073581994594378e-02
1.132012234747480500e-01 1.140211239976674923e-01 8.000938919091087065e-02 1.154456872231681558e-01 8.958329971690993931e-02 9.176743148793925497e-02 9.020472233472566492e-02 9.165176370247175852e-02 1.155233722014638725e-01 9.859198666999496874e-02
1.166209188405344654e-01 1.173075155508193634e-01 7.318277802557252021e-02 1.194971368352585883e-01 8.550462010754152076e-02 8.904162195118338341e-02 9.060569930127194971e-02 8.897597694323897133e-02 1.195841469424800546e-01 9.967958550209915503e-02
1.203426775595296261e-01 1.209985737963781421e-01 7.592118233968936369e-02 1.178436576020501503e-01 8.707048372134702785e-02 8.760789195941023899e-02 8.795236841460023214e-02 8.757310735973418414e-02 1.179151310865036023e-01 9.677492616075744625e-02
1.228655995168247278e-01 1.237887929156382821e-01 7.567077569663747949e-02 1.135239165628326025e-01 8.550715802060315784e-02 8.980202448951149496e-02 8.950313132556719786e-02 8.978156719760345406e-02 1.136031111243415853e-01 9.595392315043999032e-02
1.195124972781327066e-01 1.203920501103394047e-01 7.393545191519615423e-02 1.198317524756766644e-01 8.602845810799153448e-02 8.686393603303803335e-02 8.839719769332145261e-02 8.680922590314779641e-02 1.199384146671579748e-01 9.829101581599831994e-02
1.174125370169995242e-01 1.184547871031000899e-01 8.178259845672346262e-02 1.097572278983422328e-01 9.095502046817603714e-02 8.900159629855661225e-02 9.599780261036638951e-02 8.883542984188955161e-02 1.097813387513471572e-01 9.802166155449892893e-02
1.313842762691327382e-01 1.318095545677872016e-01 4.607218273341013443e-02 1.223407423951414497e-01 8.433787092168457122e-02 8.499844272440727766e-02 8.942388085633426464e-02 8.450170927994120340e-02 1.220283159815744450e-01 1.031030242705866934e-01
1.139419700862305956e-01 1.146296053624278194e-01 7.611377088599396989e-02 1.126334433690753672e-01 9.054621940452496631e-02 9.196019753699598287e-02 9.282683149831824632e-02 9.184998959690812703e-02 1.126758185688196828e-01 1.028221536907052563e-01
1.160601216302268451e-01 1.168377457035448125e-01 7.753610300024524338e-02 1.136811053435565350e-01 8.986931095797542901e-02 9.084134161531427776e-02 9.146800928871165470e-02 9.066954290869576327e-02 1.136946797485611921e-01 9.934203980316820559e-02
1.191770393734769284e-01 1.200715298041226259e-01 7.986573520739745358e-02 1.128060958701029015e-01 9.018858422100159422e-02 8.787170129859377121e-02 9.194954218840428739e-02 8.779000921120712342e-02 1.128621120459047805e-01 9.741765077978849219e-02
1.174934405050917646e-01 1.183544840583810320e-01 8.076997031868257682e-02 1.173471383249855143e-01 8.991235158476557077e-02 8.569172550402043287e-02 9.228563152076162124e-02 8.563703387750733198e-02 1.174483232294053076e-01 9.505990107639876452e-02
1.199547914457052139e-01 1.208439995384824189e-01 7.344479888442077831e-02 1.179392247824414541e-01 8.561868332252556280e-02 8.775837008885195578e-02 8.886663020717083805e-02 8.760834775096848492e-02 1.179748708447547895e-01 9.999028313467857310e-02
1.134489922360751996e-01 1.140284513426029905e-01 7.722231634172421755e-02 1.143831038377658982e-01 9.008733542600341759e-02 9.319141365073388417e-02 8.891470742552268214e-02 9.312164159551265807e-02 1.144437918596226678e-01 1.011582462844363289e-01
1.205571633133536713e-01 1.214533241615441544e-01 7.068071964768067594e-02 1.145474641012778766e-01 8.915172132665778737e-02 8.888400555300079997e-02 9.253576862335252673e-02 8.865378159321547769e-02 1.145194198614636061e-01 9.901663181845339612e-02
1.181369271441118918e-01 1.191314480951348315e-01 8.490126254228312630e-02 1.090077114602327479e-01 9.072459458907103369e-02 9.163324810352106720e-02 9.109213009542158068e-02 9.154017962915579620e-02 1.090589681937268463e-01 9.477353014734109238e-02
1.211250604123943614e-01 1.224196749407587131e-01 7.543057423932285344e-02 1.140341238929579032e-01 8.791778133045127785e-02 8.754989235572735451e-02 9.117547574419142264e-02 8.733302900001600755e-02 1.140585393438158374e-01 9.895584874036426892e-02
1.117415837274781665e-01 1.124040856591823900e-01 8.457776872516362121e-02 1.096200975893660834e-01 9.051425490282986874e-02 9.436006249740198915e-02 9.474789246047117530e-02 9.424899278545219306e-02 1.096573793438642697e-01 9.812788230879022910e-02
1.171596644424533207e-01 1.178141991866184929e-01 7.252661302777331509e-02 1.183140970416109855e-01 8.846100537889729776e-02 8.719067802377566956e-02 9.198984297864361281e-02 8.706697564458260041e-02 1.183492477898121925e-01 1.011276764858325961e-01
1.164724026547921537e-01 1.170614150325979541e-01 7.552540082726949544e-02 1.135891871364875239e-01 8.797973163282382658e-02 9.236682694821445050e-02 9.048857424233752722e-02 9.223685303623059550e-02 1.135982456042316235e-01 1.006813628850148495e-01
1.182530330075271113e-01 1.192750977756186492e-01 7.726006329892885771e-02 1.155369683475522824e-01 8.592124889509075714e-02 8.952830490758138804e-02 9.089363187980714631e-02 8.940997840712949785e-02 1.156102654050745610e-01 9.831140807568973516e-02
1.111388712372648052e-01 1.117036871167624568e-01 8.249777051668598371e-02 1.059487512398988029e-01 9.258087974608170123e-02 9.507357581329618779e-02 9.684888727291603161e-02 9.502852966483399388e-02 1.059891285455960702e-01 1.031899188466639944e-01
1.195177325520906386e-01 1.204571307890869997e-01 7.692363499280728545e-02 1.143412222602657458e-01 8.887052865966076076e-02 8.865932505358066484e-02 9.064497293608135553e-02 8.854584077435781464e-02 1.143914485968109407e-01 9.764816338525780792e-02
1.131687171848645701e-01 1.137660832122254911e-01 8.173683047516762390e-02 1.137455013560611100e-01 8.969572986889275124e-02 8.904390643995781229e-02 9.410679466486759903e-02 8.896213106843336993e-02 1.137983874772031806e-01 1.019759182523264640e-01
1.188276256880659160e-01 1.196484151203391633e-01 8.115002234939926173e-02 1.124397054528369216e-01 8.973941466032270275e-02 8.908549557327068158e-02 9.081285915649396634e-02 8.897280758127287803e-02 1.124691892595725690e-01 9.685446515842595361e-02
1.129585014264138654e-01 1.135396417875271791e-01 7.967525362888819296e-02 1.082945592752631164e-01 8.972684060689710417e-02 9.272431316361515186e-02 9.759658413215230310e-02 9.265773055305692729e-02 1.083287121389509000e-01 1.044978632872353291e-01
1.229056777475480977e-01 1.240941948890518925e-01 7.742870286947339808e-02 1.116492642187104783e-01 8.834780898019671536e-02 8.727707176103463582e-02 9.063189799611581776e-02 8.718869397368765595e-02 1.117123102803271179e-01 9.876437728385417669e-02
1.245199390302006159e-01 1.257272545003419173e-01 8.234245615608572211e-02 1.108146761805114122e-01 8.758073574271990624e-02 8.622543813334355989e-02 9.110575059293067601e-02 8.612948171228523853e-02 1.108617391334838498e-01 9.469252881809704647e-02
1.155546450865340552e-01 1.161350637343122050e-01 8.459628302078686657e-02 1.122700206809092438e-01 9.206572874495726200e-02 8.585763352757051770e-02 9.636135046898874901e-02 8.576398793064535231e-02 1.122914158030905996e-01 9.910387100220513501e-02
1.186122363754932435e-01 1.193663611030823246e-01 7.228573313739478090e-02 1.150021888076777632e-01 8.784553575988077179e-02 9.130365001791919399e-02 9.140529279064660284e-02 9.115077561680458296e-02 1.150155852440602616e-01 9.801264114704050234e-02
1.122210826397336825e-01 1.127559951904623797e-01 8.899401317301368353e-02 1.073341780297174669e-01 9.059847022539183059e-02 9.291838354987878856e-02 9.204475398964177824e-02 9.290704211712969007e-02 1.073880563378721981e-01 1.028380247471585157e-01
1.224791057129926974e-01 1.237540182904223324e-01 7.922642181258265914e-02 1.142643613545290537e-01 8.783169136518068076e-02 8.540247620599919487e-02 9.223231288382305326e-02 8.534416780827325244e-02 1.143723906963433762e-01 9.509305386985364428e-02
1.235428695489313444e-01 1.245536593264990749e-01 7.094827662505776011e-02 1.152913131464915614e-01 8.841658767812259068e-02 8.917673080998961277e-02 8.807446905286586691e-02 8.898261017761845137e-02 1.152867362282749969e-01 9.572674740614871280e-02
1.190989580355318045e-01 1.195972659569302515e-01 7.291754311905292163e-02 1.133593429586867984e-01 9.047600719905374289e-02 9.077978453018589744e-02 9.163102342706938575e-02 9.057217167251140066e-02 1.132972904819603971e-01 9.827061261901738620e-02
1.197132044024828562e-01 1.204852459595153330e-01 7.058603246046561697e-02 1.162478881151673832e-01 8.850580167674042265e-02 8.973693935714424641e-02 9.237704826831219518e-02 8.953378256099776833e-02 1.162319612996613460e-01 9.658209589951280427e-02
9.983033786791770114e-02 9.966404864179624623e-02 9.330745787622574117e-02 9.679585296891916879e-02 1.000535459198085425e-01 1.016051881050949179e-01 1.050686768322230263e-01 1.016801171278757937e-01 9.678892642452399664e-02 1.052058482356148794e-01
1.033394602365942938e-01 1.032374999422851769e-01 1.012296515033532934e-01 1.011082041479585969e-01 1.030985960991051276e-01 9.644058730196368445e-02 9.945732146940383656e-02 9.649982645260002379e-02 1.011130486498401093e-01 9.447580419689582953e-02
1.112932527087344137e-01 1.118234113414175307e-01 8.469911346176010880e-02 1.136994033012506677e-01 8.904351342098205946e-02 9.266938112539375993e-02 8.978244394084806956e-02 9.268036520910584442e-02 1.138041429926659742e-01 1.005049724978415576e-01
1.129500302247725824e-01 1.135099526160921884e-01 8.392977976111513916e-02 1.124339276573741025e-01 9.101244673778044469e-02 9.316239536409856581e-02 8.889601521668762107e-02 9.309739751481671544e-02 1.124868597195837622e-01 9.852119518767883666e-02
1.168470926567792972e-01 1.175309297834056660e-01 7.647333151015453523e-02 1.140098114844278199e-01 9.002123422097142724e-02 9.158850710903115866e-02 9.009728581214060394e-02 9.145592857588456803e-02 1.140299472488253835e-01 9.794593159837951257e-02
1.155004353444796933e-01 1.162704622681887817e-01 8.055836344249138470e-02 1.119823085542067109e-01 9.084737663380225425e-02 9.029940641302164339e-02 9.364193370207889167e-02 9.010233605615805552e-02 1.119756413320000116e-01 9.882173625357254521e-02
1.166491581849891379e-01 1.173686439193140085e-01 7.530729305299302401e-02 1.150487305628716816e-01 8.788880414537686425e-02 8.988169613182447892e-02 9.216992103059057362e-02 8.972357360550893557e-02 1.150634169819933911e-01 1.008987623845379183e-01
1.169536180164224698e-01 1.174558302826357037e-01 7.889645248924027909e-02 1.119690260097538775e-01 8.949149052903790369e-02 8.973014063916331939e-02 9.391781296452088312e-02 8.966713700886291827e-02 1.119908928748945542e-01 9.992759918546804954e-02
1.215016985012202649e-01 1.225161931939814375e-01 7.266961334284288698e-02 1.128869145363119580e-01 8.838789443894386200e-02 8.943494974962055977e-02 9.139428577494110306e-02 8.922813009876967572e-02 1.128769194131803710e-01 9.910340095018788098e-02
1.127901363654040812e-01 1.132227669228013656e-01 7.756049924735475276e-02 1.215453844893503582e-01 8.924879634572532860e-02 8.711164830043856278e-02 9.080652201702199555e-02 8.707260843566413944e-02 1.216423033952374472e-01 9.899933448100196876e-02
1.142909674981285317e-01 1.146044363289624168e-01 8.099788180069028565e-02 1.096895847214094249e-01 9.118718119558066881e-02 9.111386481562402939e-02 9.435850994078581744e-02 9.105201249992925239e-02 1.096889263829115696e-01 1.030166348159780310e-01
1.207456695853311446e-01 1.215502435562054451e-01 7.501071479112986218e-02 1.151745089415719125e-01 8.862633809306498522e-02 8.626156307492337250e-02 9.234561650851831616e-02 8.609702295196021427e-02 1.151700637251386189e-01 9.901825877215608696e-02
1.180445180587501169e-01 1.190595202770960565e-01 7.836010388686004413e-02 1.108792207402159447e-01 8.961525633857546358e-02 8.925394059272540037e-02 9.522739915768534125e-02 8.907710522896718219e-02 1.108959881017928112e-01 9.958694761733156986e-02
1.220041374892952557e-01 1.231245697304183262e-01 7.550318013987089572e-02 1.128416840308473085e-01 8.778747190881050488e-02 8.852090737670782750e-02 9.211989347416635332e-02 8.839057138185253681e-02 1.128843604357078617e-01 9.682322403232312968e-02
1.242228548346430428e-01 1.253312470415185731e-01 8.044556957258075514e-02 1.151047946274963846e-01 8.648396914110710598e-02 8.668728854547036455e-02 8.608319543212653024e-02 8.668543324520006088e-02 1.152208945124427314e-01 9.373475304741443748e-02
1.178008414385980779e-01 1.185976719657326067e-01 8.173696287444030817e-02 1.147574222589021198e-01 8.853642181906819231e-02 8.652047501611874469e-02 9.295157590704410111e-02 8.647512445160067396e-02 1.148391102273299547e-01 9.778439404116513745e-02
1.241445922931661283e-01 1.252790663325353826e-01 7.318767765388940749e-02 1.158932911229854645e-01 8.703398998023659239e-02 8.780725087201107781e-02 8.793601802069411777e-02 8.767067268653654100e-02 1.159363881138249786e-01 9.511105292412030954e-02
1.129664794774177250e-01 1.137278736805405199e-01 7.815088614873308415e-02 1.113702158142718945e-01 9.288318084883089021e-02 9.323177846346843156e-02 9.393154980903201112e-02 9.301532051795777245e-02 1.113684704693185812e-01 9.935424477042907598e-02
1.218260120407843178e-01 1.225319546742686116e-01 7.063258056723192846e-02 1.202096626032843341e-01 8.676476714364475540e-02 8.506409898757043286e-02 9.123146637521083180e-02 8.490982436078316209e-02 1.202123192541047630e-01 9.661731399311684898e-02
1.135619081408257985e-01 1.140698988699329480e-01 8.544772427185706731e-02 1.082748700827385752e-01 9.243274363886365419e-02 9.153450767179156788e-02 9.551413785125545397e-02 9.140758613588259585e-02 1.082649873672156260e-01 9.949163596963667144e-02
1.112492329186795664e-01 1.117192182503218972e-01 8.302676928050188587e-02 1.111306391859342713e-01 9.471434627654505556e-02 9.052154384360693029e-02 9.512114753205272444e-02 9.039970327857746457e-02 1.111413496456953587e-01 1.009760497880848457e-01
1.265880021130503796e-01 1.278616744558832563e-01 7.724237917598511527e-02 1.161514854373140448e-01 8.460109378740945929e-02 8.513624632925738400e-02 8.695141436581732552e-02 8.509111784080704288e-02 1.162545550433761177e-01 9.412203145109990232e-02
1.137589289293921141e-01 1.145343009052140065e-01 8.989676842433878823e-02 1.083476414919720965e-01 9.503156000383358726e-02 8.880603023673244723e-02 9.631649137188696974e-02 8.877790608462875210e-02 1.084232664958391240e-01 9.610710605616208657e-02
1.095686974536712738e-01 1.100071598443856935e-01 8.450784064809273299e-02 1.147994704547336958e-01 9.557812092786055480e-02 8.865510342901777863e-02 9.316015121917826936e-02 8.854619293306764671e-02 1.148373628861092260e-01 1.003399002038831422e-01
1.177196756153071899e-01 1.185486325845831329e-01 7.645694306719079403e-02 1.105860420390865073e-01 8.928791941160388324e-02 9.043912393646910686e-02 9.387305049349907449e-02 9.032379713505458985e-02 1.106133621415664459e-01 1.021514535756393033e-01
1.151992266013158878e-01 1.155493475829224848e-01 8.354621053753005788e-02 1.113734554787808584e-01 9.164678514763159589e-02 9.093726491057557704e-02 9.110805091057083693e-02 9.095648267636970152e-02 1.114244183423663964e-01 9.825875781193660341e-02
1.199190055904457708e-01 1.208910232713212157e-01 7.348512333239158589e-02 1.175344632037710474e-01 8.783351897963052879e-02 8.784319354448534567e-02 8.921685643973180369e-02 8.778379518132795045e-02 1.176360926794523254e-01 9.785692777744239845e-02
1.201407923063671362e-01 1.211391253355203479e-01 7.474540053860510846e-02 1.152706483586983938e-01 8.744139408361528698e-02 8.731954492409919888e-02 9.069741798929162324e-02 8.717529532221901523e-02 1.153102417531168267e-01 1.007601393884670488e-01
1.103144334632920748e-01 1.108614013636708834e-01 8.870244099946825167e-02 1.119303961159271443e-01 9.509514008681405062e-02 8.828934934398102730e-02 9.570792984831556771e-02 8.825626913043610466e-02 1.120093415552718824e-01 9.883329809282298539e-02
1.088442349000801612e-01 1.091305291173644831e-01 8.491245719983071816e-02 1.076939387556023198e-01 9.226209365900417403e-02 9.166198857997172322e-02 9.996101074472719950e-02 9.172649410087441169e-02 1.077693163305454699e-01 1.060379366119993394e-01
1.118554806808550600e-01 1.122480703840280092e-01 8.321025893990353917e-02 1.133806724019741780e-01 9.275318673621739396e-02 9.194157509958482410e-02 9.024636483547608667e-02 9.188041054838204380e-02 1.134210691334042453e-01 9.906291124017455041e-02
1.164406254252568079e-01 1.172346947865589156e-01 7.705011751486959271e-02 1.089703076541848337e-01 8.931209808036623399e-02 9.276338175863148294e-02 9.685077319483691161e-02 9.262902961175153993e-02 1.089844504517196444e-01 9.976452152182406496e-02
1.186822484598338279e-01 1.197394390237548900e-01 7.795829892693528773e-02 1.166004834434687665e-01 8.866650048943092166e-02 8.637679176077285581e-02 9.058406438178689957e-02 8.625786463488564759e-02 1.166782799842421142e-01 9.845602889488877518e-02
1.150761678278829081e-01 1.159732361056930172e-01 7.304318292602797469e-02 1.149420156529565584e-01 9.161775674641468858e-02 9.109879945537756318e-02 9.334356714078288764e-02 9.085544317304378170e-02 1.149445800162997161e-01 9.910525095552090435e-02
1.158542863195700240e-01 1.164653495354968510e-01 8.018213712254082526e-02 1.101731395261037333e-01 9.119431703185151838e-02 9.143133981445665526e-02 9.360171782018104902e-02 9.129371480867859434e-02 1.101683314326528523e-01 9.963566658846788326e-02
1.146806443163267825e-01 1.154330147543900509e-01 7.651110919653034137e-02 1.174920316750644317e-01 8.977527396836422480e-02 9.024489786269149216e-02 8.904185610104065063e-02 9.011171788374285063e-02 1.175498428748129459e-01 9.915961136703621559e-02
1.122313701791606555e-01 1.130543532813969854e-01 8.117475228599888015e-02 1.133616580201532997e-01 8.970787861398425711e-02 9.276647383733885310e-02 9.216843301884504458e-02 9.266798150346770846e-02 1.134443693033756889e-01 9.942272995627859933e-02
1.155966297641469187e-01 1.162966538632639046e-01 8.403902008567411264e-02 1.083332725975850452e-01 9.107093207781251365e-02 9.220020720106236745e-02 9.155692502412918210e-02 9.204832983820926406e-02 1.083272300612788536e-01 1.005307994868378380e-01
1.159082417619692468e-01 1.163855910506596675e-01 7.915354155070811193e-02 1.106283198446624400e-01 9.182285968093509276e-02 9.263043033936953219e-02 9.132104742715381474e-02 9.248995855576758185e-02 1.106067948509851934e-01 9.905321493778936059e-02
1.179693009308435681e-01 1.184856423923483781e-01 8.388509851062854461e-02 1.099887464500276801e-01 9.124161159795254883e-02 8.965389189291511629e-02 9.191848692152219946e-02 8.965300380617785558e-02 1.100317791460256323e-01 9.717243835155846277e-02
1.160526700872137190e-01 1.163878855986925920e-01 7.893103850957940149e-02 1.134417745539032935e-01 9.036512748338294820e-02 9.074061611428083096e-02 9.136019907032784382e-02 9.068762592305035231e-02 1.134574542920553097e-01 9.857560836751369515e-02
1.165650523897511365e-01 1.174187897927697066e-01 8.210621246845679899e-02 1.177116831512035333e-01 8.889038834166793079e-02 8.736713069643085861e-02 9.003024915366224235e-02 8.728405258609901740e-02 1.178023594389457501e-01 9.482408198101305308e-02
1.177010556344655068e-01 1.185849747656781278e-01 8.020643873562373349e-02 1.173367504736312211e-01 8.676292843002822441e-02 8.707989370647818694e-02 9.017314988087846150e-02 8.703670944819087707e-02 1.174476395572190413e-01 9.767045936780660575e-02
1.131046321863609649e-01 1.134666815432966158e-01 7.829352922353925714e-02 1.089596712282001750e-01 9.139747925011626473e-02 9.601188172533645093e-02 9.325133757292719539e-02 9.594189506963153591e-02 1.089655774263814797e-01 1.006073147742101298e-01
1.195704781983921855e-01 1.200920159643502627e-01 7.556412308232685060e-02 1.180443385810129447e-01 8.717795169322456461e-02 8.816001280006251217e-02 8.864315032698968921e-02 8.809405362872962941e-02 1.180825893220338041e-01 9.657128640287757082e-02
1.165776687324772548e-01 1.171549117503805221e-01 7.816775972887819723e-02 1.121451312906819042e-01 8.977841028458861949e-02 9.087476742436882693e-02 9.303106712222564134e-02 9.073079026423262750e-02 1.121365413167645098e-01 9.940295208540181338e-02
1.116756215837601540e-01 1.119034677428570185e-01 7.979223415915046025e-02 1.185360400298547945e-01 8.988175460805884753e-02 8.979426664068689001e-02 9.009811659719831056e-02 8.975473680481095562e-02 1.185894857274122083e-01 9.997427610621034688e-02
1.179870389935342712e-01 1.188259096673694865e-01 7.167055157235925622e-02 1.139911413274917185e-01 8.958947976514081146e-02 9.019494579849093863e-02 9.315447240657370731e-02 8.994968016848570169e-02 1.139615468964509659e-01 1.006752334041031566e-01
1.194964847601006769e-01 1.199581097308303895e-01 7.405560957486920226e-02 1.184588150918640531e-01 8.794241944602097794e-02 8.760959360272818630e-02 8.915350529364934884e-02 8.754745407733471874e-02 1.184929653205612082e-01 9.728504310204123817e-02
1.202207223982598994e-01 1.212790945271399606e-01 8.371833742563139502e-02 1.107040931132664691e-01 8.806160799682601070e-02 8.887745394112112063e-02 9.218130295864479518e-02 8.884371204461306848e-02 1.107917240990673458e-01 9.532195149542993517e-02
1.125744478315470753e-01 1.132501974970333836e-01 7.941878019559224511e-02 1.131109860964278208e-01 9.188152192762777393e-02 9.179277620785714076e-02 9.296069302628105768e-02 9.164104598862637951e-02 1.131391210928263669e-01 1.002304301361808120e-01
1.199687985310072813e-01 1.208723405057664096e-01 7.738436828505569631e-02 1.133670936105953264e-01 8.870679296728199714e-02 8.935221991004944908e-02 9.219871362982012819e-02 8.924174622572005056e-02 1.134074460341738810e-01 9.550048030052980808e-02
1.094854724720458888e-01 1.099138848561291015e-01 9.468778820036821697e-02 1.054898776718552339e-01 9.714231696868053101e-02 9.250965416812823028e-02 9.784030074788972742e-02 9.250179538600646068e-02 1.055348650502879043e-01 9.489404447860873282e-02
1.132021725910951210e-01 1.139620179654371179e-01 7.543602353198848587e-02 1.160294809684149636e-01 8.987767978710020644e-02 9.165507900811419029e-02 9.241657574808363751e-02 9.157743932488113248e-02 1.161226247734022526e-01 9.972090630148286450e-02
