8.921564386289761173e-02 1.113753858119005125e-01 7.592739691500385857e-02 9.413614089488757386e-02 9.470933617100429913e-02 9.552993767069696551e-02 7.707169749924505653e-02 1.386468400003759704e-01 1.203624159726777582e-01 1.030252052013103797e-01
8.779437484323338037e-02 1.048460921964913389e-01 7.811651500692010086e-02 9.196130133836083465e-02 9.129238917006929355e-02 9.540219858630911987e-02 8.244361514783807299e-02 1.497796336909421877e-01 1.202961432812407055e-01 9.806773673859506268e-02
8.853706683951108325e-02 1.037021958091897816e-01 8.245548641373019738e-02 9.408100331348592804e-02 9.599940542468544946e-02 9.833104074094906055e-02 8.428185465002076271e-02 1.314966603741245244e-01 1.192604606261397499e-01 1.018548258081634489e-01
9.419849671900437649e-02 1.236254719829726068e-01 7.267474438037205275e-02 8.920305295506331111e-02 8.855363352124398513e-02 9.515644272736585585e-02 7.597507517292174939e-02 1.448687937497655231e-01 1.160697635478757372e-01 9.967452524341480213e-02
8.929779029725196104e-02 1.094221803922467012e-01 7.568495974704796125e-02 9.228364979963957215e-02 9.090878200953776689e-02 9.404385156496615494e-02 7.788642923021600606e-02 1.469080965395553051e-01 1.247370916981981326e-01 9.882716872134042485e-02
9.396923002676378645e-02 1.052514376062023832e-01 8.908917262945283133e-02 9.162978265212999573e-02 8.947370704908046146e-02 9.591634502060664147e-02 9.250795855907098519e-02 1.369151036847603142e-01 1.117576785445748011e-01 9.348958422735777207e-02
8.882667601093051368e-02 1.110847325717945061e-01 7.502505571619731695e-02 9.233699752536160543e-02 9.231842387619536294e-02 9.576949092795412899e-02 7.528443093281744769e-02 1.412586989183433062e-01 1.240350006755489981e-01 1.040604928448568833e-01
9.898807178552035402e-02 1.213386870464405048e-01 7.657386853728744003e-02 9.361941561686719371e-02 9.075034047858733521e-02 9.545346783974634208e-02 8.071145532065412964e-02 1.251260357864334150e-01 1.185339578421435447e-01 9.890469974631976857e-02
8.932531126139144073e-02 1.054490401049205661e-01 8.358464265952179895e-02 9.457697170070665516e-02 9.430305733490874920e-02 9.422900369299475054e-02 8.355425002711749927e-02 1.364119196327188421e-01 1.174632296269055576e-01 1.011025739588141681e-01
8.879591152547576527e-02 1.098162445214888039e-01 7.619108705197646936e-02 9.156860872075588131e-02 9.014166844003340673e-02 9.162174013289725583e-02 8.096901382294258154e-02 1.518157249814433007e-01 1.187278518641383812e-01 1.003521489388481541e-01
9.099185492161254718e-02 1.107474440412343636e-01 7.760833864622883327e-02 8.969740755198746252e-02 8.732759553410587849e-02 9.313239902269453141e-02 8.140329939366409973e-02 1.494503875197492337e-01 1.215772917549596960e-01 9.806398161376328471e-02
8.711786777891755706e-02 1.172532182832713710e-01 7.335221045440185050e-02 8.979237654956512271e-02 9.136296355147442705e-02 9.426215519655203878e-02 7.730982546011389012e-02 1.441635969751740853e-01 1.242167151324861385e-01 1.011690706180435467e-01
9.099160566472956624e-02 1.206343040647267079e-01 7.648828277335915915e-02 8.909379266607145298e-02 8.643444316627882373e-02 9.158308091422009967e-02 8.103842523439871992e-02 1.530326296614354098e-01 1.130421403745681813e-01 9.766129548021183771e-02
9.355383853903327662e-02 1.326707763993675016e-01 6.838854988458910322e-02 8.569463172754009095e-02 8.518194760027907042e-02 8.740033581705991539e-02 7.357688273394989709e-02 1.578381526118025624e-01 1.193521407623417130e-01 9.634274392403691101e-02
9.290817313027621704e-02 1.233357390894047612e-01 6.966752109066794152e-02 8.838400282688130272e-02 8.743292551022519010e-02 9.093840200819414132e-02 7.287679312984850222e-02 1.562329273813260755e-01 1.200270651014671702e-01 9.819645073170865657e-02
8.851788053832818082e-02 1.143889178514471971e-01 7.515969552010434707e-02 8.894737457145460158e-02 9.018798205237628374e-02 9.373059475733901136e-02 7.712004061631282104e-02 1.505231791735338331e-01 1.230528728534574651e-01 9.837146206564620354e-02
9.171289330410982432e-02 1.136159317329216989e-01 7.716707467124821196e-02 9.197224691071756442e-02 9.109051632612080729e-02 9.399687734752526502e-02 8.487853280947608992e-02 1.407294598316014278e-01 1.160544528404838099e-01 9.878201422579525881e-02
9.161567163070614972e-02 1.064353337228959723e-01 7.693728845584697773e-02 9.626590939430196281e-02 9.703375140015713107e-02 9.779955372559549776e-02 7.994882328920861758e-02 1.310412384960084053e-01 1.186429492730297075e-01 1.042794806122495366e-01
8.207165480651759659e-02 1.028968593827097044e-01 7.029148655312596194e-02 9.238909811539654238e-02 9.077098663063006001e-02 9.488060222154461043e-02 7.402942875075227414e-02 1.640913468142509435e-01 1.248107326288483560e-01 1.037678040962239367e-01
9.306932412367599494e-02 1.193741427407193495e-01 7.398446960721839771e-02 8.944121526107354225e-02 8.578116664496744648e-02 9.141941940830045077e-02 7.766511379469270837e-02 1.543028805301502604e-01 1.169283411402854272e-01 9.803392674891642233e-02
8.673019507197099465e-02 1.075574115513909801e-01 7.514932574509008978e-02 9.258899485957092224e-02 9.050716317233997721e-02 9.486355981547098248e-02 7.689947895410242928e-02 1.498080986348981070e-01 1.250334861191293723e-01 1.008622860760361450e-01
9.553240513393553013e-02 1.133212134393694059e-01 7.977587400888128122e-02 9.340908073941839307e-02 9.260557879193602460e-02 9.705748863424847050e-02 8.443769253610938774e-02 1.260136076934968985e-01 1.172443445996752959e-01 1.006027144229292847e-01
9.193027094355549211e-02 1.137771769644824044e-01 8.042857630706204408e-02 9.172298272028876764e-02 9.260607121468233949e-02 9.273632928351718818e-02 8.084923883044106696e-02 1.385591456469181249e-01 1.193770653376410168e-01 9.801314275141148613e-02
9.888860380206297707e-02 1.252930645551670608e-01 7.166009189168558169e-02 9.044063220307177464e-02 8.773369117268027539e-02 9.127852719243739754e-02 7.706659308824477528e-02 1.431323951254049320e-01 1.181521412107270769e-01 9.635425975851814873e-02
8.348027989894922507e-02 1.051749119961628148e-01 8.035209814246174753e-02 9.029355369053443381e-02 9.027899767589189772e-02 9.091033725497864315e-02 8.170654406928173907e-02 1.618064472756957639e-01 1.189985409211955919e-01 9.699828907484819851e-02
1.177606438480092582e-01 1.702565121815419746e-01 5.962241625584647348e-02 7.876038711150980254e-02 7.958105904044918133e-02 7.956349270327636725e-02 6.197056742234981208e-02 1.560827153874760898e-01 1.081830841451459219e-01 8.821912190439512580e-02
8.892826367085478190e-02 1.059966742498414383e-01 8.208302602885127197e-02 9.612008133414848277e-02 9.716960402362628813e-02 9.738146194613539475e-02 8.426163181357738952e-02 1.249724505737208197e-01 1.201345694972183326e-01 1.029522368620258282e-01
9.143341232542680219e-02 1.101281324813145751e-01 8.091851576420840131e-02 9.229659592366697141e-02 9.303111669936717232e-02 9.562757869744809014e-02 8.137072847955552357e-02 1.345295130380505799e-01 1.165491043333568288e-01 1.041153022576050968e-01
9.005190079503874734e-02 1.125375730074366226e-01 7.792146574630738620e-02 9.083116677310132392e-02 8.982674088160408354e-02 9.245181251568747316e-02 8.087570783605727009e-02 1.460516442513946356e-01 1.189089255507030929e-01 1.005430626426693924e-01
9.491449728946993458e-02 1.179362495357938606e-01 8.094148599660505594e-02 8.980797934215310752e-02 9.089102686423805588e-02 9.462676272433584446e-02 8.531837959030486029e-02 1.337581497560432486e-01 1.132276464419461337e-01 9.857782245910992613e-02
8.548896666724194182e-02 1.086578709364009049e-01 7.310816799836385160e-02 8.980566762207588261e-02 8.991176105012110842e-02 9.310887251674984655e-02 7.718745086302751524e-02 1.580629959890224867e-01 1.234076359293066333e-01 1.012606104276898011e-01
8.970421474378389992e-02 1.134777442915145262e-01 7.602719055940443393e-02 9.197126581905634701e-02 9.242574691087392103e-02 9.294469049306289254e-02 8.168064822218941423e-02 1.408336982195140807e-01 1.193350503187523975e-01 1.015997504218480590e-01
9.056143020304122104e-02 1.152357736004548106e-01 7.360927543811345009e-02 9.226301560176088101e-02 8.962350382608756660e-02 9.321467828810965639e-02 7.824806871355437232e-02 1.480060036130148859e-01 1.190544698431516002e-01 1.001837808727116114e-01
9.254048880465631788e-02 1.029337534847701713e-01 8.505982064017497679e-02 9.356941001831989291e-02 1.033525833943265831e-01 1.021490734610080858e-01 8.476983254887521246e-02 1.237367922827764533e-01 1.056749586752551151e-01 1.062132866898372052e-01
9.474992486624612964e-02 1.073834189175092435e-01 8.423123483225465613e-02 9.377602430774040210e-02 9.133926542634772383e-02 9.643583596916660561e-02 8.824804644953580801e-02 1.349900314095741072e-01 1.132428507362388675e-01 9.560336708538647033e-02
9.328091570645796748e-02 1.300049694315577042e-01 7.504412987587175121e-02 8.414607951312574885e-02 8.403922588704627883e-02 8.778680062544351459e-02 7.766931371293077369e-02 1.514292525296048186e-01 1.186873349313138509e-01 9.791197778664763318e-02
9.321631802999420791e-02 1.292721199095406004e-01 6.670110170603910094e-02 8.631832057821668680e-02 8.895075220038935193e-02 9.120541798415766899e-02 6.650206607430565742e-02 1.626578954521250286e-01 1.167124014870496440e-01 9.846360657818201134e-02
8.298216034043101597e-02 1.029818304475508539e-01 7.727100468457383242e-02 9.196048416638305523e-02 9.193503863036657509e-02 9.305536412798821877e-02 7.971946857046514900e-02 1.549225291687392758e-01 1.240593417500977513e-01 1.011127781134043419e-01
8.977890956501348441e-02 1.196053100240546258e-01 7.412063805820692797e-02 8.693722895156025254e-02 8.592073520667713182e-02 8.854593580356916183e-02 7.619642599447591647e-02 1.602463126533545390e-01 1.246648379548137842e-01 9.398366578827414830e-02
9.183024889205441965e-02 1.247799958404442050e-01 7.027635168463609860e-02 8.842351302218083575e-02 8.623758584882909584e-02 8.980825620579389879e-02 7.528943250692061995e-02 1.529292268544044098e-01 1.230482828207414142e-01 9.737710632399498856e-02
9.123701063239267328e-02 1.128913678854200631e-01 7.605411051472310557e-02 9.160778696861028580e-02 8.925246567755697191e-02 9.112247328843768590e-02 8.122169345683648289e-02 1.447708823312136572e-01 1.225881922865578594e-01 9.925401695825118720e-02
9.397578510689415243e-02 1.196720735721850809e-01 7.438131464971209361e-02 9.022582585331563598e-02 8.907500161086766288e-02 9.294813441509917895e-02 8.118343328817577420e-02 1.438500337747437852e-01 1.157459693280773194e-01 9.894242840092927482e-02
8.453185411439650965e-02 1.055259709257262563e-01 7.655222697583526081e-02 8.962539748115623539e-02 8.744417853253839967e-02 9.271358654708736213e-02 8.059381274190258182e-02 1.629433886741925852e-01 1.216782022219595749e-01 9.839138178520520639e-02
9.081445036448364261e-02 1.157046248450264159e-01 7.438788760617474904e-02 9.161111933701830690e-02 9.168082942860936169e-02 9.293013936758486027e-02 7.792571632828008965e-02 1.421280931887938803e-01 1.207558324517218618e-01 1.020613070823067625e-01
9.137827484593032124e-02 1.155393001157907634e-01 7.350474144552798794e-02 9.274134386751906045e-02 9.583549255841108949e-02 9.531730479786287846e-02 7.439104825580378222e-02 1.364700724029650203e-01 1.188804753071822373e-01 1.059419464030068314e-01
8.748783237367378784e-02 1.076486194056282264e-01 8.208650271722768565e-02 9.035689038170451048e-02 9.114499779544667224e-02 9.510513712846221934e-02 8.272693763675786904e-02 1.428892102397254227e-01 1.175572932543129390e-01 1.029965790670606396e-01
9.083276033401585514e-02 1.229896282517540934e-01 6.699862292681997566e-02 8.967529157963835540e-02 9.158853161174572433e-02 8.942357255863207788e-02 7.278333924832820767e-02 1.562250755644788436e-01 1.190819451827069136e-01 1.004012327418799394e-01
8.220738673443940547e-02 1.104739393521654844e-01 7.366372865835059403e-02 8.815688709146837776e-02 9.074592168433863459e-02 9.225925870779741467e-02 7.549972523200161600e-02 1.635911280316007521e-01 1.220935671586207000e-01 1.013084573492170348e-01
9.266421848295022801e-02 1.102307530133802005e-01 7.776174883936662341e-02 9.248951179807571310e-02 9.274700950046768644e-02 9.288943132475759035e-02 8.108962460141999617e-02 1.419484321242709679e-01 1.169142376018183771e-01 1.012650327134926032e-01
9.391740579407850675e-02 1.116537374382420011e-01 7.785736662737506586e-02 9.316441731288066519e-02 9.520383994504277858e-02 9.922222613187367535e-02 8.139366605070740002e-02 1.218439777239004734e-01 1.186112157564603170e-01 1.071321472194391167e-01
9.871574062068888544e-02 1.039206617090331353e-01 8.489317922514276471e-02 9.554137061065157144e-02 9.427422466221570263e-02 9.894619768646946423e-02 9.387699442343477862e-02 1.245781156717194749e-01 1.024512309684292022e-01 1.028022844222150067e-01
8.909457973878108505e-02 1.088407600630295485e-01 8.063903421247516079e-02 9.081751730165932290e-02 9.146174954910146759e-02 9.607127758040336085e-02 8.177179494055701603e-02 1.425086765095532615e-01 1.172585620505694343e-01 1.015360480538703702e-01
9.090080938897436569e-02 1.054931194671339112e-01 8.195414454134890281e-02 9.600413628434019409e-02 9.656072079789901341e-02 1.014482401070556095e-01 8.675424662461746206e-02 1.196237018401303670e-01 1.141102854034498210e-01 1.071505955450503395e-01
9.662487729383233137e-02 1.091622807666587924e-01 7.918760066802112141e-02 9.524215782954985332e-02 9.268230358960481696e-02 9.869484601551251068e-02 8.933889273352779714e-02 1.257432881150380155e-01 1.129183137414424970e-01 1.004054392468122781e-01
9.011607566278242998e-02 1.221112042449077756e-01 7.543251482583274159e-02 8.629237535090608646e-02 8.891103626971466611e-02 9.133622962576548598e-02 7.470726078839853845e-02 1.511353041650459195e-01 1.218193920389669532e-01 9.813860702767937538e-02
8.956830272370082391e-02 1.212487688349360299e-01 6.811424955604061804e-02 8.829762521953175847e-02 8.981379254035869175e-02 8.930845816208068944e-02 7.225003992366184347e-02 1.588639397229717476e-01 1.218410882750893265e-01 1.006937350416284432e-01
9.008346669003021445e-02 1.258384533489783352e-01 7.376130601206710991e-02 8.474168514947184871e-02 8.595686441469579941e-02 8.991715788399967657e-02 7.564125611275315797e-02 1.531603483144583500e-01 1.229324048824177035e-01 9.796705719112779043e-02
9.367332948584225494e-02 1.315926088604727484e-01 7.028223391879950821e-02 8.681755935219820364e-02 8.698589075486325151e-02 8.739388401205717971e-02 7.169717500518946185e-02 1.549890927382315819e-01 1.188902346468685561e-01 9.767799122547723978e-02
9.008475253022951712e-02 1.133050141800455018e-01 7.618800582023416146e-02 9.315892111243645468e-02 9.301234700924666809e-02 9.495563289537650720e-02 7.582032236231291134e-02 1.402684339276320802e-01 1.206667377570045246e-01 1.025398324054816318e-01
9.484530356660171579e-02 1.133429926670956184e-01 8.169664445932135755e-02 9.382705862430772148e-02 9.705962803371950831e-02 9.596852246499219807e-02 8.101048342777388001e-02 1.210784266908047219e-01 1.155832251340175171e-01 1.055877149313657892e-01
8.770880470529386630e-02 1.113894347052331035e-01 8.026010910002161214e-02 8.808946048089058567e-02 8.645457599381382863e-02 9.268214664565353755e-02 8.195235325276564731e-02 1.489765033626446189e-01 1.253010338829073922e-01 9.718557787077582166e-02
9.458907710239022881e-02 1.100202990082030791e-01 8.189685749643181578e-02 9.347428408270985756e-02 9.409939921755627878e-02 9.662741877299095561e-02 8.632121578068882584e-02 1.292822018013186913e-01 1.086219531662280385e-01 1.050672935714822148e-01
9.286379712407166753e-02 1.133735825895329230e-01 7.944162203251275978e-02 9.317311400126025711e-02 9.231926406240914540e-02 9.383832779885463438e-02 8.195012125709838502e-02 1.333176122814671571e-01 1.207046366884605426e-01 9.901792216433251415e-02
8.972458822962220415e-02 1.091356951405066528e-01 7.863525139334402725e-02 9.337824567948398158e-02 9.553863712933467756e-02 9.775395905198304425e-02 7.930823115585564076e-02 1.301351543989276160e-01 1.220620577462051548e-01 1.043281800747369731e-01
9.724482958012854728e-02 1.114131807564416599e-01 8.458904642346566638e-02 9.381251369362811343e-02 8.652945520563787296e-02 9.514412400366729916e-02 8.962716919776822500e-02 1.351597824110211954e-01 1.112000934694432758e-01 9.527980525879817253e-02
8.320047503527819299e-02 1.051942811204859274e-01 7.697652161084934941e-02 9.306736411934761477e-02 9.442196150086817896e-02 9.653291089041192430e-02 7.938268515544043280e-02 1.439718813123517516e-01 1.232070150474997849e-01 1.040449042074668151e-01
9.053720117920581456e-02 1.209944289403892120e-01 7.549305557490158802e-02 8.939356326191474911e-02 9.330464624339492030e-02 9.037742199174134128e-02 8.157455566846773254e-02 1.406021649009832897e-01 1.146781599927176876e-01 1.030448022462836649e-01
9.608387075492194618e-02 1.234326911575581026e-01 7.755415655214450976e-02 9.076585845400110542e-02 9.157830007370394709e-02 9.216766147621162364e-02 8.494421186188186312e-02 1.300456332921707536e-01 1.146297270906549565e-01 9.879788928675117821e-02
9.379056232134731774e-02 1.168201123259532542e-01 7.516460773796314332e-02 9.240676445091221269e-02 9.219293895088614965e-02 9.408284302884664663e-02 8.061316313426709901e-02 1.341902276938005123e-01 1.187406020390634753e-01 1.019981783169602030e-01
8.647292446135083910e-02 1.037665796810700591e-01 8.337282571865937963e-02 9.325201022035213561e-02 9.332300732631913787e-02 9.546117071839975432e-02 8.266783429475571543e-02 1.416274948687461510e-01 1.175917812149453595e-01 1.024643714954015100e-01
9.611032334694472046e-02 1.171566807241783276e-01 8.095308519232335964e-02 8.930032104874484344e-02 8.926843941902160018e-02 9.489326686241106312e-02 8.200538758429287700e-02 1.334236449070045072e-01 1.152878279739397022e-01 1.016010229411389437e-01
9.264231833557050322e-02 1.177634145592341142e-01 7.426940798267478439e-02 8.992675856987873695e-02 8.972617718693298716e-02 9.246500885409540682e-02 7.869364175803206241e-02 1.466839544113892058e-01 1.196225921691257688e-01 9.820672617306645813e-02
9.674697257742893852e-02 1.251143221898387281e-01 7.577131912408061054e-02 8.979604912879539380e-02 9.189909739215983142e-02 9.024900305043312421e-02 8.225714850190869731e-02 1.359318623605527965e-01 1.132946636368511173e-01 9.893956203795083171e-02
9.188133955120819651e-02 1.289517457088041885e-01 7.179607640390379963e-02 8.662710813992566261e-02 9.007356453574119626e-02 9.167511686304377627e-02 7.352446054688775712e-02 1.464229965229820740e-01 1.180566235738499392e-01 1.009909681536533960e-01
9.486356467506873447e-02 1.290340884011753619e-01 7.551305873359548393e-02 8.928087256999819865e-02 8.968182908842464718e-02 9.012253361114204442e-02 7.412109665452290552e-02 1.348575214072982309e-01 1.233940037156228825e-01 9.913143114315149662e-02
8.497561986881393969e-02 1.117617851914029237e-01 7.990598962961434348e-02 8.651652238156504193e-02 9.077253400233720182e-02 9.051399503246307376e-02 7.680082195099330322e-02 1.572797612277267165e-01 1.244274329258111822e-01 9.704553778927232921e-02
8.852889088904558612e-02 1.226213367986373204e-01 7.101803786751766101e-02 8.735532467478458740e-02 8.808403486777312275e-02 8.966679521889671378e-02 7.485904598521656017e-02 1.566976091512516933e-01 1.213387749983925040e-01 9.983014954848427880e-02
9.443462460881028864e-02 1.134758643037975245e-01 7.810573115372357322e-02 9.102869541826631716e-02 8.892913484252287781e-02 9.579048575877358029e-02 8.350004569579008717e-02 1.393515444820723481e-01 1.171719299266844178e-01 9.821194380955898529e-02
6.357652206205963163e-02 8.345293557143830532e-02 4.994731136794705595e-02 9.420503452605165362e-02 9.409441568371330888e-02 9.893630847898998715e-02 5.039735654738241449e-02 2.064114656698942951e-01 1.443030325374397016e-01 1.146756175550836671e-01
9.151426377358846953e-02 1.129170901535494626e-01 7.345730713867357209e-02 9.210473509611986909e-02 9.342291021492636627e-02 9.424840759261612910e-02 7.852381878721508002e-02 1.434073078324049066e-01 1.157030167973521484e-01 1.047011426135540657e-01
8.999223316731928823e-02 1.125120471868771704e-01 7.605020964126088523e-02 9.159006396916787029e-02 9.238813555334224326e-02 9.294615477488542277e-02 7.890398962105761582e-02 1.464713219090472418e-01 1.178683306812190884e-01 1.012775134958231876e-01
9.017956844803831640e-02 1.116736262579143268e-01 7.682554095612535716e-02 9.232823887099787796e-02 8.983447581277438643e-02 9.399476968589480508e-02 7.934017159772197014e-02 1.441543002817275987e-01 1.219109652237432145e-01 9.975834286506211901e-02
9.519249059725583273e-02 1.248484094970693792e-01 7.268554222008836996e-02 8.866308428272483277e-02 8.440439764858867489e-02 9.091312260374202758e-02 8.039021655573234948e-02 1.532815609836807591e-01 1.158648412660376742e-01 9.375633434508007236e-02
8.658298873027418796e-02 1.177058510200644226e-01 7.309403968954442110e-02 8.769408829113532755e-02 8.966922493013911033e-02 9.077085035151377657e-02 7.496298627854425245e-02 1.546144641973525025e-01 1.224776478758437259e-01 1.024278586355882870e-01
9.389994171064712514e-02 1.187280031574960149e-01 7.583553244624623157e-02 9.237041695050927925e-02 9.545689798005092819e-02 9.106699185610046821e-02 7.838532702493522519e-02 1.342559147015756904e-01 1.162303533763244245e-01 1.037706207961146404e-01
8.947701782494255074e-02 1.134021955169196849e-01 6.974177410857326787e-02 9.103794271362299073e-02 9.047889304182045456e-02 9.410406904650688020e-02 7.344977536843989852e-02 1.547843884395294078e-01 1.224367660214121800e-01 1.010871779182326985e-01
9.267097658360202994e-02 1.106452285937954971e-01 8.254639846785734314e-02 9.274631962001468610e-02 9.360537471001624532e-02 9.298285282898083315e-02 8.711469682437292250e-02 1.300627367486386354e-01 1.206886987413777895e-01 9.693671688134404552e-02
9.097853868402110133e-02 1.168377919796724090e-01 7.277360815072013434e-02 9.008623812287043509e-02 8.950725795375930050e-02 9.306265456994110286e-02 7.565284001321002927e-02 1.459854758182820567e-01 1.235784162468851338e-01 1.015371784606383249e-01
9.506210292231664916e-02 1.146202123512259086e-01 8.114653339405469845e-02 9.326180002922794532e-02 9.713691917137491638e-02 9.744229999506844042e-02 8.449185897644070908e-02 1.207186302132772643e-01 1.149479924421455274e-01 1.011716505048679549e-01
8.286705105288426354e-02 1.077957961995703318e-01 7.285213627256348357e-02 9.211575536571445233e-02 9.057593119015415473e-02 9.556770129964432814e-02 7.667127556999929483e-02 1.545856163238513437e-01 1.216729879069179815e-01 1.052957488187003660e-01
9.100984608914046425e-02 1.167358600013631842e-01 7.482118166391794889e-02 9.007520497282427152e-02 9.436965960995574720e-02 9.243491668854436627e-02 7.636159284410336257e-02 1.422283180734687236e-01 1.189204106887089135e-01 1.030430093679729903e-01
9.293327161053666075e-02 1.257054852200008288e-01 7.434123947552424838e-02 8.577055324839734374e-02 8.925165402529931791e-02 9.054039371054141416e-02 7.706646776345707495e-02 1.483083755153122574e-01 1.178538922612587247e-01 9.822866716967210143e-02
9.262508806323134503e-02 1.055962897620826985e-01 7.919933362428081824e-02 9.264266271286110410e-02 9.510955880522248274e-02 9.683838601920004285e-02 8.436455658460273455e-02 1.390116976122226788e-01 1.112198563081079339e-01 1.033925705081881891e-01
8.852651621898226242e-02 1.125323686273228402e-01 7.517107149887010398e-02 9.075654605053297408e-02 9.039435795015968167e-02 9.238356384331272708e-02 7.888711526433679622e-02 1.497481371781822224e-01 1.218484499474827565e-01 9.975187342081755226e-02
8.855787824286666388e-02 1.109882868301903247e-01 8.188403383285117187e-02 9.154359036055838283e-02 9.074806333745707998e-02 9.589986467339937926e-02 8.254323123528774231e-02 1.383297725594332117e-01 1.153592290650710256e-01 1.041460498628850317e-01
8.674197423546545216e-02 1.071377595328866228e-01 7.919692242536355287e-02 9.125024401030706889e-02 9.042482925041636643e-02 9.215976377145772280e-02 8.268440214183934989e-02 1.513332649498234928e-01 1.206028789732995904e-01 9.846796070914072552e-02
9.459836349343427042e-02 1.144590753443388148e-01 7.634598844259514461e-02 8.845914968936149925e-02 9.132572515267199653e-02 9.609360311405608368e-02 7.912358834220724335e-02 1.451821758084013980e-01 1.112831375153169322e-01 1.031291930976165616e-01
8.674056790881197465e-02 1.082231832961246532e-01 7.703978025797608709e-02 9.017872488127048891e-02 8.897706582731156055e-02 9.236406650703732346e-02 7.853991597079747200e-02 1.516418743871144892e-01 1.253835172656976860e-01 1.009113036978582373e-01
9.058857031808492666e-02 1.142325884002174524e-01 7.897257506243016145e-02 8.811081397411053839e-02 8.661150547934566568e-02 9.149275452877274339e-02 8.070706551457781930e-02 1.488505951163761332e-01 1.251594901280572991e-01 9.527404147802723267e-02
9.156028762515118491e-02 1.108609147881133572e-01 7.839606261888221184e-02 9.209769251226372633e-02 8.570926203261319820e-02 9.622071762552876495e-02 8.405396684104894656e-02 1.465971522205853084e-01 1.153893547926373719e-01 9.911458894317594359e-02
8.791751945629601439e-02 1.130420421496498157e-01 7.427199145638137268e-02 9.275681443004411830e-02 9.619456948049655287e-02 9.625680155286096829e-02 7.513542854788102243e-02 1.361308076861828809e-01 1.248474035920943692e-01 1.034466216481128714e-01
9.474683416520764123e-02 1.122288412936411489e-01 9.162116421229359042e-02 9.165976945220438710e-02 9.397122595643032927e-02 9.310379826204898124e-02 8.768987529107449830e-02 1.172148176897378630e-01 1.136261553642538835e-01 1.041375183131076909e-01
9.126821493668628438e-02 1.185837293549141247e-01 7.573566166371066555e-02 8.797327498672134760e-02 8.547180485134470151e-02 9.227970655577263925e-02 8.165022356822773664e-02 1.489519067027390009e-01 1.227481071584754224e-01 9.533737022140810480e-02
8.719739623125200012e-02 1.118201148725083832e-01 6.956787735799332961e-02 9.065302817274735470e-02 9.118157250934187663e-02 8.999965049158356600e-02 7.242288676681429838e-02 1.629438355767868496e-01 1.261326825033361743e-01 9.808095551763620912e-02
8.644094563526374952e-02 1.062209194075475621e-01 7.293426685384261920e-02 9.325787729138952653e-02 9.324147330176964232e-02 9.410504912057096605e-02 7.440094022259118034e-02 1.561869610424068966e-01 1.220966537354958442e-01 1.011149133891219992e-01
9.201957918702528827e-02 1.196046213365473676e-01 7.041670662415357163e-02 9.189672963057564370e-02 9.289672216403392635e-02 9.556823210554951653e-02 7.166252405229794897e-02 1.420417970997224777e-01 1.237038712478646246e-01 1.001892165522296207e-01
1.009239762043095401e-01 9.785790122250478951e-02 9.168242639390825066e-02 9.939510485874918089e-02 1.009782419282029414e-01 1.044886024529562973e-01 9.610707505670811057e-02 1.047189944135951262e-01 9.932534157021569166e-02 1.045223358988501133e-01
1.054754229343517896e-01 1.035983302574067649e-01 9.206826493954409218e-02 1.009012745450854481e-01 9.438449533342355147e-02 9.745059683917439708e-02 1.034184849608723450e-01 1.090702489426796096e-01 1.012992603015086673e-01 9.233362094595333469e-02
9.709147886828393970e-02 1.252181182074711685e-01 7.922185244081739186e-02 8.839812897734759811e-02 9.198517869624790733e-02 8.914586500420357273e-02 8.373954688904745869e-02 1.347103914511892375e-01 1.106398993078316906e-01 9.984954015756002110e-02
9.231304076509617984e-02 1.138227855821404427e-01 7.588135016986473358e-02 8.954833659377274546e-02 9.157867112492434902e-02 8.737877380980682562e-02 8.317577745797026523e-02 1.582935317296982891e-01 1.110588135989212660e-01 9.694891916780487562e-02
9.662849412267557336e-02 1.226823586957625639e-01 7.387162645858523502e-02 8.999522693657925621e-02 9.138783665623344266e-02 8.987085316794758694e-02 7.371814853048136440e-02 1.474460617528738360e-01 1.165135283073255590e-01 9.788586537153558254e-02
9.023076235053512084e-02 1.096674535627164132e-01 8.057918129124244655e-02 9.377455876090820541e-02 9.298939415752892346e-02 9.632781746003445111e-02 8.023006941623950228e-02 1.354542574794268817e-01 1.187143885123973786e-01 1.020321170089706769e-01
9.046073645942159791e-02 1.172636157837848303e-01 7.440205619610415488e-02 9.060424781757889234e-02 9.244494640420999887e-02 9.474804246217312376e-02 7.642319767621714999e-02 1.397762171156912980e-01 1.198443330818004665e-01 1.040326070030185013e-01
8.924088066679905507e-02 1.105779963068532212e-01 7.742207846285172057e-02 9.182527633835514680e-02 9.190351127800934494e-02 9.624791504556551303e-02 8.060887640144508148e-02 1.398327813569507916e-01 1.198788515430506407e-01 1.024618326001194707e-01
8.433994594424298885e-02 1.052882799842911610e-01 7.275962906347081816e-02 9.195198979873370204e-02 9.279590507944251998e-02 9.473326982033930532e-02 7.745250410042604783e-02 1.517232738396403768e-01 1.258368077321887768e-01 1.031183946372243587e-01
9.455213251151124709e-02 1.289712706221579075e-01 7.348366231501030077e-02 9.039279321165206993e-02 8.809238225470678030e-02 9.190201656281138387e-02 7.945270390864900278e-02 1.387304469643408089e-01 1.141932823287794274e-01 1.002293093203811547e-01
9.359621672635475009e-02 1.122824520980223867e-01 7.789964168808927170e-02 9.189854586291898442e-02 9.165102207320990901e-02 9.498289154221958852e-02 7.930946126581629729e-02 1.395968344026279340e-01 1.150324198383050056e-01 1.037505145024358588e-01
8.572098984181657222e-02 1.093915357773125596e-01 7.282240510385060150e-02 9.045233035799801757e-02 8.778011388983153473e-02 9.395476203158915907e-02 7.501790609768665963e-02 1.610951128041948066e-01 1.227567066130605539e-01 1.010081374826594658e-01
9.058221025024518203e-02 1.109335558770740554e-01 7.668765533523218270e-02 9.141430878011044814e-02 9.087254159576346746e-02 9.683062690652664839e-02 7.685409780836865989e-02 1.441164569139338769e-01 1.200155044347000211e-01 1.016930420980454997e-01
9.048615593477807306e-02 1.150940239868694093e-01 7.558239689764660596e-02 9.157779184113873372e-02 9.218831137358927952e-02 9.587020724442407715e-02 7.551325776601017226e-02 1.356190072969140625e-01 1.270227728355320385e-01 1.010460748230976175e-01
8.558058544736803219e-02 1.129970563636065878e-01 7.787353485281989229e-02 8.652156547894220007e-02 8.666772049208168460e-02 8.611929130137901955e-02 7.727727628729688658e-02 1.686818328539741452e-01 1.245162961664779272e-01 9.376484075605362456e-02
9.453111263125778263e-02 1.228011203280355984e-01 7.766447679538364401e-02 8.961430026179681430e-02 8.746755882052288655e-02 9.399863717925538431e-02 8.462160491138377705e-02 1.310544176130083172e-01 1.192497473133499464e-01 9.899702414600587697e-02
9.196313262889017903e-02 1.224123879188174224e-01 6.999418525914925804e-02 8.740768236186086115e-02 8.800465543501188870e-02 8.810000345852249393e-02 7.206272667551004429e-02 1.601679914478427447e-01 1.243897771791498685e-01 9.549745763524528086e-02
8.896147303643271720e-02 1.046846861341814983e-01 7.938219018372008606e-02 9.759031932273141974e-02 9.776812736733210552e-02 9.834348450913543704e-02 8.099790889420485640e-02 1.296248126659892419e-01 1.181732373505201134e-01 1.044737605357525384e-01
8.686152775963509876e-02 1.186852797424540057e-01 6.804483647063959417e-02 8.818817744295062711e-02 8.617054727977670192e-02 9.244703028298417724e-02 7.070856991640638023e-02 1.675056660618381155e-01 1.233326517421611673e-01 9.805571330115413209e-02
8.738071947628250902e-02 1.009970131098851809e-01 8.525344009236765497e-02 9.462700281121341761e-02 9.352779602626747069e-02 9.756474684091429039e-02 8.442224106542792206e-02 1.384465350167252140e-01 1.159531820211939374e-01 1.018273235397224030e-01
9.533837950723389465e-02 1.110517526624529433e-01 7.904687283878780724e-02 9.634597260941492325e-02 9.191950354110628441e-02 9.656012855498809222e-02 8.357494416371968882e-02 1.305296996488481687e-01 1.128893858628803037e-01 1.027433606105678937e-01
9.281158463682254167e-02 1.288078076964096486e-01 7.417494161714226208e-02 8.483842169453881255e-02 8.526977927869217044e-02 8.711813112760792566e-02 7.468620128634492761e-02 1.508807394696565773e-01 1.270303751913136325e-01 9.438201800147152931e-02
9.472390312410607083e-02 1.076140919382456845e-01 8.583593719974076663e-02 9.464250071165630773e-02 8.842596460390353408e-02 9.588723326286117954e-02 9.144746350746024710e-02 1.322046863608101197e-01 1.134135109333300473e-01 9.580470835788602868e-02
9.068491556929851594e-02 1.073333738055281955e-01 8.048600149142079441e-02 9.771673147133591586e-02 9.048760209645302643e-02 9.507366693357777176e-02 8.812525460655949716e-02 1.356849439637098087e-01 1.117826965909817505e-01 1.026248134711347099e-01
9.175383424772677599e-02 1.129570478356293622e-01 7.503146116171725832e-02 9.090480020602542677e-02 9.193422160761849371e-02 9.537545361639407360e-02 7.614779489818133962e-02 1.421733146165145845e-01 1.196333361958524660e-01 1.040887356143402331e-01
8.411309867176577915e-02 1.018338801947024919e-01 7.549824638389324161e-02 8.460770469896398971e-02 8.387201884589051692e-02 8.413652877009762665e-02 7.887340879125208370e-02 2.099676195109478893e-01 1.064765038695758004e-01 9.062099026291059456e-02
9.383964014249690511e-02 1.267641153990675118e-01 6.876768701422079910e-02 8.566788781461602553e-02 8.558599637664755788e-02 8.692556135948462104e-02 7.177065705482266189e-02 1.682182700502704298e-01 1.169627034047898556e-01 9.549748138358364613e-02
8.927420140497786816e-02 1.164691626184987533e-01 7.354541367159700416e-02 8.966625767095237620e-02 8.935556573238459532e-02 9.276015676064591764e-02 7.598232619387920717e-02 1.466742857655783383e-01 1.228684699036710626e-01 1.034041602778148911e-01
1.033233841206244313e-01 1.221765378491829201e-01 7.845275188006374523e-02 9.454352849566241557e-02 8.772781165922421964e-02 9.510839126956004141e-02 8.773146690593890129e-02 1.228679956681867497e-01 1.097236003658149939e-01 9.834453178574155408e-02
8.973382335831345258e-02 1.040662862812795908e-01 8.637243493252848292e-02 9.485843848491716523e-02 9.424603177399057397e-02 1.028735108023819261e-01 8.515377177358525451e-02 1.213817908470729012e-01 1.121865504223563403e-01 1.091273613235742845e-01
8.884636331532649867e-02 1.071091513511665261e-01 8.090599893177459478e-02 9.532600619515574358e-02 9.436939730708913954e-02 9.266118890349017700e-02 8.176318087513179123e-02 1.423914072509801232e-01 1.148528394920768081e-01 1.017744663778086534e-01
9.458082591190467014e-02 1.150635801462051855e-01 7.771884514190471882e-02 9.124901397201082287e-02 9.463407805728485389e-02 9.871376559411090823e-02 7.794874366840054414e-02 1.294159781657884256e-01 1.186945669334454473e-01 1.019806024089444096e-01
8.886114491343898025e-02 1.155522200113251047e-01 7.510131781838985665e-02 8.990903115968655601e-02 8.745371666620906093e-02 9.165740014705056615e-02 8.071921773622621477e-02 1.506554024772427947e-01 1.201462858348884000e-01 9.994426323554249370e-02
9.740395860780677595e-02 1.214800665227536436e-01 7.183138937088680287e-02 9.379451190714602205e-02 9.304254631888095317e-02 9.516810832667642328e-02 7.201216377586650008e-02 1.365200562769247061e-01 1.171998229937181585e-01 1.015473758993399728e-01
8.833062563169806480e-02 1.053559222701652420e-01 7.918145177376612054e-02 9.300099361524384600e-02 9.305318678452154102e-02 9.522835060890878778e-02 7.992195470752941344e-02 1.465241605593107788e-01 1.178161214264989848e-01 1.015872326223572347e-01
8.529968717358166197e-02 1.090830004663974756e-01 7.705682659564438985e-02 9.298149222396492886e-02 9.331543454313476205e-02 9.201756282023916544e-02 8.241367552511946748e-02 1.465805471363257895e-01 1.184931737465678980e-01 1.027585997690244474e-01
9.184569846784304548e-02 1.153153948986929273e-01 7.873901526951808394e-02 9.111988726432138086e-02 9.417670013297493870e-02 9.346845643662314573e-02 8.442010615029857390e-02 1.358809699803938675e-01 1.138896231535849318e-01 1.011441482457491325e-01
8.927623131567768988e-02 1.049885705018444998e-01 8.251231814544958409e-02 9.316878465965505729e-02 9.414999730686965385e-02 9.342990857865730858e-02 8.235159972160926989e-02 1.393313643722132456e-01 1.179098292379476692e-01 1.028813961600760080e-01
9.167946740238606951e-02 1.092663436443998271e-01 7.875722831549436531e-02 9.503883352212497138e-02 9.565382786958152861e-02 9.429759499003996515e-02 8.348804706651914709e-02 1.298028916898454621e-01 1.195887869744867021e-01 1.024269785251219478e-01
8.887178214916088836e-02 1.062342478067441753e-01 8.110651348974473596e-02 9.288454340718531321e-02 9.116772645143025877e-02 9.356989383182469366e-02 8.199710296716633540e-02 1.451318196258409854e-01 1.202040169464024810e-01 9.883235332450009125e-02
8.535037024553723817e-02 1.052823231021570577e-01 7.872357391022870299e-02 9.326748276414219274e-02 9.347210605187433741e-02 9.420078819418729876e-02 7.955433684237461778e-02 1.489050184450786130e-01 1.196507132377424981e-01 1.015932872066774295e-01
9.320918490635689280e-02 1.235783493056172161e-01 7.732026080379933441e-02 8.840479418726987504e-02 8.677757873831934421e-02 8.940764100109528656e-02 8.409366490553586704e-02 1.470584784264996059e-01 1.158300016951176459e-01 9.432004603038894597e-02
9.888236181420882731e-02 1.369132492463356332e-01 7.440310295198532264e-02 8.475474394227110186e-02 8.498152070808588643e-02 8.801253772143327603e-02 7.917315767310094399e-02 1.423991253720833794e-01 1.150169392180855343e-01 9.546326135241013644e-02
9.021633684332065750e-02 1.063568975319880011e-01 7.974424549909310544e-02 9.590096145601818833e-02 1.006092132610347384e-01 9.772905001744008890e-02 7.881757502470210230e-02 1.265938395110421388e-01 1.185278044422483218e-01 1.055040764131126851e-01
8.607893507297482982e-02 1.152746766756541502e-01 7.281776450639805554e-02 8.766608128866523741e-02 8.845413721358437453e-02 8.902548410571588244e-02 7.704720487042435173e-02 1.665954729300100079e-01 1.200840849324172482e-01 9.695615840415590381e-02
9.425395755753004923e-02 1.172592014898171109e-01 7.761328914596170303e-02 9.165921892477610355e-02 9.255893230316063203e-02 9.473715862256018583e-02 7.784387471637026212e-02 1.340124995363253801e-01 1.186382685473674620e-01 1.014235991561311528e-01
9.077721338728975131e-02 1.189652875187566794e-01 7.604610838845807241e-02 9.075052814760843634e-02 9.049983033759217976e-02 9.090111380030858890e-02 8.344602997570609026e-02 1.451213291761909441e-01 1.126595053347980296e-01 1.008330539332912418e-01
8.413063882750118627e-02 1.040311471023189771e-01 7.404625886161225745e-02 9.528327559193829066e-02 9.563678588488838672e-02 9.864913202242368839e-02 7.366621510246702809e-02 1.426939037024657353e-01 1.247669030528129192e-01 1.070957398515715031e-01
8.574921799476767359e-02 1.137149398951325246e-01 7.275646219105634527e-02 8.967525890956738743e-02 8.912407413231943076e-02 9.079953467520024413e-02 7.454885041714184868e-02 1.629083136102136564e-01 1.216920768238617945e-01 9.903127135073908072e-02
9.370562223883832642e-02 1.182123094652475087e-01 8.044906552843383851e-02 8.791269930180449499e-02 8.868379600168022070e-02 9.196647029253679495e-02 8.360675934770189777e-02 1.401054571542407201e-01 1.201402702161817326e-01 9.521755045333443745e-02
8.983160289427913336e-02 1.091620529226992597e-01 7.802422053921272138e-02 9.338283812650910454e-02 9.314349232842034088e-02 9.424121907150381783e-02 8.072096104813519801e-02 1.454599342631928971e-01 1.140872575036065845e-01 1.019464213024409427e-01
9.831399259295538207e-02 1.267487078212526930e-01 7.320823691048740367e-02 8.842179484983568594e-02 8.891712274482872769e-02 9.171967976304318260e-02 7.631523950113024146e-02 1.418015050355847517e-01 1.193831847380407152e-01 9.517053604284121671e-02
9.627376403125732784e-02 1.043085128066676970e-01 8.732220719747260662e-02 9.714588943641271068e-02 9.250080773142441148e-02 9.784227316457809465e-02 9.832757823872614877e-02 1.217846405950707839e-01 1.095962244870574837e-01 9.489810231133273544e-02
9.210745147049737014e-02 1.182530391302747813e-01 7.349616328086790162e-02 9.095966189407013458e-02 9.269432471552781216e-02 9.340671245235883380e-02 7.790057157847721236e-02 1.456470042475455084e-01 1.144968429955300765e-01 1.010382282348503691e-01
