9.339288394453525155e-02 9.503647436522284775e-02 1.056369412225988402e-01 1.008420059644106193e-01 7.695984547345484372e-02 1.181077447610490855e-01 1.162652729961065196e-01 8.732611940562537423e-02 8.842784300394147812e-02 1.180048688630551679e-01
9.531726728258313464e-02 9.318034286022511270e-02 1.042415847582724847e-01 9.796989530603569807e-02 8.125286225796303496e-02 1.210782197643460456e-01 1.105424157158801240e-01 8.762274005825336498e-02 8.800248780808406224e-02 1.207921841883569242e-01
9.667144512492002739e-02 9.379788392834499666e-02 1.045117667328723798e-01 1.001563430894237133e-01 8.397443021706016419e-02 1.178359918402350909e-01 1.092535634809730094e-01 8.702995828036394488e-02 8.911324608717541285e-02 1.176553712186312467e-01
9.421855718290635118e-02 1.043281663187892588e-01 1.037496885085872345e-01 9.874716683284134877e-02 7.492553312847587133e-02 1.155562851372986949e-01 1.153108393388645320e-01 9.329471567672527332e-02 8.449081247428630315e-02 1.153782354012250905e-01
9.243298611301331569e-02 9.375064780957599597e-02 1.063779472770601670e-01 9.714663709783448453e-02 7.735658818390987734e-02 1.233562326435229117e-01 1.118741989696721284e-01 8.777572934426443318e-02 8.682170363042607253e-02 1.231073289307206414e-01
9.641306785740376417e-02 9.643286764373257269e-02 1.091380082389671186e-01 9.395781449018381082e-02 9.172173983891465654e-02 1.125690976436351104e-01 1.030219264608667890e-01 9.451523942883806317e-02 8.976062914404889237e-02 1.124696092534091668e-01
9.332646829047751280e-02 9.710844091642982512e-02 1.026447791225899020e-01 1.015214006177819206e-01 7.490435239653994715e-02 1.213445718691604502e-01 1.136367011723895398e-01 8.670126389937936329e-02 8.758677052176891409e-02 1.212252511934826665e-01
9.286359388283053906e-02 1.017663788533679642e-01 1.055512873790737660e-01 9.628477369884415327e-02 7.971558163395436880e-02 1.159204344495650962e-01 1.112158601303902261e-01 9.631782549906742208e-02 8.461641905647711293e-02 1.157478454164293513e-01
9.321436360128015908e-02 9.410925237302830704e-02 1.033911301794985527e-01 1.001287155100598208e-01 8.502439777134865317e-02 1.166864086547220042e-01 1.115156763613978086e-01 8.842166152522637490e-02 9.093963365504401097e-02 1.165687603683943224e-01
9.164884485421299909e-02 9.695590286665246860e-02 1.022513520484683580e-01 1.003891983067491944e-01 7.991167727555482936e-02 1.195954448365077055e-01 1.140782658740024380e-01 8.876399284804926959e-02 8.706606788836041000e-02 1.193392532014423552e-01
9.258943781380882254e-02 9.873224957568677018e-02 1.030505529482804439e-01 9.745322340402066963e-02 7.996116185137794319e-02 1.218765175818087021e-01 1.085701814547565536e-01 9.036012446507184215e-02 8.586357614861929444e-02 1.215429747565689306e-01
9.230564805957787444e-02 9.561146865490749436e-02 1.043541320525036842e-01 9.910042517540210150e-02 7.539020211971401986e-02 1.226393810080859959e-01 1.195677940075957207e-01 8.526903853103934283e-02 8.342433478363733834e-02 1.223375756075363585e-01
9.180046006949657555e-02 1.000023780011400493e-01 1.080385912206020260e-01 9.800990505684652188e-02 8.022562237556611631e-02 1.135377655872935182e-01 1.184549019170953732e-01 9.139622233544639207e-02 8.504090154844420879e-02 1.134932518880692465e-01
8.728716434102969102e-02 1.054131319224958507e-01 1.053555839103334779e-01 9.624896643038394206e-02 7.244063600376093870e-02 1.201927957398175040e-01 1.195433621239724159e-01 9.341405374615893709e-02 8.021371879836063090e-02 1.198905869836865978e-01
9.028171185820807465e-02 1.025847612063816860e-01 1.059902620612868523e-01 9.754686999663168823e-02 7.218103696280527004e-02 1.199025211901419696e-01 1.159098781416049162e-01 9.228714424382541970e-02 8.363159422338045657e-02 1.196842201157336527e-01
9.283306765657566018e-02 9.670053448002549623e-02 1.040804759362729259e-01 9.740766166756006927e-02 7.778968541959281613e-02 1.228235191238718910e-01 1.142516272266936722e-01 8.761913600079236641e-02 8.398379850520419632e-02 1.225104939834108647e-01
9.359062496307608836e-02 9.784319129329686893e-02 1.054369702276860971e-01 9.833291400790297732e-02 8.252017095347932707e-02 1.163545237581882219e-01 1.137589265702019514e-01 9.120611701900359358e-02 8.485751432574456521e-02 1.160990468814203092e-01
9.568494206507573152e-02 9.663170927644236519e-02 1.032266808412538039e-01 1.021373485646442786e-01 7.667133591327343622e-02 1.166942777553152677e-01 1.103612017936500267e-01 8.963334932343899886e-02 9.241493328545101471e-02 1.165442211814551321e-01
9.397319278007805476e-02 9.033503515139695850e-02 1.059072774281241969e-01 1.028879538344495137e-01 7.316144150574757643e-02 1.243885553209761047e-01 1.173261006796175315e-01 8.132726397472499202e-02 8.650882158649002285e-02 1.241843577383950070e-01
9.114300595056255838e-02 1.017442488423935532e-01 1.063918924677974553e-01 9.782624198950436167e-02 7.911431151630957115e-02 1.171405025155880242e-01 1.141216437168881825e-01 9.287166133807694957e-02 8.265915146659530421e-02 1.169873401962840398e-01
9.321994083626250482e-02 9.236215155980447011e-02 1.049779797849581531e-01 9.915163827329502577e-02 7.770430023205410208e-02 1.236842126394642333e-01 1.142230163086318112e-01 8.522426553404398308e-02 8.601996125833699658e-02 1.234325335731486506e-01
9.495620065684648448e-02 1.005025863670648001e-01 1.048552239538086128e-01 9.839562125767631340e-02 8.147304884970214822e-02 1.155211779036702385e-01 1.083724458796722773e-01 9.333007678675263319e-02 8.733180058799575041e-02 1.152618177568107416e-01
9.169534417316907438e-02 9.697807724533794027e-02 1.040209368485930236e-01 9.692695875996588939e-02 8.342055294907865792e-02 1.187928081273850328e-01 1.125042339944198749e-01 9.086491427673347443e-02 8.624160965854367478e-02 1.185545639667733436e-01
9.054019541030693119e-02 1.046781299616389160e-01 1.034854055842876347e-01 9.564604236877734256e-02 7.598635696861502642e-02 1.179145613921989688e-01 1.125949086475593330e-01 9.811156982989964470e-02 8.333483634333718748e-02 1.177079934933789873e-01
9.177356329592215034e-02 9.013967791267758767e-02 1.061585237572255647e-01 9.799316230358852409e-02 8.458279842019955641e-02 1.206840298048680177e-01 1.166019816201953746e-01 8.434244994163608844e-02 8.720236144069686002e-02 1.205214515029902622e-01
8.162022812191832566e-02 1.392718181327540494e-01 9.555202896116728184e-02 9.063046987874584515e-02 6.365815283629619459e-02 1.116695752684367521e-01 1.078418104139358402e-01 1.210346682021908038e-01 7.722595344618909952e-02 1.114952947383657800e-01
9.482252245761821352e-02 9.229789944656020817e-02 1.051893132224770572e-01 1.002896316295701779e-01 8.277055424019429120e-02 1.175920157388424397e-01 1.128536299815575683e-01 8.657192347630880691e-02 9.019968631265659620e-02 1.174128234942146687e-01
9.430893531346663805e-02 1.014694549554156916e-01 1.004005610781761731e-01 1.026834712270723871e-01 8.256261991187717475e-02 1.153623279868495471e-01 1.100109437300562654e-01 9.022727862415821920e-02 8.774349563631922422e-02 1.152309115366086378e-01
9.156971917638206948e-02 9.845738913080258337e-02 1.048591383884314721e-01 9.958351326820187588e-02 7.958418730594464530e-02 1.185376312831167983e-01 1.128789043741823955e-01 8.916122823339689418e-02 8.707025683700322927e-02 1.182980320025380505e-01
9.400628521280024463e-02 1.036143918357194382e-01 1.045294568255300954e-01 9.797664700679498129e-02 8.316396043171930819e-02 1.129820960233021976e-01 1.103924481841887656e-01 9.432858113959606550e-02 8.616589917197152448e-02 1.128402341683773513e-01
9.231736408289914486e-02 9.502716810675689019e-02 1.062280467496648367e-01 1.004287984114293347e-01 7.490883108397355938e-02 1.231249780801890736e-01 1.144297714636468011e-01 8.479209814917941512e-02 8.585547156447609352e-02 1.228874723077849063e-01
9.166213333958547760e-02 9.732022395580998408e-02 1.052811867187691403e-01 1.001793795268490356e-01 7.877425562716870722e-02 1.185897686506369730e-01 1.155046968936458002e-01 8.836954935812234291e-02 8.601176721662173730e-02 1.183070387127907463e-01
9.218488725517330618e-02 9.692994721790293422e-02 1.058953711568633438e-01 9.906051396442587531e-02 7.707086712632799097e-02 1.186193678266793394e-01 1.167613291675452664e-01 8.946190440466976479e-02 8.567503797149214617e-02 1.183407739089200328e-01
1.023508325741158964e-01 1.049120004932848627e-01 9.821637051064345536e-02 1.063713094091087857e-01 8.593525754081628165e-02 1.060826085628220478e-01 1.044936077765950128e-01 9.270571669624323718e-02 9.291247980608727253e-02 1.060198166302831480e-01
9.605556868715271757e-02 9.621419592956180489e-02 1.091557751060629050e-01 9.526417732294679974e-02 8.664240710527501554e-02 1.130838560109307250e-01 1.059336419033097415e-01 9.443562597904442413e-02 9.022354562723867988e-02 1.129912063284771312e-01
8.735088232263445163e-02 1.087834503537784964e-01 1.033066023820374407e-01 9.747020634084056778e-02 7.794962636358962471e-02 1.188569625372005029e-01 1.146956762542667846e-01 9.290677633160394910e-02 8.005033647154802257e-02 1.186294806425001597e-01
9.117308691423400835e-02 1.067266339736562680e-01 1.056019986430273144e-01 9.853143884155518561e-02 6.879974999277957415e-02 1.171876880738774718e-01 1.183560700100793617e-01 9.333242160553435751e-02 8.323678272026581448e-02 1.170541292249905746e-01
9.235477836673174068e-02 8.986778615531067216e-02 1.047533664003023474e-01 1.004159292597804065e-01 7.938873858249818893e-02 1.238985677130083340e-01 1.153371467722671129e-01 8.237990695705553479e-02 8.793232089782469785e-02 1.236714588952209509e-01
8.844802840622852103e-02 9.697960569686986387e-02 1.048641574831877116e-01 9.395764064761812084e-02 7.771696239040007392e-02 1.253146457893929144e-01 1.154605252204129323e-01 8.978192167789048050e-02 8.240405986768563340e-02 1.250724528203137342e-01
8.868773772913310371e-02 9.992101141042557255e-02 1.065453765731359387e-01 9.618432691340314533e-02 7.353084970713918977e-02 1.223290132634165112e-01 1.181753734754975305e-01 9.072056733547362306e-02 8.183866134966069628e-02 1.220670822427146751e-01
9.007190692503204421e-02 9.752162590223023564e-02 1.032240269337950794e-01 9.815411400298325317e-02 8.018711730522927461e-02 1.219878102530633363e-01 1.124537126900125028e-01 9.019012113875930770e-02 8.446850030748397076e-02 1.217410645414109954e-01
9.263938396966248101e-02 1.027143673780066269e-01 1.035312171331434494e-01 9.858289160658456618e-02 7.925922957193422269e-02 1.161099454097189315e-01 1.140847190321038485e-01 9.359111947783861629e-02 8.362053054665383178e-02 1.158665958743534674e-01
9.316390729832686735e-02 9.280971360977359474e-02 1.045562833453093782e-01 9.897223030479797290e-02 8.203342545216985027e-02 1.228482958550213278e-01 1.138253503365767721e-01 8.504540710451689856e-02 8.405666612584497543e-02 1.226887205676623210e-01
9.145177655097912195e-02 9.923115836476123497e-02 1.024548079175003901e-01 1.004697914685787341e-01 7.641568269926410362e-02 1.197033077874645884e-01 1.154443841583861485e-01 8.932769912652439859e-02 8.605492065334326146e-02 1.194464712731979905e-01
9.322413908839585761e-02 1.017120345997897107e-01 1.017685611804425849e-01 1.036510212793478325e-01 7.556857539822869896e-02 1.168453061816802502e-01 1.153512678129621355e-01 8.940341343643118388e-02 8.579436958999665797e-02 1.166813114327251016e-01
9.425096554101171364e-02 9.840156984528013184e-02 1.030288658539065816e-01 1.021105081942071668e-01 8.218882166874250106e-02 1.168964569177409069e-01 1.109851914859754651e-01 8.680197653315063766e-02 8.855564807239084402e-02 1.167799958875941069e-01
8.923440254198165833e-02 1.014278450509431828e-01 1.037275288445599630e-01 1.003501969846364167e-01 7.079201855309728841e-02 1.192181497195224649e-01 1.215118475857336067e-01 9.084781762977027497e-02 8.375004735787391907e-02 1.191401457318812113e-01
9.201754721245404556e-02 9.344367720165731861e-02 1.054304877937216472e-01 1.010939764643619954e-01 7.548764820670719744e-02 1.225060325088160040e-01 1.203212509083020770e-01 8.204412744282069125e-02 8.536642514077812105e-02 1.222888271203808885e-01
9.255788151183971801e-02 1.009553123213648707e-01 1.007440396220976864e-01 1.009354435343550599e-01 8.185243553798585148e-02 1.170053461784019699e-01 1.098778861547888286e-01 9.237685420934395319e-02 8.684196215851815170e-02 1.168528387713038824e-01
9.608992345376519972e-02 1.043927481842463478e-01 1.014948947430117515e-01 1.037464271392055659e-01 7.673418226476881598e-02 1.153702673085130609e-01 1.074380292509569818e-01 9.097742173055173298e-02 8.854009169293250436e-02 1.152160142320481084e-01
1.001887743213835530e-01 1.076127157045091570e-01 9.692960027166426518e-02 1.039919388936501321e-01 8.992602640921104618e-02 1.038373890487840762e-01 1.016963452455292016e-01 9.991391908035419933e-02 9.211609290244777981e-02 1.037871981224666174e-01
9.516344214531899381e-02 9.826665736368102311e-02 1.040585895619012269e-01 1.006171395888609682e-01 8.167312391083429712e-02 1.168357467703759200e-01 1.105468351361959256e-01 8.823758582273129314e-02 8.796224619120150690e-02 1.166386335088988591e-01
9.886843913465830080e-02 9.823616245095070920e-02 1.043947392260002049e-01 1.043751468276755828e-01 8.233330710467921809e-02 1.117816437965351434e-01 1.093427376927222222e-01 8.847906842391971283e-02 9.058694255362713388e-02 1.116018127892317441e-01
9.797874087610025651e-02 1.008864078564001010e-01 1.014021536429111636e-01 9.960362841662169509e-02 8.445804432519822547e-02 1.129259723282591277e-01 1.068325308905789528e-01 9.567790241730707301e-02 8.757785586917958554e-02 1.126567633774437915e-01
9.047724600210667323e-02 1.016222673778859054e-01 1.035698467841604103e-01 9.723028085556428834e-02 7.702905219636060896e-02 1.215087728069144113e-01 1.152828607281936729e-01 8.930074931861715914e-02 8.273553357171085920e-02 1.212433903584859973e-01
8.898969030286515980e-02 1.016771168058061142e-01 1.015948898671726469e-01 1.004493248003579114e-01 7.086899443353465722e-02 1.220460440187527279e-01 1.193714272324837289e-01 8.938339945229156758e-02 8.374152861379864643e-02 1.218775844729368257e-01
8.926691674547471145e-02 1.037290102894164456e-01 1.016656329664432923e-01 9.724486676450615208e-02 7.626425806182912659e-02 1.228705555348909434e-01 1.163791371137509051e-01 8.948993517707459766e-02 8.049752965230975998e-02 1.225921576943040936e-01
8.699652716192088353e-02 1.053570425885647088e-01 1.039551667215093400e-01 9.735705684353869460e-02 7.313771258746394610e-02 1.188006327167176052e-01 1.200132999912031234e-01 9.346114329673993470e-02 8.223448447360449942e-02 1.186869336187372503e-01
9.283343794977103047e-02 9.657731476579964336e-02 1.049062444063492139e-01 1.003098853968459464e-01 7.710527764044093624e-02 1.185519812806710982e-01 1.155299997816909563e-01 8.811699423879816584e-02 8.768260221997298265e-02 1.183862623196600267e-01
9.397484748301827839e-02 1.043973260709548379e-01 9.697476340383565097e-02 1.033855947797017449e-01 8.223596348460988914e-02 1.136136049960571048e-01 1.099025704220903815e-01 9.290024922191612855e-02 8.913529534555281186e-02 1.134797847922632275e-01
9.099336776129383908e-02 9.479889794097721978e-02 1.097191331978543405e-01 9.542058856199002459e-02 7.950635176933934511e-02 1.239043293140938973e-01 1.102157873347047040e-01 8.612237240679725125e-02 8.570748900244254398e-02 1.236116827105067928e-01
9.649776800285063405e-02 1.061069998650507468e-01 9.764313338583777147e-02 1.048585184774507573e-01 8.491048261173288203e-02 1.087104075281652565e-01 1.085646759007168893e-01 9.447496253442018432e-02 8.960824328011676720e-02 1.086248084136581249e-01
9.209361696589778157e-02 9.662483207567539034e-02 1.040086383768078493e-01 9.716973680331504604e-02 8.297711660757488283e-02 1.194131656973707600e-01 1.119599917482049650e-01 9.101724500104019233e-02 8.562319721805579376e-02 1.191124595060573110e-01
9.484874553255100149e-02 9.672657196267035740e-02 1.040848049721658369e-01 1.012335209178429479e-01 7.728436593721492442e-02 1.192690023222184592e-01 1.110894853745602595e-01 8.699451424437318336e-02 8.945412283954171095e-02 1.190148658968613465e-01
9.472864817195594811e-02 9.836014876470150492e-02 1.093467449168120664e-01 9.485686637400818355e-02 8.817019399466725915e-02 1.110269428489387145e-01 1.067836841456398095e-01 9.683124555082840701e-02 8.898113349584933773e-02 1.109143917365987692e-01
9.461786224022593339e-02 9.036993900935917645e-02 1.054049917786375745e-01 1.020669741798104768e-01 7.856501896233877846e-02 1.212003305654272417e-01 1.178096943835541394e-01 8.165629435360928501e-02 8.722766593979162930e-02 1.210812285872457511e-01
8.976822667426440083e-02 1.035709882985295927e-01 1.038829507920629724e-01 1.023221344741592626e-01 7.738905999095857524e-02 1.144009448821055736e-01 1.187075951365048759e-01 8.996983987914904113e-02 8.574963935188922859e-02 1.142386205203764910e-01
9.109581913560986510e-02 1.034770189962157388e-01 1.048886243938527141e-01 9.769993437586489693e-02 8.039880470727414630e-02 1.138664845076075155e-01 1.146207679160132498e-01 9.499101568871512469e-02 8.525737011294981516e-02 1.137041601658969614e-01
9.236117388779008230e-02 1.015362555593534305e-01 1.032098479002364760e-01 1.002074461212104362e-01 7.797661534028371699e-02 1.170900320101326830e-01 1.131669316037431372e-01 9.214863815146040471e-02 8.535491861715832629e-02 1.169481408086313345e-01
9.453903110567694890e-02 9.356637236819925763e-02 1.039954420088751719e-01 1.015645191450001567e-01 8.338766115516410560e-02 1.168446074690831921e-01 1.121822856490755083e-01 8.572627510086457125e-02 9.144669173371539062e-02 1.167471142643456972e-01
9.374161722610288572e-02 1.084712832952748895e-01 9.938200771723613991e-02 1.003169105695660979e-01 8.218841989301561846e-02 1.143437746307429947e-01 1.067501634331426280e-01 9.498739748314254105e-02 8.563738428362205335e-02 1.141810414681541652e-01
9.171150096992826406e-02 1.002741146330387717e-01 1.047567895068305388e-01 9.746447727048715426e-02 7.740221367919343509e-02 1.194451531803104871e-01 1.132984383438776915e-01 9.188651113263782144e-02 8.454830065555916929e-02 1.192125006281367083e-01
9.023447186891908611e-02 1.068234839274442155e-01 9.993164718243008338e-02 9.890891941943234789e-02 8.005394883916880366e-02 1.139555189469549507e-01 1.150352733249375425e-01 9.668404977549543977e-02 8.463081581957944410e-02 1.137418708956380448e-01
9.041349524276813543e-02 1.059905202611011871e-01 1.050263329267218243e-01 9.962442396356949170e-02 7.308464400975032971e-02 1.169974515582511282e-01 1.188510989045172966e-01 9.071496888985683404e-02 8.247369583514641000e-02 1.168233684083173490e-01
8.749926669712557170e-02 1.025494108567519547e-01 1.044977089426274847e-01 9.632146271305327967e-02 7.560264729273982742e-02 1.203446509847887896e-01 1.169700236424658646e-01 9.226058608067294609e-02 8.377151281445549547e-02 1.201827299753187861e-01
8.909051832063845378e-02 9.356946789704101430e-02 1.146322679242236520e-01 9.554757466490348961e-02 7.536620310976703541e-02 1.231559337537343340e-01 1.127178140023578773e-01 8.373447018100210748e-02 8.925725606976490922e-02 1.229284940765671547e-01
8.890981354403290626e-02 1.002277149021815472e-01 1.062715136923489678e-01 9.900390045692261665e-02 7.439947961938316034e-02 1.210141064558968860e-01 1.200791422956064280e-01 8.785059170042379406e-02 8.145308994781283451e-02 1.207906473853908175e-01
9.485191078956972666e-02 1.007948173966528305e-01 1.052766636250796473e-01 9.722840110360532473e-02 8.084113617299629184e-02 1.168820967859725973e-01 1.081082864313944736e-01 9.339066104856566519e-02 8.601771596865602498e-02 1.166083106775074318e-01
9.527725740670567323e-02 7.108044908001825979e-02 1.133684322291022006e-01 1.109287066696940938e-01 4.930475415242252524e-02 1.402022466520712884e-01 1.305474770813049301e-01 6.133345012409834734e-02 8.794445266159001129e-02 1.400127739429926632e-01
9.362207660785885899e-02 1.030266245829007804e-01 1.010927127477095067e-01 1.039944441414801107e-01 7.678093921100827279e-02 1.155259165401007759e-01 1.132912197596183945e-01 9.089011423124737643e-02 8.643102484387227280e-02 1.153449273342036230e-01
9.231763987273573779e-02 9.848535068866946796e-02 1.035213189575122927e-01 1.006381755767767616e-01 7.833630574746011654e-02 1.178081954714680774e-01 1.144319579392072822e-01 8.936309421459372182e-02 8.750157416844883684e-02 1.175963873631276774e-01
9.268129314624819204e-02 9.582160075955255263e-02 1.034860435863540762e-01 9.837675868196643636e-02 8.052609100335135495e-02 1.209292270875175074e-01 1.133869455894063599e-01 8.891447221721131278e-02 8.517953321896193364e-02 1.206980347094303296e-01
9.132087714013095714e-02 1.012412263373406035e-01 1.074404126348142974e-01 9.417952331626153195e-02 7.992896690077035127e-02 1.170314842942533490e-01 1.156872672107961963e-01 9.562165931606843305e-02 8.073238982502935202e-02 1.168161930245349145e-01
8.953577076508163757e-02 9.933035595494515979e-02 1.049959346042585034e-01 1.010922189339386046e-01 7.410641886309614346e-02 1.216373800254129250e-01 1.184607196103793225e-01 8.545309545128991491e-02 8.398953883225576678e-02 1.213985669593420219e-01
8.995970903785081851e-02 1.041429230432585756e-01 9.940620331673837018e-02 1.025291088602551387e-01 7.815387652722925738e-02 1.153198067748027744e-01 1.154292262942138436e-01 9.280648085365186817e-02 8.708200694475903836e-02 1.151706583472403428e-01
9.293993949225959339e-02 9.772242088372723456e-02 1.049267018895339021e-01 9.992756193839583134e-02 7.108972607881300365e-02 1.218304979298649587e-01 1.147851395116887829e-01 8.835843621392097669e-02 8.683907579541959298e-02 1.215805002663761653e-01
9.173286446032941077e-02 9.543351718565193376e-02 1.044634213106698517e-01 9.563400641621203069e-02 8.551662107712071359e-02 1.198534351057700814e-01 1.094635267073973406e-01 9.137270477963108095e-02 8.693388071079394264e-02 1.195960222464236555e-01
9.130310592239701539e-02 1.003228949331121528e-01 1.027606684788653635e-01 9.962052100837365254e-02 7.560405964698657666e-02 1.223830325150695036e-01 1.137454955289478736e-01 8.915573768935758370e-02 8.307104664002266936e-02 1.220334376368675811e-01
9.595117175070032312e-02 1.014407476174226386e-01 1.004087958007665177e-01 9.961349771790715957e-02 8.569737282072031892e-02 1.137425370079566261e-01 1.107247397874450562e-01 9.356494185090442894e-02 8.528849116600444036e-02 1.135677044801725183e-01
9.388918619038109925e-02 9.205466568398334992e-02 1.073684722339395547e-01 1.035031015356165096e-01 7.409487850885994320e-02 1.201648963687536042e-01 1.204338207841210012e-01 8.144924870130003380e-02 8.705433787336355755e-02 1.199873921196813464e-01
9.137139042457079197e-02 1.027520569702127656e-01 1.009366319714690013e-01 1.019312362502607650e-01 7.636751405784000801e-02 1.181355005188258617e-01 1.144929340208802049e-01 9.004495337681811540e-02 8.599068632683959379e-02 1.179770960822829062e-01
9.036914416673139105e-02 1.066566784966966747e-01 1.018080754918376796e-01 9.803210946200079101e-02 7.687195718395965771e-02 1.184586467810221089e-01 1.144286517327163522e-01 9.275252402892288084e-02 8.242807835799331739e-02 1.181941342981191329e-01
9.748156824357069594e-02 1.038571672232396353e-01 9.817001957531791556e-02 1.040178370332208863e-01 8.300620770511160651e-02 1.123723192246311037e-01 1.064372977679385046e-01 9.320795668970857650e-02 8.921922342385475713e-02 1.122304031134063462e-01
9.142404598848900832e-02 9.596229705053183068e-02 1.054229529672876670e-01 9.874118100005442600e-02 7.762901560384936894e-02 1.213791371079442211e-01 1.149745723944784331e-01 8.760389152450759331e-02 8.573061847328029839e-02 1.211322878895771532e-01
9.451064702070888224e-02 9.880355823359529555e-02 1.039563026185421485e-01 1.026295134160628980e-01 8.214152992611303827e-02 1.141866745053660287e-01 1.139285928881866722e-01 8.728511330708423055e-02 8.852575297784739949e-02 1.140323151064934065e-01
9.208953098756872402e-02 9.316726269876660083e-02 1.038577037639143302e-01 9.844289131908741386e-02 8.237026606710491639e-02 1.212338735227469627e-01 1.137546829018483141e-01 8.668827813260619741e-02 8.737906192107500192e-02 1.210164486852815385e-01
9.637909201740831044e-02 1.110311440585923654e-01 9.880882409719542181e-02 1.033898563693803341e-01 7.870416985963292478e-02 1.120570512111175032e-01 1.067359080821462525e-01 9.489680685842474817e-02 8.608575987028234400e-02 1.119113875758197679e-01
9.080011662768600056e-02 9.496226327536712308e-02 1.062828140035570745e-01 9.918533614437331780e-02 7.758609603240768093e-02 1.241899685736106151e-01 1.115021583189422238e-01 8.524779993800110645e-02 8.635920921836269526e-02 1.238842378676921624e-01
9.058917745436612101e-02 9.694308920529230711e-02 1.040967053744924070e-01 9.435312210164029101e-02 8.194804296683169675e-02 1.248762049447367378e-01 1.098794953141662145e-01 8.969565297799021730e-02 8.305180742596081356e-02 1.245667022345231245e-01
9.581056082804834118e-02 9.793174923085601336e-02 1.054743531418989855e-01 9.872695215463234142e-02 8.418938700363440275e-02 1.154017066720169626e-01 1.114157499942615842e-01 9.118476212774191680e-02 8.461362325727550537e-02 1.152511555896339746e-01
9.316371407806892102e-02 9.434936168355397001e-02 1.062759683608945210e-01 1.001967617571794394e-01 7.375956108653172749e-02 1.215610276152788716e-01 1.169421685006314660e-01 8.512916677074780503e-02 8.726704959376271886e-02 1.213552205533505596e-01
9.128719711475850873e-02 1.056444801888111185e-01 9.856793287712990737e-02 1.020722497976175869e-01 8.829733402833515876e-02 1.117947163267183214e-01 1.062608286348866449e-01 9.294312210264127350e-02 9.146619642635080150e-02 1.116659425027507063e-01
9.128739525732844362e-02 9.785309073031644989e-02 1.080840893009595710e-01 9.427195642012828336e-02 7.839713936580069986e-02 1.223477169080852411e-01 1.126219274536552351e-01 9.024302492961817912e-02 8.286580215712441300e-02 1.220278574769834840e-01
8.958235945604270389e-02 9.353576951742539891e-02 1.042523305076614726e-01 9.773528551383228735e-02 7.225493886572190161e-02 1.265384187387071924e-01 1.169814035491724274e-01 8.681427347927475613e-02 8.604538327300256806e-02 1.262598370991592778e-01
9.313896130745358271e-02 9.224242552301425979e-02 1.070023140378783544e-01 1.002447697457186510e-01 7.426896592441969980e-02 1.214834439988415060e-01 1.151553501661365109e-01 8.563277290316367862e-02 8.949401781202627471e-02 1.213369785813474822e-01
9.320405769819387065e-02 9.761046896576666687e-02 1.046881032854039134e-01 9.781924645433602572e-02 7.132197816514077027e-02 1.214400874166110117e-01 1.170286177427823232e-01 8.977526795089724176e-02 8.588739477633366981e-02 1.212247775445345205e-01
1.048754736589828096e-01 1.065561625263352213e-01 9.502364754937100977e-02 1.048687974961690500e-01 9.306901902539681248e-02 9.951390174776962583e-02 9.670915401291312052e-02 1.013503982756308042e-01 9.846680543621859349e-02 9.956664027121288341e-02
9.790169278525329144e-02 9.692505359167426227e-02 1.098846271511399186e-01 9.281498359906792395e-02 9.960243463144949350e-02 1.016645666055019104e-01 9.958944305180753021e-02 1.060289492674880013e-01 9.388764988047706983e-02 1.017005994361406124e-01
8.952715682376806428e-02 1.107822877794204519e-01 9.817801737779492666e-02 1.002485266787646462e-01 8.446997218448992761e-02 1.114823819665573257e-01 1.130468100022692934e-01 9.758410244484740093e-02 8.332433275936085293e-02 1.113564119827271520e-01
8.992469563441922442e-02 1.028798842443451184e-01 1.002582584129463744e-01 9.980648320259177808e-02 8.494973056706349446e-02 1.147781800994601559e-01 1.134735545555790592e-01 9.504592920980771409e-02 8.424869550131797169e-02 1.146345885724691649e-01
8.946098920722626857e-02 1.048151883270563578e-01 1.035465846236238718e-01 9.750814676016188176e-02 7.600285712819897233e-02 1.166196334922086075e-01 1.129536822065807800e-01 9.623511840439007148e-02 8.641828753061180091e-02 1.164395123199414295e-01
9.423254519390834860e-02 9.560994231787510456e-02 1.059359968563731297e-01 9.986070677201774881e-02 8.116866018816219774e-02 1.168771927836992214e-01 1.124167894568432885e-01 8.821712963340569424e-02 8.901614665593396425e-02 1.166648901417811912e-01
9.278552351336451232e-02 1.014049471132656977e-01 1.030744464806614274e-01 1.019275126319629798e-01 7.590952995567487593e-02 1.180504045927288914e-01 1.155257809599642138e-01 8.861382249602994809e-02 8.485279615797346187e-02 1.178552360983739777e-01
9.454962289050708457e-02 9.747864631247625533e-02 1.052127138761198566e-01 1.007108011827454463e-01 7.950808028033959363e-02 1.182071580041581804e-01 1.125737569833442087e-01 8.775962206986921699e-02 8.592066113745347455e-02 1.180789372629866552e-01
9.318735875736849916e-02 9.222309780302634374e-02 1.049433364781059141e-01 1.015001348274820470e-01 7.418779757495232163e-02 1.247584473298470331e-01 1.148177956710517977e-01 8.294010729934322979e-02 8.696479430394289667e-02 1.244771299548799448e-01
9.095966738296852594e-02 1.039247908453095337e-01 1.032936833175061853e-01 9.924387508660813262e-02 7.773406120600563629e-02 1.133912958765617429e-01 1.213741583895726894e-01 9.368758579707808787e-02 8.310684619742123025e-02 1.132840359009682774e-01
9.406817815362414348e-02 1.046140105416629440e-01 1.006625071045605530e-01 1.028155147664932823e-01 8.084209498348403355e-02 1.142366462719007075e-01 1.092938730934154556e-01 9.281762934190398995e-02 8.649203129917468202e-02 1.141575144437802364e-01
9.309062100083007052e-02 9.427087809864226342e-02 1.063237421603153154e-01 1.001644517738078249e-01 7.573152863295204429e-02 1.224144889251856244e-01 1.158573190051306601e-01 8.496346104546421973e-02 8.498889809565909892e-02 1.221946112620129199e-01
9.536950824062881416e-02 9.889020481623073122e-02 1.029669234221590735e-01 1.001503880182497697e-01 7.853203580803555517e-02 1.190792512059003494e-01 1.107119788731328602e-01 8.913094054451839443e-02 8.636145712549381237e-02 1.188073119456506538e-01
9.237028231217746244e-02 9.590432732546884387e-02 1.077994602616879211e-01 9.737143457794324164e-02 7.575321269191971629e-02 1.233133277158070251e-01 1.127966497794987422e-01 8.716007061175719273e-02 8.451188264891494606e-02 1.230193520748248531e-01
8.668968523726765241e-02 9.324100966474950514e-02 1.068355771145576560e-01 9.440430122991130824e-02 8.103656351546850711e-02 1.261449535764205820e-01 1.155342492350522610e-01 8.621920703351265702e-02 8.402421254807786177e-02 1.258702408449819954e-01
9.192827851096124769e-02 1.022973995348657461e-01 1.062715263469958538e-01 9.681434877484722257e-02 8.087424365756368250e-02 1.172188642893303573e-01 1.131506226934362869e-01 9.248922069399516388e-02 8.193442258932315259e-02 1.170210729086813284e-01
8.795185992867948777e-02 1.003803152018355321e-01 1.027833856308066063e-01 9.539968087416565712e-02 7.326690150616833874e-02 1.251626902821724452e-01 1.155523890017090965e-01 9.184036436341151688e-02 8.279783937051392317e-02 1.248645738405374100e-01
9.577232682293995714e-02 9.217817253169262315e-02 1.073654120304222970e-01 1.017671214113853584e-01 7.972777342869884210e-02 1.158234624328247364e-01 1.132410873359816911e-01 8.652947174846571665e-02 9.198517108848951185e-02 1.156100011690992246e-01
9.172470016746560317e-02 9.552021259695768485e-02 1.088405140364691603e-01 9.741853678034120834e-02 7.114251115907704870e-02 1.230997475431690330e-01 1.205933059444506683e-01 8.628334322124370237e-02 8.247074141699874128e-02 1.229063871338271358e-01
9.680948564997236827e-02 9.282258242799376613e-02 1.037481514885780359e-01 1.010891568538899998e-01 8.670840094810090826e-02 1.155477920507858858e-01 1.096106194566238978e-01 8.670405968060984625e-02 9.154967736861689687e-02 1.154100740748284087e-01
9.511383800191280935e-02 9.993961993959440959e-02 1.042242207754348338e-01 1.012339013764582685e-01 8.305873492284665538e-02 1.116464750769920050e-01 1.109144977917196073e-01 9.388159214177302370e-02 8.846629716299052315e-02 1.115208228102779614e-01
8.622589365430499697e-02 1.026467661745799897e-01 1.011347935689220490e-01 9.343675864377912199e-02 7.665005027182285324e-02 1.266851941314162677e-01 1.147703317293533587e-01 9.194150406030031364e-02 8.014174941562426935e-02 1.263669583498967519e-01
9.523341397292814370e-02 9.518041102549790189e-02 1.086824864244760602e-01 9.510136197666359259e-02 8.881137221325312303e-02 1.131654337526581122e-01 1.068215677185237883e-01 9.398512418960076886e-02 9.004373876313140346e-02 1.129750899632671612e-01
9.399334721326547959e-02 9.383727025105106923e-02 1.088597446959510967e-01 1.014871759450929056e-01 8.528553689924260606e-02 1.109350408325294052e-01 1.155293285826580474e-01 8.961244320565088517e-02 8.964255271533790037e-02 1.108175596592205769e-01
9.384043359842360321e-02 1.031684589630335880e-01 1.009168445672370268e-01 1.024077766365438236e-01 7.646910809556693722e-02 1.184027240074486814e-01 1.102879386799838213e-01 9.027248713444122052e-02 8.604786716966103532e-02 1.181863611476602627e-01
9.156648469161299264e-02 9.800110028521706595e-02 1.021617410693509004e-01 9.868269600314011347e-02 8.400966769717665983e-02 1.161451865366738556e-01 1.118199214423804266e-01 9.168183434976617807e-02 8.986579353990480079e-02 1.160655743847770482e-01
8.809671268781331388e-02 1.064829028987912679e-01 1.040312232117728275e-01 9.678353873542908103e-02 7.255882382151286614e-02 1.192820432231926353e-01 1.156251465368069303e-01 9.514081277322297692e-02 8.295983479985552522e-02 1.190389613116025480e-01
9.079577597597293659e-02 1.004302264930359151e-01 1.041671046470115103e-01 1.012321758632038909e-01 7.489361955476729615e-02 1.211368045835507778e-01 1.150256670364568079e-01 8.737959372262661673e-02 8.406662113295954031e-02 1.208724109904147498e-01
9.408567913702577112e-02 1.064572331642877484e-01 1.027751756646548970e-01 9.725069449960002665e-02 8.715309840348253734e-02 1.089287940679948968e-01 1.097146394228403765e-01 1.021612352845868293e-01 8.267774843993412615e-02 1.087957019155927907e-01
1.003605798036348307e-01 1.000916672393162704e-01 1.020312660483622680e-01 1.063700017929922886e-01 8.519883768859654039e-02 1.095642728122168397e-01 1.079512308766313461e-01 8.758907978604175970e-02 9.133821757620853854e-02 1.095048463759992624e-01
9.247515973165548742e-02 9.432850743571555285e-02 1.020261495381881156e-01 1.016280896256658850e-01 8.531605724523963485e-02 1.149962844147366242e-01 1.159702705803539319e-01 8.871845044057918850e-02 8.964646038788429139e-02 1.148945705999812744e-01
9.652152147378306735e-02 1.033373053063975089e-01 1.013386657623149556e-01 9.971365975813586968e-02 7.683366380976140719e-02 1.167243817216325752e-01 1.083634297117679057e-01 9.245752916201251115e-02 8.819397493420277900e-02 1.165158683599914341e-01
9.069718225846197523e-02 9.743695793367761204e-02 1.071817265947841297e-01 9.888602126700631045e-02 7.808200790038336003e-02 1.197535830151401914e-01 1.162721703286899444e-01 8.788192824990222196e-02 8.433095832529727276e-02 1.194774641266569543e-01
9.288950672591272939e-02 1.028055543236341685e-01 1.053140881345661362e-01 9.914785938939441046e-02 7.273145825520459240e-02 1.152503411169761710e-01 1.139913121187638712e-01 9.495500850842640561e-02 8.791147447163143169e-02 1.150033969554900837e-01
9.464174363756248931e-02 9.544407669091053981e-02 1.040728453099983020e-01 1.010195002916719348e-01 8.116162018643897913e-02 1.176779934026044028e-01 1.112284119154557521e-01 8.779975278138149597e-02 8.944134940131277800e-02 1.175127063826633816e-01
9.120220184210044156e-02 9.276444022792021404e-02 1.056154990811038058e-01 1.018794222386514986e-01 7.841092255950976586e-02 1.181366540845945612e-01 1.199260177565355107e-01 8.452621975397985044e-02 8.960569216030907225e-02 1.179329302952953351e-01
9.302680799141475887e-02 1.012872571249406883e-01 1.035450178032567142e-01 1.006164821729209208e-01 8.192546517460655431e-02 1.140025065003738708e-01 1.139737534590671564e-01 9.133986488231517209e-02 8.649456932474174076e-02 1.137882755663624096e-01
9.278452169534572025e-02 9.743560182069904707e-02 9.992239664371221908e-02 1.022138184052957116e-01 8.527091527906685564e-02 1.177597389237835523e-01 1.096057659810467516e-01 8.864848807563080468e-02 8.878896324855317657e-02 1.175697899268661473e-01
9.239858997242016148e-02 9.651282278732335740e-02 1.040940838412952041e-01 1.004706934516576694e-01 8.019685695310892204e-02 1.177022733642500568e-01 1.118342950218250281e-01 8.989632888221861517e-02 8.932300603624963864e-02 1.175710496896513191e-01
9.295073784302128328e-02 9.374922791662090860e-02 1.039811159027403537e-01 9.823197992173993143e-02 8.487507139001534973e-02 1.198039035549459952e-01 1.111006592911879254e-01 8.838718102265920307e-02 8.724087646614202274e-02 1.196792466909270825e-01
9.341310054965394627e-02 9.169831570791318887e-02 1.056026333217964103e-01 1.008490089921274258e-01 8.080343682016821738e-02 1.189971053039705767e-01 1.158917669462262295e-01 8.476252748208137899e-02 8.907073889046350501e-02 1.189113659855991073e-01
9.003262688036388350e-02 1.002090461655996273e-01 1.029206234038130413e-01 9.499941093915753587e-02 8.215314491311627443e-02 1.173293166510692431e-01 1.172681225628904866e-01 9.386400555597324002e-02 8.411358030180068890e-02 1.171101226262159789e-01
8.812532146521417920e-02 1.126249822695625930e-01 1.002145709449480671e-01 9.557294257028271789e-02 7.841849677761533743e-02 1.158136730579533841e-01 1.142362666611161509e-01 9.906850156914891181e-02 8.032832968188047262e-02 1.155969150022781861e-01
9.558315544374861028e-02 9.660124449952027514e-02 1.011035990005560020e-01 1.032478068157140494e-01 8.030815945390026855e-02 1.162792202341503128e-01 1.115912448611667829e-01 8.831109571069702124e-02 9.078974359420892426e-02 1.161847303863377950e-01
8.982607908337403302e-02 9.583358952753501248e-02 1.057097959897819878e-01 9.794377728785641501e-02 7.668784836448742925e-02 1.216679305488136131e-01 1.194152465315424932e-01 8.700973917679358238e-02 8.437262714326353163e-02 1.215333663465518743e-01
9.261129145288712894e-02 1.019091406294203861e-01 1.045930566091446967e-01 9.922772132058810257e-02 7.792767009729001382e-02 1.165509226414326999e-01 1.114740253195329323e-01 9.219898542223602111e-02 8.711143863746394211e-02 1.163957478700040626e-01
9.130824517768751369e-02 1.012024509282244411e-01 1.015896964103805700e-01 1.013715950225611701e-01 8.095721038953956894e-02 1.134146749985019687e-01 1.199160861092834207e-01 9.133500916345131670e-02 8.554641188491764192e-02 1.133586199154524299e-01
9.543203858862067679e-02 9.040722006586771053e-02 1.065810699349084151e-01 1.036789822723781923e-01 7.352426546591961376e-02 1.215773392510909323e-01 1.164987108982893371e-01 8.134496348037736912e-02 8.961870799796095577e-02 1.213367020445867694e-01
9.042395618887777431e-02 9.394815534884910779e-02 1.073330275406828155e-01 9.874424419149019361e-02 7.521373822972152179e-02 1.216500689668546104e-01 1.199651419124638102e-01 8.555278986815340048e-02 8.563765799866054906e-02 1.215312197542462308e-01
9.141372269962347308e-02 1.010573652633513092e-01 1.032734773075340562e-01 9.461685466537730904e-02 8.302875752114660668e-02 1.201684403579221100e-01 1.094312686676365831e-01 9.314172866974922138e-02 8.396244254782227190e-02 1.199059422998371149e-01
9.401664261583385362e-02 9.741737813179446315e-02 1.041345119108590678e-01 1.017169271023680710e-01 8.035906164393731566e-02 1.144372692930271107e-01 1.140704237597773563e-01 8.956201473883472486e-02 9.003150502952604606e-02 1.142542657740419632e-01
9.102077818426804190e-02 1.053359874656416145e-01 1.022960800210066107e-01 9.448507950123234689e-02 7.645054492410498226e-02 1.192217154553054798e-01 1.116197440995298634e-01 9.759378964004862544e-02 8.298671720407176100e-02 1.189895635047907019e-01
9.729090976185729434e-02 9.354866429291450181e-02 1.129780176704950623e-01 9.435363012752354117e-02 9.410870520043351783e-02 1.092609539269570051e-01 1.047301995210542930e-01 9.568510796070202329e-02 8.888499604322346037e-02 1.091588154948393424e-01
9.284155709425274960e-02 1.015671580881971903e-01 1.063970736036611298e-01 1.003924669838343192e-01 7.575671531995947783e-02 1.143989203755750167e-01 1.161167366955978969e-01 9.151624929961339749e-02 8.680921647550141063e-02 1.142039060638074532e-01
