9.404836885379823375e-02 9.709743471082625532e-02 1.117016191551323812e-01 9.414222426109458697e-02 1.205538581583280866e-01 1.203722873677447597e-01 7.862486638698204522e-02 9.478294056729522077e-02 9.465581550970394997e-02 9.402058502909452220e-02
9.371041769188673265e-02 9.538943325901047543e-02 1.077541623207955712e-01 9.379923575840376504e-02 1.235416957617792855e-01 1.228635649371440652e-01 8.298303667451946419e-02 9.313964991379300451e-02 9.303865494195917574e-02 9.378014874070850215e-02
9.417904493573239777e-02 9.567738788140164874e-02 1.043296820843793021e-01 9.425260687314351848e-02 1.199663845520926447e-01 1.195408479479887626e-01 8.557179559162941818e-02 9.618484578351327308e-02 9.609869949911814535e-02 9.419870485100094448e-02
9.064571707895632824e-02 1.073769371277584206e-01 1.266808434442494302e-01 9.075693036750442921e-02 1.185382482881334465e-01 1.181942627278914498e-01 7.695880022426282441e-02 9.016083674563979411e-02 9.002004691604129083e-02 9.066737707956259995e-02
9.290632267574951142e-02 9.611792654188255902e-02 1.107893736649495919e-01 9.294815739087336492e-02 1.263330073770221884e-01 1.256376936137091616e-01 7.921681049140313902e-02 9.159950045045556211e-02 9.154257596068132719e-02 9.290863183327349728e-02
9.451738692123329288e-02 9.877017070754394445e-02 1.085755596241196608e-01 9.447607237036882710e-02 1.155052415087899492e-01 1.150788034376489383e-01 9.403265261939575126e-02 9.227611536562140004e-02 9.230895446415618433e-02 9.445904298112207942e-02
9.251668578881286353e-02 9.976663292804431593e-02 1.115695079474960660e-01 9.259812438334084905e-02 1.245933900546832979e-01 1.243317009034703435e-01 7.696004085739818756e-02 9.265849281383874148e-02 9.254112678204955145e-02 9.246429754086579744e-02
9.273968565507920148e-02 1.038262006661483106e-01 1.209952375160453092e-01 9.283182880954407579e-02 1.179901161408759558e-01 1.176255728440736836e-01 8.122602990742887330e-02 9.005962952880110228e-02 8.994054990922702164e-02 9.276514902277650798e-02
9.502719322370463406e-02 9.565989854935515180e-02 1.063831257850006012e-01 9.513483136831754616e-02 1.184121075460373568e-01 1.182244212744858330e-01 8.641246700170991668e-02 9.492581877961714376e-02 9.478681069983382890e-02 9.503332577193797370e-02
9.325393775788211326e-02 9.906944385019962607e-02 1.128579321474051517e-01 9.334574957059324496e-02 1.217700208110539667e-01 1.211804285327890834e-01 8.145697931820497506e-02 9.193007893311350154e-02 9.182148706090037527e-02 9.331394201785794817e-02
9.147244207754277878e-02 1.017256332411659997e-01 1.140038419550516297e-01 9.155003199920534740e-02 1.250828455350836144e-01 1.242448667342155172e-01 8.213519674681026006e-02 8.916732965121458576e-02 8.907671012688204992e-02 9.154110193282824492e-02
9.015390428340415430e-02 9.843693593263766473e-02 1.190854258413448913e-01 9.027864628708970329e-02 1.257227469501224770e-01 1.250774937704226542e-01 7.740714849488894433e-02 9.188738990286758612e-02 9.173960656908970723e-02 9.021070196813224529e-02
9.214218923025715990e-02 1.029640593018843614e-01 1.251041225389522560e-01 9.219400344056059848e-02 1.169729445358679704e-01 1.168617825102755553e-01 8.270320068795586343e-02 8.954133651933582350e-02 8.945106105979477862e-02 9.206530017511566077e-02
8.737219458116989024e-02 1.080810818122423939e-01 1.370618216904171405e-01 8.748032055417824526e-02 1.226767316099810767e-01 1.219982181014300227e-01 7.403287048677718862e-02 8.700300914685080156e-02 8.687253157864227582e-02 8.742122043831100642e-02
9.002370296810004169e-02 1.054565161758270614e-01 1.266357754063054675e-01 9.011422393723826640e-02 1.229399951396321633e-01 1.224384440296666932e-01 7.406525146693800077e-02 8.920620924294343779e-02 8.908864848430178562e-02 9.003123314904712404e-02
9.014323426738356237e-02 9.927295616250318699e-02 1.170386396481629537e-01 9.021389618031706858e-02 1.257048210355089513e-01 1.249037654819526860e-01 7.966570806566611318e-02 9.147713827038510270e-02 9.139758440307647891e-02 9.018225648504385461e-02
9.307375374019903613e-02 9.988537343029828264e-02 1.161918942794936127e-01 9.316205997471806166e-02 1.183194859489855311e-01 1.177304462903863702e-01 8.400549243324607895e-02 9.228804103356644251e-02 9.218956371826039775e-02 9.315388915084622801e-02
9.567756096592437698e-02 9.846045315718865432e-02 1.064167556301860024e-01 9.583498488216167510e-02 1.184725039383096590e-01 1.182975447059009949e-01 7.797662596519702727e-02 9.666181591502538695e-02 9.646921968738784992e-02 9.573253515271841485e-02
9.441578416988125055e-02 9.337000141788778795e-02 1.058199027795725528e-01 9.455264248808320504e-02 1.282219935030043945e-01 1.278546888789653946e-01 7.552628356131745047e-02 9.299143164701698105e-02 9.281519153292920599e-02 9.443208002134179102e-02
9.161354621720869951e-02 1.046371782456559235e-01 1.229939408704522619e-01 9.170526377597471024e-02 1.202454016033181611e-01 1.199233984108084849e-01 8.129979334270590052e-02 8.805114870004493444e-02 8.792417004020759708e-02 9.160615879362335456e-02
9.336487889335548518e-02 9.495532261724311252e-02 1.092080267204713351e-01 9.344789727993454975e-02 1.268827202774588103e-01 1.262719255589009326e-01 7.977435208530550548e-02 9.140729126009757011e-02 9.130040766679096975e-02 9.338717764044168756e-02
9.316506275413170834e-02 1.029923722666597485e-01 1.141330654087481106e-01 9.326565154033593374e-02 1.178449084538189390e-01 1.172691944866461472e-01 8.321774924113821414e-02 9.248270256968967040e-02 9.237131984529639572e-02 9.325797343353511848e-02
9.193226754831464176e-02 9.854953534878865828e-02 1.149499879242318751e-01 9.200266681957927628e-02 1.204175937984115347e-01 1.198330163507855678e-01 8.462881637867430973e-02 9.289826246294467793e-02 9.281789598689378640e-02 9.196995738137569987e-02
9.107135989927966913e-02 1.065229865740055931e-01 1.271675908956996226e-01 9.117155830051150434e-02 1.196517706250056073e-01 1.192136018872941017e-01 7.719342017176547555e-02 8.851726503941008406e-02 8.838928836290793623e-02 9.110115824412043373e-02
9.320371512334721387e-02 9.212917061987276057e-02 1.090767751397341417e-01 9.326059267711482581e-02 1.233038169418569918e-01 1.228795708572076040e-01 8.646274837523793000e-02 9.329219511160639910e-02 9.321321884157937609e-02 9.317819631244279865e-02
8.011472859468948826e-02 1.385609656725663164e-01 1.748316687887859211e-01 8.023596533834179145e-02 1.105846083798087132e-01 1.102995601982516144e-01 6.313217164061218911e-02 8.114010161991266901e-02 8.098311596027696346e-02 8.011711380675434757e-02
9.509667361941889774e-02 9.397017902228994857e-02 1.055293428263648081e-01 9.518625583437594073e-02 1.194541636078794294e-01 1.190677863466858138e-01 8.417306528775723995e-02 9.624853630043031516e-02 9.614236014530565255e-02 9.513163700949196777e-02
9.288422168827567549e-02 1.036128221711396930e-01 1.112176330757734671e-01 9.292029439708460181e-02 1.176663552965917653e-01 1.172956645654513463e-01 8.422657824932003323e-02 9.368296445334134415e-02 9.363381667150394438e-02 9.285964943151811535e-02
9.223875084109163514e-02 1.012498760481998911e-01 1.152232423086790997e-01 9.231382680663871576e-02 1.215327323248991398e-01 1.209456787581186105e-01 8.165439425293176401e-02 9.132828976630377738e-02 9.123717349839266522e-02 9.227603539474472927e-02
9.113826380747236389e-02 1.060442694083753301e-01 1.203929199566611263e-01 9.122209264121280969e-02 1.153618883379325527e-01 1.150624123460276399e-01 8.502371409044982842e-02 9.235700452976546015e-02 9.225211543966721495e-02 9.114531944243567385e-02
9.182704343912943823e-02 9.814650953613411610e-02 1.118106263019935792e-01 9.189887543822362892e-02 1.269154904748992507e-01 1.263111587595872887e-01 7.725845405571248048e-02 9.204914642394110280e-02 9.195633792896462655e-02 9.182635764141450219e-02
9.244395371332865541e-02 9.965863980485029083e-02 1.153369183188013986e-01 9.254191775070721993e-02 1.209102886438608027e-01 1.202640551493516508e-01 8.041040059058521261e-02 9.300896581820143616e-02 9.290065743351537397e-02 9.252420277679788974e-02
9.331575025663534084e-02 9.956770235273645908e-02 1.178726036823041085e-01 9.340752477378212737e-02 1.213616350080264361e-01 1.207104783232702816e-01 7.892065741387413458e-02 9.077799349289018827e-02 9.067111577786651777e-02 9.339453891861437818e-02
9.423754258540613382e-02 1.056882339304813928e-01 1.039532061459557399e-01 9.428161386809599809e-02 1.066382609534398118e-01 1.064972681495932605e-01 8.641254230042398621e-02 1.040370336964598630e-01 1.040130487018026545e-01 9.424124966834120098e-02
9.552136034547863142e-02 9.829033495960452782e-02 1.095356322265625543e-01 9.553592136018604353e-02 1.155998259731604444e-01 1.153025464204134043e-01 8.855429185372507006e-02 9.310249981947457676e-02 9.306923631742083924e-02 9.548835072397394985e-02
8.604346652648009464e-02 1.120308649048629979e-01 1.340494039568039253e-01 8.612350490148779070e-02 1.220500705525361662e-01 1.214966526813303915e-01 8.013964292409429813e-02 8.606998548230369861e-02 8.596358194744603554e-02 8.603282612265464313e-02
8.838173861253760533e-02 1.093693048202997731e-01 1.331814902610152229e-01 8.847387517111522659e-02 1.198828367243136017e-01 1.196132079514172636e-01 7.043169888808793744e-02 9.122195291504110737e-02 9.109848200211498326e-02 8.834541265405725097e-02
9.351891474905432711e-02 9.220701060759189938e-02 1.053751307469313614e-01 9.361029358948057266e-02 1.268787592435525469e-01 1.263529448324947624e-01 8.137437849390506683e-02 9.363401671540350080e-02 9.351799742510506774e-02 9.353055359648086708e-02
8.888891676794419272e-02 9.924504191244316875e-02 1.230159453019265686e-01 8.894843301815892611e-02 1.281582126449358205e-01 1.275081960250633029e-01 7.952100779321959190e-02 8.797025498804444954e-02 8.788446847190664601e-02 8.885952307635738845e-02
8.962964693873508304e-02 1.027107952808854197e-01 1.275880541890070385e-01 8.968286101963743318e-02 1.255192532641260794e-01 1.248088256841339005e-01 7.546503026045038587e-02 8.752045985520677529e-02 8.744615538412039979e-02 8.962891812369754019e-02
9.220820158604224603e-02 9.951449488352050177e-02 1.144413496247070200e-01 9.228946669973096817e-02 1.241774695987311328e-01 1.235845912916337663e-01 8.170048716348150830e-02 8.997679320179748086e-02 8.987251007733031150e-02 9.223463587302505040e-02
9.155713688426408980e-02 1.049803129862317136e-01 1.226570560695934564e-01 9.162517517993781779e-02 1.182568113438790675e-01 1.176549215258472225e-01 8.077708364067853752e-02 9.048048967533550702e-02 9.040144538675069785e-02 9.160956730748186227e-02
9.261466750927734026e-02 9.539521869104967966e-02 1.094230369736888531e-01 9.269483264997276095e-02 1.261922327348218575e-01 1.258179628824976359e-01 8.433912564817964974e-02 9.053022694310830509e-02 9.041403527770761062e-02 9.257866068969629325e-02
9.187738609890941377e-02 1.015396875635748986e-01 1.171967009532232373e-01 9.199424027322208874e-02 1.219752818661476168e-01 1.214368235289609715e-01 7.797451053014972655e-02 9.210285870990481127e-02 9.196447221161171970e-02 9.193803826429557124e-02
9.215471152495456619e-02 1.035656241800350513e-01 1.155699059927091793e-01 9.224067652674318440e-02 1.186506502930579493e-01 1.182954190164082070e-01 7.680065045164222171e-02 9.533101566262397464e-02 9.522781723033046930e-02 9.216352912149519683e-02
9.230313580073075397e-02 1.013978562122542088e-01 1.102429234053744905e-01 9.234667048718217530e-02 1.203940323721009592e-01 1.200657351073169538e-01 8.467193167771772111e-02 9.319434772016335633e-02 9.312974782501959314e-02 9.225361939213982954e-02
9.089707840196707689e-02 1.028651817334338969e-01 1.251178378814640502e-01 9.098197689386863796e-02 1.208802891687570519e-01 1.207432988111843963e-01 7.181879929392698259e-02 9.299353414703051546e-02 9.287171015435230492e-02 9.083029351401505913e-02
9.070409545570189136e-02 9.651912149573915745e-02 1.145096296729555124e-01 9.078885263000893713e-02 1.262828214434862928e-01 1.257624172858675116e-01 7.787884254457630440e-02 9.348369764488258238e-02 9.337668987287633948e-02 9.069383195390552654e-02
9.326449319817901873e-02 1.022623004339150848e-01 1.116126795010017325e-01 9.331587242375091740e-02 1.183536578355076085e-01 1.179610687252087287e-01 8.282934784767166658e-02 9.360431234459501426e-02 9.353771516816622444e-02 9.325855252200404566e-02
9.249092476222278703e-02 1.072445389872605376e-01 1.113152601548350884e-01 9.255613084416419722e-02 1.182336179473443966e-01 1.178583374099770598e-01 7.869508492027203761e-02 9.459802280141894892e-02 9.451852775432624532e-02 9.248955441817874323e-02
9.756203151195891321e-02 1.086447969573617195e-01 1.062566349059207438e-01 9.752988814814717022e-02 1.047642159260787631e-01 1.045468753598006589e-01 9.065080250976897958e-02 9.622600984112017475e-02 9.626272838826167855e-02 9.755601645158121227e-02
9.239952295874157007e-02 1.012624062731183883e-01 1.115258131133222697e-01 9.251588937953390823e-02 1.199718739869627543e-01 1.195865389267170842e-01 8.400862230606079284e-02 9.321620342350452060e-02 9.307445459729088433e-02 9.243867503474782754e-02
9.574133342449168971e-02 1.009911697466828323e-01 1.060307996175053752e-01 9.583328758745256193e-02 1.144474907212893328e-01 1.140677851093995082e-01 8.438099769521821558e-02 9.639545649040937025e-02 9.629443149722496931e-02 9.581724811032618638e-02
9.554854880895342906e-02 1.026797650621571190e-01 1.107605279279821192e-01 9.566103090609597015e-02 1.142722509127559738e-01 1.137034247507238971e-01 8.557864804362171063e-02 9.310731793324464323e-02 9.298983587676909468e-02 9.569864977769608483e-02
8.759023147351838179e-02 1.043620921908315208e-01 1.250143435977334183e-01 8.766079705588572524e-02 1.244616491555085025e-01 1.237837959001732990e-01 7.895584378332042019e-02 9.033183162549870970e-02 9.024707408871443515e-02 8.759234112881551793e-02
8.971726188024310711e-02 1.037192663726556191e-01 1.239322318900359099e-01 8.981168398502287209e-02 1.242874991910796062e-01 1.239272140204338984e-01 7.221761554873849798e-02 9.141402426661299208e-02 9.128685880854620072e-02 8.968634403663122701e-02
8.636618964253414688e-02 1.066418486794404596e-01 1.293071339069394865e-01 8.640390456975621802e-02 1.260947709324699295e-01 1.252920344995019364e-01 7.827802594786054113e-02 8.766067795071152968e-02 8.761123101229223442e-02 8.634418285849350394e-02
8.824177157792528758e-02 1.074156475989272302e-01 1.343558598903639711e-01 8.830289640616253988e-02 1.211083876853645130e-01 1.208185444160914529e-01 7.458448842505374654e-02 8.854720994450411553e-02 8.845303279981307776e-02 8.817216125579405150e-02
9.320699018617538412e-02 9.894840212039157645e-02 1.140365037084255517e-01 9.328832467942897722e-02 1.212472184519654689e-01 1.208712933111953935e-01 7.891574151280349170e-02 9.319233801350353119e-02 9.308657401508944884e-02 9.320661400102113470e-02
9.272684568551668727e-02 1.055286227126974591e-01 1.125178579271376711e-01 9.276884646319279171e-02 1.146329305194222353e-01 1.142796756966000249e-01 8.296450260398728627e-02 9.595126487794006231e-02 9.590639658636129772e-02 9.272305692714453984e-02
8.999756640181451328e-02 9.880617947985374794e-02 1.145639617724251019e-01 9.005278765015532760e-02 1.289142204548869852e-01 1.281080825133906198e-01 8.277241921512905332e-02 8.842985272135341079e-02 8.835502696110140997e-02 8.999990282988983015e-02
9.463729380040399042e-02 1.076787388400854972e-01 1.117433845783131208e-01 9.463212800380392531e-02 1.102115246082368688e-01 1.099143881252011568e-01 8.604367906186755066e-02 9.525757311848874476e-02 9.526397654763878176e-02 9.461731331596039130e-02
9.266483426805915968e-02 9.838285242072272729e-02 1.139682951315289655e-01 9.276603775636033111e-02 1.210718573136138898e-01 1.203897130900949269e-01 8.423842541054496480e-02 9.193627376832450016e-02 9.182399532938885500e-02 9.275771551136169357e-02
9.275079200560450154e-02 9.943333625491751482e-02 1.093263454800270235e-01 9.286305438743587548e-02 1.221068728240516099e-01 1.215621717297616367e-01 7.922877317573072398e-02 9.502166834514044758e-02 9.489328997816934286e-02 9.281369581916136535e-02
9.608884250867842647e-02 1.011598431413452959e-01 1.144629604098291037e-01 9.608142847141168397e-02 1.142237680621629309e-01 1.138381732161862919e-01 9.068553975192092387e-02 8.870286745072283874e-02 8.868294303989913974e-02 9.607363394784335098e-02
9.375948402137083970e-02 9.277998619099168953e-02 1.063009342321471762e-01 9.381891022805700919e-02 1.244312677731153199e-01 1.241237639007662097e-01 8.069673116019619730e-02 9.523495879386932594e-02 9.514933267074837664e-02 9.370463102873786976e-02
9.041171135765431466e-02 1.055966695784403137e-01 1.232751185336139477e-01 9.043422546583852750e-02 1.164520930750473221e-01 1.159698058578127189e-01 7.876084266348885865e-02 9.436224642600768431e-02 9.434362688520360474e-02 9.039366015689272171e-02
9.109485007380217769e-02 1.053066387299174678e-01 1.248564722479073713e-01 9.118120019132169851e-02 1.155755026384697182e-01 1.152294853065119334e-01 8.168768591162901826e-02 9.202962460305942616e-02 9.192373458192473756e-02 9.111480571545639562e-02
9.238211589729812545e-02 1.035037723958600470e-01 1.173760968344065014e-01 9.246554589294339599e-02 1.191460135049655783e-01 1.188419491136907674e-01 7.940298974783396857e-02 9.230909135244740049e-02 9.219864499414655301e-02 9.237378026640766238e-02
9.468932257741984049e-02 9.590369448109682671e-02 1.056483604850234348e-01 9.476321644535849742e-02 1.196835871456348732e-01 1.194764940645711149e-01 8.548769196801403458e-02 9.489622820954982108e-02 9.479370312885061767e-02 9.465770149448102244e-02
9.037592813199862851e-02 1.112452692910161772e-01 1.190205322122226544e-01 9.038300289966827439e-02 1.171312251952141975e-01 1.166102443534951377e-01 8.417069624764796087e-02 9.036487370585821743e-02 9.035063731926665231e-02 9.034759064361211345e-02
9.100795917580369043e-02 1.026179161151497821e-01 1.201871249169414874e-01 9.111876608559699164e-02 1.218296057701247354e-01 1.213408877016751430e-01 7.905607749619225633e-02 9.096592971683628570e-02 9.082994241163780402e-02 9.104579061004178242e-02
9.028552333196357416e-02 1.078220240788107659e-01 1.270785280133416018e-01 9.035296672423383246e-02 1.146117308776740951e-01 1.140989957873444482e-01 8.057568537951546872e-02 9.245730792957138067e-02 9.238587741880764648e-02 9.033136045873721431e-02
8.765354991565899034e-02 1.088508902301972003e-01 1.314417518312987476e-01 8.770683371642143400e-02 1.199479211544979551e-01 1.194807018521133191e-01 7.495209718860595949e-02 9.120641737362797374e-02 9.113940308921736344e-02 8.762043364836101522e-02
8.862704427978954080e-02 1.047360984339814893e-01 1.286943628397647643e-01 8.866544639731442634e-02 1.229072154475305129e-01 1.224328730922034786e-01 7.720517843429708371e-02 8.911190785165559736e-02 8.905095870170762207e-02 8.856891452175551238e-02
8.880507667484552337e-02 9.751189941641379144e-02 1.152317661223353357e-01 8.883151830760817325e-02 1.283422363846268843e-01 1.276361985054537684e-01 7.853399136131045122e-02 9.319229581326747558e-02 9.316141307485574508e-02 8.875360433928285164e-02
8.900968451654135694e-02 1.030858232238829469e-01 1.259251394390824563e-01 8.905407118239343223e-02 1.242838189344745159e-01 1.236554143495907782e-01 7.640856679280003116e-02 8.982587968060858075e-02 8.976573718260288937e-02 8.898586469802299836e-02
9.236224671920255369e-02 1.037998190430019230e-01 1.162570351366908894e-01 9.246408262250564725e-02 1.198336192754176771e-01 1.192163526280147212e-01 8.299424668746767375e-02 9.037188523528877360e-02 9.025447999518317055e-02 9.244623265722698435e-02
9.694772996093138639e-02 7.611358421267694352e-02 8.646328832986699409e-02 9.735418584395616470e-02 1.492796348464076051e-01 1.496684413339642306e-01 5.272428700095597304e-02 9.749459032603881303e-02 9.696929910506595085e-02 9.698495904013593183e-02
9.298183225393721885e-02 1.050166403163939749e-01 1.148108485145818980e-01 9.305278769708617836e-02 1.173942226259560295e-01 1.169666648093366790e-01 7.805929806909354951e-02 9.439569084891233364e-02 9.431325256248186684e-02 9.300876230222022978e-02
9.265507104721776299e-02 1.006418685484396780e-01 1.147871095202434299e-01 9.276738691159452932e-02 1.199567937251915795e-01 1.195287569694460789e-01 7.987392232633797051e-02 9.361021401610035431e-02 9.347606146255055259e-02 9.270281547287806401e-02
9.298240990934529548e-02 9.802814188345221336e-02 1.132205990725768108e-01 9.303853441268931934e-02 1.234959865812550739e-01 1.228890991556977341e-01 8.226936290551106756e-02 9.057671800096585291e-02 9.050140683208468539e-02 9.299774124642200268e-02
9.104653595297935997e-02 1.036440582951136807e-01 1.292778096741845906e-01 9.108338228981695261e-02 1.196401509959128528e-01 1.190387864388191552e-01 8.172967575919641570e-02 8.677146299980574573e-02 8.671356454409480385e-02 9.105457305007641500e-02
8.916772447095071275e-02 1.026510764300197914e-01 1.207312314687189053e-01 8.927367847732298189e-02 1.252912112425429991e-01 1.247650325764536466e-01 7.642772198487773894e-02 9.132466682880020781e-02 9.119166278946272408e-02 8.917599373085027814e-02
9.189315958163958575e-02 1.050233948927078304e-01 1.188412505068148356e-01 9.194160196831270560e-02 1.160782242500339179e-01 1.156931584606297608e-01 7.868115683988834153e-02 9.500707915642962742e-02 9.495262253971901989e-02 9.188835180382440293e-02
9.227895998645557762e-02 1.006850707161025538e-01 1.160037721190987497e-01 9.243628638340946335e-02 1.249708792966246623e-01 1.245346226252348060e-01 7.305899394420153903e-02 9.194287606924340939e-02 9.175045917391752570e-02 9.233807968571175473e-02
9.246028764821226376e-02 9.665806212853222945e-02 1.111009894972874446e-01 9.251454131010777848e-02 1.211380199809112129e-01 1.204702259738068687e-01 8.647825423208611861e-02 9.336802038166312767e-02 9.330997269073998401e-02 9.250162615665295796e-02
9.036773834292184671e-02 1.031948305383121878e-01 1.186597833403844199e-01 9.050405056043428487e-02 1.251604482121369821e-01 1.244187787447953442e-01 7.746355642915943307e-02 8.996247172777847856e-02 8.980547669451068027e-02 9.046286540956639810e-02
9.227873275664300046e-02 1.022185055933416686e-01 1.142045962818989818e-01 9.234511201245854117e-02 1.143093392144538950e-01 1.138989242005961494e-01 8.618907858759670970e-02 9.615515002645484699e-02 9.608725185904296029e-02 9.231330946751326039e-02
9.402635995174615791e-02 9.578236714122231876e-02 1.107953531295231830e-01 9.412172695702254732e-02 1.247612246954604431e-01 1.243723182098439989e-01 7.699391780918538042e-02 9.262373957806495361e-02 9.249709436891390135e-02 9.402589815901711556e-02
9.040127603093577047e-02 1.044748432786425235e-01 1.178292254383307147e-01 9.049314854309145617e-02 1.198345155257228845e-01 1.195036951213991339e-01 7.753989189389869086e-02 9.482287417117396533e-02 9.470924110664995232e-02 9.039128889015497770e-02
8.717051719525009679e-02 1.089860438963026479e-01 1.290398279174933549e-01 8.724498761185092710e-02 1.206088308174238788e-01 1.199546483975800076e-01 7.833186535618899549e-02 9.077649396958430150e-02 9.069332070721093653e-02 8.719346413111485339e-02
9.424568030999989909e-02 1.051916724735568742e-01 1.078731986933926801e-01 9.427192725125577155e-02 1.135880238739527814e-01 1.131898028419210528e-01 8.389273945853609193e-02 9.675549579647620135e-02 9.673384268259742347e-02 9.425761661831122407e-02
9.195061138607685258e-02 9.846186760268038629e-02 1.149103755808944388e-01 9.202756718139508407e-02 1.242364948141045089e-01 1.236296985899758422e-01 7.951009107594902980e-02 9.169727573263783404e-02 9.160207462133292122e-02 9.197394341495315762e-02
9.311730329820951113e-02 1.021768022502364259e-01 1.136066444258920088e-01 9.317597294346843806e-02 1.178292258480600485e-01 1.174395109099734269e-01 8.479739347526234206e-02 9.240691426028262156e-02 9.232995737522677049e-02 9.312027521338840652e-02
9.306012034279220746e-02 9.522697266431319474e-02 1.099647238099742547e-01 9.313914952602220243e-02 1.236828008060098655e-01 1.231624701654116943e-01 8.409960132644338227e-02 9.234428595164216602e-02 9.224373653291254027e-02 9.307613887447853396e-02
9.066912155370798754e-02 1.137590699288437424e-01 1.178716746152207728e-01 9.071497047343465847e-02 1.145070093278764550e-01 1.141213486689791612e-01 8.044833804420148393e-02 9.364784093175489155e-02 9.359648103128183350e-02 9.066414542469902749e-02
9.151885326169154067e-02 9.828175155056718959e-02 1.106589183854060077e-01 9.157711500385418146e-02 1.282080627644128501e-01 1.273861187300166509e-01 8.011838954168494509e-02 9.039017618528846776e-02 9.031741502543634559e-02 9.154319955164183509e-02
8.943859605880347119e-02 9.957993567116900369e-02 1.167950970740037203e-01 8.950439924637718092e-02 1.280027300128865342e-01 1.271911555223244061e-01 8.406283128308003616e-02 8.802784554001470696e-02 8.794283384754242316e-02 8.945457574379846177e-02
9.456133432076681278e-02 1.011227745020072261e-01 1.144363768893942590e-01 9.463254565082980518e-02 1.189609113771324944e-01 1.186070227944352184e-01 8.686485512762583128e-02 8.817456326047409809e-02 8.807019265679241760e-02 9.456942342054187878e-02
9.190980509327181802e-02 9.675802359596355484e-02 1.127975831248081429e-01 9.201579951854801931e-02 1.243630840145529409e-01 1.239297446973526284e-01 7.553719171875614147e-02 9.544969901443567384e-02 9.531949328569590263e-02 9.191957593661512216e-02
9.157383617910573592e-02 1.077503987240637923e-01 1.124946772579167725e-01 9.158532063928988276e-02 1.138827530399322829e-01 1.134784685308201369e-01 8.993180660948818517e-02 9.388104434995742098e-02 9.387069315615068077e-02 9.155100151327509594e-02
8.979860980100345946e-02 1.012165419191562582e-01 1.221474238629925296e-01 8.983399573393742454e-02 1.262885136140452780e-01 1.253761004903164722e-01 8.093708201456886742e-02 8.731404161561112653e-02 8.726632991559747643e-02 8.982136103277109374e-02
9.177059239168225413e-02 9.535480317418867924e-02 1.141613039502702709e-01 9.190372254439814481e-02 1.285974837175964114e-01 1.280367124545670476e-01 7.353638580900576094e-02 9.249717326512270354e-02 9.233279463029719913e-02 9.180902806287151441e-02
9.450174468287814156e-02 9.453817424818755644e-02 1.081844661236322502e-01 9.465507823989610658e-02 1.242200706136290522e-01 1.240463055603571452e-01 7.607673062659586760e-02 9.473198810372729373e-02 9.453400566071150368e-02 9.451143614038502727e-02
9.148632246632365517e-02 9.988716031820041308e-02 1.200666647589808678e-01 9.162665299784522599e-02 1.238701082259306002e-01 1.234914463712227795e-01 7.285782570887767984e-02 9.268596082043654982e-02 9.251066567088273018e-02 9.151719266129955399e-02
9.995183407199634273e-02 1.066163274164748237e-01 9.804128851334817374e-02 9.991027679166422648e-02 9.968145002508257968e-02 9.974580244265809914e-02 9.315189895922022789e-02 1.014779436516194955e-01 1.015286995260745589e-01 9.989447860186148609e-02
1.016773688824151312e-01 9.693290502058125868e-02 1.041178218472409572e-01 1.016352987746207415e-01 1.019385785894331153e-01 1.019567884308364009e-01 9.981931818072191376e-02 9.513526849747662439e-02 9.515364279432600436e-02 1.016330089823478805e-01
8.921120700100118595e-02 1.113816223582637238e-01 1.270270696012674172e-01 8.921070069537508085e-02 1.119892813335303106e-01 1.115715154626025912e-01 8.482499135097816556e-02 9.279933988821813251e-02 9.280775043687791714e-02 8.917652187188550295e-02
9.217181102505156431e-02 1.029972698398054776e-01 1.178164632164487163e-01 9.221597771409731359e-02 1.147454385416242922e-01 1.143728771517505405e-01 8.494736536954039519e-02 9.430639611589969329e-02 9.425576690362895416e-02 9.217063412215306673e-02
9.070260250199159435e-02 1.063310492400945939e-01 1.245261138885484925e-01 9.079142347125700174e-02 1.180049147668400383e-01 1.176149364138523723e-01 7.696708984256653285e-02 9.222671310963578839e-02 9.211753571429720511e-02 9.071762105091639439e-02
9.395626775499256456e-02 9.829908881916589458e-02 1.108197440230440922e-01 9.408613212051876451e-02 1.196948856772920705e-01 1.192985499808952160e-01 8.327375598464285822e-02 9.335145995899007954e-02 9.319643624878845567e-02 9.402367943166997644e-02
9.086303574552062612e-02 1.041393013995034755e-01 1.185212540167804862e-01 9.097155080752952760e-02 1.208231383758165689e-01 1.204270355167338935e-01 7.779275164662262376e-02 9.285712724245291649e-02 9.272295962272043834e-02 9.088184562631944352e-02
9.269668285082985348e-02 1.001476509609381949e-01 1.119851703173625618e-01 9.275196701003719790e-02 1.213696255702010618e-01 1.210345466304407203e-01 8.167006241950591772e-02 9.288374956994509268e-02 9.280384123164071852e-02 9.265670343909862550e-02
9.282171803855998604e-02 9.497526832169875255e-02 1.071947911438528994e-01 9.296102322721562505e-02 1.279750305323637816e-01 1.274139625771930073e-01 7.622374806522935753e-02 9.386303866646350524e-02 9.369460101516333128e-02 9.287681841225975399e-02
9.135892501615737460e-02 1.061098937243929174e-01 1.311861385153203774e-01 9.139570012365988427e-02 1.157018165432624479e-01 1.153976193222615021e-01 7.932196699088038538e-02 8.913471585155256782e-02 8.907273242656128798e-02 9.132049148595125510e-02
9.291038034128071277e-02 1.067727678934931312e-01 1.137234526183079492e-01 9.296559901368614542e-02 1.165021166884546988e-01 1.163106741081885304e-01 8.248297218535267927e-02 9.277435854170040797e-02 9.269254310113775319e-02 9.286513550839800568e-02
9.269203409728668519e-02 9.771033516370791761e-02 1.129102672716768702e-01 9.281505679821508425e-02 1.265176624656445536e-01 1.260778017778201865e-01 7.838861928470024221e-02 9.016778917120102377e-02 9.000885605363702358e-02 9.271157791611038534e-02
9.230610337067139681e-02 1.018624737259445912e-01 1.130635189919837053e-01 9.241832536069768955e-02 1.221156723069968253e-01 1.215228167529680270e-01 8.065060922605168936e-02 9.190688625652523869e-02 9.177605021500820359e-02 9.237754379315264719e-02
9.074771643011263211e-02 9.891688832302428236e-02 1.150105276741722193e-01 9.083368210243115970e-02 1.268137993956027498e-01 1.260937198764169875e-01 7.797361479374002868e-02 9.146634374210299567e-02 9.136340208563069332e-02 9.078030557676626533e-02
8.926963905307672142e-02 9.550564271381201120e-02 1.172609646195823113e-01 8.927786674156339142e-02 1.292346186939857811e-01 1.283672087993497635e-01 8.297555384826373059e-02 8.944689242499101467e-02 8.942967155776825050e-02 8.923194154760710761e-02
9.015460767735959668e-02 1.053441513153010323e-01 1.243418433695090697e-01 9.018966431559308217e-02 1.205522892815247826e-01 1.199844921701193751e-01 8.318988466829958794e-02 8.807861173765810237e-02 8.802442816664277081e-02 9.014002729799260039e-02
8.863846487358981174e-02 1.021935341581052953e-01 1.252575639634979365e-01 8.873101248692981391e-02 1.270708655492369943e-01 1.263636020540873928e-01 7.444870619017880664e-02 8.937604521202298369e-02 8.926148106651084213e-02 8.865872444584009526e-02
9.671797751011589062e-02 9.423535997803583752e-02 1.047135895341440442e-01 9.685219464808993151e-02 1.179038236819153207e-01 1.175155282438168775e-01 8.128473891263326978e-02 9.705448130991381483e-02 9.690269695527797822e-02 9.681960922605704900e-02
9.069462535245995105e-02 9.908565300946155230e-02 1.229396331707958145e-01 9.081720308945936959e-02 1.274387588507231717e-01 1.270678184025903767e-01 7.375001245821197204e-02 8.884494336648050827e-02 8.868018903603946956e-02 9.068116326377778647e-02
9.593562736547138481e-02 9.498906667993829711e-02 1.028533064901001881e-01 9.602467637040476567e-02 1.180195186523737699e-01 1.177415184906834833e-01 8.866526730471283035e-02 9.496381652966237596e-02 9.485079274711709363e-02 9.595640936953579725e-02
9.659451290663814693e-02 1.019695924399131176e-01 1.120090724230756313e-01 9.667661076034503309e-02 1.136267699962148214e-01 1.133758474454760468e-01 8.459831690726686559e-02 9.231002875938734697e-02 9.220348782442237823e-02 9.663576053726063986e-02
8.559983613082086662e-02 1.047142843889828784e-01 1.309804973200277556e-01 8.563649710802541393e-02 1.290815294548187941e-01 1.281640612520896783e-01 7.809983556944170846e-02 8.609919168937663070e-02 8.604834056098273343e-02 8.557592652543347111e-02
9.636524033420226787e-02 9.775368066675212131e-02 1.102182887561782704e-01 9.637202839501471385e-02 1.160961634633001505e-01 1.155265827062165185e-01 9.109902658502370965e-02 9.009329997714077276e-02 9.007151118646183896e-02 9.640417792970965016e-02
9.888647538737259379e-02 9.625457417621759160e-02 1.093741112222006706e-01 9.896065633300747677e-02 1.135501314446623472e-01 1.133076443110986320e-01 8.736013322998677222e-02 9.173659534075803701e-02 9.163484049743604587e-02 9.893483805725981906e-02
9.149541997555660222e-02 1.058526736880506663e-01 1.144441968631975948e-01 9.157211313042533385e-02 1.211015526678154292e-01 1.205805024221214827e-01 7.826669261105215214e-02 9.263170247200586127e-02 9.253931489950451006e-02 9.151583127027033970e-02
9.365637723105270374e-02 9.945247563388470713e-02 1.128350962633722365e-01 9.365779523246522964e-02 1.180190588330775614e-01 1.177163985213010855e-01 8.532458958965523366e-02 9.288741827118902894e-02 9.286779856071990247e-02 9.358299186328229713e-02
8.853217089746234780e-02 1.087771225721335250e-01 1.321278358118289364e-01 8.857330833562154782e-02 1.216012026906298366e-01 1.209251749683592364e-01 7.396181055598660681e-02 8.851208326360572587e-02 8.845886679679347553e-02 8.853042410757881731e-02
9.039910647985145709e-02 1.037978888662956511e-01 1.184823332617592900e-01 9.049740574048920072e-02 1.247305155446194747e-01 1.241198774827203810e-01 7.720265056501157686e-02 9.023058455286889212e-02 9.010931755686647782e-02 9.043031994951764019e-02
9.472560090798398669e-02 1.080292967947292931e-01 1.231889375555669242e-01 9.473993689471356394e-02 1.103658241817849911e-01 1.099793513747723273e-01 8.829935224137633321e-02 8.797795111869952112e-02 8.794290064597956591e-02 9.475084828439349349e-02
9.570335319973186095e-02 1.034507540020445926e-01 1.050766411391685640e-01 9.566736483371779398e-02 1.132916938812157936e-01 1.129959918999952351e-01 8.802174548683561195e-02 9.506134705382685013e-02 9.509294280592689441e-02 9.563816569753676167e-02
9.605088707271726423e-02 9.523356776622435294e-02 1.083865881706665563e-01 9.609753995838973828e-02 1.160306054468979026e-01 1.157736810926765919e-01 8.610243038759017586e-02 9.517560555220085095e-02 9.511045855534883131e-02 9.603863599728777733e-02
9.106972164948057280e-02 1.058145229653435215e-01 1.156030605770190928e-01 9.115476773564319679e-02 1.191398547757106519e-01 1.186616717069134547e-01 7.848900064596080195e-02 9.453306360919179474e-02 9.443633994800236520e-02 9.109799638673458932e-02
9.166723339865144593e-02 1.007437539041628610e-01 1.190119474908411246e-01 9.174481019086365430e-02 1.234010818772753038e-01 1.227151036872990431e-01 8.052184443428823946e-02 8.928808774229024525e-02 8.919249876471092853e-02 9.171363850961716802e-02
9.311611013447594620e-02 1.051876086989968206e-01 1.220645484167419692e-01 9.326684661898031192e-02 1.172543034282035185e-01 1.168142590996334163e-01 7.411792965745687967e-02 9.256237344807942413e-02 9.238978125517914586e-02 9.322623924225263703e-02
9.435968721092367895e-02 9.761607532035450341e-02 1.074676464569319367e-01 9.445538048487525651e-02 1.200817278114580527e-01 1.197406990212070144e-01 8.290806905398051541e-02 9.455542413830053672e-02 9.443574009904294464e-02 9.437955040292557440e-02
9.423206878033761613e-02 9.508896757880770656e-02 1.115262582691007170e-01 9.432059012424387490e-02 1.207644460648589491e-01 1.203056171004251718e-01 8.022181180421063262e-02 9.468801268477815281e-02 9.458239550809358076e-02 9.426983208514355672e-02
9.191381063848470812e-02 1.030291672321506230e-01 1.174011917580880804e-01 9.196895239210912953e-02 1.155858808535404209e-01 1.150429935429849587e-01 8.310761848684472541e-02 9.502052663140722610e-02 9.496907249042310650e-02 9.196078597396703525e-02
9.366313781964040464e-02 9.890357747761223395e-02 1.061794357482527817e-01 9.376249424293235657e-02 1.191704718278129155e-01 1.187770378193755139e-01 8.640377457840535402e-02 9.477859352154599515e-02 9.465996165355107517e-02 9.370151531087136942e-02
9.440912316018729156e-02 9.792703448474499028e-02 1.090068971789788926e-01 9.450988892053158175e-02 1.192202161977314601e-01 1.189827749761435266e-01 8.130983283752409030e-02 9.517524529923548915e-02 9.504617415275097569e-02 9.441281279217167421e-02
9.405020879826696267e-02 9.539001889503195830e-02 1.077321882373553918e-01 9.406248172410928976e-02 1.220184650119867098e-01 1.216058478092037071e-01 8.642840126033002335e-02 9.237682420379363102e-02 9.234345868537759128e-02 9.399210537454476266e-02
9.463010454062133203e-02 9.366466310653202842e-02 1.070399993371076164e-01 9.468349300061532081e-02 1.216021304999067854e-01 1.213800681980002211e-01 8.260591820187429546e-02 9.495241974129954576e-02 9.487089867254504261e-02 9.457030470149779822e-02
9.044738357554894803e-02 1.019948453499402996e-01 1.275877192584704001e-01 9.050282704938238110e-02 1.191903961834077513e-01 1.186222791146764599e-01 8.350700465555892238e-02 8.887763813398137647e-02 8.880570091685638379e-02 9.046420576217710507e-02
8.612835274914103223e-02 1.145071003744871224e-01 1.403286532279758581e-01 8.616008702961379384e-02 1.175114733063811340e-01 1.168916451734249434e-01 7.957882007570712957e-02 8.641062028491677816e-02 8.636810501454672551e-02 8.611514276380552446e-02
9.459737675154904213e-02 9.741236642088281494e-02 1.051680217110185778e-01 9.465258458545090792e-02 1.171811191630506149e-01 1.169539250955938664e-01 8.094263677614335628e-02 9.929455591396287029e-02 9.922942038544511900e-02 9.456799319690287198e-02
9.065096671799807715e-02 9.806990035064921951e-02 1.196810650962241290e-01 9.071407470361565750e-02 1.245152003045563449e-01 1.241698902570407825e-01 7.851764965397192708e-02 9.159226284688291864e-02 9.149891722080576162e-02 9.059007284825514039e-02
9.161703870443171915e-02 1.043771780132564386e-01 1.178642967922646362e-01 9.171895215224941389e-02 1.190825801206228385e-01 1.187804826708819955e-01 7.972684559509719826e-02 9.267035846270539612e-02 9.254039611367018137e-02 9.162187137482018240e-02
9.266940095520589948e-02 1.027482210241472960e-01 1.219247474335256737e-01 9.271245604203533219e-02 1.151551182548787716e-01 1.150037271734193206e-01 8.221525504300626619e-02 9.251602313185733339e-02 9.244660656697234469e-02 9.260844437495180381e-02
9.495866505089764487e-02 9.352160949984839045e-02 1.046162836762577625e-01 9.512514208725832143e-02 1.252017147396182750e-01 1.248030926086837189e-01 7.586065622919375973e-02 9.554008458443692675e-02 9.533962032766477024e-02 9.503313119614038851e-02
9.199051085465220767e-02 9.660321182631460835e-02 1.170604308826936057e-01 9.205317282932595768e-02 1.251256864630335142e-01 1.248202613422265544e-01 7.738604901241787071e-02 9.156682305476943062e-02 9.146979575051253364e-02 9.192405798405375861e-02
8.911142414474593210e-02 1.032055781260033944e-01 1.206203468222007968e-01 8.913317906939857704e-02 1.225588015836659300e-01 1.217855038693366893e-01 8.467088358810366533e-02 8.991409925084020704e-02 8.988949796643895540e-02 8.911068557926586642e-02
9.485589543227419818e-02 9.953335097863232062e-02 1.118086844981587419e-01 9.495202377789281611e-02 1.165261183404993628e-01 1.161453536075356952e-01 8.190137784364127926e-02 9.473742619025278533e-02 9.462530864071527770e-02 9.491446069039748135e-02
8.894756323975733237e-02 1.069925699017753168e-01 1.284779746624461205e-01 8.902158174253838041e-02 1.208138038131703618e-01 1.202480996439256045e-01 7.752645567167205931e-02 8.955163269022849148e-02 8.945981887185326664e-02 8.896049976263302461e-02
9.818556431068435619e-02 9.510027282380048574e-02 1.057350157201342317e-01 9.818290213634486840e-02 1.110938911459058154e-01 1.107663182592053680e-01 9.569221007209738339e-02 9.352769149091096079e-02 9.351774860614311957e-02 9.819838543477343862e-02
9.224460451153271290e-02 1.039113725781664194e-01 1.209691433127255134e-01 9.229154432139098641e-02 1.167386937382425410e-01 1.162238952826880056e-01 7.731729326630362720e-02 9.404121370182685902e-02 9.399203478370257714e-02 9.227020450342082736e-02
