1.334670307010763224e-01 9.154921499734626489e-02 7.306626216016483266e-02 1.158150702466221593e-01 1.073792271253920239e-01 9.129282722817325113e-02 1.085971763007179958e-01 1.039865698847440706e-01 7.566368753860024110e-02 9.918293381716281054e-02
1.447002832893016788e-01 8.875298642800305560e-02 7.544165624627123534e-02 1.162753530852697476e-01 1.016929071692082992e-01 8.840730713540703722e-02 1.100102535442888108e-01 1.009785361193051290e-01 7.875864580864716524e-02 9.498207117429786905e-02
1.267352758446020911e-01 9.361822988782712851e-02 8.134821760250723899e-02 1.149947633253157325e-01 1.002109807866028712e-01 9.269820975138386154e-02 1.070891402436946610e-01 1.025792119179066847e-01 8.239543195567132494e-02 9.833053868448840551e-02
1.392397007904271344e-01 8.604665080609745498e-02 7.066553357678735658e-02 1.115177637991014853e-01 1.192305887110249735e-01 8.527504125520390943e-02 1.186099292301364266e-01 1.007692414608096498e-01 7.272105635957995529e-02 9.592449401083165406e-02
1.403443218491322586e-01 8.790316590097399518e-02 7.287325704182509578e-02 1.192459131361310321e-01 1.048458884759587151e-01 8.699178403955579175e-02 1.144286064548340337e-01 1.035196547152308633e-01 7.529660031602869452e-02 9.455080807032947843e-02
1.324521476642289142e-01 8.579374034507794566e-02 9.090417857437545213e-02 1.080806842541419260e-01 1.017886555019310163e-01 8.647424845546453076e-02 1.110096431243152021e-01 1.049862727183024924e-01 8.818011200075177858e-02 9.033031736141072798e-02
1.358048793575474256e-01 8.908807871584510651e-02 7.150892987606125017e-02 1.192219434264179811e-01 1.069346896951826748e-01 8.887676124413014522e-02 1.135061048667096034e-01 1.012412091133075565e-01 7.376385783839062293e-02 1.000535458664076338e-01
1.201109214556333737e-01 8.788390905352537474e-02 7.462160268811428299e-02 1.138483974232914475e-01 1.168992617677470508e-01 8.733051442339540005e-02 1.211892981947477466e-01 1.042840835142301581e-01 7.872878570218785899e-02 9.510322577712729264e-02
1.322521196500029139e-01 9.121415183341531618e-02 7.962400763544605353e-02 1.138327249538257924e-01 1.024033614843434109e-01 9.157567287691448232e-02 1.064954199539314278e-01 1.013246761772738230e-01 8.321142314568757969e-02 9.806644228915914474e-02
1.466095977231295644e-01 8.784914882407685033e-02 7.343813526522059709e-02 1.146723033469313341e-01 1.064572402706286669e-01 8.723182139475414709e-02 1.104972982790217717e-01 9.883012897809213826e-02 7.728487127949280888e-02 9.712945463865210738e-02
1.431032610790802240e-01 8.447379053347711664e-02 7.616670057572019759e-02 1.165269913651469785e-01 1.065542185007073706e-01 8.385017316246089203e-02 1.183833830669744486e-01 9.948409366375875196e-02 7.725188995803637659e-02 9.420549809463760194e-02
1.375574601540461850e-01 8.783168440970373636e-02 6.951540494923430513e-02 1.186210882500815522e-01 1.125090146808684632e-01 8.747581278686597517e-02 1.141310089146291284e-01 1.019061081465050533e-01 7.359896442839500286e-02 9.685345327967059825e-02
1.476200933910981894e-01 8.349379233941978118e-02 7.455944492606049467e-02 1.088515803538349924e-01 1.163346646951818053e-01 8.331699205555363752e-02 1.112007478363215562e-01 1.037513390998433399e-01 7.687570657228169624e-02 9.399563873040447937e-02
1.492281996978228609e-01 8.133260812950426910e-02 6.439226016360524718e-02 1.128701536441790026e-01 1.261601124107162020e-01 8.074989696626318214e-02 1.253853051920144068e-01 9.988526309526417346e-02 6.867272579748906480e-02 9.132347490314160487e-02
1.488141013626208264e-01 8.363339594642904551e-02 6.627313746728390187e-02 1.142987026411496909e-01 1.178708108981448843e-01 8.342067099109111428e-02 1.210636407925693714e-01 1.017367108300736706e-01 6.925405968877441920e-02 9.363476938186310328e-02
1.432987349841925995e-01 8.637647575516378684e-02 7.217211231309723918e-02 1.172474799123346817e-01 1.094097189629789774e-01 8.606680530223431713e-02 1.163442096293109129e-01 1.002421464734446210e-01 7.493742673029581136e-02 9.390488993694702524e-02
1.358180336243177688e-01 8.850401373894253854e-02 7.556742946567837627e-02 1.120570876432401691e-01 1.101595596376042235e-01 8.811794257822984366e-02 1.116007700478892362e-01 1.023845699170719686e-01 8.019557673251115348e-02 9.559501661451470789e-02
1.275394696290070573e-01 9.493331763989139305e-02 7.366462898513094493e-02 1.154624641107677291e-01 1.038931141507274808e-01 9.471234735853484299e-02 1.090200274812057196e-01 1.027818177484147721e-01 7.630896502845650742e-02 1.016838478678635804e-01
1.579013563375061824e-01 8.874904218978767190e-02 6.861337442423966204e-02 1.200245440554730814e-01 9.924417106954955270e-02 8.752657797203378109e-02 1.040412157818018241e-01 1.029081665348420827e-01 7.103606948558045808e-02 9.995548214918577312e-02
1.480735165765711958e-01 8.215329134684856704e-02 7.082507814691353654e-02 1.121130530996129054e-01 1.147824761753981765e-01 8.240760625428460162e-02 1.171820555843306605e-01 1.023661590827252416e-01 7.601541811299399043e-02 9.408134562032112458e-02
1.436166154005202589e-01 8.747907046918827756e-02 7.254074910348536076e-02 1.199194377519163801e-01 1.034572167152729288e-01 8.695937953064032666e-02 1.107249637853927743e-01 1.025383787668056462e-01 7.589279092685209671e-02 9.687139754992596385e-02
1.213645080756291100e-01 9.004365318296146670e-02 7.925549589139035955e-02 1.130401632833609726e-01 1.096993734176374552e-01 8.947320078731241244e-02 1.158995497089847504e-01 1.034932603767906856e-01 8.048970871546339001e-02 9.724108656046941135e-02
1.326065950416734640e-01 8.926847549244787405e-02 7.555175293406127257e-02 1.143187995255407624e-01 1.093128231724535132e-01 8.881345212980146231e-02 1.144476903271842705e-01 1.008290973560157094e-01 8.085545731431190153e-02 9.399585670650975611e-02
1.370292894827036811e-01 8.463001185614428545e-02 6.953689954554231889e-02 1.131181566261966337e-01 1.203932598865922743e-01 8.417493308514856221e-02 1.253948021182809125e-01 9.996306314128829140e-02 7.338601218153351091e-02 9.237357207656954339e-02
1.560731869148646311e-01 8.738340321998383509e-02 7.330338008497579161e-02 1.146851025592635770e-01 1.015633655734762830e-01 8.710672072175812408e-02 1.043669296436675886e-01 1.013622208974581940e-01 8.064288500354789557e-02 9.351280538100413542e-02
1.453322566856080078e-01 7.476580622208506277e-02 5.439685029768234759e-02 1.005997560834847870e-01 1.591722432458970993e-01 7.420694575936888360e-02 1.650315621228986285e-01 8.666704074611231157e-02 5.767496494069981189e-02 8.215257389616305306e-02
1.206810370303756236e-01 9.399027844251521546e-02 8.006128154396401075e-02 1.160895560009628374e-01 1.026989565131208870e-01 9.406123182580847231e-02 1.061226156141021615e-01 1.044704554204129443e-01 8.219976575418400100e-02 9.962482185455388828e-02
1.300837382569665635e-01 9.143459865075541371e-02 7.772113122937902852e-02 1.126977036319576631e-01 1.066545905561988861e-01 9.002186904342952822e-02 1.112731161759179244e-01 9.845566064345649682e-02 8.091240590933963805e-02 1.007451859025988300e-01
1.405079643443098714e-01 8.694742356536371009e-02 7.345704917176738846e-02 1.144312218598009107e-01 1.086638744302486220e-01 8.658399786630764650e-02 1.131027412782728003e-01 1.019735320839357945e-01 7.740309670114692286e-02 9.692909869884633323e-02
1.290082737381389455e-01 8.779189285093938477e-02 7.869051256552014872e-02 1.091825892478587162e-01 1.140404414071475581e-01 8.779004511689422752e-02 1.161199931096059679e-01 1.015297142127442737e-01 8.068243570258465391e-02 9.516410204856606825e-02
1.510807879651868690e-01 8.685727394992440176e-02 7.135452195923333574e-02 1.179601373406265891e-01 1.041421698791397538e-01 8.607289320515709719e-02 1.109069008163295622e-01 1.024715755708258819e-01 7.223944804426996047e-02 9.691429126930659055e-02
1.350372610478960123e-01 9.012870472815993905e-02 7.383323136950030452e-02 1.145098543535086333e-01 1.093701467300149388e-01 8.887111481372662880e-02 1.111110903481883627e-01 1.025757479527997923e-01 7.681854473179050569e-02 9.774430392441488258e-02
1.423289855421774330e-01 8.734634203676534814e-02 7.110964273136689828e-02 1.145429686402612834e-01 1.113595906753887949e-01 8.639942873217174024e-02 1.119803580300131746e-01 1.031555497107655289e-01 7.516195210396958704e-02 9.661518179712019760e-02
1.210110794933226402e-01 1.024857329516635079e-01 8.582412476960191161e-02 1.032787008277731844e-01 1.007285071261175141e-01 1.010665772791917300e-01 1.019668157311471451e-01 9.585397974959943002e-02 8.385320369582109634e-02 1.039312783757618958e-01
1.305817121633306155e-01 8.950226544992902211e-02 8.512131649491470886e-02 1.094987655007955973e-01 1.039110458748161575e-01 8.835312300333111879e-02 1.105915456059500673e-01 1.059712797799026718e-01 8.406171594499164956e-02 9.240723018203837735e-02
1.431898600967790314e-01 7.960290130277056231e-02 6.997859136564520133e-02 1.122292491631052685e-01 1.233974424074498893e-01 7.960770521567853142e-02 1.270611755764139705e-01 9.823028403467237712e-02 7.398754323243449116e-02 9.271524760505067686e-02
1.543483911234746764e-01 8.519694349274035960e-02 6.296313136474633587e-02 1.106002351516106041e-01 1.228788584040328147e-01 8.444621347005228096e-02 1.208995486185067275e-01 1.001370990715972215e-01 6.515512528208856902e-02 9.337445402115043813e-02
1.491285970047061815e-01 8.927140238142916573e-02 7.252600515608609300e-02 1.194198990303824703e-01 9.939351542748973978e-02 8.866119424969906571e-02 1.054864439183460234e-01 1.016620440812169845e-01 7.699307661724193175e-02 9.745782213340237199e-02
1.516419439259350244e-01 8.199489678726361308e-02 6.917209056437638448e-02 1.179808191770127662e-01 1.134964750620304774e-01 8.142256701853335665e-02 1.223933203338755382e-01 9.937475885425486877e-02 7.354658968241424566e-02 8.897653859430376677e-02
1.448406292033144194e-01 8.233882780848805760e-02 6.870701391648981193e-02 1.165955991139467629e-01 1.186533718781515034e-01 8.181865251397540950e-02 1.217954640016982309e-01 1.022888349552423526e-01 7.059578014108663924e-02 9.236582646760682636e-02
1.386625816993141413e-01 8.671274599468008215e-02 7.310170247512066954e-02 1.174757791936820173e-01 1.085162409428258173e-01 8.568156970294936448e-02 1.166849192089332854e-01 1.001405199441795651e-01 7.777484891653710375e-02 9.524909192177793971e-02
1.384035415007482395e-01 8.654976568365417566e-02 7.332501732312575460e-02 1.114005757977919453e-01 1.156371573434146344e-01 8.586021025043429067e-02 1.166499225180180482e-01 1.000844475683072554e-01 7.667613500056849607e-02 9.541322701393718797e-02
1.570005670173730272e-01 8.467462457585979430e-02 7.279387623442075406e-02 1.171378319608102347e-01 1.017711565483218061e-01 8.432020581791613290e-02 1.089201883647925584e-01 1.001850745558154898e-01 7.843930492969407309e-02 9.475716999499612936e-02
1.365003990162042824e-01 8.877343808573706641e-02 7.091925812349557379e-02 1.160306326935893334e-01 1.116452504327608147e-01 8.830617503488334685e-02 1.146590620393806159e-01 1.001528519965502600e-01 7.471240182830808652e-02 9.830053074909063382e-02
1.307125560062765146e-01 9.331000293513233568e-02 7.203140903306071152e-02 1.138736267065795366e-01 1.109937076529361882e-01 9.195127156652325995e-02 1.117217175592794820e-01 9.972741054383356396e-02 7.404109293320994267e-02 1.016372050631684926e-01
1.382312206354862905e-01 8.882538278826186684e-02 7.741209045428024127e-02 1.136744308476348997e-01 1.042248320043196452e-01 8.820894465305630094e-02 1.091988510925200329e-01 1.005298070008697198e-01 8.006412930339702749e-02 9.963031122017397545e-02
1.497105841242612756e-01 8.825612415882763684e-02 6.377810541507751563e-02 1.139557572992185852e-01 1.179335429922144379e-01 8.778572784331203915e-02 1.153074109880722342e-01 9.943887154351115087e-02 6.775782314809083995e-02 9.607605248741432624e-02
1.566547382521128462e-01 8.726426460571623522e-02 6.825993177589968763e-02 1.168664687373046074e-01 1.060725490480285832e-01 8.700867166860347390e-02 1.071275079299739835e-01 1.012385430430536998e-01 7.240964930742196937e-02 9.709767563188491379e-02
1.371015688246374209e-01 9.109379273718426484e-02 7.482317744065224152e-02 1.128991594141080523e-01 1.066447595837867884e-01 8.965520602787487026e-02 1.129391419927903706e-01 9.765605021939398334e-02 7.932093144283745845e-02 9.786621231673447996e-02
1.173270724261410436e-01 9.255456755362551080e-02 8.020186028295910041e-02 1.142944188537228373e-01 1.078075573006544996e-01 9.185539652575501479e-02 1.151399785682608312e-01 1.010474610357523090e-01 7.639710358890615394e-02 1.033745838642226994e-01
1.241089741720773215e-01 9.582958162324436979e-02 8.907430167341530425e-02 1.019872209185199580e-01 1.034924493786495009e-01 9.380159282850183966e-02 1.054937182776938820e-01 9.530603265530544765e-02 8.852815283791055923e-02 1.023779756346817754e-01
1.373528646756318750e-01 8.878715898495700976e-02 7.807793411983457443e-02 1.130043700629351500e-01 1.052329941422826959e-01 8.834870713573703127e-02 1.103207516733895055e-01 1.013502889967531628e-01 7.947877194209536367e-02 9.804615826638365950e-02
1.166200576633680541e-01 9.610891847726718562e-02 8.157083131419282096e-02 1.113218813899919113e-01 1.032391284999214370e-01 9.437045446129480042e-02 1.047437228168632134e-01 1.046400706993326768e-01 8.259488010307526606e-02 1.047900545746926204e-01
1.234495442635892420e-01 9.065035858064417196e-02 7.960222222657663271e-02 1.109648924665765507e-01 1.077582982543206364e-01 9.129165161992748578e-02 1.127775673773181164e-01 1.005765811666677750e-01 8.394075804844955413e-02 9.898812599592977934e-02
1.428447919538694266e-01 8.527127433520821642e-02 7.005596952792980669e-02 1.151890919583326844e-01 1.158863022867906434e-01 8.419880757086858902e-02 1.211735425942394029e-01 9.893841601022654308e-02 7.351128743746677963e-02 9.293051632506789395e-02
1.519382830402809248e-01 8.678484370086569921e-02 6.282998232137472494e-02 1.164485759906759843e-01 1.162166991301055857e-01 8.600156753021659384e-02 1.181017279716587015e-01 9.746088974020576667e-02 6.789817564333804067e-02 9.631925493127797833e-02
1.445729563005435647e-01 8.226967721641384457e-02 6.960278510279815922e-02 1.161170040996232777e-01 1.192580892686511268e-01 8.126317624414275409e-02 1.249771802593977604e-01 9.677357797153339491e-02 7.253348571165572911e-02 9.263206782524041616e-02
1.472292496610285994e-01 8.295646845380627576e-02 6.458440964171792420e-02 1.128283504299981976e-01 1.251708939297344059e-01 8.265297224216770766e-02 1.232484756766917128e-01 9.907336754734322182e-02 6.956854021396745302e-02 9.268727220354451568e-02
1.347458684108706894e-01 8.979381216471243876e-02 7.216066598717885139e-02 1.159190949182984376e-01 1.091308081475122066e-01 8.949825654297188793e-02 1.112505067427584649e-01 1.031300962101817931e-01 7.576353363029945942e-02 9.860735724521574319e-02
1.176144836112245629e-01 9.596051139098213389e-02 7.514551303995414822e-02 1.123372621689498890e-01 1.103728863990067893e-01 9.440705435682503199e-02 1.135403250864697872e-01 9.627719791278858963e-02 8.161386108770250780e-02 1.027309049460965601e-01
1.408298694321448163e-01 8.262554533957260083e-02 7.823992582689372199e-02 1.185575463423085701e-01 1.056911866110779447e-01 8.190851486105972523e-02 1.176318028751039413e-01 1.058241156649148973e-01 7.663258155453839260e-02 9.205891149238536186e-02
1.266444176015277534e-01 9.427920295506327097e-02 8.307976481028768456e-02 1.063639658262058585e-01 1.078595394008679403e-01 9.213700805145697004e-02 1.076363381792585505e-01 9.574836048375973130e-02 8.330337181296572358e-02 1.029480308786065307e-01
1.278482325370222106e-01 8.939036072075604022e-02 7.483028763390152382e-02 1.158897869803323794e-01 1.093232813679017590e-01 8.882835722688368907e-02 1.153367927108454316e-01 1.018986667247424455e-01 8.135358542627153799e-02 9.530064867134301065e-02
1.248818921569892076e-01 9.260930526944685659e-02 7.604913738978417992e-02 1.172506101626434177e-01 1.052147336031584723e-01 9.197992498917480220e-02 1.117427285812758186e-01 1.031793267489319044e-01 7.663471531958476746e-02 1.004576257790105592e-01
1.312170092606122218e-01 8.443769682741612825e-02 8.693174801778948135e-02 1.079245288186468366e-01 1.082573311589596216e-01 8.399552484407198094e-02 1.121764432522742855e-01 1.066096647486471788e-01 8.599196800747181679e-02 9.245808506411049010e-02
1.387873493652040102e-01 9.090582742584293885e-02 7.407009685410974320e-02 1.187380692713316949e-01 1.015215131257614783e-01 9.109835912502665944e-02 1.038260551581507707e-01 1.036306389297313724e-01 7.713609949035646340e-02 1.002859912544848825e-01
1.348878996569320976e-01 9.156074576207864912e-02 7.209532326708345540e-02 1.100134054997475297e-01 1.163921500018301192e-01 8.954529422007803663e-02 1.114366611510034383e-01 1.003524202456383546e-01 7.476492457575635575e-02 9.895117561985190824e-02
1.253816991245635948e-01 8.877721262415007308e-02 7.337230006282313699e-02 1.105349535641602654e-01 1.194332704309243043e-01 8.846088959104539406e-02 1.178071382958048446e-01 1.024012250194679396e-01 7.843825989169500579e-02 9.539305139536541356e-02
1.292418749834648994e-01 9.068847119512447874e-02 7.180908113099207513e-02 1.143629282414754672e-01 1.127861406472272371e-01 8.894172796963874250e-02 1.160923547884959578e-01 1.012932535033455456e-01 7.645667167816846965e-02 9.832749586206715464e-02
1.374884577704550137e-01 9.088139995470140287e-02 7.876497068955623515e-02 1.140790796929759959e-01 1.008089404228867531e-01 9.066194477468238200e-02 1.044205625978297386e-01 1.018819625848800536e-01 8.156712786835650097e-02 9.944555364367586858e-02
1.282242894945538891e-01 8.711570039976997137e-02 8.019555786891476024e-02 1.108355935589598745e-01 1.128155753384923188e-01 8.584022702848637110e-02 1.205175044308008231e-01 9.673945874533582123e-02 7.997561772865721674e-02 9.774047540602893991e-02
1.402730099528481933e-01 8.682599180049731247e-02 7.127201394883492247e-02 1.144072577251238620e-01 1.130556665141946304e-01 8.601186880944619584e-02 1.182750860785690833e-01 1.011142569553623582e-01 7.467379464945411716e-02 9.409105356566928313e-02
1.306947091360533553e-01 8.972244797638025127e-02 7.404918733761102489e-02 1.089635202871032243e-01 1.208230943014844405e-01 8.850984603313129251e-02 1.185778134890721619e-01 9.620899609963327881e-02 7.711541275282469965e-02 9.533497258670629859e-02
1.387423755918223700e-01 8.615380563521184143e-02 6.869241131393119537e-02 1.118487772817752107e-01 1.225527244238747981e-01 8.542713488077322004e-02 1.197284560091115141e-01 1.009237585602686393e-01 7.016472263384017360e-02 9.576583366939103725e-02
1.275753774517315864e-01 8.576290175431713902e-02 6.794429387052883240e-02 1.167925097548382363e-01 1.223955262299282198e-01 8.495275320894114801e-02 1.253204475058442013e-01 1.018528772885214650e-01 7.357936277747083309e-02 9.382395015787836634e-02
1.474985116275645269e-01 8.557965771073910988e-02 7.412665697618132932e-02 1.167175740309402548e-01 1.050327698775755519e-01 8.518972709131868160e-02 1.137850977224840882e-01 1.092653403077406271e-01 7.175667076170498537e-02 9.104799389375085872e-02
1.488136868722131634e-01 8.439412180867852942e-02 6.624917981715186532e-02 1.152362694740681204e-01 1.168180705859667157e-01 8.373557204455643610e-02 1.168050023260498727e-01 1.018173712546307508e-01 7.123633920587539581e-02 9.489438661080915050e-02
1.339170322313597283e-01 8.643643806882475578e-02 7.847115635778183218e-02 1.126766171918576892e-01 1.095682840003549957e-01 8.570479294683916449e-02 1.174709545280588907e-01 1.023999360127914454e-01 7.868106983668803067e-02 9.467371882544353690e-02
1.975833387720953571e-01 9.135068664654651116e-02 4.736395057007957571e-02 1.377885296753927347e-01 8.003458873883126379e-02 9.053237336952814351e-02 8.399396092501672240e-02 1.125893280763460708e-01 4.887555969736377681e-02 1.098876835287998788e-01
1.387542586940452016e-01 9.213104782424984263e-02 7.131900127340921880e-02 1.119308319810419505e-01 1.095592759182750647e-01 9.050537874059101651e-02 1.109502381844885699e-01 9.851980072935630217e-02 7.486120251539803150e-02 1.014689641391447461e-01
1.410230476799803068e-01 9.028782856304225224e-02 7.223849405169642524e-02 1.134713091857212225e-01 1.087114226110538345e-01 8.914210460080600196e-02 1.110007088642854384e-01 1.004367103962713059e-01 7.599187393829302806e-02 9.769650010885021219e-02
1.386030791661828632e-01 8.666720633524550854e-02 7.363204766369123300e-02 1.172749942273865198e-01 1.077192475613948514e-01 8.652834609429117807e-02 1.138655161228894347e-01 1.010228469676707486e-01 7.861494478195925339e-02 9.607177107928843718e-02
1.464337876799316485e-01 8.115462933512036792e-02 7.336081663795526731e-02 1.106745238198225956e-01 1.196493431748665015e-01 8.070219234364030270e-02 1.201023896486967391e-01 1.022307704315916915e-01 7.606839494620801223e-02 8.962315198216685985e-02
1.471178113203481796e-01 8.624910490241315120e-02 6.725664664222977263e-02 1.165392496388216598e-01 1.124271361667013164e-01 8.550904049353416636e-02 1.144322511221287364e-01 1.013619933983476162e-01 7.146238320438999536e-02 9.764438311108535051e-02
1.293290193870684224e-01 9.325514806539775270e-02 7.155521852460626497e-02 1.119740332699280944e-01 1.146701238392152516e-01 9.204587608746168936e-02 1.138996657580487598e-01 9.696089761008985786e-02 7.623448954533897093e-02 1.000755279128449082e-01
1.482686491595953115e-01 8.800065423266506537e-02 6.785365350021078934e-02 1.172670553617442685e-01 1.090747933456324148e-01 8.693490805374592956e-02 1.146388122159305717e-01 1.018880096174174243e-01 6.902052885931210524e-02 9.705293565374613352e-02
1.248184993825722511e-01 9.012380967901871542e-02 7.828886891193739817e-02 1.159592580389309374e-01 1.066178572780251549e-01 9.004330600525908834e-02 1.156962878116029464e-01 1.018213236562555135e-01 8.337456300210442650e-02 9.325622623429363767e-02
1.388857289933377315e-01 8.616060048515847281e-02 7.051662052628192290e-02 1.176892659817382059e-01 1.118524949870084439e-01 8.549195952919762254e-02 1.189164938266638327e-01 9.992224215438726131e-02 7.355144346547734524e-02 9.701315005074911957e-02
1.165878011030681422e-01 9.375147309862102984e-02 7.934449709796248529e-02 1.110953251943284648e-01 1.111004833375225098e-01 9.400078051474583529e-02 1.133887622897211539e-01 9.863455368036712356e-02 8.417149768854313707e-02 9.792482599512010444e-02
1.490617998399353938e-01 8.797291279584336376e-02 7.093757083071947078e-02 1.172719386579946926e-01 1.041971286003683522e-01 8.746732761367052855e-02 1.033647730011965638e-01 1.053974365673649854e-01 7.269784145659818897e-02 1.016312706363084045e-01
1.363884253530381618e-01 9.157123891670068683e-02 6.919746328524160883e-02 1.140114175903112620e-01 1.122233396188610510e-01 9.063378232889790498e-02 1.151161772071826878e-01 9.793440210972939597e-02 7.401137469325148877e-02 9.891237889678575201e-02
1.408736997765854815e-01 8.569454240582109750e-02 6.962934714117008372e-02 1.119893893409063673e-01 1.199519447173633263e-01 8.494478239499504701e-02 1.231557366199331899e-01 9.701916410909947053e-02 7.322274054636718210e-02 9.351865294775876802e-02
1.358417421324231711e-01 9.510060334752062916e-02 7.854247072289272102e-02 1.086458821656035578e-01 1.033265572891187006e-01 9.295507787769329011e-02 1.085099490700444924e-01 9.531315014787816731e-02 8.064183693316469281e-02 1.011227303136606054e-01
1.435509804448800442e-01 8.684143352025422424e-02 7.115750014609016627e-02 1.168439041196322331e-01 1.082610132609686804e-01 8.682376678707992568e-02 1.132190440046250968e-01 1.022326270065232884e-01 7.527305854187640866e-02 9.579667216806990460e-02
1.342557614384776443e-01 8.869614720796621665e-02 7.684498647344692457e-02 1.119485561708604415e-01 1.079813116708698700e-01 8.817222817402604884e-02 1.075989060187526741e-01 1.024241553833844520e-01 8.087657373490529655e-02 1.012013737273103758e-01
1.461892906000133718e-01 8.796829532456398870e-02 7.320967614594217632e-02 1.165005469130630245e-01 1.037759744528010120e-01 8.749290920352183198e-02 1.095499421169081888e-01 1.004623435195948628e-01 7.962158237099467573e-02 9.522943935259688131e-02
1.403578866988029195e-01 8.973781129752247954e-02 7.646669885805137956e-02 1.075181214824698778e-01 1.108252574639236876e-01 8.831398851270721995e-02 1.159194328069891866e-01 9.523884589936423839e-02 7.584417615981331462e-02 9.977778082035566876e-02
1.446894143145215639e-01 8.562132537966456181e-02 7.187750098641282337e-02 1.197421862025536826e-01 1.036653554334241584e-01 8.508844439365023660e-02 1.140035122179832439e-01 1.033361625516100862e-01 7.544531448931394990e-02 9.653078403086573500e-02
1.412031200289967925e-01 8.282369072101940233e-02 7.418719734301462698e-02 1.188444514640361327e-01 1.088091781550937637e-01 8.236753118954547037e-02 1.226828817434361396e-01 9.991324002035822938e-02 7.859045319801626073e-02 9.057825613648315399e-02
1.422588305637614847e-01 8.359368474028307239e-02 7.920506569397464669e-02 1.119130948300437467e-01 1.077762636974429478e-01 8.325852353023743824e-02 1.109794972127633450e-01 1.027982192013636858e-01 8.199830296049166745e-02 9.621851756963802071e-02
1.298748395843885295e-01 9.292954769143590976e-02 6.966875970180670674e-02 1.191748181431259851e-01 1.082434362878636619e-01 9.201435697092900934e-02 1.115597030453206601e-01 1.048924341990731118e-01 7.275444467305136609e-02 9.888765970300507357e-02
1.134621863606922604e-01 9.234874687750571631e-02 8.460457786981694095e-02 1.100682797992745404e-01 1.088665738341169364e-01 9.104825924171011664e-02 1.141014298947800043e-01 9.738698548973209745e-02 8.716263844283922424e-02 1.009503221895321351e-01
1.412920156789693460e-01 8.149907989605341407e-02 7.483373846810512098e-02 1.165653837342236487e-01 1.130060332791146260e-01 8.124596054980674775e-02 1.216833568232029289e-01 1.038545516282152192e-01 7.536776894510312241e-02 9.065211099720590915e-02
1.553481224748486378e-01 8.780873888917192782e-02 6.508942672884740488e-02 1.202526874076788460e-01 1.070180139484269571e-01 8.716840090910420169e-02 1.144422457763081546e-01 9.994625977766762037e-02 6.925120419943149586e-02 9.367489988851475380e-02
1.503947345515762313e-01 8.993272891429612836e-02 6.898423040600748513e-02 1.174537259444003445e-01 1.024599465031352241e-01 8.995879971179410184e-02 1.072234747669141980e-01 1.040645952009651987e-01 7.213751712104732317e-02 9.739024687986377882e-02
1.357582430817016739e-01 8.932933653404938334e-02 6.606742882346978984e-02 1.182547530958652088e-01 1.147841144900256655e-01 8.905517294568474074e-02 1.181577360530398774e-01 1.027180318161544509e-01 6.993699031381350739e-02 9.593819284619564680e-02
1.050451044756961355e-01 1.023067901189603918e-01 1.004447500292821455e-01 9.956025266289499076e-02 9.796457554728953132e-02 1.011345343342705261e-01 1.010483852570060181e-01 9.485921137141074821e-02 9.293784802165341863e-02 1.046985481815361219e-01
1.079687796850059139e-01 9.181776114013980028e-02 1.022195555853928767e-01 1.002026296615384920e-01 1.023850161990843138e-01 9.331410417149768599e-02 1.047194095009204018e-01 1.081424411641606076e-01 9.804073152602156560e-02 9.118957136623834225e-02
1.297301832701383273e-01 8.924393878142021508e-02 7.549227861782149829e-02 1.065297851105151405e-01 1.208118583330785312e-01 8.856177841160627062e-02 1.183982891799207626e-01 9.411778928743647077e-02 8.093355341767261013e-02 9.618054559039013185e-02
1.534302809018601443e-01 8.870704551886796074e-02 7.191314309444563069e-02 1.075144158675073180e-01 1.104493404220635439e-01 8.873226813572371308e-02 1.111170067816049933e-01 9.432478323646627250e-02 7.988512104014482140e-02 9.392659500131564365e-02
1.408765161494705820e-01 8.830504452597144616e-02 6.791870605269111072e-02 1.112815962729667429e-01 1.175561879354362488e-01 8.744083524986817624e-02 1.206768892576170066e-01 9.940614408652873046e-02 7.293219852402653414e-02 9.360588194542342200e-02
1.304517285286221351e-01 8.998826114837438217e-02 7.708379993970228272e-02 1.143643832943296995e-01 1.060421115047944784e-01 8.981417260414423231e-02 1.092744027646563032e-01 1.044546268992738725e-01 8.001411633149348168e-02 9.851239698460917404e-02
1.338392654745489685e-01 8.999656211275799955e-02 7.075073088228657492e-02 1.147684812144555699e-01 1.126910103662487478e-01 8.872255864176568918e-02 1.143006999329791440e-01 1.008811370223383630e-01 7.423708059049149988e-02 9.981247376212742939e-02
1.346118237938458695e-01 8.878213312564545157e-02 7.517728906573435677e-02 1.153840009944876316e-01 1.065996922421427046e-01 8.855451675934504496e-02 1.113171758296478270e-01 1.031001146455567952e-01 7.781579494141571685e-02 9.865745860217857433e-02
1.457339945658237546e-01 8.942382319932004608e-02 6.963434752281601192e-02 1.209162840279919410e-01 1.015541577137387963e-01 8.941894666522721968e-02 1.088100348632950742e-01 1.026393709776680374e-01 7.254425963496265173e-02 9.932478082915650874e-02
1.339001716740830517e-01 8.557316090178503087e-02 7.169634403262296896e-02 1.101643059915106554e-01 1.247444108470757984e-01 8.505371203562490934e-02 1.157542182656041557e-01 1.006788071009303703e-01 7.571440570889709232e-02 9.672046344186595312e-02
1.351205023656495141e-01 9.004750313177146970e-02 7.525804896034248015e-02 1.112569338614655956e-01 1.087260829025218090e-01 8.873738069248802984e-02 1.133381230672738660e-01 9.829865892414862971e-02 7.883557079895410491e-02 1.003811952953845010e-01
1.544239267829031481e-01 8.458898828455195529e-02 7.074570778306522867e-02 1.176211226672622401e-01 1.051618164688773449e-01 8.432095899498279201e-02 1.100482498490488875e-01 1.029112259685966285e-01 7.323445767510912419e-02 9.694354552560263683e-02
1.381924169334431129e-01 8.837252300803206950e-02 7.540568238080234964e-02 1.151424858847252125e-01 1.068518086848962018e-01 8.738739450394554520e-02 1.137549578070908979e-01 1.004459101100426688e-01 7.663495712527113035e-02 9.781186356175081142e-02
1.279419467748593164e-01 8.810090690738837937e-02 7.383021159050956461e-02 1.199907503008088988e-01 1.091081308153145218e-01 8.724563112284502986e-02 1.180092084050887863e-01 1.058045204820483309e-01 7.434960395713749448e-02 9.561908964399973287e-02
1.596816476490111603e-01 8.263100294450621830e-02 6.903833054155215920e-02 1.179018040073345486e-01 1.072264070054285562e-01 8.208760590213050323e-02 1.159874672311415611e-01 1.004951252502528092e-01 7.615779811899420215e-02 8.879281134964825406e-02
1.253584724511797310e-01 8.413254806097072991e-02 7.526741204736650537e-02 1.141559163974743274e-01 1.178684812442413882e-01 8.380334976522307855e-02 1.213606827642397107e-01 1.040703862756712506e-01 7.914590755667813560e-02 9.483684343695510111e-02
1.514829990183112485e-01 8.390081517908466735e-02 6.480510957173121755e-02 1.176862535266561399e-01 1.162753749637884665e-01 8.343000261756873537e-02 1.249868216812538152e-01 9.748381733939041893e-02 6.946424095217304528e-02 9.048456515004223155e-02
1.255408014972509145e-01 9.501036089547817975e-02 7.692992369204612602e-02 1.145082471432679466e-01 1.018234522269990949e-01 9.498059588040039247e-02 1.032119801617307903e-01 1.069829723083855072e-01 7.951602994990962514e-02 1.014956362445314647e-01
1.594556223894401659e-01 8.229184618990452449e-02 6.481892255860201291e-02 1.173043607678451866e-01 1.132722590623230913e-01 8.216653197268608544e-02 1.147907486599454713e-01 1.044005092423108128e-01 6.813916885709891957e-02 9.336003029984366042e-02
1.347699964767162528e-01 9.115394175998668691e-02 8.253360316579178013e-02 1.128335321466052005e-01 9.848037855586529166e-02 9.116915355841304081e-02 1.030244603745291559e-01 1.018102876757788766e-01 8.502107491903103387e-02 9.920357136728268077e-02
1.275761069470838505e-01 9.068711708760358869e-02 7.724251195579215357e-02 1.103101121405433843e-01 1.087940911575997344e-01 8.996986106091887925e-02 1.089466743370033630e-01 1.034632788352476407e-01 8.247511022466436081e-02 1.005351362535430448e-01
1.413390448268123101e-01 8.084396426615653164e-02 6.722304465767107995e-02 1.191351970679161709e-01 1.211980766589950687e-01 8.004312691935272506e-02 1.332043016865322171e-01 9.586138255191238577e-02 7.257613143014367274e-02 8.857572993450787968e-02
1.283025623758018985e-01 8.631126358588236958e-02 8.806007949400455892e-02 1.101216970107986443e-01 1.047103301649543877e-01 8.589906354070618588e-02 1.101700067450597370e-01 1.063312605721803000e-01 8.700001290477719917e-02 9.309372360583476058e-02
1.331626703608870810e-01 8.949446369612396035e-02 7.856111337154342289e-02 1.096445402803502278e-01 1.055619732214965051e-01 8.889628659495023288e-02 1.010921395075128904e-01 1.080736503318944358e-01 8.471922784089078173e-02 1.007939347943505176e-01
1.363117822067671514e-01 8.992907400042997323e-02 7.323044427317856875e-02 1.147365176364755213e-01 1.086477902491651409e-01 8.831081456586331591e-02 1.157779551147491842e-01 9.844814152766179216e-02 7.460008449408002396e-02 1.000073959316293004e-01
2.052995591935890263e-01 8.212093725291344515e-02 7.069262144908888823e-02 1.036806778728451839e-01 9.921184022593673713e-02 8.167484975530912850e-02 1.027453005586585894e-01 9.135626522702909591e-02 7.503787833917752170e-02 8.818007012545237000e-02
1.597846187713309329e-01 8.209438509383405747e-02 6.494603389409139838e-02 1.110524528811541178e-01 1.207782147818371454e-01 8.133970767869809493e-02 1.236990806831227419e-01 9.750769116765392597e-02 6.802790397503163944e-02 9.076991107324600128e-02
1.397730469142050569e-01 8.631429174534194226e-02 7.025297669091060127e-02 1.171495709921751976e-01 1.114752203357566029e-01 8.537534037774591189e-02 1.162804799745215112e-01 1.015674200288192858e-01 7.300741733923703236e-02 9.880423560128689942e-02
1.195844923398135529e-01 8.563719910596630236e-02 8.271829853017298451e-02 1.068210886347357169e-01 1.192350257713889611e-01 8.545627035327200971e-02 1.176444293381450484e-01 1.011945092084340775e-01 8.589241935781279091e-02 9.581626736025856961e-02
1.182163609681005090e-01 9.259327735265411585e-02 9.098198056424564029e-02 1.092713821946608987e-01 1.013746744983980708e-01 9.174018145918801104e-02 1.026336497820788396e-01 1.018513592666059203e-01 8.504720822615420561e-02 1.062899256879138027e-01
1.387878436770696167e-01 9.253712136158991075e-02 7.505713683445122686e-02 1.118656172648629377e-01 1.045031228563106651e-01 9.199986016334481265e-02 1.032832109049226510e-01 9.957103830295613300e-02 8.322489026974562443e-02 9.917015836474640800e-02
1.241525083462818729e-01 9.290855893917329689e-02 7.541397879204990440e-02 1.139456123148547412e-01 1.107932271057183587e-01 9.100145743732160342e-02 1.186134787264838258e-01 9.959592307419221080e-02 7.550579768803507286e-02 9.806945757588911294e-02
1.443605848542744152e-01 8.441026359091242937e-02 7.172908708033791381e-02 1.151796067605298790e-01 1.112204572547893927e-01 8.398473548577096992e-02 1.134088031004661934e-01 1.039494272529962182e-01 7.575101766698009997e-02 9.600601695294246063e-02
1.310417903655432537e-01 9.008338003111261705e-02 6.873497379641149707e-02 1.125405081402652829e-01 1.172530679202247045e-01 8.961552539425116093e-02 1.173961835997916620e-01 1.037821515391022797e-01 7.174999821685174028e-02 9.780242099644582965e-02
1.418029197246749029e-01 9.022849625744984448e-02 7.561592085614746162e-02 1.139723612972413092e-01 1.021685873917241999e-01 9.018624943637350289e-02 1.072462233613536431e-01 1.013690545381453895e-01 7.900569622334192854e-02 9.840449091354784572e-02
1.418893498058125258e-01 9.116331587665536806e-02 7.258713609189351712e-02 1.146939942890713021e-01 1.059501188471148186e-01 9.048370567075765536e-02 1.037248063630994838e-01 1.032195326925064299e-01 7.664908151704455386e-02 9.963895884604431763e-02
1.309820154361540645e-01 9.217648603621980685e-02 7.613127346329491563e-02 1.098266637351791586e-01 1.115971423921802569e-01 9.091836455056477584e-02 1.107135345843847096e-01 1.004210873565924422e-01 7.951135161849222366e-02 9.772208082693770170e-02
1.348155681032416897e-01 9.227563528777406321e-02 7.693245773716413105e-02 1.140936874874515089e-01 1.018650134347709457e-01 9.128146846145804294e-02 1.084807605687546223e-01 9.743287530768415805e-02 8.309320760798039052e-02 9.972932600372043377e-02
1.257069000926017144e-01 9.359588668383175825e-02 7.361836351507876353e-02 1.158245892278709221e-01 1.060563344480883741e-01 9.282135526339764520e-02 1.109370421085751068e-01 1.029263038903941996e-01 7.921764626832142331e-02 9.929557850184010659e-02
1.398673952547517529e-01 8.786425376438755652e-02 7.817320266700752973e-02 1.158156296666473101e-01 1.024296774224667111e-01 8.786792451972182116e-02 1.097648503807783921e-01 1.008221865757758656e-01 8.221231651466701096e-02 9.518256323379602202e-02
1.438690390353745130e-01 9.014931640697326776e-02 7.506839158577763294e-02 1.155014597310144997e-01 1.017399118736445202e-01 9.032067785819718198e-02 1.040017209826087086e-01 1.027735308282421850e-01 7.852386563768555539e-02 9.805208606048194941e-02
1.414528574275457640e-01 8.386972274920656556e-02 7.429606707977955138e-02 1.114215471805630603e-01 1.193084352458206737e-01 8.358037012376295927e-02 1.183641112196053280e-01 9.837677545204394358e-02 7.850622443187303678e-02 9.082388908979913134e-02
1.354217228307945109e-01 8.118304724965738628e-02 7.021162063418587285e-02 1.094159100346371594e-01 1.307090768251436552e-01 8.090509658589202513e-02 1.315156833404622638e-01 9.525065529179253809e-02 7.448910503157213370e-02 9.089808217586241301e-02
1.224501446136350979e-01 9.997004319526964222e-02 7.421967695819842170e-02 1.146579408895953972e-01 1.030110348354262573e-01 9.741494097531303020e-02 1.067997703506755880e-01 1.000002484304051004e-01 7.937372480956471354e-02 1.021024749419166960e-01
1.595658392417494131e-01 8.491010221554973203e-02 6.791102139401362925e-02 1.148763946556767557e-01 1.104915090756813656e-01 8.472347399590665629e-02 1.120111547938565794e-01 1.002066146950013198e-01 7.255749558661719889e-02 9.274639434594733611e-02
1.282037622766969143e-01 8.911016210876537835e-02 7.516396192141815147e-02 1.135006106234913437e-01 1.124933069574919481e-01 8.872955430849414904e-02 1.169904485591592297e-01 1.024230492093233247e-01 7.623479964186027913e-02 9.715034439329923999e-02
1.414453621179949383e-01 8.840263584736633706e-02 7.204839177656326143e-02 1.096621964025885493e-01 1.159923301444796689e-01 8.816405574120426969e-02 1.094328129872025324e-01 9.840951882769750914e-02 7.830217547288512159e-02 9.814052068201778445e-02
1.371829157189745352e-01 9.330046726769536392e-02 7.063462834544734226e-02 1.199849659355140818e-01 1.004413198604586777e-01 9.226994830502920075e-02 1.036180907464003126e-01 1.061023957740913348e-01 7.318973061787827084e-02 1.032755374285108524e-01
1.560654165993458353e-01 8.527387308543152300e-02 6.779393722676893552e-02 1.164498927626416713e-01 1.090036919997725284e-01 8.539081028768695514e-02 1.100309299977811212e-01 1.031112040848476269e-01 7.213042792927910896e-02 9.474981602644468037e-02
1.334484174787851640e-01 8.520254866098758706e-02 7.611150864404908623e-02 1.145432484409264484e-01 1.130046640550231019e-01 8.459969536752028063e-02 1.234630762624289446e-01 9.911493922285533054e-02 7.965806310117508338e-02 9.085383876624898714e-02
1.414375026350929154e-01 9.149654640202126155e-02 7.371242914205196339e-02 1.108883905147123733e-01 1.064614313811379220e-01 9.070449864828854236e-02 1.060569575173431894e-01 1.015560265595182449e-01 7.840116875448085998e-02 9.928504844535275542e-02
1.347818562090469241e-01 8.523677862266168526e-02 7.019822346485678211e-02 1.135227138141056413e-01 1.209430087250523839e-01 8.468722351866804499e-02 1.286555414882927517e-01 9.809301541400131108e-02 7.328238889394318722e-02 9.059924984937127446e-02
1.181235074541226449e-01 8.837527603354179695e-02 9.668094344166917875e-02 1.063140940060116058e-01 1.012918901501126401e-01 8.974626566945183292e-02 1.052424942597950802e-01 1.102609328736540439e-01 9.191333168718784918e-02 9.205126442445332735e-02
1.398514590572356719e-01 9.002594788711761054e-02 7.250223942774672303e-02 1.099309686260469543e-01 1.139158196302496179e-01 8.908428855642036570e-02 1.113767546107825163e-01 1.028537267568734037e-01 7.330363289503978586e-02 9.715516255248736466e-02
