1.180497220725097718e-01 1.179189689093585042e-01 8.012754974644246964e-02 9.482853782977672397e-02 9.351588454004632067e-02 8.982545405837306929e-02 8.059065973547135942e-02 9.408344108396873851e-02 1.375138062778143988e-01 9.354597574623867151e-02
1.118181648441002318e-01 1.115822784140402812e-01 8.107913529447012546e-02 9.639635730430592964e-02 9.249067137364362645e-02 8.878027710070170164e-02 8.217495667245536262e-02 9.190481722166220224e-02 1.510341877929774201e-01 9.273915398164310486e-02
1.107238643395080102e-01 1.105798826386570344e-01 8.745178925189883712e-02 9.797176211440804250e-02 9.355922714669054341e-02 9.022918405559716970e-02 8.948556583382810681e-02 9.546936939362135610e-02 1.308478312395383036e-01 9.368152398625263777e-02
1.194289774522952208e-01 1.191845009995605303e-01 7.666316910429238352e-02 9.758594035156921420e-02 9.125342056255540679e-02 8.738400550297316383e-02 7.821913120946369369e-02 9.064911111241326369e-02 1.482184643034097082e-01 9.141327940146740105e-02
1.148175258142070526e-01 1.146404206679801085e-01 8.221729243604541937e-02 9.472667752194914581e-02 9.289938500357669549e-02 8.898335033607183975e-02 7.918546118173989956e-02 9.155168851014619524e-02 1.480227351481712139e-01 9.295546338011247134e-02
1.049615838958456449e-01 1.049392014777587173e-01 8.826596432126472547e-02 9.802171095731197770e-02 9.391691457855609604e-02 9.147905072363260448e-02 9.266829250110374117e-02 9.168792305987910618e-02 1.402951560196392944e-01 9.376420246500806466e-02
1.162456473545526309e-01 1.161552514434756878e-01 8.681474349803931789e-02 9.546948857216543127e-02 9.223336211819457842e-02 8.969340506622106024e-02 7.820231835747466775e-02 9.220101661669816151e-02 1.407886949934926135e-01 9.219607197968587853e-02
1.164431099694154537e-01 1.162574599523718971e-01 8.857655121379220953e-02 9.722854249108814351e-02 9.515663193376933116e-02 8.852354924327324182e-02 8.293149477372231682e-02 9.233494599027111671e-02 1.272352034022882772e-01 9.531251103000798475e-02
1.119346679068686234e-01 1.118161882814730362e-01 8.746357600005760791e-02 9.363585430711759972e-02 9.389081684946896933e-02 9.128382370925917921e-02 8.696437962822667345e-02 9.365927313188474046e-02 1.353414863295868964e-01 9.400993385605670161e-02
1.153252966515742051e-01 1.150634833240007232e-01 7.770228775263116061e-02 9.258884698171374050e-02 9.218252416694826257e-02 8.778705771681685754e-02 8.293755426995379210e-02 9.083981224516188280e-02 1.531615840050583599e-01 9.241155288614105734e-02
1.118926504769038877e-01 1.116396446501965456e-01 8.643613778241088230e-02 9.535998959243027762e-02 9.142028740762676853e-02 8.821683524087968464e-02 8.148388539804088393e-02 8.911801132224696220e-02 1.527729533374644066e-01 9.165960479179963150e-02
1.231628663277964109e-01 1.228040466324792218e-01 7.693222061169466275e-02 9.503456111319601163e-02 9.013009369597242693e-02 8.567512541890259792e-02 7.920006601925676237e-02 9.175805315236987281e-02 1.449214662261434083e-01 9.038150080218862459e-02
1.184132306128328621e-01 1.183036370651159852e-01 8.635764233738055240e-02 9.164657181963042909e-02 8.947783665950327647e-02 8.509915191081761365e-02 8.124675291246274966e-02 8.680942933561287822e-02 1.532835045450057776e-01 8.936224280163788947e-02
1.238420805867039842e-01 1.234551362683452974e-01 7.699203751680744334e-02 9.030203463230793148e-02 8.821152589839405256e-02 8.282653412354949729e-02 7.542796195058207309e-02 8.776088236681672816e-02 1.627491485960313455e-01 8.843265806046168853e-02
1.190021882738153403e-01 1.187622369730242794e-01 8.172663080024393512e-02 9.261617862986093463e-02 8.990099928310139876e-02 8.574283727403050892e-02 7.431030788535045173e-02 8.898159979841691047e-02 1.589475933839213095e-01 9.000942769823487566e-02
1.171232627916232866e-01 1.168392311904528774e-01 8.024861830685553477e-02 9.503466660909140606e-02 8.990534000280239746e-02 8.585018671707737858e-02 8.129811518155478922e-02 9.118605981623925660e-02 1.524448028302802238e-01 9.006971655402286336e-02
1.156236924988515297e-01 1.153281179757564001e-01 8.418727361597973247e-02 9.504749462282438555e-02 9.252914110033171047e-02 8.597800819132339623e-02 8.477758342792271473e-02 9.174056668392778502e-02 1.419852899705001115e-01 9.280283191258222042e-02
1.127918431356203649e-01 1.126334025963513646e-01 8.234230415359666821e-02 9.799731430174141167e-02 9.607855516150827502e-02 9.438217156606130975e-02 7.967080583969993191e-02 9.691967726165594266e-02 1.308285385875622153e-01 9.635538739620257143e-02
1.173911832619158185e-01 1.171903791818687118e-01 7.563940908644652128e-02 9.409848398479718490e-02 9.144996504370084267e-02 8.652311944887114414e-02 7.380287235462452966e-02 8.992529356908962601e-02 1.623660680009403057e-01 9.161322606774531530e-02
1.168933125403702200e-01 1.167165720153977015e-01 8.220846812170297391e-02 9.333017418314222546e-02 9.127593516865241396e-02 8.465799141402260974e-02 7.856465100108189770e-02 8.762201502629024530e-02 1.573799222265505893e-01 9.135095830278915086e-02
1.161506936525798367e-01 1.159386443675905071e-01 8.239976134884982595e-02 9.473586042802752127e-02 9.228480694057754341e-02 8.734821922198784949e-02 7.898796586418357912e-02 9.028406252299558954e-02 1.494497366453234888e-01 9.242024900788427255e-02
1.129194973567043681e-01 1.126633856733273986e-01 8.699942057992832156e-02 9.895642661295379894e-02 9.466789266220380916e-02 9.071415276331203092e-02 8.603486339981981923e-02 9.396592025113494062e-02 1.280902313776195456e-01 9.498820932299595343e-02
1.148333204629261028e-01 1.146038622275990099e-01 8.559484402260325586e-02 9.350097361134993013e-02 9.223709636119781230e-02 8.783732829116917828e-02 8.628054546691102389e-02 9.315748991489408715e-02 1.395551008607583965e-01 9.239943878059120319e-02
1.169026704540109124e-01 1.166845656198609721e-01 8.374775278673905754e-02 9.399060063690582723e-02 9.290705490333704686e-02 8.642516624650460610e-02 7.890107621880086686e-02 9.022400264451337082e-02 1.471382086911997567e-01 9.307890179812762510e-02
1.150502520017549074e-01 1.148907117642319481e-01 8.028467348100876144e-02 9.043621661099567055e-02 8.990542483396750384e-02 8.600078384783751972e-02 8.259359161542054184e-02 8.988886495235032248e-02 1.610398666792653422e-01 8.990961421316751023e-02
1.188233158589617061e-01 1.186050308189876418e-01 7.146614934547873554e-02 8.997555805274110030e-02 8.896821143479161087e-02 8.505720162822334729e-02 7.192248651894669886e-02 8.992250161749772153e-02 1.761571785093761777e-01 8.910236621499526000e-02
1.146209540221053980e-01 1.144343142422881154e-01 8.630284289780743023e-02 9.629989132753367931e-02 9.481298487549509602e-02 9.147932000333243441e-02 8.781105007274526975e-02 9.588188928870218508e-02 1.233721268734191828e-01 9.498462639657123674e-02
1.127826828325080299e-01 1.126693444024785412e-01 8.459139693051136166e-02 9.658095944045924641e-02 9.328908038704322725e-02 8.992923889624215850e-02 8.694719171568084104e-02 9.401065551816098487e-02 1.359213886700036678e-01 9.327806120691195524e-02
1.154456702659126116e-01 1.152062070708943231e-01 8.371140732139646656e-02 9.356069397380935293e-02 9.167490104521595906e-02 8.883690537284281985e-02 8.136028722478307051e-02 9.072669248284596921e-02 1.476384899582203203e-01 9.183874528407909299e-02
1.134408909065049431e-01 1.132741376831871011e-01 8.755638232122085751e-02 9.659472169166094524e-02 9.154883820000403460e-02 8.847239207692259022e-02 8.845715283059604750e-02 9.266400812633050765e-02 1.363401358612346959e-01 9.165134030233826334e-02
1.163878794600682748e-01 1.161863515065640895e-01 7.717358108976196673e-02 9.380656708568919921e-02 9.041128828033173637e-02 8.721495784778560134e-02 7.861574659589644354e-02 9.053625684435145926e-02 1.591830689170477819e-01 9.048430237250341956e-02
1.178951899956207500e-01 1.175704553537431779e-01 8.208909370139569339e-02 9.347479173146004683e-02 9.202788876994288936e-02 8.747947460054905644e-02 8.328282037608404631e-02 9.256120252162981787e-02 1.413088746745764512e-01 9.231020827499804293e-02
1.191613800501534759e-01 1.188282469778119826e-01 7.827610463137790742e-02 9.396996480400141016e-02 9.255512260422325832e-02 8.712373188355268527e-02 7.832422317183293514e-02 9.003514634864934196e-02 1.488980530504599720e-01 9.282802647793700346e-02
1.042042832044142719e-01 1.041301648871850311e-01 8.875348172292402138e-02 1.020825556863002720e-01 9.339381251414130558e-02 9.261033272467203425e-02 9.485652971067276562e-02 1.029930554621353578e-01 1.235211020555786882e-01 9.345468203197629387e-02
1.081467380420425006e-01 1.080963803704909215e-01 8.560757154387277357e-02 9.797439329360921323e-02 9.540280722121965984e-02 9.214115851493195897e-02 8.705913287935702904e-02 9.294396895358240929e-02 1.372730759551660240e-01 9.535477322572746828e-02
1.199728184463774994e-01 1.197239634692468524e-01 8.387128314853629918e-02 9.125459410078044786e-02 8.744446280544938832e-02 8.362385504661964952e-02 8.193502833668309115e-02 8.735125632299060860e-02 1.573203223172525145e-01 8.750241600606360748e-02
1.212136814750516961e-01 1.210162831253940308e-01 7.159415866468912815e-02 9.331481926934248605e-02 8.840235327420087330e-02 8.523427593394485025e-02 7.345625135997302380e-02 9.105455042632158713e-02 1.663031967731883609e-01 8.841042969789393580e-02
1.158165046345392413e-01 1.156203535220615836e-01 7.860523524063615930e-02 9.270141660112511672e-02 9.149050332572676580e-02 8.819818482529422077e-02 8.027729136720698766e-02 9.150009833303776596e-02 1.541831012996598693e-01 9.160731085071224800e-02
1.185462719398577836e-01 1.183546623347741522e-01 7.804414234594136968e-02 9.067322391079926658e-02 8.912254866045789259e-02 8.455722161887788135e-02 7.929010859142687773e-02 8.809331280213662796e-02 1.641991104681319036e-01 8.911939732759621702e-02
1.224008397198299708e-01 1.221240925537966787e-01 7.806344033896787937e-02 9.164887169950927670e-02 9.019331926435900093e-02 8.459460240738310433e-02 7.660446628250719425e-02 8.801513768137196603e-02 1.561034903346833203e-01 9.025173971759159475e-02
1.158898716713805538e-01 1.156815447506408662e-01 8.224502075612485918e-02 9.276391112260187755e-02 9.307817203604387690e-02 8.693607660077501409e-02 8.216637917239172362e-02 9.076789659284183187e-02 1.472466537154932253e-01 9.322447358170618537e-02
1.174408003245001886e-01 1.171552154476912383e-01 7.930167759941475492e-02 9.522987658192742788e-02 9.210968262289474795e-02 8.583659701636096873e-02 8.242348717434246075e-02 9.101268935379425162e-02 1.471852497570007301e-01 9.230472412207324506e-02
1.146997318542922473e-01 1.145812715750809119e-01 7.707945485831790844e-02 9.386048126323748297e-02 9.083836063865670385e-02 8.477242592317238423e-02 7.973198005981188552e-02 8.866046417827629089e-02 1.649379697151932278e-01 9.083785993396092939e-02
1.185300188717500619e-01 1.182408819329306970e-01 8.097684046204851882e-02 9.387905021676301587e-02 9.216054572873666473e-02 8.812858627905766074e-02 8.014615931389236503e-02 9.230835791869082541e-02 1.432141868776321270e-01 9.241537239849802188e-02
1.179807810745809038e-01 1.177771371316306825e-01 8.116454017981201974e-02 9.529975182949736168e-02 9.260615497791105377e-02 8.766292604007348832e-02 8.284790626097005006e-02 9.567446937561598086e-02 1.362715613933681846e-01 9.271477173654030235e-02
1.129948344931914206e-01 1.129025903123343777e-01 8.499253994937791545e-02 9.587188843681392070e-02 9.126596716441170987e-02 9.018221397551760832e-02 8.443325587310972213e-02 9.202508915305486481e-02 1.441275077653971226e-01 9.120411287679136558e-02
1.226967097461828110e-01 1.225595188063969415e-01 7.435425380147724084e-02 9.003680098978042445e-02 9.057323705466598096e-02 8.467428988489933417e-02 7.480919950864066414e-02 9.245082598891285475e-02 1.573398188861050984e-01 9.050534533293863593e-02
1.201892164911099320e-01 1.199393895789058334e-01 7.643227382393216751e-02 9.180331972299284049e-02 8.768843197916065257e-02 8.514573802943256609e-02 7.813806266647041476e-02 9.023695819798271955e-02 1.626776172117307961e-01 8.774899229828207747e-02
1.116540818358877640e-01 1.115313159942670079e-01 8.416399699725457539e-02 9.398640773870690912e-02 9.357429798668488730e-02 8.822244358362053840e-02 8.577651157909210733e-02 9.384047571205632321e-02 1.436309589233918382e-01 9.361950964903802130e-02
1.120156593522196459e-01 1.118923466416694990e-01 8.905893864755455580e-02 1.001760310710173851e-01 9.397674105190906291e-02 9.225884939758631498e-02 8.767153039252985336e-02 9.601672796747086347e-02 1.228882359005330910e-01 9.404493957750974242e-02
1.021895442184722891e-01 1.021502602652316627e-01 9.412679311209064259e-02 1.005306921335921283e-01 9.708654028555198379e-02 9.252824895151026685e-02 9.180272010282233830e-02 9.580520756437775620e-02 1.267178160438066636e-01 9.706217732254421304e-02
1.128965664819104597e-01 1.126984695023502125e-01 8.223448941084485209e-02 9.725657595178952008e-02 9.162919928631123312e-02 8.969980694619987538e-02 8.553792667771503710e-02 9.233068750509761113e-02 1.438848471493606174e-01 9.183143108842056757e-02
1.126431117098358053e-01 1.124277439673441042e-01 8.448635070972511374e-02 1.018787872287003349e-01 9.592600148354701872e-02 9.308227439338433162e-02 8.701979907008575155e-02 9.655439495270974615e-02 1.197859665414207075e-01 9.619556994324710009e-02
1.098531107007300334e-01 1.095741585038838839e-01 8.945167300825083989e-02 1.008153830893451092e-01 9.642610098210466218e-02 8.970435660350706275e-02 8.535412409369005915e-02 9.402231942994640490e-02 1.279104687364246984e-01 9.688830485211726018e-02
1.192186778116625101e-01 1.189569861233460424e-01 8.027585358468798671e-02 9.342712085413805434e-02 8.817177320242997052e-02 8.538765054819738576e-02 8.098407680529177977e-02 9.082365007475277918e-02 1.545030596359638908e-01 8.825115135952962819e-02
1.214533165949363835e-01 1.212560611689726675e-01 7.770496228601603272e-02 9.047788067013837199e-02 8.954351741708535539e-02 8.519499306848475617e-02 7.286867414648331986e-02 9.106127043032877233e-02 1.608731043998538335e-01 8.956621981770046537e-02
1.208452800241904407e-01 1.205835013053578458e-01 8.142144344708004966e-02 9.244638925928631845e-02 8.717011883872521905e-02 8.342440809689584402e-02 8.095252688645204753e-02 8.839307359398838881e-02 1.575979376117659647e-01 8.716532093625785349e-02
1.227878549965866761e-01 1.226254118091707895e-01 8.225747795739474233e-02 8.886080194412593336e-02 8.858074233428933630e-02 8.418135167962054188e-02 7.575434058505492452e-02 8.871670151982195829e-02 1.577499840227095940e-01 8.848533315122551757e-02
1.181241653741574860e-01 1.179364761755418434e-01 7.981388837308620032e-02 9.486022967019590302e-02 9.300283485855492804e-02 8.957017420649057704e-02 8.071926091378942014e-02 9.288232777594926382e-02 1.400049038126434386e-01 9.308573883959098128e-02
1.141518453383048998e-01 1.140156563290690428e-01 8.480961671549042125e-02 9.751233799037585526e-02 9.530925526504277490e-02 9.249975611173989753e-02 8.480248453457765734e-02 9.854447116669980133e-02 1.230020700109546589e-01 9.535250653774504648e-02
1.150748471197306916e-01 1.148713600852023509e-01 8.131060353508244576e-02 9.488108257561793379e-02 9.009479934599125273e-02 8.931700514069884633e-02 8.332321050033146548e-02 8.846787446338698346e-02 1.524974478625603647e-01 9.016176937139770697e-02
1.100478513993044943e-01 1.099470262725050912e-01 8.678180090215101283e-02 9.763353033076128951e-02 9.452029890378241261e-02 9.076503724876359980e-02 8.993007339001299338e-02 9.512362463548836022e-02 1.307650556390867747e-01 9.448570127814399922e-02
1.157960019039070282e-01 1.154994557894523655e-01 8.325887787665538220e-02 9.521131502595328588e-02 9.399625343575507275e-02 8.826583455784209331e-02 8.549314107368909121e-02 9.324802926348994825e-02 1.349147042059561930e-01 9.431638686729952592e-02
1.147814890356696205e-01 1.145409651928246536e-01 8.459854625690062246e-02 9.803681130144802081e-02 9.322555871527375693e-02 9.219127940825555534e-02 8.357747895290054685e-02 9.542429304963855052e-02 1.301411754629825945e-01 9.348240262410606460e-02
1.093145190710283765e-01 1.092214294551765857e-01 8.887984143130499282e-02 9.679843784697687858e-02 9.550650381724080928e-02 9.102970971921517385e-02 8.788193107052846842e-02 8.819759825331280334e-02 1.376886167676146522e-01 9.548141256760121764e-02
1.181262328626601910e-01 1.180048450715276559e-01 8.155559907259010699e-02 9.478058692779255112e-02 9.158339069590211434e-02 8.751171708177095387e-02 8.262748661362341596e-02 9.287200288937209891e-02 1.414146749531846325e-01 9.152346383157629328e-02
1.205599304688174112e-01 1.203174150977950468e-01 8.177803409761931486e-02 9.089984425284398928e-02 8.997438514885723604e-02 8.690183057551249812e-02 8.421496493127357541e-02 9.383389511181210174e-02 1.415529475039732643e-01 8.996675281149561776e-02
1.184006812040670348e-01 1.181720325446163899e-01 8.661805407620649933e-02 9.403469676976451697e-02 9.243788127001184574e-02 8.793521105825556627e-02 8.404624183936770798e-02 9.329159641694249883e-02 1.324897247943472578e-01 9.257388002642072400e-02
1.171903959670092671e-01 1.170360607944191250e-01 8.326944955955796479e-02 9.562199858730212332e-02 9.389536871881427882e-02 8.838243716127083816e-02 8.067750340723894853e-02 9.370034965683228523e-02 1.362637061561684515e-01 9.396272999138673143e-02
1.127673327953565285e-01 1.126758119950165005e-01 8.221892601153854563e-02 9.502901948668554533e-02 9.292289741606434006e-02 9.195585787196247640e-02 8.557395096748056373e-02 9.299099633582963431e-02 1.409376606159661593e-01 9.292754650409973394e-02
1.111325267007542833e-01 1.110144251616046324e-01 9.170347621829227913e-02 9.741022863746433280e-02 9.176114270685627183e-02 8.908395155277856747e-02 8.735656748255056503e-02 9.170867333079092687e-02 1.371129722926515415e-01 9.171603591625655805e-02
1.167174349001760952e-01 1.164781328254778786e-01 8.031896101026156365e-02 9.448302137638571463e-02 9.161001912718728935e-02 8.695976945782797618e-02 8.059232859015090511e-02 9.146978923694928931e-02 1.495632626695745093e-01 9.180728080600876473e-02
1.179237148942103436e-01 1.176371321567108580e-01 8.315575194012471416e-02 9.235302308644063873e-02 9.160963791012749491e-02 8.650596321259879096e-02 8.631524895731940150e-02 9.377078591509332983e-02 1.389385945783782328e-01 9.179014734899620942e-02
1.226407710068225521e-01 1.223991220848709288e-01 8.031556687676934259e-02 9.309800598694081830e-02 8.806488084432521901e-02 8.499119165850586854e-02 8.020990439885422596e-02 9.149969129490979902e-02 1.487332636515285023e-01 8.804760219647282671e-02
1.229089181145484738e-01 1.227402975731040763e-01 8.427172513942304821e-02 9.174516741052049507e-02 9.115341947214407325e-02 8.800393678439730194e-02 7.912936236449033545e-02 9.152342327060788985e-02 1.374602447317283538e-01 9.106350513903595234e-02
1.156841414343830060e-01 1.155257046332935494e-01 7.761371545321092691e-02 9.123160156502468920e-02 8.740691164182330664e-02 9.147856180405349036e-02 8.333857340388045598e-02 9.160222832853534558e-02 1.587923583641881464e-01 8.732620337160708346e-02
1.225452499088017511e-01 1.222828400397658194e-01 8.148323308428102874e-02 9.049862404925039516e-02 8.823643045378551375e-02 8.299162642469753992e-02 7.649809978566864122e-02 8.895511750122798988e-02 1.582752316061054598e-01 8.823354714641590268e-02
1.120697932754167458e-01 1.118180663398103958e-01 8.543398771628779587e-02 9.834768517280502442e-02 9.292950546818778967e-02 8.891254322668311338e-02 8.368725742306690196e-02 9.091369906383059418e-02 1.426606483838077921e-01 9.322681393010387452e-02
1.282349445614829053e-01 1.279827469709599042e-01 5.022194804126198925e-02 9.427371565456729718e-02 8.933899794030651653e-02 8.660416949702785805e-02 4.942445315426296365e-02 8.937589364194500896e-02 1.947945615664513630e-01 8.974856897173413839e-02
1.152699881207923521e-01 1.150601410015159448e-01 8.116147818665901681e-02 9.517872390079047673e-02 9.281701516677393071e-02 8.779666460490040403e-02 8.093072132397179097e-02 9.416235213813005378e-02 1.446685995487049792e-01 9.295431600776099534e-02
1.162879114250846002e-01 1.160435636102400830e-01 7.821266066471430078e-02 9.381602503390112924e-02 9.213117590725229678e-02 8.874251837714419722e-02 8.192081298603896833e-02 9.298784533688847498e-02 1.475070931423338449e-01 9.235039351640211835e-02
1.155311929741519722e-01 1.153277927889356097e-01 8.677497444388418413e-02 9.431389197871561936e-02 9.251554072643197735e-02 8.666308805058324516e-02 8.157743629578910471e-02 9.008515592412097428e-02 1.445976440987508660e-01 9.261328271863650263e-02
1.182726913645678751e-01 1.180241849618900024e-01 8.207862506884035236e-02 9.314581968434436365e-02 9.075634017633558981e-02 8.238806927566862115e-02 8.092997624546065250e-02 8.648457046678773019e-02 1.570987529287185269e-01 9.082096982738628588e-02
1.218846320718802168e-01 1.216064388289846837e-01 7.477216523527654979e-02 9.205578717070879435e-02 8.880558668580752768e-02 8.626507786575782211e-02 7.830384983845815883e-02 9.080946177154283760e-02 1.565688025765467617e-01 8.892819795503659197e-02
1.179520059373811991e-01 1.177601953689225434e-01 8.173925839917514646e-02 9.177549904050469332e-02 9.309098478270577681e-02 8.887356705315382910e-02 8.419422799298384441e-02 9.615759895461718776e-02 1.353201029846358983e-01 9.313655948591986755e-02
1.175488721278407644e-01 1.172874875371687498e-01 7.518538589958748131e-02 9.529231034023487312e-02 9.177395725414493055e-02 8.877311057457663857e-02 7.460103113195788727e-02 9.130935496091123482e-02 1.561714515725423358e-01 9.205703860103515990e-02
1.128310214190847288e-01 1.126286950613659132e-01 8.670232272561249898e-02 9.445374844975314155e-02 9.396505839602932453e-02 8.941798120581542775e-02 8.898291333684354987e-02 9.486605378965419499e-02 1.320278357393378788e-01 9.412436987650332765e-02
1.184181175455609886e-01 1.180698076680049141e-01 7.961293123989850173e-02 9.507142291131365219e-02 9.143881509096758731e-02 8.618839761864413584e-02 7.983841652090513386e-02 9.097200153614244666e-02 1.485971093758662320e-01 9.179298049269636606e-02
1.139639049277379051e-01 1.137680368355548782e-01 8.568477483694172947e-02 9.870151777385102743e-02 9.421224902291824854e-02 8.765358157783788295e-02 9.145428752047553289e-02 9.810249349197819324e-02 1.220924569273391103e-01 9.436669708536549184e-02
1.210900789277893491e-01 1.208534732666965705e-01 7.723944224974235717e-02 9.432906693396113373e-02 9.084078020565862499e-02 8.741870499829743069e-02 7.552124871457321920e-02 8.937389185103683520e-02 1.524009345327199949e-01 9.093237831952448447e-02
1.174706580959532926e-01 1.172937774689604001e-01 7.855466151656088913e-02 9.372348199280691738e-02 9.130612251305535165e-02 8.818643716024890389e-02 8.242241776791732477e-02 9.560489060627712365e-02 1.440615319400762595e-01 9.137602093814356508e-02
1.184331686089331453e-01 1.181447189600214470e-01 8.105244143036367810e-02 9.339666984314662357e-02 8.827285027893105873e-02 8.508952855311156804e-02 8.255565702516118320e-02 9.183163057855321665e-02 1.528185302605072071e-01 8.840480446127088610e-02
1.072225292504605937e-01 1.071064764710881329e-01 8.616492278892463885e-02 9.811183869820110093e-02 9.374795063324764532e-02 8.978447790167105869e-02 8.700053202382618256e-02 9.621520849604596470e-02 1.408329652152311706e-01 9.381309852130353955e-02
1.170733549122091877e-01 1.168347852860263658e-01 8.231510992960879014e-02 9.299488776131557832e-02 9.118050111635506161e-02 8.712727351282091581e-02 7.969164709920951994e-02 9.086164479565780883e-02 1.506073305692819664e-01 9.131346501751484712e-02
1.166017880601671192e-01 1.164046579477477361e-01 8.272359668218454143e-02 9.661624338582244786e-02 9.214052162196315066e-02 9.045357968154074668e-02 8.220200598692288529e-02 9.137182157262699334e-02 1.392742278969679171e-01 9.221155716405651792e-02
1.149849639567936815e-01 1.147901534336127627e-01 7.946318677100988603e-02 9.302585370249043251e-02 9.197279189440926706e-02 8.820813317556563948e-02 8.163946773504425491e-02 9.118891338065113206e-02 1.526360514081311903e-01 9.209048454229182279e-02
1.098756439453567324e-01 1.097431843504259735e-01 8.101903741930795155e-02 9.914801211784862733e-02 9.120435126788264957e-02 8.854555031299728152e-02 8.536436759414055275e-02 9.411764185082467649e-02 1.497353949864055067e-01 9.124681615481006203e-02
1.155096529031655328e-01 1.152817744798814020e-01 7.916544454775856221e-02 9.393485750879704277e-02 9.153472585521058025e-02 8.925361664052322563e-02 7.912082386862878680e-02 9.036974582652075594e-02 1.541739615824596343e-01 9.165539678705449111e-02
1.151045456733241767e-01 1.148939957630883968e-01 7.866599491927733778e-02 9.480418943466367709e-02 9.114760130587323816e-02 8.686139087675311121e-02 8.344863075925086637e-02 8.965358974474457732e-02 1.541631367133851627e-01 9.125692480963946973e-02
1.136856163376992052e-01 1.135280966746293474e-01 8.370142145954714841e-02 9.772768983611337945e-02 9.342226519834088971e-02 8.629988198809658562e-02 8.229515796942392380e-02 8.707111294309329008e-02 1.487532193266490887e-01 9.351553826640718325e-02
1.203708789153110498e-01 1.201459691760550091e-01 7.860287039917202012e-02 9.587882721596677205e-02 9.225111809020260234e-02 8.971585483783547921e-02 7.964663759767180717e-02 9.565053964140812770e-02 1.353586317776300230e-01 9.237867234874705402e-02
1.118623620759347931e-01 1.117574858498691787e-01 8.441889064587793090e-02 9.594478936609596165e-02 9.455059487822131681e-02 9.617921572142676401e-02 9.298805469741919238e-02 9.687829835565223147e-02 1.208984111239300163e-01 9.452189728557264248e-02
1.170933927583612255e-01 1.168238085634579482e-01 8.271205217409120791e-02 9.468930780629128408e-02 9.009568586729929662e-02 8.590642358768657560e-02 8.201892214733030873e-02 8.760307325394624256e-02 1.528638795113466398e-01 9.019345433018927105e-02
1.180928825643346031e-01 1.178391754288610066e-01 7.545835715852747261e-02 9.045738984819057249e-02 9.085252515204206292e-02 8.673208215408217958e-02 7.464551180581929790e-02 9.144043934068468715e-02 1.634150037433477198e-01 9.106663280411038397e-02
1.156913096184614131e-01 1.155391529613322976e-01 7.533188952090309753e-02 9.372104227224631323e-02 9.273552179928892802e-02 8.993435565679161470e-02 7.623503195809964994e-02 9.277169406619323322e-02 1.551404890695253780e-01 9.289951307715801909e-02
1.208050551394194011e-01 1.205550804783879215e-01 7.799069215582757342e-02 9.627944613390894413e-02 9.230984973225930812e-02 8.855198796641099157e-02 7.495070308916562674e-02 9.336277081745282536e-02 1.426779670482477280e-01 9.251644743891969391e-02
9.686982768125620979e-02 9.694861272674008823e-02 9.578791368147146490e-02 1.050133014801845899e-01 1.001623936267544285e-01 9.880615521766682174e-02 9.933350632449890194e-02 1.016734071169028281e-01 1.053935005604749037e-01 1.000113815840496523e-01
1.003101674428994450e-01 1.003660879264192257e-01 9.598443511203400003e-02 9.853094920869366613e-02 1.022820251156373872e-01 9.474267696408365802e-02 9.940219026986656103e-02 9.573773214567500578e-02 1.104832094763736200e-01 1.021605263383174450e-01
1.153204658665745730e-01 1.151568041429802403e-01 9.027388374111995628e-02 9.106668150212771096e-02 9.046699445305843301e-02 8.491733433202021397e-02 9.050166889062963294e-02 9.404604923106398007e-02 1.378497117334734900e-01 9.040040610695178336e-02
1.120173742739823813e-01 1.118532856417451260e-01 8.406104626457712448e-02 8.863897352267964547e-02 9.083332391736714806e-02 8.311195362991563584e-02 8.507366601782956339e-02 9.286823525618592701e-02 1.606596922194103161e-01 9.088244925630713233e-02
1.162443701832235610e-01 1.160433802617225757e-01 7.878186824724305037e-02 9.202524916378967967e-02 9.202280453152794637e-02 8.882438752109324265e-02 7.963125349113327200e-02 9.346014221146789480e-02 1.508173240804129012e-01 9.214922030838583467e-02
1.144541817444201387e-01 1.142160923823286461e-01 8.797479129281550458e-02 9.601067380862489398e-02 9.303278378292409445e-02 9.043350908130071142e-02 8.363493018273293611e-02 9.235355977795413340e-02 1.345784606645395176e-01 9.331101728235939585e-02
1.196776537553194963e-01 1.194394910244822305e-01 7.698916527917398778e-02 9.611068792099933256e-02 9.171175874527220939e-02 8.778572593602385066e-02 8.133688494422491866e-02 9.358980297275666660e-02 1.414957087953624681e-01 9.186312062638483933e-02
1.151401072558809746e-01 1.150284485135976420e-01 8.470165751116194575e-02 9.663504077357670807e-02 9.232477447923700953e-02 8.791634876934142917e-02 8.315394102999477954e-02 9.238884449806961108e-02 1.404165002748784530e-01 9.229433689426137788e-02
1.171385590053589665e-01 1.168827850544368052e-01 7.582903600182303028e-02 9.513927326674358198e-02 9.196692343145825010e-02 8.855792286842674443e-02 7.746520043352919660e-02 9.287768266114751481e-02 1.519178464271582485e-01 9.222477084991766161e-02
1.245132261464426265e-01 1.242932828298693587e-01 7.971547537558779095e-02 9.307979570211481757e-02 9.170663517473226500e-02 8.518618015005548216e-02 7.983491143364022935e-02 8.939296889979378435e-02 1.406137763179247102e-01 9.166374796983892126e-02
1.124104510663926360e-01 1.123450667452744745e-01 8.180405922829389609e-02 9.672579114286150581e-02 9.375348072771923225e-02 8.905812150314285081e-02 8.451780552812120095e-02 9.348778695883704082e-02 1.421871156519063373e-01 9.371032144745082559e-02
1.173577310536892820e-01 1.171368838566205495e-01 7.791789774167912075e-02 9.432856417713589292e-02 9.061583485895591261e-02 8.601204617184950163e-02 7.642790516665363965e-02 8.803160316087767223e-02 1.613952140679091596e-01 9.077631974462924136e-02
1.137703296030813938e-01 1.135144584867507911e-01 8.247200735597892685e-02 9.803600118689451137e-02 9.207938532566262158e-02 8.851732269131304398e-02 8.214819186311499155e-02 9.162768013219901864e-02 1.454807215109245044e-01 9.235390184408022451e-02
1.183198516474436440e-01 1.180677369981201347e-01 8.228489713935595307e-02 9.682686158058552428e-02 9.223600474514279113e-02 8.846229786734852163e-02 8.175205615248194724e-02 9.288998153254315882e-02 1.367587450944668104e-01 9.240156724251152864e-02
1.169631431351127598e-01 1.167657979568249710e-01 7.761935751414446305e-02 8.748591163635446866e-02 8.807277512407665765e-02 8.493520727159188655e-02 8.016517873397137339e-02 8.819302462657868658e-02 1.717912567693536396e-01 8.800834723199112142e-02
1.189309597048275186e-01 1.187280689428335395e-01 8.775202021737962821e-02 9.643328881667904973e-02 9.195018508348289099e-02 8.601808001601815579e-02 8.395343818889552945e-02 8.978283282350675576e-02 1.344898824732705389e-01 9.196124373310639311e-02
1.187222012861110787e-01 1.184577890423189894e-01 7.855829625032223484e-02 9.027964349190813198e-02 8.940575886817864193e-02 8.491346277731383341e-02 7.609419762047987812e-02 9.004839978377897347e-02 1.639737593565930296e-01 8.954649152299518078e-02
1.143665196804224821e-01 1.141068703007171586e-01 8.505974858593977339e-02 9.679779219495986131e-02 9.546872274623889598e-02 9.262734052165191856e-02 8.286975885560941835e-02 9.575171876651296377e-02 1.271231587426292498e-01 9.582836960531825043e-02
1.219570589173494951e-01 1.217218871406366698e-01 7.719347361440796751e-02 9.275576662563990438e-02 8.844332015198681785e-02 8.337648408302207603e-02 7.175724860139075234e-02 8.647821364723376480e-02 1.677884016011940427e-01 8.852814561713849562e-02
1.099413665694266157e-01 1.098139564969908555e-01 8.558495759457318552e-02 9.714909255583581427e-02 9.404433034510621681e-02 9.176520021143681760e-02 8.687171934616788604e-02 9.301036894392836207e-02 1.376384036246049436e-01 9.418060431192934456e-02
1.133110949348681978e-01 1.131444605710977963e-01 8.630906677713642838e-02 9.716687258913521419e-02 9.669207176564531547e-02 9.028262854012802929e-02 8.270968077685317277e-02 9.237639434888242351e-02 1.311348171090780390e-01 9.687291258717538323e-02
1.213167545614336346e-01 1.210710341895894354e-01 7.843458979573676715e-02 9.090613903316677180e-02 8.860669049318892210e-02 8.457133348805428996e-02 7.982547662946498646e-02 8.904192820543804787e-02 1.576298916879484147e-01 8.859616191597871615e-02
1.091521921744626478e-01 1.089911503760117306e-01 9.000887283346527268e-02 9.714225669289543175e-02 9.566741727654244631e-02 9.179417617387007622e-02 8.798218550479570965e-02 8.951707356007743144e-02 1.339661143459980330e-01 9.577856106188122054e-02
1.158533758273212477e-01 1.156464894115852154e-01 8.530643931734091523e-02 9.418426174201685597e-02 9.654308489141577576e-02 8.974133431023308127e-02 8.218117249352732689e-02 8.957113320285377267e-02 1.342432965627374519e-01 9.672941224096834323e-02
1.142429842269765544e-01 1.140525207262323287e-01 8.041039320402984525e-02 9.716701047754150444e-02 9.242380743699374346e-02 8.900811792844802450e-02 8.198680949143345720e-02 9.348998221973195411e-02 1.446662494381696085e-01 9.255212485044299331e-02
1.034187830669516667e-01 1.033688245714220605e-01 8.083695434894590248e-02 8.452599607833669038e-02 8.532966338271159856e-02 8.317090066201605902e-02 7.800271396574508243e-02 8.455047302694215783e-02 2.116052942646717283e-01 8.519039663225702608e-02
1.176861415209961431e-01 1.174332007288294843e-01 7.848587161897320474e-02 8.944926138335748678e-02 8.812560326139387556e-02 8.425255288711930302e-02 7.510992867601273826e-02 8.805270040511573026e-02 1.732339693272598458e-01 8.817077019094217427e-02
1.196167920079296565e-01 1.193437987545225426e-01 7.820766108036239506e-02 9.435735636673041327e-02 9.096678540034885962e-02 8.723539900312569928e-02 7.947873670384385247e-02 9.070880217452101379e-02 1.489467962939995671e-01 9.113787221461601418e-02
1.135790552460822778e-01 1.134041086191688585e-01 9.517567030576498666e-02 9.721843240838547173e-02 9.649320147247034130e-02 8.548354811470282311e-02 8.678916352805508827e-02 8.967300135814976203e-02 1.256026453595839587e-01 9.658117358763641802e-02
1.099923429787304785e-01 1.099437885507917184e-01 9.115357567745124845e-02 1.020207549990404805e-01 9.435349053693412036e-02 9.306316662890333491e-02 9.096888459150294370e-02 9.369538577934201362e-02 1.206176533997364575e-01 9.419095685756716241e-02
1.153784615941226416e-01 1.152373927841773421e-01 7.974224166495105792e-02 9.188783067875602728e-02 9.458009079088569582e-02 8.914947742943894748e-02 8.451551157632362921e-02 9.365076371567183922e-02 1.412515945353900182e-01 9.460663523028281507e-02
1.131321028904879178e-01 1.129488502834001540e-01 8.306730162237088710e-02 1.007832655774659053e-01 9.290127048160225220e-02 9.192333799250250459e-02 8.398721304786919972e-02 9.633388993638182518e-02 1.318662538245209959e-01 9.305651434339834438e-02
1.189708450723298422e-01 1.186647144035135326e-01 8.301719311403767121e-02 9.266122964220790958e-02 9.060153064846550308e-02 8.602740774178541105e-02 7.892514930981418819e-02 8.822417126494717932e-02 1.521204430957095455e-01 9.078731570718924504e-02
1.184077660437150570e-01 1.180800232430911367e-01 7.813908161580716827e-02 9.656049612432121565e-02 9.450390031138425351e-02 9.100120714974306579e-02 7.658576402039707354e-02 9.388581980119782566e-02 1.379287489205979211e-01 9.490719276974525498e-02
1.119764712531749890e-01 1.118223534195936231e-01 8.279773647755528376e-02 9.530846363117888298e-02 9.290580440531163997e-02 8.997241046567050482e-02 8.275121035446961204e-02 9.299894166011647700e-02 1.464207872503361652e-01 9.304582108259282225e-02
1.200879980672145270e-01 1.198057949967946539e-01 7.748238418221597978e-02 9.121277581069466012e-02 9.193935503119246566e-02 8.948566944336049100e-02 8.044615500161396426e-02 9.231584474466293655e-02 1.451113883144635464e-01 9.211263440778676148e-02
1.156520546373740466e-01 1.153843710803313244e-01 8.442728252468514882e-02 9.424027187808971251e-02 9.158226449691597715e-02 8.750158632090558608e-02 8.795050210010123271e-02 9.464912006970928326e-02 1.368604387316171289e-01 9.175210816027054572e-02
1.114617952216819391e-01 1.112958753132746448e-01 8.204568571487350082e-02 9.439362480690639823e-02 9.387509004194066753e-02 9.019293698378900992e-02 8.724991464880045566e-02 9.490409124582108169e-02 1.405174300425458267e-01 9.406355598036646171e-02
1.149072007684381336e-01 1.147796012361324003e-01 8.286800900373600398e-02 9.498391490158923645e-02 9.565680313196836537e-02 9.178167068121213801e-02 8.238612815243763488e-02 9.629835412840163922e-02 1.305710503011018875e-01 9.576726769498256076e-02
1.119229131672696970e-01 1.118563040565666300e-01 8.598804159173108197e-02 9.349189246286802868e-02 9.307647886303468954e-02 8.795194163974009993e-02 8.612256256199153637e-02 9.134503608924961215e-02 1.452755611667920221e-01 9.296926840075660226e-02
1.157140053334144991e-01 1.156283582189651798e-01 7.783712942834657145e-02 9.319191379439227541e-02 9.251967988856237002e-02 8.901553439093236320e-02 8.353494910518781402e-02 9.269164374427765751e-02 1.474230910931326466e-01 9.244369500278859508e-02
1.193771283350103241e-01 1.191044255001153102e-01 8.145538189211262714e-02 9.146403002622691125e-02 9.030982191733676057e-02 8.542173271321813754e-02 8.335007650451531358e-02 8.870324252887568095e-02 1.504038035019627240e-01 9.041035708062625242e-02
1.200866468073622517e-01 1.198352577359611953e-01 8.335452760197772926e-02 9.239307476135354136e-02 8.899172053198829702e-02 8.427729348908231943e-02 8.324295760438604752e-02 8.922451384368619565e-02 1.495913874127101362e-01 8.900262021149227265e-02
1.134806306908838214e-01 1.133962118361200588e-01 8.159704431665862345e-02 9.716675983165191932e-02 9.544718477371767762e-02 9.236418761026519986e-02 8.520558056514816736e-02 1.000463195261638710e-01 1.258547182092770167e-01 9.544136264011369997e-02
1.191494880333476281e-01 1.190003313808468827e-01 7.691338499645396232e-02 8.950486300022512942e-02 8.838580246991985245e-02 8.422367983647981171e-02 7.772532209556379246e-02 8.914197529090128747e-02 1.676403155282917556e-01 8.831483736796995332e-02
1.155002058650789198e-01 1.153371422706864213e-01 8.375422572981335023e-02 9.598828636923545377e-02 9.275781197940245748e-02 9.021133351037055603e-02 8.433698708848934300e-02 9.368722630067743973e-02 1.355554051851851072e-01 9.287137570106102080e-02
1.204755140959936771e-01 1.203379026172404637e-01 7.865840553348930897e-02 9.157446299349157603e-02 9.169382710127184366e-02 8.598529597257481560e-02 8.191420329329249239e-02 9.141267556838364450e-02 1.463423302761882872e-01 9.160538254807389091e-02
1.185627112247034376e-01 1.182885582764387489e-01 7.737921649543676172e-02 9.725529640445539081e-02 9.344416275426019325e-02 9.101210501092230065e-02 7.630269715454718327e-02 9.388747595892689424e-02 1.401005097963903545e-01 9.376726692391870732e-02
1.201514552263739793e-01 1.200140469464004433e-01 7.728573775517628974e-02 9.044692718497511497e-02 8.960345859654919587e-02 8.582450422812162860e-02 7.569823711980475101e-02 8.903220934033692635e-02 1.624235441880448050e-01 8.951987941421683803e-02
1.145673897706989131e-01 1.143719624963595166e-01 8.135766398448965320e-02 9.550147341325562755e-02 9.124526903576597736e-02 8.773689901021433646e-02 8.631224847125677779e-02 9.203644983984426986e-02 1.455930857232688724e-01 9.127755825484604180e-02
1.146685362732911134e-01 1.144309436704464000e-01 7.969417106226446557e-02 9.448150019073266181e-02 9.326778972477485496e-02 9.028311884107226293e-02 8.104381565114093799e-02 9.310221530909972010e-02 1.455317486163021923e-01 9.349616066087533539e-02
1.166884489517694690e-01 1.164743594010773792e-01 8.176556072608268111e-02 9.507685880717936522e-02 9.151661300232852292e-02 8.663675192973138706e-02 8.130368491963241295e-02 9.205233704909077108e-02 1.468586309791544975e-01 9.162675423395351404e-02
1.062340538290986042e-01 1.061524386434413852e-01 9.034335302451869387e-02 9.856757399355171867e-02 9.779131306505221832e-02 9.011575463134280373e-02 9.700996714612135363e-02 9.320083598588158047e-02 1.227496481181530735e-01 9.783506156283859612e-02
1.172727228992409693e-01 1.170119755266184336e-01 8.282974338016313443e-02 9.357685073798856223e-02 9.094803620955424495e-02 8.743242843617589355e-02 8.133223018738146293e-02 9.268315506760430034e-02 1.458522684342018760e-01 9.106058912107110881e-02
