7.763145936746765341e-02 7.494228860922148849e-02 1.174302779038114836e-01 1.139421338826545477e-01 7.775007549147824881e-02 1.103063723047488370e-01 1.188454202475438121e-01 1.017111327707929530e-01 8.818415818424135688e-02 1.192566812380395913e-01
8.156279428790955133e-02 7.816538815635112880e-02 1.108871696024247427e-01 1.148257217029094446e-01 8.151532465984463738e-02 1.055308848768513885e-01 1.203285264468884619e-01 9.809597151421664551e-02 8.793640026862897807e-02 1.211518184839750073e-01
8.462405726252458793e-02 8.358277861218034455e-02 1.101651303713261920e-01 1.084868091883582075e-01 8.469100989910254007e-02 1.030920885570554973e-01 1.180927130790801055e-01 1.008613746693900193e-01 8.776858576359947151e-02 1.186354525973830482e-01
7.477994162304615888e-02 7.268740333962021849e-02 1.151779334596249454e-01 1.179953267704395986e-01 7.485944281090514685e-02 1.228672603517149964e-01 1.146876366692448773e-01 9.843246083524702372e-02 9.319311441707800459e-02 1.153194797230790297e-01
7.822143411394393009e-02 7.565837897153698810e-02 1.130550945182829947e-01 1.111219507349399255e-01 7.815769223258235698e-02 1.090351160770382521e-01 1.236874915147853221e-01 9.809006285238712486e-02 8.869107797029041063e-02 1.242817010142127226e-01
9.146512763661439338e-02 9.422541824034239011e-02 1.027911590111977719e-01 1.024220368985432617e-01 9.148097939504606924e-02 1.055818079872462845e-01 1.119501606162318225e-01 9.381731598593505417e-02 9.424754422017987687e-02 1.120184500086630341e-01
7.578375093994162148e-02 7.342123934507768790e-02 1.151489318914563770e-01 1.138655812106796339e-01 7.591617310792571349e-02 1.099503073018163884e-01 1.224627422721856207e-01 1.027611155197874632e-01 8.782066603525040538e-02 1.228694923758790469e-01
7.996194414826580943e-02 7.580527806677450631e-02 1.116148134674919551e-01 1.086788610186941034e-01 8.001986085410513205e-02 1.189376401149942197e-01 1.156312338255708200e-01 9.647128558847005431e-02 9.667513827343357513e-02 1.162039446421998384e-01
8.487963302731087178e-02 8.126081326003152527e-02 1.115314132905663447e-01 1.113052585426972524e-01 8.507543676332085525e-02 1.046348155717446715e-01 1.162043510417013759e-01 9.997510526084978089e-02 8.844568120648585441e-02 1.166874920352913847e-01
7.932619118313977147e-02 7.541356337057882053e-02 1.132020585791915918e-01 1.195798326448972021e-01 7.930911613530435000e-02 1.095382915975294941e-01 1.176652447938461576e-01 9.943120823609587211e-02 8.811345352931566899e-02 1.184210399301010991e-01
8.015523660211250345e-02 7.908103439004875168e-02 1.087535449908702406e-01 1.106371963864545421e-01 8.009979884461675137e-02 1.108077797458396907e-01 1.207863813427210165e-01 9.744926358435032632e-02 9.054913140581018205e-02 1.216806327071759258e-01
7.461332968979236813e-02 7.051346526967497419e-02 1.183847476867280479e-01 1.236945261177315736e-01 7.466334561282537974e-02 1.143988473517309479e-01 1.202283290643665625e-01 9.787219831021029548e-02 8.445299483104524996e-02 1.211782160658945728e-01
7.878337031208174079e-02 7.636757043495147335e-02 1.166358137311385157e-01 1.201404253884969658e-01 7.899867082816758312e-02 1.193754328759975003e-01 1.115854170349257352e-01 9.644696909226362080e-02 8.992423577421433667e-02 1.117420945277625144e-01
7.081910543374149436e-02 6.642410292692864371e-02 1.168809066904894639e-01 1.257398262645955667e-01 7.083490640153629336e-02 1.305045956326148782e-01 1.163352027892318868e-01 9.388565598383651067e-02 9.134743999536301673e-02 1.172282578816622733e-01
7.193770727867337955e-02 6.882114973487890586e-02 1.155438679252639711e-01 1.220642818839054455e-01 7.195823984743157653e-02 1.226518499104443660e-01 1.186502821605908697e-01 9.707570665372136642e-02 9.198628087016259836e-02 1.193106337349274793e-01
7.760350754786336791e-02 7.475119163403924627e-02 1.139492504573913767e-01 1.147847774947225175e-01 7.757883197363982242e-02 1.135578293333318473e-01 1.212811411466073325e-01 9.699803654602663638e-02 8.739661867876534485e-02 1.220988151876126054e-01
8.199356559310860826e-02 7.731236575971747738e-02 1.129612047701127886e-01 1.149882099516624512e-01 8.194847004205013663e-02 1.129307854752198970e-01 1.145260600045742289e-01 9.745382776672360803e-02 9.060895689749788595e-02 1.152765537393329043e-01
7.865484002778617978e-02 7.597160392911986304e-02 1.132476969123950850e-01 1.106923008388493723e-01 7.872364226520349451e-02 1.072557222911785374e-01 1.190910797706015156e-01 1.045360856527957627e-01 9.202982225323651233e-02 1.197972060588337190e-01
7.393524997713502023e-02 7.142013647888578731e-02 1.186449809092398194e-01 1.217895383045466268e-01 7.401455952341259859e-02 1.034799770313872685e-01 1.249396430954051312e-01 1.038086809652140619e-01 8.225920491221754005e-02 1.257080288025561321e-01
7.837381312281622991e-02 7.301831741311912150e-02 1.132313371187272655e-01 1.175511269465466940e-01 7.851582743145417431e-02 1.185456411041811015e-01 1.156013081719484970e-01 9.691447095485576646e-02 9.213312728278287567e-02 1.161150304535682742e-01
7.814274782890337501e-02 7.468728133699810423e-02 1.148706817968991739e-01 1.146643958405499653e-01 7.815135958000363203e-02 1.067120188977615652e-01 1.233876324665589830e-01 9.956048149000733261e-02 8.571612561758137905e-02 1.241072751447365174e-01
8.222163608586480210e-02 8.104390568406884265e-02 1.092768171617516937e-01 1.080835815428010799e-01 8.217036768383577383e-02 1.123339610896319229e-01 1.154446360025676854e-01 9.900664320642477145e-02 9.416937172831535419e-02 1.162490798147380738e-01
8.280463665467553691e-02 7.739074478061930273e-02 1.116976007716364155e-01 1.121135236025188470e-01 8.282598142789669715e-02 1.121799309666633854e-01 1.170062557903108480e-01 9.609182050045460277e-02 9.022732066642229209e-02 1.176621848388021280e-01
7.576282779340252904e-02 7.179917669611532438e-02 1.122914778066662206e-01 1.125471171545932708e-01 7.579874839716788104e-02 1.245314393026988459e-01 1.167648519531174073e-01 9.521197820117251187e-02 9.785917240712874166e-02 1.174332102879372119e-01
8.337284773381548053e-02 7.574909452197976789e-02 1.151209435577204981e-01 1.197371136338742509e-01 8.350911281070691472e-02 1.051555489464598009e-01 1.185080677640961699e-01 9.665880640517553191e-02 8.324754204492848531e-02 1.189409225812431137e-01
6.254281266244045290e-02 5.897841116394166722e-02 1.060525332682713540e-01 1.101374114437233820e-01 6.262769856601113627e-02 1.728785211476338290e-01 1.091060373595113819e-01 8.892014048625168643e-02 1.189890643227718703e-01 1.097673695794431914e-01
8.323214507043949495e-02 8.110268562491228239e-02 1.135175873771509802e-01 1.111740613242230696e-01 8.327566773094731423e-02 1.041897324990415791e-01 1.175524084262249830e-01 1.007166826341489435e-01 8.710318856310242386e-02 1.181358407498089153e-01
8.286403703982216096e-02 7.955893073633210633e-02 1.104942334863655146e-01 1.101389999920169560e-01 8.291985174407051629e-02 1.093351619785670886e-01 1.153433510142518464e-01 1.030791810117335089e-01 9.059695984702101357e-02 1.156692931498192883e-01
7.961458238782211094e-02 7.556461859192756259e-02 1.129075842284720660e-01 1.157508998148391588e-01 7.960615104779351914e-02 1.119920340381182211e-01 1.176184443601321628e-01 9.945591759070820936e-02 8.919729018120697850e-02 1.182924777589799831e-01
8.258125213216323257e-02 8.058725782850180430e-02 1.098046641371973192e-01 1.121180061187002641e-01 8.274421382184495022e-02 1.169571295857085164e-01 1.117987309130001744e-01 9.731198131214634228e-02 9.382288068913603729e-02 1.122738834616014009e-01
7.521705781171282579e-02 7.428070071709845512e-02 1.149259890391382682e-01 1.197577670176111775e-01 7.523452760802352979e-02 1.086106353665046570e-01 1.227206617855256532e-01 1.007334823842169630e-01 8.515022768331184655e-02 1.233689505868566239e-01
7.852523034516124822e-02 7.552388615359123536e-02 1.150508600746916049e-01 1.178334185532255302e-01 7.847266116361500954e-02 1.121149097944714040e-01 1.170022053293751779e-01 9.957269260341625183e-02 8.806375115703896084e-02 1.178403848254135772e-01
7.701772512825739991e-02 7.288558720046128814e-02 1.165320435565787710e-01 1.188844028012269460e-01 7.691895124108617809e-02 1.144008088560695413e-01 1.172788407746229306e-01 9.866587725155735733e-02 8.932441187276519978e-02 1.180913513173743878e-01
8.730680851505918938e-02 8.937002784198674887e-02 1.061794309313463386e-01 1.073941053195401757e-01 8.732610366295144588e-02 1.049500215542154696e-01 1.075167903170668876e-01 1.080128115142063028e-01 9.420404094314242804e-02 1.077398594004850690e-01
8.702851483438067692e-02 8.808843690482875965e-02 1.064581767579909355e-01 1.064105432006423324e-01 8.706125663692039496e-02 1.076116659465096714e-01 1.132753881687207781e-01 9.572083277036767812e-02 9.487360275386694242e-02 1.134715820257718444e-01
7.623701446142716609e-02 7.212248720770880750e-02 1.124331663100770484e-01 1.169908905183573433e-01 7.642388942330338719e-02 1.274629359641057669e-01 1.156243520720086487e-01 9.540212579369140855e-02 9.104283320862517626e-02 1.162603050406953165e-01
6.896278498767617615e-02 6.659815251546166714e-02 1.187633808126711821e-01 1.195407038360506435e-01 6.904428827370942545e-02 1.302317862726370679e-01 1.170276396532561741e-01 9.872207046396400121e-02 9.360912530261875086e-02 1.175000678819548700e-01
7.932335308128309059e-02 7.471807950989599323e-02 1.153254019693075311e-01 1.193881222743982534e-01 7.939406610586972890e-02 1.025814536586437675e-01 1.229821083898375439e-01 1.002452745571227044e-01 8.237734425451963272e-02 1.236647961991217681e-01
7.672739968849900949e-02 7.213104161361526268e-02 1.141637432867208951e-01 1.134501864813342031e-01 7.684267920685641795e-02 1.185944151565929833e-01 1.229741111806871290e-01 9.280692215714748949e-02 8.873441526947956071e-02 1.235750859590670214e-01
7.273613855059515854e-02 7.075799070215885167e-02 1.168817212474157069e-01 1.191147588747207553e-01 7.271019470358372483e-02 1.224871603942967041e-01 1.199750974271789616e-01 9.502320479377628082e-02 8.970079593767429915e-02 1.206129373685995709e-01
7.976424825244650407e-02 7.497989586813218199e-02 1.119002513592896597e-01 1.132336870191536782e-01 7.980255590454189696e-02 1.115036057718635232e-01 1.204193122441780672e-01 9.752082044532910110e-02 8.975615922326976581e-02 1.211194639117955385e-01
7.861203888653507665e-02 7.519220205701217241e-02 1.130746375730034697e-01 1.164863578982545944e-01 7.855189424590060254e-02 1.188321644838536278e-01 1.141239048459898459e-01 9.755817095083300916e-02 9.278070465124813038e-02 1.147879244073694988e-01
8.129996616113641106e-02 7.542483671543925849e-02 1.130634486355473339e-01 1.171819112037247312e-01 8.150220794440989069e-02 1.056148210354199840e-01 1.213892656892274907e-01 9.819511882784245915e-02 8.445268266554700753e-02 1.218757411217054748e-01
7.631478261421067999e-02 7.247555733566639347e-02 1.152795474955766591e-01 1.181152456869467293e-01 7.632593109913447804e-02 1.143264125697912720e-01 1.185003672390444462e-01 1.000951048001487986e-01 8.923491919577684894e-02 1.193321319637036804e-01
7.609572987597186533e-02 7.402376343879971121e-02 1.161825696526037066e-01 1.144638290273426173e-01 7.612250285447549891e-02 1.142714713977650842e-01 1.170103375445273042e-01 1.042372725061994077e-01 9.004607030582600924e-02 1.175464533964888231e-01
8.220351077434540077e-02 7.943950196094583249e-02 1.112004115390417686e-01 1.149105163141824482e-01 8.234852157335745271e-02 1.071036021853248033e-01 1.166551373943663095e-01 1.022546418219432429e-01 8.693060690016837788e-02 1.169535495363243638e-01
6.997488294304918255e-02 6.579478143033246074e-02 1.202851516611150307e-01 1.272057841212574092e-01 7.008543210208634244e-02 1.219018714808619980e-01 1.176695565777584052e-01 9.922195695158878004e-02 8.987426434890941063e-02 1.179863183830409529e-01
7.477456151265271522e-02 7.046913274796588744e-02 1.193196505681616976e-01 1.274975908459983209e-01 7.486340195932759956e-02 1.097594463192778508e-01 1.206211223225069490e-01 1.000990098281814289e-01 8.134398506476556157e-02 1.212520988311620584e-01
8.215934011291471661e-02 7.747313565620222997e-02 1.103324915459427541e-01 1.090670713806760062e-01 8.219299301615889952e-02 1.105850542999433500e-01 1.168797239027000862e-01 1.012663376573783441e-01 9.274773140948576466e-02 1.172961210185978209e-01
7.862187457863704931e-02 8.255664491797533311e-02 1.101066287677595623e-01 1.038550331331401233e-01 7.865090578640210328e-02 1.110967572759120336e-01 1.176034252409583619e-01 1.062089726635897791e-01 9.323168305562390401e-02 1.180680745800018056e-01
9.078869235801750870e-02 9.128650953390851641e-02 1.025169534273494276e-01 1.040930764405889886e-01 9.061740551031785551e-02 1.061222895441227970e-01 1.044703295028283213e-01 1.048817236206465442e-01 1.007071899794797915e-01 1.045158300827402215e-01
8.203033039838560081e-02 8.066175427120138297e-02 1.111756288353496214e-01 1.112695171285037338e-01 8.217356164325229084e-02 1.088648064845335883e-01 1.166932215409985235e-01 1.009768363836190397e-01 8.876682095500848524e-02 1.173875223591477751e-01
8.399124035406003996e-02 8.300803940931315850e-02 1.114516395998957632e-01 1.090101722310306415e-01 8.393515169070706050e-02 1.051919664609387156e-01 1.131902376402965649e-01 1.061920733389135479e-01 9.023382210594552144e-02 1.137956571688989588e-01
8.542326330720273475e-02 8.110784121941529146e-02 1.078287275450213745e-01 1.068206691856626450e-01 8.526440692795334009e-02 1.099447535633931577e-01 1.128937619113178498e-01 1.002836769223711816e-01 9.667464589775760786e-02 1.137582535199049144e-01
7.624148966112707926e-02 7.265328864764510064e-02 1.142252508734773048e-01 1.160312279504945310e-01 7.632083694389539541e-02 1.204437682315119551e-01 1.193607825071360956e-01 9.620159484652582305e-02 8.846213145956299817e-02 1.200596288786237170e-01
7.045350258652401110e-02 6.513987251432512560e-02 1.187891238442368297e-01 1.235468598267684820e-01 7.053082633099160004e-02 1.207394277640520264e-01 1.207636015205651725e-01 9.980570224252020839e-02 8.891516947059222020e-02 1.213159138994242547e-01
7.487206516819588931e-02 7.181435381188160105e-02 1.143706841903998905e-01 1.172801963331847469e-01 7.492855508491912120e-02 1.233519465324684067e-01 1.196927043087033932e-01 9.548912663033702619e-02 8.789784532060859745e-02 1.203025226193013136e-01
7.211985622363575876e-02 6.688185198223396688e-02 1.185753797205348348e-01 1.177391523714133720e-01 7.225895923471881144e-02 1.299068335038914834e-01 1.169096567152375504e-01 9.610872002236844902e-02 9.226544156769003746e-02 1.172341486582756664e-01
7.758451561045366651e-02 7.387557322616002120e-02 1.163032349904095791e-01 1.152844615094582442e-01 7.762909057090110199e-02 1.119275222802259828e-01 1.186663266387754379e-01 1.008402132949017260e-01 8.869993438551211640e-02 1.191891274932021377e-01
8.264505200245751693e-02 7.603500716108187174e-02 1.104429108402451426e-01 1.116337682842376972e-01 8.262819086666919888e-02 1.118341766827389144e-01 1.136311527118179648e-01 1.038175636300924243e-01 9.334375658974761181e-02 1.139884212309116573e-01
7.949032609981057651e-02 8.118458118864826933e-02 1.102902933398346441e-01 1.116458130646931224e-01 7.955908536822377253e-02 1.098454447319006377e-01 1.228609371280696971e-01 9.538130430363421508e-02 8.616755105021191297e-02 1.235746637249731383e-01
8.490500959920088686e-02 8.462454024277167586e-02 1.085048183377161773e-01 1.111641331025918500e-01 8.483629804367084914e-02 1.100044191334954430e-01 1.083045705633668004e-01 1.048093999284022554e-01 9.439285120269635954e-02 1.084539598460876886e-01
8.295347574810388314e-02 7.635910625223456261e-02 1.118603376254211912e-01 1.091412571589018693e-01 8.291775354985296553e-02 1.117739736817343899e-01 1.181186711260023003e-01 9.687216779034867054e-02 9.099164507908867605e-02 1.190116119883114221e-01
7.859860717369276939e-02 7.805376481512590892e-02 1.129491910565075669e-01 1.111596854203174417e-01 7.859988590946667686e-02 1.081509929997221814e-01 1.202332045463342519e-01 1.027041822868024895e-01 8.849131319640023141e-02 1.210591725956304959e-01
8.788291608654690001e-02 8.881970679743177166e-02 1.064171253313930393e-01 1.066858682673071934e-01 8.784505561821910613e-02 1.107341812558853139e-01 1.102066278333021510e-01 9.453228768800163440e-02 9.647220026059306897e-02 1.104040308613197519e-01
7.870028986723764941e-02 7.552254609951253306e-02 1.181975600849611285e-01 1.182749224657857340e-01 7.882709255231298839e-02 1.037031826854429017e-01 1.211104359414866410e-01 1.023227794768542670e-01 8.188911336306982369e-02 1.214520774633363748e-01
7.638646842821114613e-02 7.360443403214005087e-02 1.171589418892820950e-01 1.228173874995967807e-01 7.635007017447570377e-02 1.191125370750871076e-01 1.122656922210403807e-01 1.009327493849325880e-01 8.875440358248117001e-02 1.126173157127529217e-01
7.978426713394481951e-02 7.464133465239905507e-02 1.138398283647332754e-01 1.135394742108950944e-01 7.986262759306443637e-02 1.217291644665528111e-01 1.124262339772547220e-01 9.687636392715484601e-02 9.434484067060408541e-02 1.129558650033968548e-01
7.826898829631266652e-02 7.348520369869783464e-02 1.136873292907236155e-01 1.129616590169402190e-01 7.834694041405919351e-02 1.155990659979936608e-01 1.170424886167966000e-01 1.005309792529188451e-01 9.256052027966285567e-02 1.175168251358945232e-01
8.353463442509787007e-02 8.065622395475148532e-02 1.125884918015567504e-01 1.142409766556899547e-01 8.370926203214204553e-02 1.033653916102943576e-01 1.168569362215346880e-01 1.018273101776944883e-01 8.601958322524966283e-02 1.172011898959887527e-01
8.243002561364883019e-02 8.262003014789504052e-02 1.071102555798588846e-01 1.045889892505193347e-01 8.244427190133739314e-02 1.163809955545440505e-01 1.141007813588928443e-01 1.006461377244453614e-01 9.526437983997905479e-02 1.144141330288791919e-01
7.731064179529496816e-02 7.382127900472386373e-02 1.132340938785666995e-01 1.142421701376336030e-01 7.738087353343878205e-02 1.173079566598417833e-01 1.184414636469948851e-01 9.720707253571049533e-02 9.185472614557083082e-02 1.191997226622240474e-01
7.859851435414308418e-02 7.549595928431185321e-02 1.129055865526593094e-01 1.165460141462083543e-01 7.856829374990424719e-02 1.234503606932767644e-01 1.110031754079473798e-01 9.692844395997511631e-02 9.490627930070168194e-02 1.115973725508722092e-01
7.236921554782553556e-02 7.081213754463754062e-02 1.178065393972854424e-01 1.204374045094392803e-01 7.243107403258718102e-02 1.266315321410878270e-01 1.152738754412076239e-01 9.865302161388428415e-02 8.986567249465522711e-02 1.157195272773900996e-01
7.477910853758779064e-02 6.897137061983608930e-02 1.158501243382059620e-01 1.168899400094185886e-01 7.486297248783403691e-02 1.245099294755109831e-01 1.185581229484435895e-01 9.534619815417241795e-02 9.130879716407473701e-02 1.189234362649157495e-01
7.606505384611061960e-02 7.853678132942451540e-02 1.138917069664305282e-01 1.152469865155430623e-01 7.613350908654019367e-02 1.114799188169066646e-01 1.235590948187583610e-01 9.650524415132208378e-02 8.455214698056104372e-02 1.240295574884029556e-01
7.324683613306176566e-02 6.805729398492244009e-02 1.182704363174918311e-01 1.257756178779573242e-01 7.325741608820963979e-02 1.203150851269523813e-01 1.183233878034342240e-01 9.742554236674109969e-02 8.648385922309032026e-02 1.188445250781389323e-01
8.112907764526521015e-02 8.100154751037015599e-02 1.084421085861828060e-01 1.108593977594359431e-01 8.111004328133575303e-02 1.132585323356987278e-01 1.161550615104083306e-01 9.732232521099494493e-02 9.373279267196817088e-02 1.169891134883399159e-01
5.218201025170551843e-02 5.056967343849355645e-02 1.382047652722096787e-01 1.427944075050225636e-01 5.229189147373639740e-02 8.559203283093380632e-02 1.474589216160966665e-01 1.166933472270802602e-01 6.501361706168341803e-02 1.491993333230380858e-01
7.693146649515904267e-02 7.327180010203271365e-02 1.134408119527652720e-01 1.212770142928457362e-01 7.688059735216748458e-02 1.127622670273822902e-01 1.149469825220024582e-01 1.039875204563581318e-01 9.101816280126617809e-02 1.154833769980206926e-01
7.854500637229180904e-02 7.469957260639024932e-02 1.147684695309147407e-01 1.151044524017664494e-01 7.858887368625835923e-02 1.126197904246228343e-01 1.172905857866960166e-01 1.007204931654656077e-01 8.965435842384730791e-02 1.180083976017466396e-01
8.012436605526415678e-02 7.502639612289020710e-02 1.128154889318285364e-01 1.162844044939402577e-01 8.011495484167098502e-02 1.099694450886994912e-01 1.194176218659422639e-01 9.777127015183346981e-02 8.846409650150999227e-02 1.200119559464206398e-01
7.835678511762877996e-02 7.555239814592464020e-02 1.134071790052808976e-01 1.166059761740617096e-01 7.833576849833472078e-02 1.234996842132051742e-01 1.138929978084482209e-01 9.224009086974038762e-02 9.371457440552631579e-02 1.143945457618491673e-01
7.376788501957050326e-02 6.942993315253204178e-02 1.180632642719932485e-01 1.215338097163878445e-01 7.387296589475421393e-02 1.163266454275528050e-01 1.202705894829837752e-01 1.005525252654976276e-01 8.516132140592676258e-02 1.210210603628012332e-01
7.794723695726162027e-02 7.311624288103715785e-02 1.151115114805355277e-01 1.146107377493987972e-01 7.792785258020110128e-02 1.174027809929941435e-01 1.143993642202509736e-01 1.021535104263565086e-01 9.253061097207967989e-02 1.148001517398844484e-01
7.208517019792985703e-02 7.091141447856065538e-02 1.163988951222412194e-01 1.176439216952881867e-01 7.212629854626236015e-02 1.141827661175332242e-01 1.225086109492208031e-01 1.010439292716915766e-01 8.964532571957355145e-02 1.234536679016985800e-01
8.528546066350260746e-02 8.009741415709173418e-02 1.091457370058161042e-01 1.069117818489557781e-01 8.526557288717569183e-02 1.092553671555960421e-01 1.185069134982416200e-01 9.524211649869838980e-02 9.112467467459510473e-02 1.191649616103268722e-01
7.569686844801136461e-02 7.265049170141496537e-02 1.138473979004286790e-01 1.145899704969579463e-01 7.569909449214777541e-02 1.154793819006601358e-01 1.211038139264518365e-01 9.942540635723401410e-02 8.929547873651734469e-02 1.222120960401759382e-01
8.526395514062738712e-02 8.039590171438441846e-02 1.101988640643248307e-01 1.084415756081339999e-01 8.529596978476973457e-02 1.127453347322525945e-01 1.125010064928513021e-01 9.900794838378028373e-02 9.313511558130073420e-02 1.130143284975747148e-01
7.433100739746255348e-02 7.251631635598039527e-02 1.208716809834127909e-01 1.254046483531482403e-01 7.437191346691476856e-02 1.067356906465779381e-01 1.198700244115015190e-01 1.037074380521434275e-01 8.174019351948272338e-02 1.204510868133756435e-01
7.643129622146822844e-02 7.144174500948935469e-02 1.147274733616338582e-01 1.166056276538409986e-01 7.653973134573430204e-02 1.160707516513360266e-01 1.177263352443914390e-01 1.019819165869899069e-01 9.021570623909865028e-02 1.182594166860172352e-01
7.576247949395496784e-02 7.205484297228441359e-02 1.128425435226739076e-01 1.188570834714254287e-01 7.580590824981989218e-02 1.244118778335023268e-01 1.157860003453293068e-01 9.651791644526215574e-02 9.146080231194174404e-02 1.165005453538058011e-01
8.404799791580189194e-02 8.182651822920262996e-02 1.076813556747622941e-01 1.086528431317162757e-01 8.396221102456334628e-02 1.077698884664292367e-01 1.131181739902714228e-01 1.051780768647967573e-01 9.429718426428093658e-02 1.134657504381751808e-01
7.747131348448160759e-02 7.322765614105085363e-02 1.147434310030092663e-01 1.186134700606991665e-01 7.747402720351966032e-02 1.116337708472141255e-01 1.201609982157540168e-01 9.839393979738307594e-02 8.743175462822000421e-02 1.208496386186682231e-01
8.208102458177127247e-02 7.797354079438878482e-02 1.139155056984371278e-01 1.168426161763964216e-01 8.212786531134373680e-02 1.097569881503807493e-01 1.135466729795489155e-01 1.025057301733460630e-01 8.726525709896325311e-02 1.139847990354235924e-01
8.190317245875232410e-02 7.530080800438458677e-02 1.131909021766730611e-01 1.164538627485365435e-01 8.197037044735903943e-02 1.069296749522492956e-01 1.197734853844478475e-01 9.781397798232777108e-02 8.626325381718018270e-02 1.204004920280893898e-01
7.959324246208998588e-02 8.023752289852539854e-02 1.079667727020583445e-01 1.097761900567857385e-01 7.960891541188004628e-02 1.164299354286013055e-01 1.127614300293435234e-01 1.044991795948502222e-01 9.597367531993310219e-02 1.131531360959323468e-01
7.833233742715432768e-02 7.460936066030290914e-02 1.125269826687462227e-01 1.133804213714664222e-01 7.828956662467063954e-02 1.078051360471864867e-01 1.241403171288694429e-01 9.997387881058993064e-02 8.603427560432466703e-02 1.249077236566889654e-01
8.132487548109917919e-02 7.678196650961884029e-02 1.091490084336559085e-01 1.093230297697343478e-01 8.140720160458805865e-02 1.128105735572807328e-01 1.228603040878621100e-01 9.360275394394580728e-02 8.909677635402642182e-02 1.236435102581885936e-01
8.420163663331693693e-02 8.135390558485509904e-02 1.115444765446175490e-01 1.074196710821788414e-01 8.429998686281786613e-02 1.108631296332796556e-01 1.149227193899323013e-01 9.871940800978076802e-02 9.128938866903536786e-02 1.153856775901856008e-01
7.458372344358935035e-02 7.141128887942903292e-02 1.183061836659694693e-01 1.176447484036315105e-01 7.463511957570855004e-02 1.111617603940521920e-01 1.221345484135126225e-01 1.011767150361029405e-01 8.612519134373303187e-02 1.228207208442713000e-01
8.815881395810466759e-02 8.553998603827524250e-02 1.061900075480881195e-01 1.041630091949882209e-01 8.822116244912668603e-02 1.101936761355804678e-01 1.112161366962258618e-01 1.019885066958024639e-01 9.284957040555691377e-02 1.114791308782513563e-01
7.804333206607692863e-02 7.749312581762571317e-02 1.120644846200216649e-01 1.118763987655517211e-01 7.798843198884804206e-02 1.172731847582942910e-01 1.205199398020849744e-01 9.371486929237834995e-02 8.978584001741454768e-02 1.212403928717037532e-01
7.221584075480602660e-02 6.788187178783489095e-02 1.169316870751506421e-01 1.229612034503066859e-01 7.224921133888925762e-02 1.118306915256736811e-01 1.253682374865284221e-01 9.745996389860477060e-02 8.680286148540637681e-02 1.262984311967992879e-01
7.549672073538325756e-02 7.221096891832103071e-02 1.172068093995311949e-01 1.163724146200981469e-01 7.563738093395344642e-02 1.074030857420948948e-01 1.230114441414345283e-01 1.017870145114772862e-01 8.717834117809797334e-02 1.236958198196082548e-01
7.205823056633919865e-02 6.807579975907016023e-02 1.182820795514791939e-01 1.170881007748659497e-01 7.211436713010942190e-02 1.184965965336997468e-01 1.218460271443510962e-01 9.862291452542054637e-02 9.075817601352587083e-02 1.226577080011388154e-01
9.472916412535659081e-02 1.023121623561025206e-01 9.838823297839910387e-02 9.759795869275157687e-02 9.466778273465108196e-02 9.974892308636641725e-02 1.014366047269725651e-01 1.067932818783130372e-01 1.030767273605284889e-01 1.012491620605586035e-01
9.889970191810064370e-02 1.030728632810083562e-01 9.887801444291871578e-02 9.760416518015914422e-02 9.887605252654732557e-02 1.032306591987238870e-01 1.010635004939925696e-01 9.221526846658247012e-02 1.052424184066007018e-01 1.009173560853661583e-01
8.253165844539366025e-02 7.691944025838325094e-02 1.105334174546201143e-01 1.134925997768151118e-01 8.256037279629840908e-02 1.233457629006620565e-01 1.085141421942526774e-01 9.801686220663512195e-02 9.535511197301269060e-02 1.087306319939269489e-01
8.315846139662332048e-02 7.482034159009130769e-02 1.111361822592398935e-01 1.177620613220561052e-01 8.319214777172471986e-02 1.151249338497553620e-01 1.118455775533809538e-01 9.766810683983337404e-02 9.307187532301244848e-02 1.122203120942825011e-01
7.613878831673710768e-02 7.088776050129708128e-02 1.131866880149482169e-01 1.138858790536716181e-01 7.616943896064655439e-02 1.229131395302045515e-01 1.161272024260472241e-01 9.755119576237240853e-02 9.643324615106715902e-02 1.167066612830080785e-01
8.178339089981892518e-02 7.886640752334093951e-02 1.133296815454287176e-01 1.114133911652154391e-01 8.186392374283023299e-02 1.086619256720949417e-01 1.169512696928759615e-01 1.004297810181006417e-01 8.898007132800954400e-02 1.177201574122846289e-01
7.625480521918348575e-02 7.268878926768043702e-02 1.161562422659759564e-01 1.147186660636158595e-01 7.634427482890460137e-02 1.160002410722466987e-01 1.178925656528771460e-01 1.022803106234972670e-01 8.910400856442798889e-02 1.185600964415904901e-01
7.987441447713358733e-02 7.712822372817473848e-02 1.132431913862969181e-01 1.136179661453896456e-01 7.998450805660907437e-02 1.095334295296752081e-01 1.183898934192771507e-01 1.012315747316130526e-01 8.824824520181816234e-02 1.187485533240124763e-01
7.487954753712249001e-02 7.191056373130284840e-02 1.159023726612256888e-01 1.208143139176120484e-01 7.491880190766492253e-02 1.050589176189599405e-01 1.247978596441766258e-01 1.021967950172713580e-01 8.376191649695660657e-02 1.257589114677074293e-01
7.606107069858575320e-02 7.196441448478087255e-02 1.188543420353381785e-01 1.212522474745401646e-01 7.610111004055443440e-02 1.255069796223089451e-01 1.105944936608329321e-01 9.711929281860902374e-02 9.168671491609062252e-02 1.108593342483590732e-01
8.129800394120052787e-02 7.756635897879440855e-02 1.100752632307588491e-01 1.108135738400918280e-01 8.142965190482556737e-02 1.121968795511019967e-01 1.147192809621628284e-01 1.034806590294504586e-01 9.344473212261410200e-02 1.149755964389994473e-01
7.599855337730633542e-02 7.344195893749366766e-02 1.163894323030071759e-01 1.179985373609154925e-01 7.610789958860464388e-02 1.093653302818653472e-01 1.220805628726183423e-01 1.004094908829195193e-01 8.536674815501163471e-02 1.228414862402578273e-01
7.911648144844936337e-02 7.791599380169594857e-02 1.115157706259973791e-01 1.127016149072474216e-01 7.912468866802277456e-02 1.105843742699803706e-01 1.188533160906601882e-01 1.006516280626469501e-01 8.982287299121190227e-02 1.197132591340877156e-01
7.660628239256025984e-02 7.609407181900634809e-02 1.140658366886454084e-01 1.096127117669442180e-01 7.661218571157317470e-02 1.126561950791299394e-01 1.235361096351543925e-01 9.829875371322790989e-02 8.815238467857246241e-02 1.243654685151859146e-01
7.964070631136781209e-02 7.211223123784275824e-02 1.136240498891718798e-01 1.185623267702965583e-01 7.966116603359087167e-02 1.122609806240236346e-01 1.230350120969367494e-01 9.282067951818359641e-02 8.474157115524831585e-02 1.235412763633378652e-01
8.004309610321165558e-02 7.609223424901824517e-02 1.120770449977279981e-01 1.137611659031780298e-01 8.009239726462784315e-02 1.193990040396575442e-01 1.153381359859501493e-01 9.582752884412523708e-02 9.157699420170496707e-02 1.157923984107983306e-01
7.262291711608309663e-02 6.773876688040969540e-02 1.145617843284985338e-01 1.184645499155113219e-01 7.264484909715555883e-02 1.218066944492222359e-01 1.229274511543007042e-01 9.441084432972736418e-02 9.105234762977129637e-02 1.237697950993202067e-01
8.106837716829173868e-02 7.850043919434063211e-02 1.150352273581229517e-01 1.149063134834330674e-01 8.101974854246070390e-02 1.040595955280332191e-01 1.167684499239977913e-01 1.031165809021645507e-01 8.796815855658970951e-02 1.175571093425656216e-01
7.072089559243067980e-02 6.726355747970882981e-02 1.200554582745875370e-01 1.264400196542587729e-01 7.084809433720194727e-02 1.177962805062197915e-01 1.217574419776880079e-01 9.678545260011385543e-02 8.588464284694609374e-02 1.224481567308444985e-01
8.706053662101190249e-02 8.455642625354894970e-02 1.101769534342517537e-01 1.097510494642619516e-01 8.718312837825184514e-02 1.010043410207381032e-01 1.155749395965063181e-01 1.014620626153431293e-01 8.717026909039439497e-02 1.160602935256916379e-01
8.383045198489660899e-02 7.851676525900644354e-02 1.119100610435399129e-01 1.097555838778110637e-01 8.381641665526715079e-02 1.107446116792064755e-01 1.121176554131439879e-01 1.019908416125255152e-01 9.475056855295251046e-02 1.125670439216503171e-01
7.520596658036647619e-02 6.960895322983060018e-02 1.127229060698317908e-01 1.123067226032460203e-01 7.526199512445769235e-02 1.258002878451371931e-01 1.232311122246399770e-01 9.169788048922328239e-02 9.025074383265559164e-02 1.239134320006113898e-01
8.845170972873701853e-02 8.954669502144728399e-02 1.062541238047999548e-01 1.087118079359473966e-01 8.831555919024096368e-02 1.066028586337474104e-01 1.118299933185041006e-01 9.455218548445308568e-02 9.349759562599870011e-02 1.122374712561241689e-01
8.504691310441540864e-02 7.887037494026954976e-02 1.151470010436911884e-01 1.188649474163872150e-01 8.500803902504790177e-02 1.061667851311627886e-01 1.100691974743725904e-01 1.010071968623030003e-01 8.934121704825596921e-02 1.104783279540944296e-01
7.712325797774798042e-02 7.570998210427881681e-02 1.112251014498352453e-01 1.144240253406384883e-01 7.712505209206810264e-02 1.125009878197485713e-01 1.185440841874789014e-01 1.031290770018642722e-01 9.104547658467591897e-02 1.191729554416636055e-01
8.329745291002749186e-02 7.837655014464080250e-02 1.109961203590266315e-01 1.148203043835369086e-01 8.336940584831502299e-02 1.101587790611334300e-01 1.149771522389171075e-01 9.797436934945397136e-02 9.094231695525215042e-02 1.150875487496964555e-01
7.205963571496301623e-02 6.874235719531311684e-02 1.147623966936495571e-01 1.184656015688027725e-01 7.199482177987776010e-02 1.281391781680766562e-01 1.174484650329545576e-01 9.597146368302823805e-02 9.439833680492686063e-02 1.180177433584074231e-01
7.516654507230534354e-02 7.234840071504516912e-02 1.154821382865288681e-01 1.156683444087730356e-01 7.520252051669407134e-02 1.150399960782064746e-01 1.205618116370295173e-01 1.014373130136034945e-01 8.773687601745572273e-02 1.213560542543582754e-01
8.592861182242653162e-02 8.274099110916309507e-02 1.080829044689010782e-01 1.077011463683446718e-01 8.583511993812328877e-02 1.194524147178025741e-01 1.067813800119105649e-01 9.575397137276289716e-02 1.006390274994233697e-01 1.070844326911419564e-01
8.531119279660101529e-02 9.119194284580492416e-02 1.081007540627337560e-01 1.151693840226936105e-01 8.527940512089733638e-02 1.017158269612713495e-01 1.094830443637501011e-01 1.066034190893022093e-01 8.765490681957892327e-02 1.094901239173667329e-01
8.467125870394504039e-02 7.630808746058780068e-02 1.151459720965227473e-01 1.160269966554385163e-01 8.470391784289911519e-02 1.064360694127575307e-01 1.137562084866223094e-01 1.008271655569758229e-01 8.807336382707302291e-02 1.140509599571780386e-01
7.836492607100273289e-02 7.829047816207720945e-02 1.105234257756959187e-01 1.063720303402289208e-01 7.837688979886520135e-02 1.151663125171321633e-01 1.182038081552187342e-01 1.015392187869741392e-01 9.431447483332554282e-02 1.188484355594793679e-01
7.740861804629499410e-02 7.331072835539353960e-02 1.152326002461959847e-01 1.218324726112344630e-01 7.738077519311813146e-02 1.139329523276598616e-01 1.176008790379618890e-01 9.783560466551384505e-02 8.710998605761817448e-02 1.183553834590091169e-01
7.384042618579476913e-02 7.078883648615856561e-02 1.155711171421497513e-01 1.159170988535158237e-01 7.376647542035937033e-02 1.209857104765648672e-01 1.158221719311781917e-01 1.002224645173323131e-01 9.634931800317329820e-02 1.167363809837730221e-01
8.168896616084238282e-02 7.819989351917591702e-02 1.120279188858886860e-01 1.142304007889057560e-01 8.176687025437982814e-02 1.058039029467756770e-01 1.178453786179562424e-01 1.015804636344679462e-01 8.844580855526484875e-02 1.184103966363427712e-01
7.807913862575070751e-02 7.394329062054434687e-02 1.193915282027762509e-01 1.227469141188896745e-01 7.806396500710292841e-02 1.081669515144789984e-01 1.167844334060979261e-01 1.012479754914665797e-01 8.416317937672612715e-02 1.174126236361664605e-01
8.122726086994021266e-02 7.779046011270297767e-02 1.129354011208511810e-01 1.177204908892379581e-01 8.116939533251313343e-02 1.142642224873091916e-01 1.121169204409041692e-01 9.956821716812527812e-02 9.052134584464657796e-02 1.126862857337693480e-01
8.525437008911034009e-02 7.897008989748839636e-02 1.096836350269560362e-01 1.103989807987847960e-01 8.535928395048728023e-02 1.047058560519124881e-01 1.170760672115378487e-01 1.021047027206229696e-01 8.873926624507788574e-02 1.177077480080219868e-01
8.118129713205710085e-02 7.542908586325157427e-02 1.133071657654323022e-01 1.093798471885133461e-01 8.127686973634580536e-02 1.088068490648991110e-01 1.186983594149071258e-01 1.016320489537092392e-01 9.108721309353660922e-02 1.192012637873478276e-01
8.439679389187340619e-02 8.017969335882790816e-02 1.106021848896408116e-01 1.115914703441869688e-01 8.448079504325434197e-02 1.052149680587451536e-01 1.187863690607239286e-01 9.778730055018702849e-02 8.794363415573062948e-02 1.190167906468298925e-01
8.076330691122195204e-02 7.715554876491366454e-02 1.160260934511755243e-01 1.168828041021148512e-01 8.090195857634822907e-02 1.047391449088711374e-01 1.187757449587733133e-01 1.009021016813041460e-01 8.482192314515017706e-02 1.190313735001270329e-01
7.983649713997752195e-02 7.555980564618094975e-02 1.140246246121566220e-01 1.185495698785104662e-01 7.987261756642834165e-02 1.216155599095469636e-01 1.132355730307166991e-01 9.225783695834055553e-02 9.125517596306687018e-02 1.137927392950749822e-01
7.652226103798852319e-02 7.209677465668956620e-02 1.115631788815737435e-01 1.137222312315504386e-01 7.656286522012564766e-02 1.345403490533194357e-01 1.122735472597389678e-01 9.326670887169481727e-02 9.670054744987918727e-02 1.127515363374396590e-01
8.151213186658227972e-02 7.615434312264846017e-02 1.133155844851931882e-01 1.115565296974292825e-01 8.155015698892396914e-02 1.058356378667581754e-01 1.176781601264721838e-01 1.047639757482755896e-01 8.965646285248526914e-02 1.179770172452315885e-01
7.568483580891151308e-02 7.077947957644692423e-02 1.180876735969371566e-01 1.215386458661865121e-01 7.583633420563160032e-02 1.153932864628352400e-01 1.197727749529787639e-01 9.676918535153927747e-02 8.598925046140348805e-02 1.201485337171295242e-01
7.834294759741175507e-02 7.727165208617718661e-02 1.122144063464578789e-01 1.114391951213529880e-01 7.847253203752643791e-02 1.158114354415563652e-01 1.166816927627770673e-01 9.971573970194569370e-02 9.281179353100658946e-02 1.172386053737880657e-01
7.945087696544197997e-02 7.303416258057288113e-02 1.178843266540563900e-01 1.202569268343374881e-01 7.957775807997641282e-02 1.178178603931484547e-01 1.112407946217504051e-01 9.959880452025252073e-02 8.972925557109293071e-02 1.114092337793705645e-01
7.522640349157727613e-02 7.264911168297275013e-02 1.191836439916648255e-01 1.174920345334966865e-01 7.525846096293718757e-02 1.034819618762821136e-01 1.233665955599499570e-01 1.057510160340349586e-01 8.327413004074037117e-02 1.243166418263438322e-01
7.510745050783391996e-02 7.052046737259841380e-02 1.199942708435506600e-01 1.186035823629946195e-01 7.523100385910205801e-02 1.136137197722943831e-01 1.211900156509992110e-01 9.868623646646330905e-02 8.552049492045733781e-02 1.215327582437061432e-01
8.217043924837484636e-02 7.848562865444040637e-02 1.083304368440191484e-01 1.098327497810176467e-01 8.217070601069326186e-02 1.167338677608203701e-01 1.179658238591447111e-01 9.361130892930359659e-02 9.217936629795998871e-02 1.185196726142259821e-01
8.055751155094170723e-02 7.575579868889115165e-02 1.142917199925957000e-01 1.193481604369368565e-01 8.052527903733185111e-02 1.096027050224443744e-01 1.139078005284614864e-01 1.017233530439185796e-01 8.976935859622170444e-02 1.145183131022566442e-01
7.618955047632697264e-02 7.297851971062918608e-02 1.112794671964493221e-01 1.094857753161464636e-01 7.622146747986466297e-02 1.259589027462913458e-01 1.179440433344455808e-01 9.406216265362421503e-02 9.728784174370364024e-02 1.185922693425186386e-01
9.322850456254995477e-02 9.810451141713637246e-02 1.037076531589352646e-01 1.049653509532932211e-01 9.317729782290837259e-02 1.028539212021294669e-01 1.077933901426803565e-01 9.341821682754990197e-02 9.475272465883985418e-02 1.079984292539772628e-01
7.567040986784313861e-02 7.482352991352311800e-02 1.158566430028238059e-01 1.216727757308304347e-01 7.556872309185523606e-02 1.178139800012142774e-01 1.133632665202513878e-01 1.000569720609994634e-01 9.130676704981315062e-02 1.138669327608460013e-01
