8.556632491534428564e-02 1.141126643059419826e-01 1.152189881373723718e-01 7.747849392573283311e-02 1.152923901462518663e-01 9.034839911914414878e-02 1.141561354385098870e-01 8.146075625403219334e-02 1.159441977970535609e-01 9.042164996061688442e-02
8.577500315247331419e-02 1.084175162135946474e-01 1.171246886695016809e-01 8.021409190735399874e-02 1.171882704212717924e-01 8.976144491836932082e-02 1.084945424836046973e-01 8.441937780867721230e-02 1.187769910356317321e-01 8.982807338952156218e-02
8.508941691041813082e-02 1.069655796408594678e-01 1.143327893646137738e-01 8.482149308593142645e-02 1.143786032476573344e-01 9.040415750011229767e-02 1.070123728323241069e-01 9.113441551807634211e-02 1.154007427654876600e-01 9.046042913451943224e-02
9.322132275217551167e-02 1.155072803552198851e-01 1.145555648871862536e-01 7.615449282190593638e-02 1.146560947843309752e-01 8.827004731976864638e-02 1.155880830291920458e-01 7.794377492662904472e-02 1.157467221179840910e-01 8.835661700560755449e-02
8.559553808709183254e-02 1.093124211718790595e-01 1.192047774172542568e-01 7.641395980069888572e-02 1.191923111065567031e-01 8.846275907163625440e-02 1.093665861578984183e-01 8.345644646775828013e-02 1.205005128594986014e-01 8.849468785972781915e-02
9.421067767649270175e-02 1.027931623176363690e-01 1.118925888489845644e-01 9.294702536320070818e-02 1.117912968170729215e-01 9.194174359526036122e-02 1.027955595267470851e-01 8.747768963629609651e-02 1.122394871778462921e-01 9.191076904046294183e-02
8.457689567231831129e-02 1.110251257676108244e-01 1.178521496947648600e-01 7.470159775414682291e-02 1.179016059051949394e-01 8.801495546404417003e-02 1.110547024094182822e-01 8.818384137499789277e-02 1.186105143864039230e-01 8.807861157109997396e-02
9.453575377215056585e-02 1.093605574247690781e-01 1.129199745775292668e-01 8.016503409923715628e-02 1.129930415188789561e-01 8.939095411117040091e-02 1.094199139400787724e-01 8.774579948466530721e-02 1.140072355511345670e-01 8.946173552038595711e-02
8.623974430774050681e-02 1.088933959529085060e-01 1.131775678325862150e-01 8.484751481156584119e-02 1.132720376737847978e-01 9.132511895660228030e-02 1.089343600075944468e-01 8.788154124954877799e-02 1.140205319871044343e-01 9.140818722056417989e-02
8.700571504122733835e-02 1.120699457383901448e-01 1.159610660136402571e-01 8.179593376593560783e-02 1.160306163305726695e-01 8.965305305091397781e-02 1.121554225307465763e-01 7.813234310165155516e-02 1.174734074690421959e-01 8.972249695787971879e-02
8.850023003675462629e-02 1.065666722558583357e-01 1.177901371628325006e-01 7.957552545646116859e-02 1.178332990095904004e-01 8.715686085371850134e-02 1.066470236435194674e-01 8.907046020089594285e-02 1.196452375587475220e-01 8.721455382162159042e-02
8.346198669178160612e-02 1.173956218117456207e-01 1.185466004195273454e-01 7.432598920887423244e-02 1.186628155710582472e-01 8.596787835488824137e-02 1.175119098280571345e-01 7.767209341556634283e-02 1.203929736937083550e-01 8.606213100479286060e-02
8.955414368090647281e-02 1.163243460199479690e-01 1.111129971518221016e-01 8.216842278086200491e-02 1.111293462281552208e-01 8.781013226707605479e-02 1.163584295524338480e-01 8.627756284067110426e-02 1.114128449775024926e-01 8.785177450062267579e-02
9.216753378467387736e-02 1.183752659953127562e-01 1.171300084560758792e-01 7.249629231900388271e-02 1.172229474756784490e-01 8.437624423760516079e-02 1.184995294366537610e-01 7.633194840109439050e-02 1.189412498783338490e-01 8.445898001556796653e-02
9.086285811910715937e-02 1.144226908751807131e-01 1.170298204028428074e-01 7.213485818805777383e-02 1.170943764224503664e-01 8.644681399939770083e-02 1.145000578366440480e-01 8.265041927986838122e-02 1.183415620657371492e-01 8.651654281071390062e-02
8.572500973688831905e-02 1.120886303090008612e-01 1.187265465626660410e-01 7.682630402040502293e-02 1.187566361741833748e-01 8.609841286950178918e-02 1.121782239402068782e-01 8.300143171115405283e-02 1.204471251903912465e-01 8.615167948560237265e-02
8.948748641639546475e-02 1.118861856059251703e-01 1.128798630727342323e-01 8.279468658050535834e-02 1.129476854540499980e-01 8.964038535219760739e-02 1.119818428549665679e-01 8.429032364732072513e-02 1.143848283611687416e-01 8.970671265473612044e-02
8.858183692446396085e-02 1.091838047196699996e-01 1.144355253906252923e-01 7.657042885961588830e-02 1.145987075577263870e-01 9.303098677949929451e-02 1.092403392508480842e-01 8.560350963834806315e-02 1.156021277289856625e-01 9.315273315021734002e-02
7.933224194117197148e-02 1.146578964322549493e-01 1.202863417725506118e-01 7.319957530597584472e-02 1.204175340076000938e-01 8.931226861339242040e-02 1.147269979764904690e-01 7.699422158573855646e-02 1.216568825566462231e-01 8.941603980817885988e-02
9.166984387238660825e-02 1.128848784101067065e-01 1.148924419766503696e-01 7.886569119907212155e-02 1.149621051479354922e-01 8.812720012803668124e-02 1.129427597288544388e-01 8.157981392628863015e-02 1.158769013064298442e-01 8.819836430423914908e-02
8.268647889522805217e-02 1.110496273630354608e-01 1.188247931807059621e-01 7.709856449170061909e-02 1.188748840524079392e-01 8.825731865848933377e-02 1.111174686636079711e-01 8.351036961437457995e-02 1.202606282040247915e-01 8.831986687642535971e-02
9.227455816472987515e-02 1.073500092026549724e-01 1.128797334476895758e-01 8.245885251845663788e-02 1.129653908309858762e-01 9.010729881622199511e-02 1.074327317806790943e-01 8.989538538391542155e-02 1.144529026237937341e-01 9.018313723087280354e-02
8.857852881298015901e-02 1.099142105450175988e-01 1.146785945487567016e-01 8.185618176293477100e-02 1.147173779341135735e-01 8.833794172123886346e-02 1.099869431729091906e-01 8.751301007996688253e-02 1.160258516286793856e-01 8.839135979340294325e-02
9.640424484340741340e-02 1.108792369125466415e-01 1.148525475919252997e-01 7.693365286673087278e-02 1.149356447944307885e-01 8.814632264446212173e-02 1.109497197218670822e-01 8.253561941973007465e-02 1.161394459333972701e-01 8.822356527150240768e-02
8.175378301972620332e-02 1.132528201796194345e-01 1.162661213215335360e-01 8.133180885518384584e-02 1.162816260437211785e-01 8.847649717014213766e-02 1.133037847385987146e-01 8.364272041716556971e-02 1.171702982441799462e-01 8.852054001012943374e-02
1.251094840388944918e-01 1.118160597548736451e-01 1.145880983653908419e-01 6.706919307923156492e-02 1.147194652238130025e-01 8.369722672789800533e-02 1.118882300269179453e-01 7.145571513638285244e-02 1.158574277214209775e-01 8.379909992517667328e-02
8.423522998720141264e-02 1.099860807050470068e-01 1.135123823013525907e-01 8.341779342177181589e-02 1.135814000863470119e-01 9.101500778035076511e-02 1.100467982781569709e-01 8.850498825635079447e-02 1.146172522059836635e-01 9.108306697743799585e-02
8.920712951994320961e-02 1.089426305190693417e-01 1.134895071323837185e-01 8.337329624627971836e-02 1.134845386666321759e-01 9.009359973437376656e-02 1.089772535558319183e-01 8.810668630631450504e-02 1.142030387322228585e-01 9.012231958694877365e-02
8.781832746719162031e-02 1.114333702260548314e-01 1.156051703498316707e-01 7.934912802360435946e-02 1.156496347657593321e-01 8.853908510749564087e-02 1.115100837810850815e-01 8.451456996820634615e-02 1.169845579035380945e-01 8.859607240723293975e-02
9.343787461674017691e-02 1.095598682908467958e-01 1.112170739864800223e-01 8.447814824842393711e-02 1.112803493680099148e-01 8.841853088076195855e-02 1.096143181158387159e-01 9.137983135081984010e-02 1.121302462146845230e-01 8.848375892739414328e-02
8.311754830351678058e-02 1.124204658318164601e-01 1.196145643203790077e-01 7.585725330318975057e-02 1.196460500515058589e-01 8.733120717294097501e-02 1.124848001386149210e-01 8.119051700326748722e-02 1.209514375550179294e-01 8.738615631975084341e-02
8.663763962035689326e-02 1.135417603023104460e-01 1.148552086133808464e-01 7.985102505877723911e-02 1.149340405210293459e-01 8.872911559026482042e-02 1.136467164113210832e-01 8.247762599955868468e-02 1.165241909450669688e-01 8.880267693793375550e-02
8.801494848709946750e-02 1.151890083445335639e-01 1.153138262379230505e-01 7.772955837651759903e-02 1.153837117333441770e-01 8.957142160611025750e-02 1.152965185657752745e-01 7.691315894775936635e-02 1.169476065949274363e-01 8.964024110600979367e-02
9.404918544242896195e-02 1.060979379514896681e-01 1.072742088050871873e-01 8.796959968466336321e-02 1.073011909379507217e-01 9.509862653949364975e-02 1.061226412513102263e-01 9.325057292106446460e-02 1.077017921571023773e-01 9.513424430940933818e-02
9.401633032343308105e-02 1.055684847442471819e-01 1.122029445209325044e-01 8.713794547135701729e-02 1.121780532332182223e-01 9.310188404544476881e-02 1.055827088911940881e-01 8.442336436822460433e-02 1.126742159389516190e-01 9.311406846299691287e-02
9.196438117677233071e-02 1.138797617782147525e-01 1.166376581896274855e-01 7.789619500103206473e-02 1.166841114978739991e-01 8.299105807218971897e-02 1.139581159529211712e-01 8.496990640474900991e-02 1.179653831520905277e-01 8.305342877452898120e-02
9.332457636540769652e-02 1.186704681557797653e-01 1.165724898990538883e-01 7.005847997295636120e-02 1.166427504281142419e-01 8.649302561984377469e-02 1.187355173052038471e-01 7.547063216586205603e-02 1.174655345538809653e-01 8.656652553389738991e-02
8.003977450954292971e-02 1.122784242203102995e-01 1.193012068940716014e-01 7.784823977541559248e-02 1.193642241635712725e-01 8.870283905310598349e-02 1.123426410999974062e-01 8.070999679436323404e-02 1.206403936387216436e-01 8.877225985090003713e-02
8.728810875702752714e-02 1.125433994864917242e-01 1.208226004508373974e-01 7.611411790539805711e-02 1.208283595909003805e-01 8.458081013904324152e-02 1.126025179315609248e-01 7.847312542635309640e-02 1.221198756364129112e-01 8.462708467597475359e-02
8.894644018143062214e-02 1.162243270528550421e-01 1.187945727456271583e-01 7.441610999511306945e-02 1.187959642003042215e-01 8.565880302907086241e-02 1.163092826441195909e-01 7.496066547799962176e-02 1.201941433052868130e-01 8.569969136819302613e-02
8.798529296461343741e-02 1.099289662326628225e-01 1.178478265659373414e-01 7.985595488826986721e-02 1.178981883077951515e-01 8.832134092067234210e-02 1.099951570123057776e-01 8.051840078363101116e-02 1.192656108924797509e-01 8.838326143163253990e-02
9.274949627652763484e-02 1.133583006867598525e-01 1.138877679887695393e-01 8.052080134846800741e-02 1.139261065479017371e-01 8.898480403812861206e-02 1.134491047017248538e-01 7.880631654278874576e-02 1.152807005323689682e-01 8.903660133656206288e-02
8.320424822814030674e-02 1.115479405091106269e-01 1.194748582317839009e-01 7.934080851513324040e-02 1.195207695474057308e-01 8.828930455868033711e-02 1.115868828870706098e-01 7.824672644640140451e-02 1.204367697443294305e-01 8.835169133194439861e-02
8.784792767836978322e-02 1.138109000523584019e-01 1.164199409517647915e-01 7.690413047787184042e-02 1.165261502881091704e-01 8.855410125544145583e-02 1.139056164724329967e-01 7.936992714937808613e-02 1.180181626173852083e-01 8.864314305688825169e-02
8.835655503349887363e-02 1.142450460636328657e-01 1.146704547342603103e-01 7.787841274255995205e-02 1.147344059289653467e-01 8.968043253771189327e-02 1.143112698636458979e-01 8.067568964079362137e-02 1.157002444595258972e-01 8.974748899540530012e-02
8.581044416849561984e-02 1.098956318585181807e-01 1.150836562872613322e-01 8.146479972120083957e-02 1.150830725174601388e-01 8.870777056492631929e-02 1.099240161460748599e-01 8.955929781584839877e-02 1.157286641850006487e-01 8.874264673521363445e-02
8.917576871895231683e-02 1.195510630060202389e-01 1.167016966447759346e-01 7.155981856841309163e-02 1.167603253767534044e-01 8.815829151996917856e-02 1.195959357169038145e-01 7.300319307690812665e-02 1.172676354676405047e-01 8.822627190366338912e-02
8.015794176589639830e-02 1.178818532199998464e-01 1.186932890247851258e-01 7.466504909303836590e-02 1.187447961330377610e-01 8.599319175250616509e-02 1.179631678344660595e-01 7.987910205868570257e-02 1.199635219781477469e-01 8.605808713943682853e-02
9.093674846917486343e-02 1.083291710784352602e-01 1.144859599214802931e-01 8.301277468169948603e-02 1.145020968255403560e-01 9.078517098939641039e-02 1.083680269081894326e-01 8.340322566090734024e-02 1.153513148631330615e-01 9.082551060204348270e-02
9.031822573179329461e-02 1.068156413347450123e-01 1.138068102001866116e-01 8.193475148182891021e-02 1.138415915101752690e-01 8.961024906206788154e-02 1.068548848650306277e-01 9.242946261154624810e-02 1.147273100567728077e-01 8.966107314585328170e-02
1.003748204438863617e-01 1.022250060093736757e-01 1.041021662636253814e-01 9.301682465154112456e-02 1.040512886762648276e-01 9.714724690671835972e-02 1.022343487707926268e-01 9.543259127588769875e-02 1.042941845209006818e-01 9.712152248100923424e-02
8.722165134236432860e-02 1.094687343438350696e-01 1.144683964450407127e-01 8.240593010544762509e-02 1.145744109950147249e-01 8.887597211591137525e-02 1.095354349214524986e-01 8.872391311291404070e-02 1.157605409747629183e-01 8.896501564325676181e-02
8.862335467169224490e-02 1.096933879038114457e-01 1.109809639674680243e-01 8.428858265668406902e-02 1.110592628192126480e-01 9.350368813454182360e-02 1.097645061433128455e-01 8.637747397158912488e-02 1.121348558549060820e-01 9.357392387678167833e-02
9.476738228094459815e-02 1.059860587872574339e-01 1.103907873613484691e-01 8.445402756357592300e-02 1.104955403437925671e-01 9.321034391266166952e-02 1.060780541508497821e-01 8.926630885533211324e-02 1.120568286259879254e-01 9.329466811824947692e-02
8.792150353003840013e-02 1.138390088828899471e-01 1.184459348014643143e-01 7.524325644866808327e-02 1.184748431155650400e-01 8.420292282941209405e-02 1.139211757475591946e-01 8.376648812515885556e-02 1.199274485117086536e-01 8.425741800753541733e-02
8.774996396238889107e-02 1.174879243970081560e-01 1.190523517843713186e-01 6.945280474981274654e-02 1.191217397964349778e-01 8.657206589654237172e-02 1.175523210361552329e-01 7.625164386677034389e-02 1.201130126701275141e-01 8.664617184038848896e-02
8.759264878408100363e-02 1.142901672695049026e-01 1.191208630863034718e-01 7.556965470728303769e-02 1.190893631006786635e-01 8.243816900935768688e-02 1.143688770759048179e-01 8.452871929710906174e-02 1.205339012148597955e-01 8.246763645491760053e-02
9.167960139898524707e-02 1.180560034866620228e-01 1.161161320674234387e-01 7.271659216455497732e-02 1.161348536253171415e-01 8.508501551901598292e-02 1.181063715684437798e-01 8.018777681534736135e-02 1.167834518923825809e-01 8.513420146186753690e-02
8.663275377004253652e-02 1.138166116614655332e-01 1.157611939212793706e-01 7.788866196942674514e-02 1.158157065302692357e-01 8.960768123156723219e-02 1.138771090860967172e-01 8.015379012136242265e-02 1.167759137483745241e-01 8.967057796011568271e-02
9.330817151632528339e-02 1.105661158070287142e-01 1.134887042026434534e-01 7.966013571123449488e-02 1.134974574563967081e-01 9.232113131002427087e-02 1.106085536937021080e-01 7.994009611857075259e-02 1.142548212990490281e-01 9.235481288502515873e-02
8.503210442180303419e-02 1.090735221139682576e-01 1.210455593305585914e-01 8.041816849460271810e-02 1.210448413823174973e-01 8.540930084098145858e-02 1.091363104359440450e-01 8.077799685502616567e-02 1.226108367176628883e-01 8.545135940713530220e-02
9.462946120580774390e-02 1.089031429307534410e-01 1.085314347850497296e-01 8.843983504429495102e-02 1.084912638416153652e-01 9.354219011570973075e-02 1.089324340732304164e-01 8.605695221456510779e-02 1.089347870620247516e-01 9.353849872694881828e-02
8.900026324947746259e-02 1.097265867462911410e-01 1.152654718337839529e-01 8.172063812510069192e-02 1.153492151992432796e-01 8.918062864132700329e-02 1.098215341700418540e-01 8.364535106128175024e-02 1.170337412868374116e-01 8.925656968661546675e-02
8.551974344945433015e-02 1.094183161259375120e-01 1.159584907847784063e-01 7.803030171506632195e-02 1.160572525035393071e-01 8.893329622045366423e-02 1.094969541239455696e-01 9.004127680985773985e-02 1.175260959498342500e-01 8.901827231713287103e-02
9.597336633809212814e-02 1.059814162011930710e-01 1.095789626643104142e-01 9.227794042051254420e-02 1.095309963048987228e-01 9.260546619430655435e-02 1.060077405163172976e-01 8.534111600691761390e-02 1.101029968219976451e-01 9.259999853145398085e-02
7.914975417581250616e-02 1.144017148287765073e-01 1.169775756211465789e-01 7.897558227428169708e-02 1.169954534737668028e-01 8.863124424250573563e-02 1.144397885569525958e-01 8.408729256902146287e-02 1.176638061078958131e-01 8.867778814984027258e-02
8.923166407239459252e-02 1.180849383403359681e-01 1.127731821659787581e-01 7.929710008750638639e-02 1.127465657173429836e-01 8.813582052832759361e-02 1.181593888414844973e-01 7.981232214469731467e-02 1.136051480723309220e-01 8.815387002960103913e-02
9.383637267540652360e-02 1.134973772902889283e-01 1.116783280641672343e-01 7.991438394935093670e-02 1.117451714915098232e-01 8.863185703044797192e-02 1.135708612497652176e-01 8.572258012749718603e-02 1.127041571782368967e-01 8.869891094332930936e-02
9.107207445225361242e-02 1.120510071616496739e-01 1.150411821778799942e-01 7.729917391356577738e-02 1.151009251968323766e-01 8.975929633165440069e-02 1.121009040631721493e-01 8.180410962255889318e-02 1.159466151431882142e-01 8.982471193724490821e-02
8.427181827165032557e-02 1.104215943399558530e-01 1.143967361217221174e-01 8.374707773734031691e-02 1.144434859230914620e-01 9.094251208001362385e-02 1.104519721172807639e-01 8.528539703631171642e-02 1.150390103519755014e-01 9.100039602065830568e-02
9.422361600508634416e-02 1.060922264736945536e-01 1.127765337061540363e-01 8.343949854571917901e-02 1.127260454318964322e-01 8.758963267950937992e-02 1.061261721035960531e-01 9.587002723099470602e-02 1.135604592196321344e-01 8.759578860371720899e-02
9.044150210699819503e-02 1.117686608647030233e-01 1.164117737830516197e-01 7.733802191434926976e-02 1.165090256741359576e-01 8.775880284753594107e-02 1.118471133192220357e-01 8.221463419234432968e-02 1.178666759709878359e-01 8.784378932667182005e-02
9.569463309395458139e-02 1.141725798869581698e-01 1.117508653170115746e-01 8.178952620097143522e-02 1.117921577626162094e-01 8.876504631246699695e-02 1.142639128821546501e-01 7.996150241937854952e-02 1.129926284251475538e-01 8.881714769934023757e-02
8.987594698154396933e-02 1.181262702561785144e-01 1.151828347349450471e-01 7.456939339161827718e-02 1.151906987618695893e-01 8.479659624431382103e-02 1.182011468415519323e-01 8.306862586978691620e-02 1.161496040247639305e-01 8.483888289342801647e-02
9.059591182619257388e-02 1.151701129510958183e-01 1.175589052507283322e-01 7.385431401040139232e-02 1.175389497087856588e-01 8.535773310576985629e-02 1.152196735906887703e-01 8.091899935452923076e-02 1.183964727602403039e-01 8.538892744156809100e-02
8.326372009218072079e-02 1.123626464427343319e-01 1.215616434864490863e-01 7.741637259895327305e-02 1.215107097725193069e-01 8.485508500574201474e-02 1.124102525410732994e-01 7.905292295777527345e-02 1.226899932057277515e-01 8.487665389684502515e-02
8.602644946917829827e-02 1.179646819857680939e-01 1.175628407398865150e-01 7.309723470050129290e-02 1.175510487310405666e-01 8.493027810098237318e-02 1.180453621402787479e-01 8.112351807776248258e-02 1.187336792885479442e-01 8.496490676605365777e-02
9.250341783534196671e-02 1.072931481439462348e-01 1.143842394408068341e-01 8.189921072244994715e-02 1.144698175230567383e-01 8.906496116276546582e-02 1.073751022266142274e-01 8.783254959035841081e-02 1.160357782109583541e-01 8.914177514370179300e-02
5.958959691973957778e-02 1.269583364705817174e-01 1.347182365680161253e-01 4.891255106933940083e-02 1.353193170753656804e-01 8.833946259842194448e-02 1.270653196951959385e-01 5.344874952270694396e-02 1.370115604577862856e-01 8.863686962284632320e-02
9.047023762984653106e-02 1.130023402532288473e-01 1.140996639840908267e-01 7.832555391868378791e-02 1.141447686697860536e-01 9.102875672751943592e-02 1.130705251074165113e-01 7.958939192600957002e-02 1.151848605435757955e-01 9.108390123984259901e-02
8.815424501523917711e-02 1.131272936928493511e-01 1.151241118427024507e-01 7.906916621949548751e-02 1.152249400635864673e-01 8.967295946784505090e-02 1.132086330737194779e-01 8.017952571242147053e-02 1.164799545445907303e-01 8.975917036755035050e-02
8.629130287166331126e-02 1.102761923301222580e-01 1.163160171060162590e-01 7.987963434228832760e-02 1.163302230691649064e-01 8.833651680508408655e-02 1.103395507287836114e-01 8.628127737213160675e-02 1.175703079028965897e-01 8.837897747184908503e-02
9.385434003341780462e-02 1.138705322766157130e-01 1.139233387616592208e-01 8.165588513381558111e-02 1.139128773399929045e-01 8.741212514678473045e-02 1.139469968871048150e-01 7.892785466289753415e-02 1.150557330801250389e-01 8.744031667758664361e-02
8.443889954743054316e-02 1.173921103898001445e-01 1.190503527590901500e-01 7.392466809252346005e-02 1.191371849705877145e-01 8.553381198725228118e-02 1.174826641540086813e-01 7.690367419864857501e-02 1.205212591744129202e-01 8.561537472624551615e-02
9.186652622514961120e-02 1.145178904216789945e-01 1.134701147708403884e-01 7.933386993020154210e-02 1.134839744579631826e-01 9.038771708707010744e-02 1.145780027575340199e-01 7.761864406066114330e-02 1.143171361627518534e-01 9.042612412614910167e-02
8.712787537432344076e-02 1.134280155838782167e-01 1.188097833415226734e-01 7.236348452742633053e-02 1.189762033006037806e-01 8.859529510030637878e-02 1.135171214988818511e-01 7.796204255275276940e-02 1.205048534556584089e-01 8.871532526464620538e-02
8.900809768508224917e-02 1.068313367088269406e-01 1.155602026636533830e-01 8.352915664576138211e-02 1.155751486952376617e-01 8.903026927526443146e-02 1.068941263456554547e-01 8.754574903629626370e-02 1.169547290718263854e-01 8.907118387239582047e-02
8.770912307291381382e-02 1.122013947162694841e-01 1.186310227614037621e-01 7.609681894941293379e-02 1.187664935451604314e-01 8.673823695419374813e-02 1.123147386751518068e-01 7.992750212033598867e-02 1.207736187163320901e-01 8.684105048882594102e-02
9.267569309369748376e-02 1.098782564145414503e-01 1.117956043517310677e-01 8.485944426552462228e-02 1.118378219476321295e-01 9.088257707854537071e-02 1.099408592162944842e-01 8.435858254708065995e-02 1.128369400334314349e-01 9.093422105152135226e-02
7.991533126650571250e-02 1.184525861685764986e-01 1.170340433018412923e-01 7.499478620908955895e-02 1.171049292537155312e-01 8.885670095635836430e-02 1.185302442993177580e-01 7.803889285682441557e-02 1.181432740313953372e-01 8.892921165637555914e-02
8.931902035181284172e-02 1.138093638375400618e-01 1.164225209854643506e-01 7.656678518012406676e-02 1.164934006309491787e-01 8.843743424516692375e-02 1.138675424684403165e-01 7.913238787484996872e-02 1.174415453832060169e-01 8.850999904244631622e-02
9.186892234367126375e-02 1.136854614036241218e-01 1.161065551984662714e-01 7.639637750922792514e-02 1.161472359322353459e-01 8.477020832683408724e-02 1.137768980183796741e-01 8.480475988607524829e-02 1.176157331407777923e-01 8.482784824070822849e-02
9.322377312810027628e-02 1.065921586233481988e-01 1.117253898089929642e-01 8.440136865144347300e-02 1.117176468183477267e-01 9.322819985186206471e-02 1.066286738072581841e-01 8.673829501828642097e-02 1.124957987267117682e-01 9.324869556564888140e-02
8.556348765651948518e-02 1.125648132779636240e-01 1.173996188689592768e-01 7.690608348300609354e-02 1.174429415833433687e-01 8.770102424876378977e-02 1.126409225991614749e-01 8.321730678773707479e-02 1.188043499250655416e-01 8.775945156948020132e-02
8.698140824568388607e-02 1.137785488514652527e-01 1.130528573578964135e-01 8.087055818746254066e-02 1.130797003921696214e-01 8.992219210812640862e-02 1.138413391441234351e-01 8.454588460811134076e-02 1.139598590837112707e-01 8.996765202124983041e-02
8.473180053757663199e-02 1.114067845749571184e-01 1.174701957490052739e-01 7.977127741478863554e-02 1.175183661792235101e-01 8.912907620694994482e-02 1.114698502256165485e-01 8.057886142483529357e-02 1.187342536708055341e-01 8.918953401624153676e-02
9.594949851557058040e-02 1.081089014445780760e-01 1.126309018081213392e-01 8.154171253109090967e-02 1.126419346844340363e-01 8.973968761575998321e-02 1.081510868713195378e-01 8.799016739774498386e-02 1.134698369479195668e-01 8.977627218346100058e-02
8.407745739283453701e-02 1.102227593584794302e-01 1.210962808349262815e-01 7.642717132311493966e-02 1.211042204502789099e-01 8.738627066388433839e-02 1.102938714803946285e-01 7.921571683138931008e-02 1.227458910329345398e-01 8.743036063176312656e-02
8.823786226485154371e-02 1.083386054112998181e-01 1.214595121207220352e-01 7.984293253628664544e-02 1.214773765102813291e-01 8.581481911110562522e-02 1.084039744768142410e-01 7.741359006996970105e-02 1.231461585804302927e-01 8.586516891823876840e-02
8.995467875360632637e-02 1.101014374768623932e-01 1.131153993570643834e-01 8.536985601385083111e-02 1.131593178576962566e-01 9.048602023301058339e-02 1.101522713710781920e-01 8.308994174368750096e-02 1.140304764388613140e-01 9.054060075428221888e-02
8.339270508104411339e-02 1.148143380137034986e-01 1.180765952503276678e-01 7.355998201216688848e-02 1.181642006517734933e-01 8.799218054936319700e-02 1.148874681437262735e-01 8.167204898594651596e-02 1.193669080686485529e-01 8.807357324329978532e-02
9.445495623082610093e-02 1.081596933148490508e-01 1.130680992346568409e-01 8.779748346392135527e-02 1.130334307413580347e-01 9.141398491947898275e-02 1.081903890447634548e-01 7.873452926391424911e-02 1.137237093406434363e-01 9.142372444558850841e-02
8.862248941213608788e-02 1.109167798955699585e-01 1.187514740816755232e-01 7.986295492118408723e-02 1.187234074388757304e-01 8.539669241099291652e-02 1.109985591699167856e-01 8.091445322930425343e-02 1.203900635216573201e-01 8.542312591868729543e-02
8.417897890104616976e-02 1.136881074162987698e-01 1.213255069104494654e-01 7.148848108403109414e-02 1.214534046024606656e-01 8.748782923430942216e-02 1.137729010348471348e-01 7.595133955967206529e-02 1.230644765552630637e-01 8.758897470162216314e-02
8.392658870038617602e-02 1.130211503389605132e-01 1.182479710312818316e-01 7.447719933635588152e-02 1.184056280395860417e-01 9.056594795400993436e-02 1.130758544956112083e-01 7.821655667199317596e-02 1.193791293726914893e-01 9.068397405912376197e-02
8.816087095331838486e-02 1.151887883753290737e-01 1.181459734984383059e-01 7.078929926286138541e-02 1.182872540520374938e-01 8.802878006968600788e-02 1.152721960832824299e-01 7.838803374992241169e-02 1.196021568535337587e-01 8.813664710159080373e-02
1.027225734240566485e-01 9.796714979956011593e-02 1.011430136869303081e-01 9.892054934781956133e-02 1.011002857852612152e-01 1.012446100509190317e-01 9.793818098972444097e-02 9.695271942139377375e-02 1.007987913661133050e-01 1.012121261282216272e-01
1.055449213584836454e-01 9.910661407431660408e-02 1.013956681133914434e-01 1.050720738540205784e-01 1.013520167568253139e-01 1.010240046716300161e-01 9.908546109719774952e-02 8.528453879056002718e-02 1.011433113183186072e-01 1.009913899652559593e-01
9.663178639169157924e-02 1.122259263629322434e-01 1.099171810866428900e-01 8.478518066587355240e-02 1.098648007952970213e-01 8.803027275422982412e-02 1.122738386123552229e-01 8.773825215687028334e-02 1.105020796927604493e-01 8.803068148134694793e-02
9.322862000195170085e-02 1.115274928568909113e-01 1.119309946294099467e-01 8.295316818406701931e-02 1.119415464107377106e-01 9.044746878114422184e-02 1.115801099777297967e-01 8.317375443506061505e-02 1.127345351322854433e-01 9.048230959072267598e-02
9.550412295581681144e-02 1.123410275974801309e-01 1.148572418203482604e-01 7.590261459383458587e-02 1.149256916893308528e-01 8.894502641248168417e-02 1.124066173024969029e-01 8.011795908517856113e-02 1.159850073758096761e-01 8.901469116722250663e-02
8.641123123742111556e-02 1.103207770722084841e-01 1.133542071489433145e-01 8.125466234732729720e-02 1.134782337148749765e-01 8.973381981159343768e-02 1.104005413040633349e-01 9.046134540547562386e-02 1.147533008958283723e-01 8.983188106226405734e-02
8.806713446902264542e-02 1.150854268627115873e-01 1.163412764094367835e-01 7.680755408103792647e-02 1.164362087570326165e-01 8.820297444705847700e-02 1.151635906773308682e-01 7.800250670337012526e-02 1.176060912351574728e-01 8.828723635784148371e-02
8.610227996377038673e-02 1.106369232419154025e-01 1.154262664368189556e-01 7.984775676913226372e-02 1.154417835310175000e-01 8.866713966212945441e-02 1.106717437419956346e-01 8.833352040327704935e-02 1.161619235062220784e-01 8.871066274372131633e-02
8.113248992476942978e-02 1.125473587706512651e-01 1.206095059070670522e-01 7.382348215439205052e-02 1.207464959462946907e-01 8.840430366781168448e-02 1.126330516160009426e-01 7.919966808503177413e-02 1.223939892486441139e-01 8.850965467933706587e-02
9.259986215433116397e-02 1.203181155859630314e-01 1.116370743987108449e-01 7.901440886403278407e-02 1.116339079482959878e-01 8.859097231046847432e-02 1.203851813897018203e-01 7.497268076509995549e-02 1.122272021267931713e-01 8.862059445660284973e-02
9.266516437817222396e-02 1.092581661085359063e-01 1.137105726405079065e-01 8.236038472532923593e-02 1.137342754492840780e-01 9.106469898439807642e-02 1.092790118627567225e-01 8.260365051855511620e-02 1.142146926328298506e-01 9.110938269963096692e-02
8.322067447954777097e-02 1.137227868230760025e-01 1.188065291926200945e-01 7.610322797919265303e-02 1.189179930632448673e-01 8.781263782709536336e-02 1.137968856650868887e-01 7.949291115301282407e-02 1.202204312671574099e-01 8.790592254996611177e-02
8.793157213208221967e-02 1.094491862343632549e-01 1.161008580539783369e-01 7.946763435171093348e-02 1.161997614473450346e-01 8.865789971058062047e-02 1.095333765863161363e-01 8.615078917642354783e-02 1.177661546509753687e-01 8.874276765622451935e-02
8.549057662735862206e-02 1.109018676838799261e-01 1.195753054828853079e-01 7.616775167810679870e-02 1.196287711445251783e-01 8.649252748099252319e-02 1.109809310698431778e-01 8.295306907606013469e-02 1.212516063138366490e-01 8.655759344251169607e-02
8.390320988830285431e-02 1.127427097749426066e-01 1.216837414074142393e-01 7.716599985235360337e-02 1.216015778534366848e-01 8.488215592497783124e-02 1.128008805247488894e-01 7.736739839430965826e-02 1.229630101907190493e-01 8.488931618879456964e-02
9.110728422657982106e-02 1.117453528336050939e-01 1.146280785291936000e-01 8.073329649703966937e-02 1.146112747357473927e-01 8.639681334867339857e-02 1.118058642915223111e-01 8.688741832450297409e-02 1.156604658194308050e-01 8.642415139370496213e-02
8.952379198597711085e-02 1.129485366135181551e-01 1.206392776241771297e-01 7.195532523215089626e-02 1.207024550782814509e-01 8.507943935997137885e-02 1.130329523435912725e-01 7.861899194501810462e-02 1.223488539909803885e-01 8.515037582633408486e-02
8.488904260780269495e-02 1.112839672524404550e-01 1.124417184913675677e-01 8.049690514878400649e-02 1.125716995672384341e-01 9.299982137210020816e-02 1.113715953304377920e-01 8.698377730186401813e-02 1.138604492461262607e-01 9.310102368183853505e-02
8.418081750279313158e-02 1.179662833351825812e-01 1.191719436446532360e-01 7.084050546347715749e-02 1.192823727973955777e-01 8.551332383375361001e-02 1.180446270136810000e-01 7.895070534757671343e-02 1.204427427061977446e-01 8.560667835528924796e-02
8.514296771336191116e-02 1.077606744805239408e-01 1.127472159610092978e-01 8.610677484059346687e-02 1.128174677179926005e-01 9.219233276447706682e-02 1.078037488542267913e-01 8.952082598940992730e-02 1.136473680693022154e-01 9.226062360910276816e-02
9.298331035300391734e-02 1.100107216742721578e-01 1.098937526239903567e-01 8.385675929694162700e-02 1.099602978715110008e-01 9.392194147455489028e-02 1.100654765749993214e-01 8.459478823996102737e-02 1.107278936867024111e-01 9.398505820406322098e-02
8.996191851530040140e-02 1.126588213142008521e-01 1.226646031433987483e-01 7.379728706225049950e-02 1.226227356126210477e-01 8.227571232496688758e-02 1.127312785400525208e-01 7.672096654969265406e-02 1.242620582918123884e-01 8.230461864570395858e-02
9.259874201102602509e-02 1.054057232934071109e-01 1.106202870121978932e-01 9.079684231929907590e-02 1.105874158128378054e-01 9.246159684307418691e-02 1.054543155420125666e-01 8.803134458932881934e-02 1.115779809469637368e-01 9.246575162985273821e-02
8.813973616365315678e-02 1.138272243086406038e-01 1.084580744458067819e-01 8.676715088082194438e-02 1.085160608870546217e-01 9.491767455228974915e-02 1.138948464228171642e-01 8.127916389423242571e-02 1.092263920442600178e-01 9.497367640042359005e-02
8.983640945319872062e-02 1.099702977574599089e-01 1.167951970648371529e-01 7.811508003736113148e-02 1.168424142741258803e-01 8.899128540691307598e-02 1.100316064792439819e-01 8.229512742186044505e-02 1.180718436171727947e-01 8.905073848782692203e-02
8.948818143634730549e-02 1.093106230626926245e-01 1.131248765369896325e-01 8.313693352754362997e-02 1.130722830805078460e-01 9.012305159342987038e-02 1.093244505649878656e-01 8.883256537146168308e-02 1.134611093997024561e-01 9.012592542633708625e-02
9.399468523131251918e-02 1.145810772004869221e-01 1.167958849395069054e-01 7.319197833885492110e-02 1.167833606454992401e-01 8.582022706345195096e-02 1.146599512663060566e-01 8.024313839970462214e-02 1.180773990397419870e-01 8.585229787513481980e-02
8.644168993198167450e-02 1.140891809461399287e-01 1.185614124539396824e-01 7.605236857024599839e-02 1.186368121618788379e-01 8.679663165382847656e-02 1.141768780768881442e-01 7.823060387387759107e-02 1.201426700117410179e-01 8.687175231947869003e-02
1.009960207309058694e-01 1.086657656252752874e-01 1.070665013602571103e-01 8.927604690392321185e-02 1.070512491329484034e-01 9.237845882203310488e-02 1.087182998774392090e-01 8.569406358951339731e-02 1.077646292989460075e-01 9.238896465875845454e-02
8.733029885785820179e-02 1.077705740821790353e-01 1.090770362775563967e-01 8.970905375801735415e-02 1.089938117791297845e-01 9.240637279667077153e-02 1.077809617770515427e-01 9.530247932597103733e-02 1.092494679668596508e-01 9.237994337870621131e-02
8.697858254461152128e-02 1.138852194740390955e-01 1.122577829862353854e-01 8.421099522471660326e-02 1.122751797583717431e-01 9.335070746844187362e-02 1.139300491755238370e-01 7.686616943063893925e-02 1.128578694084822059e-01 9.338744452893880943e-02
9.229825823117748795e-02 1.083740567629096763e-01 1.155005842606153382e-01 7.783415572346370770e-02 1.155624376844752305e-01 8.902310207572285139e-02 1.084334748141092264e-01 8.711477356819874451e-02 1.167699325020775392e-01 8.908922437725018406e-02
8.622624061618811009e-02 1.144067916940289253e-01 1.161864906893261690e-01 7.786792848421518476e-02 1.162315840150995316e-01 8.719133188042728355e-02 1.145041376932730004e-01 8.238438542846207580e-02 1.177516251510715289e-01 8.724948434790814888e-02
9.470748001168539931e-02 1.139597994930098834e-01 1.135807041709510912e-01 7.421248161738010218e-02 1.137375117928314666e-01 9.106651559189171685e-02 1.140693204531996185e-01 7.823209975974326769e-02 1.152518568032056268e-01 9.118223030610182744e-02
8.629168634172011687e-02 1.094798539288408395e-01 1.148179622093556534e-01 8.086680432442629185e-02 1.148948768078300042e-01 9.084584874604334503e-02 1.095316820061961183e-01 8.647474134426227921e-02 1.158770999554071951e-01 9.091944433591815644e-02
8.285845720908958933e-02 1.178612793625414129e-01 1.147874272219138597e-01 7.870197633921602320e-02 1.148533774543725045e-01 9.028337977953493354e-02 1.179535798226047094e-01 7.632962356987892105e-02 1.160202780841480819e-01 9.035062115669990901e-02
9.020917740648171090e-02 1.128481255067216443e-01 1.115564162477595544e-01 8.320315318119812786e-02 1.115806928515980234e-01 8.943737796094561321e-02 1.129333736847355496e-01 8.598989178167565361e-02 1.127625178225982738e-01 8.947927355628584878e-02
8.737498024429360410e-02 1.081849006186008655e-01 1.150941221935349174e-01 8.386605058154945891e-02 1.151775703614351526e-01 9.114887763805033793e-02 1.082404853941242306e-01 8.338916713574015538e-02 1.162981930549044224e-01 9.122565277776689685e-02
8.851685227023771418e-02 1.102641752048764689e-01 1.152171735660185575e-01 7.859422744492663981e-02 1.153025609132275892e-01 9.177757389964447121e-02 1.103070940228366020e-01 8.204573252919722393e-02 1.161183271225088992e-01 9.185628302652584787e-02
8.564168396978488751e-02 1.078019473638326953e-01 1.156239907490734381e-01 8.445396194690484026e-02 1.155786349639028737e-01 8.959677051590349273e-02 1.078202951014631400e-01 8.767055052934526194e-02 1.162046039681955828e-01 8.960756089159377380e-02
8.283527126899616067e-02 1.134293677546937551e-01 1.159374264454719194e-01 8.173003423736747985e-02 1.159523873722011211e-01 9.062086909643016219e-02 1.134563002636918977e-01 7.892566510052509421e-02 1.164491918247853586e-01 9.066348663583707890e-02
9.188562028042772389e-02 1.151325096928885461e-01 1.138608784940738639e-01 8.184032974353493139e-02 1.138776618643638494e-01 8.713617410059387725e-02 1.152179556563073942e-01 7.880205927610151040e-02 1.150681435152048904e-01 8.717866737650339926e-02
9.847059519843816278e-02 1.139152050497512919e-01 1.142095511078135284e-01 7.878880596034222583e-02 1.141855049729735699e-01 8.442723166693785752e-02 1.139907861475717571e-01 8.222422456381585365e-02 1.153355548973200029e-01 8.445254043503577779e-02
8.748332861120831916e-02 1.106793189126676763e-01 1.147498747050172824e-01 7.959715972711901844e-02 1.147750086399785124e-01 9.305325233427297338e-02 1.107063378676400034e-01 8.052332668626999146e-02 1.153347244863254795e-01 9.309766802950079911e-02
8.478044766918028941e-02 1.166335858748096949e-01 1.180102954946346261e-01 7.547766162216151820e-02 1.180297619690126448e-01 8.644750816078584921e-02 1.166809383442769521e-01 7.865884892292429598e-02 1.187835012610727464e-01 8.649745068114135516e-02
9.103117356579962238e-02 1.102616511671683369e-01 1.143019379802812374e-01 7.979648754054756432e-02 1.143878347125785871e-01 8.854049267631323994e-02 1.103154615025525170e-01 8.741412114564769964e-02 1.153312330474044189e-01 8.861960666170674850e-02
9.026420852297557806e-02 1.187798886129952380e-01 1.118773491462938252e-01 8.098181433770877680e-02 1.118858280495826224e-01 9.033873256527666373e-02 1.188225584049204669e-01 7.445216582149591367e-02 1.122234233926376057e-01 9.037403114611330945e-02
7.982373084189590962e-02 1.145443902855616120e-01 1.179848510543834439e-01 7.346680938032545960e-02 1.181601962673041462e-01 9.033181217693748988e-02 1.146380736841045023e-01 8.094938456224276546e-02 1.196434012758018223e-01 9.045735047144280727e-02
8.343112077044016750e-02 1.172533361576040267e-01 1.181591705891197330e-01 7.428522599354177303e-02 1.181785456440006404e-01 8.736316103505498143e-02 1.172967318513390006e-01 7.776850120225374530e-02 1.188515102371319604e-01 8.741269651951394382e-02
9.211330751482474377e-02 1.084824864805073313e-01 1.177273307978586175e-01 8.106940396017373041e-02 1.176832657160610529e-01 8.642373956342616625e-02 1.085406722773033655e-01 8.247438652605769416e-02 1.190447492447564981e-01 8.644065791903081386e-02
8.882637586681892128e-02 1.133592784614693844e-01 1.125271154859187883e-01 8.030209807001852107e-02 1.126085417118627280e-01 9.227070419925041678e-02 1.134386760155972063e-01 8.062721834595501513e-02 1.136956054744783090e-01 9.234438636863075145e-02
9.635851014491350619e-02 1.104733452186551917e-01 1.166487741985530180e-01 7.658587663774829579e-02 1.166900381018554228e-01 8.665969996046381241e-02 1.105407023901164160e-01 8.133924482586669946e-02 1.179864549119825079e-01 8.671735360984512975e-02
9.471379762448525752e-02 1.037544098416185029e-01 1.076768025044830962e-01 9.958118748427800815e-02 1.076468840096109214e-01 9.555047597558800898e-02 1.037781643496906159e-01 8.356756663961024956e-02 1.081827561640056889e-01 9.554795540662970599e-02
9.021745587479595985e-02 1.147769940453699650e-01 1.118629312606679999e-01 7.824535200487740816e-02 1.118741807639476310e-01 8.906477048802056984e-02 1.148594650061414008e-01 8.705871524027707087e-02 1.129396187574175786e-01 8.910051655848445773e-02
