1.192800973151858374e-01 9.345207608750895345e-02 1.198374867657617387e-01 8.007980382841217715e-02 1.106697149808565511e-01 8.429581717880771374e-02 8.857427640533127589e-02 9.445525805013162135e-02 1.022739305598270726e-01 1.070815388281770170e-01
1.213745074147730696e-01 9.298166036022685599e-02 1.226565634630039925e-01 8.309566216960977136e-02 1.063778224072109840e-01 8.729634122687528197e-02 8.881973459699726847e-02 9.289183074254853123e-02 9.913818316537138797e-02 1.053676944533828846e-01
1.174533837548124987e-01 9.281681299236649307e-02 1.182761796526173997e-01 8.705588870090279208e-02 1.025085542365817004e-01 9.351096264791174117e-02 8.736317127504127089e-02 9.580125288190982635e-02 1.004608331526521403e-01 1.047529607052041373e-01
1.170718640721322978e-01 9.015491428242686234e-02 1.179754775174154113e-01 7.773986293651827251e-02 1.252103677095139367e-01 7.956775400971344281e-02 9.529432852188446379e-02 9.054960097625258664e-02 1.007145047404185700e-01 1.057213252337241977e-01
1.236343145433645152e-01 9.165819406553862847e-02 1.246532859202737903e-01 7.916612632586030041e-02 1.089698538678248591e-01 8.641674587703926380e-02 8.869710017149202985e-02 9.132683693582795137e-02 9.812602027012379269e-02 1.073515220226548827e-01
1.133507551397351515e-01 9.303611219233376417e-02 1.136375838400721650e-01 9.403088743918959491e-02 1.069422438769826456e-01 8.856256240114250555e-02 9.536773091230409116e-02 9.002857494507968128e-02 9.489812264654244600e-02 1.101454266066179410e-01
1.221722214094887321e-01 9.113049733772153604e-02 1.227605954433854119e-01 7.728042980735751188e-02 1.096611737650581009e-01 9.141453153509683516e-02 8.766266527623448046e-02 9.145809145641849158e-02 1.026738126458909550e-01 1.037859813233479589e-01
1.152921856355162561e-01 9.122203833221843861e-02 1.161199267926442402e-01 8.177621334022482091e-02 1.184253086765005569e-01 8.950701967128142644e-02 9.653487887922618249e-02 8.919422407778139494e-02 9.638048906337365329e-02 1.055477155312330162e-01
1.169046446979528503e-01 9.428229914320002125e-02 1.175484972981538090e-01 8.753148059425099048e-02 1.052134041452692931e-01 9.075284627478431843e-02 8.907360012725300258e-02 9.386043423476463088e-02 1.008024517862018826e-01 1.040303416981692153e-01
1.202427972447818599e-01 9.292556225673730130e-02 1.214154997230105087e-01 8.477427353815022992e-02 1.118436187857193842e-01 8.087317357533205242e-02 9.016728829555605007e-02 9.235308727071769863e-02 1.018014724294979967e-01 1.036032268804969458e-01
1.214030511866525247e-01 8.978008365213212272e-02 1.228387838162032508e-01 8.197956368484837775e-02 1.112552411079584108e-01 9.160298327573516974e-02 9.114803114410811868e-02 8.826260257487696104e-02 9.810724391233749397e-02 1.036224156451475142e-01
1.236341463103005495e-01 8.960240906615556111e-02 1.250669768971811036e-01 7.744175759484787924e-02 1.174901704860621815e-01 8.086323766843143968e-02 8.700410633535260452e-02 9.182934388441962859e-02 1.009207262476082279e-01 1.061471255096407551e-01
1.140543426484532247e-01 9.002571113917939849e-02 1.142880118311510873e-01 8.415169339435769891e-02 1.219618664608579789e-01 8.861882859959052672e-02 9.193907749213710290e-02 8.758879289297999415e-02 9.866746739206631867e-02 1.087042081492266554e-01
1.201554046497423922e-01 8.649485367127024427e-02 1.215417381307066919e-01 7.429599209245718594e-02 1.344833645575734815e-01 7.817826201560680588e-02 9.454665891800319300e-02 8.684897181798301169e-02 9.720360491843388351e-02 1.062511492282231101e-01
1.202044776767146744e-01 8.871284420488118050e-02 1.212122291794727053e-01 7.399466592142851795e-02 1.240858789654956246e-01 8.481004242554618378e-02 9.332288801269481016e-02 8.817077107314717777e-02 9.853377355553179229e-02 1.069524289850873611e-01
1.229843049128273996e-01 8.911278858097952671e-02 1.243250465694102913e-01 7.950980846941356484e-02 1.150551693985207707e-01 8.580169302229924411e-02 8.872954762960390263e-02 9.084286138532683685e-02 9.850293907214670297e-02 1.051358409594717463e-01
1.160439484266981430e-01 9.213623046127999983e-02 1.172010140595389216e-01 8.510963796507280132e-02 1.142974389480075903e-01 8.650137702024911224e-02 9.195187089006415238e-02 9.188391518315919271e-02 9.893023896460806377e-02 1.059443280813219951e-01
1.175830905369143753e-01 9.557733467748978640e-02 1.184615945400359777e-01 7.862568024953070500e-02 1.057852229020990881e-01 8.786720500500229403e-02 9.103541473584486621e-02 9.692264664956992681e-02 1.035557449211836345e-01 1.045860657823293460e-01
1.263185131548678064e-01 9.372138597788237657e-02 1.273834204129983272e-01 7.676306535005211762e-02 1.045872180106837829e-01 8.077909486244481962e-02 8.327364184196989205e-02 9.365728893980937442e-02 1.052538755193964254e-01 1.082624959298950362e-01
1.179643716951162824e-01 9.040840284369190683e-02 1.187180828478100331e-01 8.085283262725338760e-02 1.208249738647745458e-01 8.372193120260405796e-02 9.413368578482360360e-02 8.663024639904842727e-02 9.908308288053102597e-02 1.076623898543467434e-01
1.241363316962091623e-01 9.212818139826403629e-02 1.252614539937826899e-01 8.045697224808735781e-02 1.073227284920108687e-01 8.711953131563222874e-02 8.631815216218131914e-02 9.078120371099460129e-02 1.003358548286891055e-01 1.061395901541486303e-01
1.150007335003366826e-01 9.179463193657783071e-02 1.161964514969333478e-01 8.401420911427326388e-02 1.117457046613209715e-01 9.139097106722010588e-02 9.398116568452598296e-02 9.184816445116313066e-02 9.883788643660521012e-02 1.051900816510434045e-01
1.180534258880438364e-01 9.088423068173258346e-02 1.190953436545621469e-01 8.420456276998573852e-02 1.130888281154949770e-01 8.994788713029870653e-02 9.113899301323116764e-02 9.239098391086507378e-02 9.709634773958801535e-02 1.040993970961978099e-01
1.174094408705834008e-01 9.005559830981405001e-02 1.183899540655127119e-01 7.857043677418555638e-02 1.249916454693943413e-01 8.428627733499841068e-02 9.857495839963809070e-02 8.805917251575401394e-02 9.595070057973149880e-02 1.037118156803879115e-01
1.214012098539987011e-01 9.228878095545586802e-02 1.221144024697090741e-01 8.478701087614039233e-02 1.077328088579394133e-01 8.726331996928937684e-02 8.530726734277807588e-02 9.266361420654047054e-02 9.912785487221201230e-02 1.073137305959366156e-01
1.106291888015925179e-01 8.073499776957933360e-02 1.115344464265219382e-01 6.464635173536438517e-02 1.743219725946574539e-01 6.891880635612229744e-02 1.210733966634232328e-01 8.244211757332457757e-02 9.043294827187621510e-02 9.526577380753803448e-02
1.173877686969908574e-01 9.408280860332851603e-02 1.182405977516557544e-01 8.620433243855704641e-02 1.040097094826885754e-01 9.141382795190426680e-02 8.706608221187397967e-02 9.523810648105143772e-02 1.007602125670424426e-01 1.055965538149071653e-01
1.159954322441979907e-01 9.199961324216261727e-02 1.165503456285772038e-01 8.510221286031856291e-02 1.099317735388661565e-01 8.996272288397468009e-02 9.113796673274596194e-02 9.423502752907081392e-02 1.037041796707127150e-01 1.013807256693733116e-01
1.190455137123192231e-01 9.111877835320479624e-02 1.201116768018080233e-01 8.165037093553621783e-02 1.132595200042914863e-01 8.690465903684030380e-02 9.038366759888438740e-02 9.066644648539036455e-02 1.008110844647167881e-01 1.060482826070084789e-01
1.127096261241843644e-01 8.954969034625454016e-02 1.134001508146473408e-01 8.550804233646347452e-02 1.177604447921707792e-01 9.253731759361755183e-02 9.470932315859104111e-02 9.080016696479316363e-02 9.827125607668216190e-02 1.047539817925955963e-01
1.241234083607120481e-01 9.053031509504072538e-02 1.251671743939586634e-01 7.860544334274166545e-02 1.098167881895717596e-01 8.411652437042928254e-02 8.618990150669844641e-02 9.160498425007618239e-02 1.020223244956574432e-01 1.078231359951138252e-01
1.184389923832576269e-01 9.147256750052915053e-02 1.197248141665052251e-01 8.232448943478172521e-02 1.133700489534717054e-01 8.489028540936205403e-02 8.928774755671013696e-02 9.347350341943595764e-02 1.010012285297854223e-01 1.060163226461609820e-01
1.194525326071741028e-01 9.276043166829794906e-02 1.207184484245870798e-01 8.050705997722736040e-02 1.163963502620527779e-01 7.952193319298321572e-02 9.111906759238028175e-02 9.133655487730421574e-02 1.006881796812902075e-01 1.074994417167027677e-01
1.068789503301922766e-01 9.471907502891702135e-02 1.071996687225946210e-01 8.759998873068913783e-02 1.042955753851890627e-01 9.286419949487700887e-02 9.369250474681647955e-02 1.061289628984630751e-01 1.074272910577559054e-01 9.919378360450543941e-02
1.139114295825058437e-01 9.444150158122194272e-02 1.142808162123644389e-01 8.836393449337318073e-02 1.082077680532506359e-01 8.566292128361502334e-02 9.541398479755204554e-02 9.320018092102934359e-02 9.628501030050103104e-02 1.102324527745865285e-01
1.188311545347425363e-01 8.445352430542386879e-02 1.198461301592685241e-01 7.920966281033021972e-02 1.307671603196241816e-01 8.650117247115443608e-02 9.370272597823352256e-02 8.449442063303666539e-02 9.820330423584164303e-02 1.039907445523444440e-01
1.186560788770703867e-01 8.793967868566990309e-02 1.193332682129801814e-01 7.117717310589467827e-02 1.318419238152629125e-01 7.675721650533835760e-02 9.503118761631093592e-02 9.158220462223386205e-02 1.002821628263270981e-01 1.073991057329116150e-01
1.249950234214840250e-01 9.285760414481247782e-02 1.260450038014636343e-01 8.145775688176776219e-02 1.042505154014666813e-01 8.445221004212598304e-02 8.379602759948685808e-02 9.366266056060078282e-02 1.020760989768852989e-01 1.064070991699064828e-01
1.255452237735111831e-01 8.776549259087110255e-02 1.265641224410237464e-01 7.893022245119016289e-02 1.209805750474855918e-01 8.145007952905275461e-02 9.066051575979730548e-02 8.745202367914288455e-02 9.486629136773536142e-02 1.057854533601899211e-01
1.229822319977983136e-01 8.858006334833375128e-02 1.240776426600011667e-01 7.693502878477136153e-02 1.254396219789513378e-01 7.750523206646423025e-02 9.203149877196811768e-02 8.705287823884876042e-02 9.750446976330680304e-02 1.078913323895561438e-01
1.220668838483210811e-01 9.141516567201291021e-02 1.231682667313232643e-01 8.262904764771794586e-02 1.129371938044752555e-01 8.329151839202614260e-02 9.109221959084695674e-02 9.032346571671420743e-02 9.902387805349001371e-02 1.040523605430722642e-01
1.166254319669301209e-01 9.108339807379264852e-02 1.176970763027925249e-01 8.242407546168480093e-02 1.212851616966427321e-01 8.055848223312768452e-02 9.494249130574938800e-02 9.081771894220361241e-02 9.983087291398889951e-02 1.047352911030876299e-01
1.247269154540080471e-01 9.206328446346211114e-02 1.254800359812917598e-01 8.266378527921106056e-02 1.085013129042711882e-01 8.163427415008134291e-02 8.682667357092661853e-02 9.034583897271220021e-02 1.010564140490299717e-01 1.067014651750056164e-01
1.203924160509394353e-01 9.153769828867550085e-02 1.216221474419486442e-01 7.947616126288647997e-02 1.160022200711127299e-01 8.196758071784285282e-02 9.082042960838128398e-02 9.236928315359962949e-02 1.019461706525447292e-01 1.038658927520687142e-01
1.175806949321143158e-01 9.189484668274876256e-02 1.183693583565715163e-01 7.976765850862144180e-02 1.147403359856478677e-01 8.265614447174575441e-02 9.058100690392595356e-02 9.653351360820648652e-02 1.049129400807195245e-01 1.029635004696984740e-01
1.181167392224216767e-01 9.094092420239824337e-02 1.186203295341259623e-01 8.345780327326784986e-02 1.084443062376906769e-01 9.186978666658196513e-02 8.803587542975438440e-02 9.242402655734474615e-02 1.035931827479909945e-01 1.044970261284234730e-01
1.206529798495917238e-01 9.102897555342147340e-02 1.210883397588186777e-01 7.382357456144905683e-02 1.248992966080114397e-01 7.548303225066128885e-02 9.221816420825948435e-02 9.359166261715384794e-02 1.019058502008907963e-01 1.053081243917422111e-01
1.240322160781428124e-01 8.976388052565396902e-02 1.250273175257951008e-01 7.789322714839932993e-02 1.128272967202425259e-01 8.338168414063774903e-02 8.371106682059233084e-02 9.282707022122467511e-02 1.030969499860377170e-01 1.074392908332738039e-01
1.172245318031796546e-01 9.288526034348412730e-02 1.178937916717495149e-01 8.490373963204056462e-02 1.108611703666697174e-01 8.533183931863677629e-02 9.308043137601654249e-02 9.473356819878571422e-02 1.016556351948211118e-01 1.014300320946163181e-01
1.154699526114457975e-01 9.085218702052545725e-02 1.161719558623182658e-01 8.303498922284455186e-02 1.090133005463310295e-01 9.369052956149540035e-02 9.161778418951560532e-02 9.366759853321725282e-02 1.043923249637366130e-01 1.020893774885699434e-01
1.041532809041223751e-01 9.716471157914628731e-02 1.043108750351499081e-01 9.306022539774089219e-02 1.058068485162603073e-01 9.540782618471643772e-02 1.003809627870578119e-01 9.787681623793488550e-02 1.044583854755923580e-01 9.738006788227870913e-02
1.173325557110928841e-01 9.105765071560491253e-02 1.183156989473850979e-01 8.438556808373076645e-02 1.093482152048758926e-01 9.081172352342273268e-02 8.939305336643724176e-02 9.241709341343375128e-02 1.017757027209777732e-01 1.051627383130389892e-01
1.128938493634747270e-01 9.511730893508882345e-02 1.137684742847685782e-01 8.574906989399679047e-02 1.048486271075784459e-01 8.772398738952058572e-02 9.011254979830730927e-02 9.766403605495238560e-02 1.060958909081894663e-01 1.060262062641228603e-01
1.126832291475647896e-01 9.519495055517804283e-02 1.139489158810504388e-01 8.629900053222637479e-02 1.095695648847643672e-01 9.091845222551143968e-02 9.670645061091527606e-02 9.231347653049745694e-02 1.003375095639357367e-01 1.020284500683560774e-01
1.216853832992766948e-01 8.640962049790476551e-02 1.228308073002216394e-01 7.718184774188394104e-02 1.226471451883053565e-01 8.592823828653714524e-02 9.029035230266221901e-02 9.029781335698047751e-02 9.821148149844911857e-02 1.045173105277786840e-01
1.234033188370865647e-01 8.963110303844011584e-02 1.242238950288299670e-01 7.185766640983635989e-02 1.232562617895285317e-01 7.901447895163810076e-02 9.095747921938458769e-02 9.216792544665201870e-02 1.021813293148386564e-01 1.033065419637650972e-01
1.227224136870229132e-01 8.480907995358466511e-02 1.238288003147768879e-01 7.771024117189022362e-02 1.263595716428395632e-01 8.695323965240095432e-02 9.018494468099613748e-02 8.714217931999043709e-02 9.795406007660724390e-02 1.023354694998909881e-01
1.192014453845155475e-01 8.722032491334745508e-02 1.197190494598515814e-01 7.447506300521962441e-02 1.323132735487968781e-01 8.234277697447620059e-02 9.413683532126219944e-02 8.778658314139302365e-02 9.810160438520279524e-02 1.047030438659347223e-01
1.197392216519699709e-01 9.261514020337499598e-02 1.205248001920069950e-01 8.046603136574075055e-02 1.128799058523148741e-01 8.282939929691657266e-02 8.958085384495720338e-02 9.293882094450589548e-02 1.019144082962278181e-01 1.065114183519849239e-01
1.155270785683507051e-01 9.391578671880414231e-02 1.161176605039880710e-01 8.102370340991033038e-02 1.136466711274835423e-01 8.133367924521890668e-02 9.495499223001056810e-02 9.881328974521663699e-02 1.056086024669050244e-01 9.905853598411204497e-02
1.248756096301305574e-01 8.800807762573596704e-02 1.260961705286297307e-01 8.283454719530965182e-02 1.115889613959693133e-01 8.321086891353897397e-02 8.765037513761321508e-02 8.724647271796308334e-02 9.704955557033910496e-02 1.114393612847704301e-01
1.097344684537174681e-01 9.451828176611358490e-02 1.100530956925207526e-01 8.935830339639680431e-02 1.114543652120590922e-01 8.695396623689304050e-02 9.563332388514329818e-02 9.732403688363952532e-02 1.061307470916896117e-01 9.883941138182682218e-02
1.189192276380781482e-01 9.199010196358994862e-02 1.202817241480820254e-01 8.430583599546252749e-02 1.123916538870338849e-01 8.610805261973651648e-02 9.177253900404179487e-02 9.199001146111165927e-02 9.774776446524421902e-02 1.044930888176192757e-01
1.192218559907644443e-01 9.140116040724304003e-02 1.204221276988499262e-01 8.018035906896138487e-02 1.071437260503917827e-01 9.239812079710121862e-02 8.788668711682626200e-02 9.441833444729899605e-02 1.020780787858647787e-01 1.048495496366981944e-01
1.114022645752840573e-01 9.408155681696907247e-02 1.118164569695308252e-01 9.374221751632516586e-02 1.119176562497333910e-01 8.670075796937251611e-02 9.752222979429539529e-02 8.725054858450552453e-02 9.553993748275313447e-02 1.100263740412309038e-01
1.223705796203138213e-01 9.260490279961101912e-02 1.229131140605762423e-01 8.245124286476424036e-02 1.048256459994134498e-01 8.792609873609956439e-02 8.274638865811199950e-02 9.383197306747549649e-02 1.034904069317086200e-01 1.068396472619255327e-01
1.150476139286634170e-01 8.982773507336686003e-02 1.156961735325559015e-01 8.080367259670580282e-02 1.220161155866555242e-01 8.136243453916096324e-02 9.098056562194246910e-02 9.587132046189300594e-02 1.034356991827274919e-01 1.049586694763285505e-01
1.136693022224212618e-01 9.016308761164999741e-02 1.144484707944447427e-01 8.126276923526257190e-02 1.228987526710513395e-01 8.718963207172765462e-02 9.552238181040480225e-02 9.147954903577674990e-02 9.812322048808592989e-02 1.052428340591750194e-01
1.178391192346236599e-01 9.187005287799444864e-02 1.185319130375382946e-01 7.907497653362408063e-02 1.162846125829900129e-01 8.374803746745057564e-02 9.328702731642417312e-02 9.361996226504723517e-02 1.013817157928914442e-01 1.043625828914160336e-01
1.182154683287721525e-01 9.389641401095524809e-02 1.187120050226618678e-01 8.640071908039041737e-02 1.045676601867305405e-01 8.809171760041667465e-02 8.705808527061596747e-02 9.432293330171523382e-02 1.031520124911954328e-01 1.055829847065464511e-01
1.140770681896731142e-01 8.850507282233333051e-02 1.146876956800094716e-01 8.428958678227538304e-02 1.162962363349214073e-01 9.687250047815361420e-02 9.526986759585831521e-02 8.977761701096684255e-02 1.005938682373671150e-01 9.963048686844142021e-02
1.195534487352219871e-01 9.007373817681751937e-02 1.206657278047616050e-01 7.934546475128025078e-02 1.182375588381660153e-01 8.431416196551688724e-02 9.287796693437407047e-02 9.097230707162394514e-02 9.835750231686037071e-02 1.056021234053774044e-01
1.136692863104786094e-01 9.025165115693042917e-02 1.146175441576541415e-01 8.315714893518788564e-02 1.262204728816923860e-01 8.123932736142493172e-02 9.732544658856344399e-02 9.378827246660864647e-02 9.938791215220513231e-02 1.003429379892543660e-01
1.174193716149182082e-01 8.633790537699931322e-02 1.181649478262013636e-01 7.588135810579528517e-02 1.288557905683449245e-01 8.461084966640340654e-02 9.160756570337483251e-02 9.060430540937430832e-02 1.005702005546037225e-01 1.059477051739847325e-01
1.207996308899275395e-01 8.758381759975741865e-02 1.214562746770933149e-01 7.573326311123081134e-02 1.267739933780474004e-01 8.312579159813139607e-02 9.307426000918284092e-02 8.885057831128789774e-02 9.720640055955447056e-02 1.053959898657868682e-01
1.245705535732929276e-01 8.681752025956389340e-02 1.254552360941714739e-01 7.916107906082733847e-02 1.123935595925437264e-01 8.092828871056870210e-02 8.525054653855750064e-02 9.149781879234293591e-02 9.732161854370234566e-02 1.166037788344291420e-01
1.215328409278165767e-01 8.768828836546332939e-02 1.224511929775425195e-01 7.544388876422090939e-02 1.235055482670334853e-01 8.378896265288457434e-02 8.887898117296988421e-02 8.918269195619489553e-02 1.001333519716215703e-01 1.073942529442521721e-01
1.166787038043176766e-01 9.083231461815438612e-02 1.179360514784113800e-01 8.352750161979627386e-02 1.135979930019776485e-01 8.941743245728182854e-02 9.433466832331012519e-02 8.975654637587426876e-02 9.797704476214387503e-02 1.059417435587325651e-01
1.486060676874894348e-01 9.738335188825417155e-02 1.504004724981637675e-01 5.383475609990604621e-02 8.627842351940966104e-02 5.889654606270253862e-02 6.572707171073344234e-02 9.902348200055885452e-02 1.186857850088603172e-01 1.211640435239217245e-01
1.166748843190253127e-01 9.303547837385225949e-02 1.175072684522839028e-01 8.004193510147566970e-02 1.143720832776143337e-01 8.130396010149147645e-02 9.248034803830604278e-02 9.621676709208976108e-02 1.056808432666998254e-01 1.026864319771614020e-01
1.185272143320676291e-01 9.228610824193690665e-02 1.195649457267896620e-01 8.134664378260686446e-02 1.136826208298748198e-01 8.243003856481075087e-02 9.074231554477192596e-02 9.454491697198826039e-02 1.020217330294906077e-01 1.048534629756625591e-01
1.208084240403566462e-01 9.167440790442259180e-02 1.217915518773440425e-01 8.288329788128513675e-02 1.112027516463333782e-01 8.950548462024569829e-02 8.956183571190320936e-02 8.947204705985090101e-02 9.901807564162878883e-02 1.040821236166296071e-01
1.168533698257789993e-01 8.958497881573317112e-02 1.177344967012461524e-01 8.367441621146315400e-02 1.265768551943272091e-01 8.086910459602764112e-02 9.623130904971749500e-02 8.585590972101582452e-02 9.470687764517980722e-02 1.079126822395105739e-01
1.232029423392589917e-01 8.843190682083167109e-02 1.243382278504468197e-01 7.638267141733294519e-02 1.190364959357361058e-01 7.948152864917061577e-02 8.735898367238079110e-02 9.142189012111190394e-02 1.032271492064495283e-01 1.071182039872806552e-01
1.161091828517498009e-01 9.242057052413164830e-02 1.167642444620395070e-01 8.109808035344355515e-02 1.190815614797812449e-01 7.937690456793604354e-02 9.397620958483041131e-02 9.684150089542012396e-02 1.037569486710209488e-01 1.005747966096467022e-01
1.229694907740249282e-01 9.165748808544085802e-02 1.242649592528156516e-01 7.482709177661416022e-02 1.144392215464391932e-01 8.056298596014659086e-02 9.017955593554054239e-02 9.257187921368204009e-02 1.017766518881300514e-01 1.067506755671659840e-01
1.189027277317830505e-01 9.155073540583401337e-02 1.199849593402526338e-01 8.589627853301184945e-02 1.095507172671129764e-01 8.991507174251803236e-02 9.151781749330337168e-02 9.261233280144649804e-02 9.567351125633176412e-02 1.043958484284057964e-01
1.226194870734244602e-01 8.962455393848176022e-02 1.242658302963930150e-01 7.861949475777965657e-02 1.167185445033145641e-01 8.243777104324519212e-02 9.062603976498907754e-02 9.008425413874744658e-02 1.009755047053061960e-01 1.040285197783186316e-01
1.139425240660369015e-01 9.259090561586982848e-02 1.147389392227024796e-01 8.644287516907507574e-02 1.140865181826016400e-01 8.588417918881964541e-02 9.443265349051176150e-02 9.632567899331410943e-02 1.004067913998636513e-01 1.011489346712049486e-01
1.225254586945497826e-01 9.294910830778535527e-02 1.233921120922223530e-01 7.840860330394214261e-02 1.090854535636444078e-01 8.163048024583695328e-02 8.361611943826623150e-02 9.211909435314981354e-02 1.061952198201089048e-01 1.100783501804940417e-01
1.192583077404257424e-01 9.051174836335232343e-02 1.200367646185689779e-01 7.831234766177472273e-02 1.174691786922043846e-01 8.100282819783377608e-02 9.149396152333739984e-02 9.597549420723705538e-02 1.034941932222985805e-01 1.024451757729670648e-01
1.182374437324014010e-01 8.625092251928856424e-02 1.193917997307397255e-01 7.770857117668060476e-02 1.268400191517687070e-01 8.621862086293471950e-02 9.353599309594294586e-02 9.069581468613162334e-02 9.870628292971445061e-02 1.024145321143972581e-01
1.131183051182474836e-01 9.434208619293249498e-02 1.137117461261707291e-01 8.541354219714883400e-02 1.077403763543131332e-01 8.773279034742971494e-02 9.433829743138053003e-02 9.912955913423314447e-02 1.051992589943375328e-01 9.927403810380637517e-02
1.217368707992474430e-01 9.086982108005901837e-02 1.228305286892411030e-01 7.966570571887050811e-02 1.130236483591552377e-01 8.617326923205978484e-02 8.867123205410042119e-02 9.069588951855876713e-02 9.983986933978801492e-02 1.064931652089197156e-01
1.161451538300419112e-01 9.231793870372841104e-02 1.168468981307212579e-01 8.300030792789463152e-02 1.122269350046106451e-01 8.677122687772395593e-02 8.931972034771364088e-02 9.218098153121855043e-02 1.049484731217789069e-01 1.062423645245680892e-01
1.222495118675999415e-01 9.268461098252153696e-02 1.232362215283238221e-01 8.292475403987152605e-02 1.090958032235187364e-01 8.374746132516509844e-02 8.812665642453919312e-02 9.251752356244162534e-02 9.999939330265827930e-02 1.054180637433602685e-01
1.131534132985997088e-01 9.008800661914255492e-02 1.137908901595526268e-01 8.183435447296823206e-02 1.167269355449009338e-01 8.827373864638911327e-02 9.638696664250036295e-02 9.457829028566670793e-02 1.049197216432725954e-01 1.002476826870072057e-01
1.255907252391630646e-01 9.054299194327763978e-02 1.268819243247935047e-01 7.918223897363604880e-02 1.090259815374741148e-01 8.200204933492336035e-02 8.711107137749493634e-02 9.003159898702471631e-02 1.012504660428364817e-01 1.083809522393760494e-01
1.257089100829602568e-01 8.872200789906695140e-02 1.270245014311283949e-01 8.252196256892964377e-02 1.153224124906481185e-01 7.998419534574875700e-02 9.126573747977671791e-02 8.784233912477677764e-02 9.590977057004845818e-02 1.056981630069159378e-01
1.165577784170877124e-01 9.318205893356273917e-02 1.172648777754054517e-01 8.787556263807741463e-02 1.123690553286811611e-01 8.555050178200634958e-02 9.267076975878263401e-02 8.723537071325335179e-02 1.002638399583130197e-01 1.070301846948301522e-01
1.223550936254164667e-01 9.110613088070579346e-02 1.233510471158936611e-01 7.612387015133580126e-02 1.112915430858697208e-01 8.452017520517311755e-02 8.638271267733649283e-02 9.563532034718590091e-02 1.015831596797279607e-01 1.076509472313551541e-01
1.142678385475063563e-01 9.230340478738728593e-02 1.147775645113641579e-01 8.862900237960179284e-02 1.131853673601832116e-01 7.953049640151425848e-02 9.541598495248439227e-02 9.597046521971480670e-02 1.047646030130160583e-01 1.011552728272277074e-01
1.224200591845269470e-01 8.794505939589210286e-02 1.237012469047603508e-01 8.224754057051471279e-02 1.190278644947021791e-01 8.326452208350434980e-02 9.127782152820386463e-02 8.580468283808032059e-02 9.525507647200227856e-02 1.090561265278128383e-01
1.270233540429367980e-01 9.152934495748066279e-02 1.283754145704908978e-01 7.475551321344431344e-02 1.131874062012310361e-01 7.940533218479622901e-02 8.810245520568578403e-02 9.303604510538400485e-02 9.904324965147648374e-02 1.055418848670738319e-01
1.230339085588853659e-01 9.417225124151026860e-02 1.238969754723756589e-01 7.737798840559509395e-02 1.073431484679718273e-01 8.132060364237160555e-02 8.732906479239699316e-02 9.444775430310557718e-02 1.021420376212814063e-01 1.089362674945062587e-01
1.224009631285370991e-01 9.114190369646979484e-02 1.235162744298892862e-01 7.325119729281659442e-02 1.188602938061286141e-01 8.112363038067220422e-02 9.134603667489747669e-02 9.272322216168996101e-02 9.938235043783774647e-02 1.062541279910612785e-01
1.003444865483053283e-01 1.004045526768611168e-01 1.000979541133310419e-01 9.808550296835093218e-02 9.871837567084158771e-02 9.620213047411492469e-02 1.019012543645454461e-01 1.030409974217889602e-01 1.055261157802348942e-01 9.567862998162574018e-02
1.016124310708500095e-01 1.012062393065828320e-01 1.014330609547774431e-01 1.052472332421498930e-01 1.038143476231885159e-01 8.551909092218926145e-02 1.057639185451394875e-01 9.308867688734119572e-02 9.267108474189361678e-02 1.096439167058877312e-01
1.109538279945569555e-01 8.877094726896536669e-02 1.114121294360206488e-01 8.547446931919164270e-02 1.260365950735559681e-01 8.853922561279534142e-02 9.751771204803326432e-02 9.303190053942037019e-02 1.001722341689481044e-01 9.809095853851232394e-02
1.144807047550122220e-01 9.244478414778813102e-02 1.151025021772810047e-01 8.476372132764477263e-02 1.177565000092891806e-01 8.502073477654917277e-02 9.532977048387561436e-02 9.459200463258297942e-02 1.000461667003185728e-01 1.004631109896583635e-01
1.168716044443874336e-01 9.044500670639878115e-02 1.177284270794457660e-01 7.715367221541906406e-02 1.235144757918706787e-01 8.142836709813981722e-02 9.719529216225487878e-02 9.293786928888937704e-02 9.836105489136927338e-02 1.043642303218249301e-01
1.167274064811598400e-01 9.238552240559233519e-02 1.177945854952306276e-01 8.362835939230996163e-02 1.083363194282340874e-01 9.304319587874952668e-02 8.896655674132805669e-02 9.209460386335277526e-02 1.005152251486208931e-01 1.065082251654219242e-01
1.194936092316450094e-01 9.053067922137919554e-02 1.204597066072839173e-01 7.879196873371974164e-02 1.174411228695017434e-01 8.002185127071194393e-02 9.044626343148877423e-02 9.392550090231942261e-02 1.038971872903048654e-01 1.049921104416453865e-01
1.187871397492186315e-01 9.114986897457162673e-02 1.193594991546604173e-01 8.202953112357780352e-02 1.098818243659085009e-01 9.084602296458074711e-02 8.857826112182748401e-02 9.154520779490446514e-02 1.016647241741675117e-01 1.061579205765828121e-01
1.260143399199899483e-01 9.231374045346052437e-02 1.273976350285354608e-01 7.705621102847193260e-02 1.060048303898821903e-01 8.259527092218808819e-02 8.472209208762380983e-02 9.348468707912827025e-02 1.035032924481998212e-01 1.069079006425199402e-01
1.148255227605290141e-01 9.103094695909910716e-02 1.152879957931450122e-01 8.115182873458882951e-02 1.302160396812070964e-01 7.709749584789338250e-02 9.523534476358881673e-02 8.931427666522601116e-02 1.008852245419528809e-01 1.049553242527699326e-01
1.157106636625605811e-01 9.257739101227499545e-02 1.160977271847323244e-01 8.366886470967627165e-02 1.131143428348677649e-01 8.402942515360342646e-02 9.429846154046486739e-02 9.377130382397957931e-02 1.044634226455298243e-01 1.022683974323103789e-01
1.238982113511647165e-01 9.150611793022377094e-02 1.249931493870819060e-01 7.925421963458520458e-02 1.109068336909965341e-01 8.281227945161741266e-02 8.676112288106273274e-02 8.934958900743160404e-02 1.021697908934693089e-01 1.083486857723667818e-01
1.193946648007473826e-01 9.114147460557030234e-02 1.206706276834727115e-01 8.168230383184614529e-02 1.109547533196497265e-01 8.842509740474498170e-02 9.039223444306747346e-02 9.189600769965314275e-02 1.013496219171394624e-01 1.040932142941086852e-01
1.234195046138936991e-01 8.919801820734417352e-02 1.247170056154103812e-01 7.853087853083831615e-02 1.124535732132972837e-01 8.546989739516513973e-02 8.818307662789166834e-02 9.086342739023355042e-02 9.838477645081480927e-02 1.087798419551109230e-01
1.268514612803462172e-01 8.835014272589930551e-02 1.278753742054613840e-01 8.029658657702512525e-02 1.157496107406678770e-01 8.054187325388467711e-02 8.736793265893359750e-02 8.907229841949167171e-02 9.569646128373829330e-02 1.081982588545518653e-01
1.172265368254431922e-01 8.826266317632824876e-02 1.180292697120381845e-01 8.244880201643586815e-02 1.212604378462945609e-01 8.876915815661846898e-02 9.313428260102520062e-02 8.655501650687899562e-02 9.744736050757306367e-02 1.068664726513642305e-01
1.249103733867892724e-01 8.800369363229591790e-02 1.262361731829535483e-01 7.440152303202585138e-02 1.235907946410895325e-01 8.128290674073347655e-02 9.266707918497275875e-02 8.930331083562985384e-02 9.613335100521437637e-02 1.034707943582954121e-01
1.160004908935474838e-01 9.595911846207386131e-02 1.170837356704216986e-01 8.305672432456456811e-02 1.032966289998011600e-01 8.959322370087975662e-02 8.753876384763283058e-02 9.650169624677494562e-02 1.027259489106469581e-01 1.082436689436567512e-01
1.243340937327333251e-01 8.912241447771206138e-02 1.253175255252108322e-01 7.376878624624678971e-02 1.201586166455058946e-01 8.232181779772751451e-02 8.782596314693005835e-02 8.745693321411866783e-02 9.909798654068410761e-02 1.105958626731307209e-01
1.162917000914985566e-01 9.504965429633181750e-02 1.169832436360408734e-01 8.873647887507508936e-02 1.016082082996052627e-01 9.224818535662929198e-02 8.778620648235910262e-02 9.412558839795037713e-02 1.022719280818677190e-01 1.048988064826419653e-01
1.123931938406351333e-01 9.604335421525311833e-02 1.130286312243456437e-01 8.573922344223747216e-02 1.109306584266677997e-01 8.644642019461459825e-02 9.508992724749197600e-02 9.256566424442393137e-02 1.024061771962985756e-01 1.053567499680317793e-01
1.267858224476111073e-01 8.490608411748706841e-02 1.280411233578231944e-01 7.612663504588562668e-02 1.292881602120513895e-01 7.917763889677924272e-02 9.292719211038412419e-02 8.624464042409051012e-02 9.440309476160797797e-02 1.020996086262798003e-01
1.130865044934431934e-01 9.448688719594770802e-02 1.138341250362839147e-01 9.281881335355859908e-02 1.077761983096329063e-01 8.985813187106286848e-02 9.458458999174552961e-02 8.877232147857064271e-02 9.563048085754315142e-02 1.091519474122115002e-01
1.120167521691195350e-01 9.802781712205320408e-02 1.126087368287502638e-01 8.960709593194310374e-02 1.080123241261814609e-01 8.388838583498244017e-02 9.099548085746965442e-02 9.158801224888347969e-02 1.029422512261795875e-01 1.103131436544372707e-01
1.194289919512149939e-01 9.093258031694648191e-02 1.204083144724180515e-01 7.979780679583807490e-02 1.132432180811056149e-01 8.402790831024918583e-02 9.183010621062519252e-02 9.381045232897551600e-02 1.040446487822674349e-01 1.024759727503594398e-01
1.163839459080295985e-01 9.260410082789873043e-02 1.166584949332297172e-01 8.537842866541242581e-02 1.115338690997140503e-01 9.137497913418575479e-02 9.202328101850969222e-02 9.225679280144319372e-02 9.915088422144731350e-02 1.026352233901295929e-01
1.192600020880711653e-01 8.753783998694168733e-02 1.202521591921390659e-01 7.464738251068553376e-02 1.299536986153010665e-01 8.181678593892377505e-02 9.594428051337572372e-02 8.834445863834441970e-02 9.751766190879582186e-02 1.047257306074217548e-01
1.223762575834859007e-01 8.952007157935339132e-02 1.235961424808880854e-01 7.841056151165140542e-02 1.166455252971112383e-01 8.062657346585350160e-02 8.918642684956755440e-02 9.041007370568514279e-02 1.031674018886821198e-01 1.060609656377216603e-01
1.085910293741652877e-01 9.366333820013955647e-02 1.091314225010302369e-01 9.053425691657113195e-02 1.213646516485735599e-01 8.687549851732240258e-02 1.024150900496417493e-01 8.717216496839924611e-02 9.739663826986122430e-02 1.028559095542956464e-01
1.108079753469897732e-01 9.377596175620410424e-02 1.109587733118331393e-01 9.101465989724959182e-02 1.030300114469719086e-01 9.675415913228954667e-02 8.864061305815892911e-02 9.392073305265992433e-02 1.077406797581855480e-01 1.033564332394575069e-01
1.164859253815814233e-01 9.680500131667739427e-02 1.169566607687909376e-01 8.729882465288103799e-02 1.089985580244421381e-01 7.972177709297370574e-02 9.021017834151365267e-02 9.648257114525257694e-02 1.033309765035353295e-01 1.037095267723518316e-01
1.172533807964253466e-01 9.031898327102380608e-02 1.182174474896863225e-01 7.894622159147535179e-02 1.141082388922647212e-01 8.829958308010776857e-02 9.368585911136528832e-02 9.581095218882014486e-02 1.008938033950481095e-01 1.024655301837831545e-01
1.202303767517224481e-01 9.016933954899424009e-02 1.214460974693852141e-01 8.052200445997591272e-02 1.163750121031196655e-01 8.512138004466771046e-02 8.916886554570971346e-02 8.834253972879646533e-02 1.001783211793245698e-01 1.084460631683040743e-01
1.159819704018256320e-01 9.300578329477456052e-02 1.172430827804130937e-01 7.578903270027019523e-02 1.208919694512229775e-01 7.973610977601533478e-02 9.673037262169828510e-02 9.312253575378745540e-02 1.006930294690740746e-01 1.068061137509184466e-01
1.183651234646204836e-01 9.360117454120737979e-02 1.191784980794350218e-01 8.328325928690892554e-02 1.062168711083554817e-01 8.905178116328843485e-02 8.893047575702830998e-02 9.390341144804650875e-02 1.022252749721944548e-01 1.052441301789149297e-01
1.196834570650423951e-01 9.408922646194127493e-02 1.206442407416877388e-01 8.200370072649267039e-02 1.108109449553716375e-01 7.948994777299332737e-02 8.633650289361895214e-02 9.533923459102496001e-02 1.039417215894559848e-01 1.076610232023710451e-01
1.137002514091591393e-01 9.111986497382548733e-02 1.146260699151683826e-01 8.477537516063524126e-02 1.157799584709732765e-01 8.750426960197153770e-02 9.189407705748324495e-02 9.560580282035549549e-02 1.010719707897797387e-01 1.039223598006484561e-01
1.184532374006233013e-01 9.376925471160797720e-02 1.193762711903062906e-01 8.624638524813312002e-02 1.058687678502335389e-01 8.571728634075080622e-02 8.989578163905120878e-02 9.601389092249446033e-02 1.035127949429889976e-01 1.011463297538103129e-01
1.185493532842198799e-01 9.437450109438560997e-02 1.192374421769610560e-01 8.077409387193558443e-02 1.086051439593383044e-01 8.436741719332739586e-02 9.107056670067920079e-02 9.598365436971346976e-02 1.017151842321146332e-01 1.053226431173248795e-01
1.198325363641729036e-01 9.274334080054758012e-02 1.202987412995337874e-01 8.737175664805446607e-02 1.061806532702056632e-01 9.080435747982874839e-02 8.869617794518043496e-02 9.102055716110935002e-02 9.865551552741855246e-02 1.043963635039485000e-01
1.206795792518323696e-01 9.422038078801490968e-02 1.210831502863905923e-01 8.490821902500214624e-02 1.064529938767830725e-01 8.212546507425931563e-02 8.618398809856428477e-02 9.431563354623333228e-02 1.026137575823671821e-01 1.074168324705527672e-01
1.174467062602140288e-01 8.981191766626475670e-02 1.183860299770777835e-01 8.433460827202246546e-02 1.259939346954484785e-01 8.119605230356792547e-02 9.474827665529068910e-02 8.859168538659066561e-02 9.579949443870941495e-02 1.036912943448137503e-01
1.155049099120321610e-01 8.528878321719414457e-02 1.163712002614690488e-01 7.956782853755056673e-02 1.381824539209446367e-01 8.306712355164483363e-02 9.958196577710146102e-02 8.586265629549968970e-02 9.599037547822461547e-02 1.005827030483388423e-01
1.175600397154357990e-01 9.525409510836101157e-02 1.180118027920039614e-01 8.144352574117098842e-02 1.057343428649165917e-01 8.245943313528623919e-02 8.959322897565973054e-02 1.026175706900150780e-01 1.047553278900910101e-01 1.025706330870595900e-01
1.227865582259723282e-01 8.982260657303939300e-02 1.233940564589725702e-01 7.835726389898144129e-02 1.182602671845206233e-01 8.181506448263309306e-02 8.818888059425103454e-02 9.091329136712439363e-02 9.932188598709876248e-02 1.071401252274064159e-01
1.166168807937474627e-01 9.027047161337790893e-02 1.173973681310474942e-01 8.130178769697916918e-02 1.156101816438211138e-01 8.910252541085017519e-02 9.288891891350191388e-02 9.175325980593622421e-02 9.987068291668488307e-02 1.051879230740536825e-01
1.154275519487134860e-01 9.310767279648010653e-02 1.156997644798030273e-01 8.340291250494967501e-02 1.222174391987535247e-01 7.683619536242949910e-02 9.312456338446463422e-02 9.314917771117697809e-02 1.034104735560167909e-01 1.036242490572122643e-01
1.231350006706738304e-01 9.425246715760111915e-02 1.244110074655346010e-01 7.662253791140199999e-02 1.032154447451083118e-01 8.434299810429114752e-02 8.327303669800766028e-02 9.604785952209521360e-02 1.059253914283626447e-01 1.087742562969235133e-01
1.233678864407650733e-01 9.108936257983914209e-02 1.239139614236852704e-01 7.739019295003041199e-02 1.156465264926915537e-01 8.118133837572605316e-02 8.708071598835201432e-02 9.049074772163259728e-02 1.005753467362475728e-01 1.092639212910303248e-01
1.204194679378988025e-01 8.830297897220255876e-02 1.214465576803975821e-01 8.282419139041827250e-02 1.190747317510487957e-01 8.420557626365442194e-02 9.415418961994077851e-02 8.974759955058644878e-02 9.558742998738641028e-02 1.042372768464659427e-01
1.156870829165235898e-01 9.484490799707129272e-02 1.165818467021018517e-01 8.253594532968183684e-02 1.112252970283747061e-01 8.277933816128045519e-02 9.129126366172320151e-02 9.566196616800405617e-02 1.035108295288649505e-01 1.058815225063740734e-01
1.188955812335373008e-01 8.825251898623097391e-02 1.199195474366684944e-01 7.796741337909379732e-02 1.267635786974718182e-01 8.280022032175995972e-02 9.821795771937466557e-02 8.947794196917299714e-02 9.497468506619319295e-02 1.027305551904968417e-01
1.091764736196426666e-01 9.684933715890554906e-02 1.095725530376137069e-01 1.009452045402343956e-01 1.041767708423758376e-01 8.468201456615913336e-02 9.597584614478026077e-02 9.084090956823670515e-02 9.462370875176757956e-02 1.131571817702841931e-01
1.141217053886341148e-01 9.081128621182280036e-02 1.149514383419278918e-01 7.978197522319246948e-02 1.185133834786365331e-01 8.867415730796718298e-02 9.199331870624588570e-02 9.362083001937059057e-02 1.008026727031521574e-01 1.067292326190503737e-01
