1.048145471906763160e-01 7.998443803742993907e-02 9.643236303362380524e-02 9.561822593515179047e-02 9.574890214930767418e-02 9.637830608254426001e-02 9.582391300979155313e-02 9.874381199729843905e-02 1.228872829846431591e-01 1.135682095795330498e-01
1.023969098112005593e-01 8.493922428627180554e-02 9.529447161493137530e-02 9.597236035114461994e-02 9.591847910217533857e-02 9.520825710114597107e-02 9.603615293895373384e-02 9.739812298045683048e-02 1.267659990460542341e-01 1.100700227676655180e-01
1.038507648931251554e-01 8.708347237563705823e-02 9.788199381631280949e-02 9.585002626671595971e-02 9.587682401956189315e-02 9.781992302555016228e-02 9.595531807657353696e-02 9.726654182383416558e-02 1.223254832663433073e-01 1.060896524363459520e-01
1.031795146911135275e-01 7.828539602633256822e-02 9.170906018874357135e-02 9.221507966464982664e-02 9.226812344652186859e-02 9.162740279567986590e-02 9.238339737875214674e-02 1.089269929150158966e-01 1.209102179425910195e-01 1.284948149505996673e-01
1.021790645852932861e-01 8.135259443213148367e-02 9.403036524160177101e-02 9.536602371656312249e-02 9.539973599102463675e-02 9.400145280126287473e-02 9.544010172811025206e-02 9.861946745858614360e-02 1.299234027064798402e-01 1.136877913389466171e-01
9.816976351428316483e-02 9.581344216812269499e-02 9.402437651721420875e-02 9.621980798910693966e-02 9.629892093507085027e-02 9.407159257323270685e-02 9.623079142579818446e-02 1.007670121718173273e-01 1.176589360945424628e-01 1.107453566108115017e-01
1.064200635483243951e-01 7.849459067850614313e-02 9.452356656840593674e-02 9.427575210834703012e-02 9.444231942864410312e-02 9.448821868000295554e-02 9.449386364099252034e-02 1.017590645410904465e-01 1.273314233107886717e-01 1.137711374948977977e-01
1.000631278953457298e-01 8.285911629052132577e-02 9.185392703131882441e-02 9.461434465366690139e-02 9.464529135671312376e-02 9.178766556063977511e-02 9.474449732976721050e-02 1.056766053349775941e-01 1.206320849495596675e-01 1.231233395974898753e-01
1.034053873546120772e-01 8.781974530062074125e-02 9.649852005460035631e-02 9.658886926399361250e-02 9.666789208821910395e-02 9.642411429390078392e-02 9.677220355731798451e-02 9.715030834380482261e-02 1.206447477999393891e-01 1.080282119429910870e-01
1.042986548608976771e-01 8.304640862096318576e-02 9.368326974234286730e-02 9.511168929417272710e-02 9.507841348228855682e-02 9.360110938120279334e-02 9.519380904436935964e-02 1.007362168383210133e-01 1.244426797792991535e-01 1.148077489561426523e-01
1.026073172110904680e-01 8.420127259754864313e-02 9.136442020234478156e-02 9.382488986127128505e-02 9.376376803458823239e-02 9.128998123238815654e-02 9.387036253717236101e-02 1.039560603071631728e-01 1.285542398059982272e-01 1.165676882104347001e-01
1.041860976464244470e-01 7.925917373683410982e-02 9.407440770318865886e-02 9.236198886045740575e-02 9.236089332550487252e-02 9.396342498999075976e-02 9.250685065544332619e-02 1.004953891466834337e-01 1.291862471822339820e-01 1.216055267532389905e-01
1.026195384793776727e-01 8.398498243856185319e-02 9.096597991478486134e-02 9.347689480897869441e-02 9.366429102977737176e-02 9.096255688278503948e-02 9.367577299410330405e-02 1.046393852348709991e-01 1.189482974925054892e-01 1.270623007242547009e-01
1.008015051768223064e-01 7.586641758514842127e-02 8.913300063503473702e-02 8.956876185187266637e-02 8.956862005836679907e-02 8.904197342844062668e-02 8.969502399724936514e-02 1.103189449208024780e-01 1.261202710349701717e-01 1.398854813112924422e-01
1.024171983677828052e-01 7.577370265643829095e-02 9.124310215964066828e-02 9.207335813280666248e-02 9.213628028593137675e-02 9.118049236587839890e-02 9.222558868700171664e-02 1.076381681461683337e-01 1.260774487450503911e-01 1.292346604533013421e-01
1.023557730408895111e-01 8.173587715527999564e-02 9.382836649971701415e-02 9.250303731483705549e-02 9.249144541865952918e-02 9.376145434414316637e-02 9.257718239502917001e-02 1.016179241975719710e-01 1.292836427638508201e-01 1.198452968700217391e-01
1.019157693528396219e-01 8.555214416850608072e-02 9.394395915726913571e-02 9.485458028230060734e-02 9.478128454352405252e-02 9.385509852468197634e-02 9.490287215227709294e-02 1.014052432823859817e-01 1.207777085597028649e-01 1.180113399765125304e-01
1.053800859049284777e-01 7.911714110895888552e-02 9.806126004396015228e-02 9.711807495900186271e-02 9.714666301309531071e-02 9.793281088189190187e-02 9.732140001646356897e-02 9.964015627094109651e-02 1.205768581431020670e-01 1.077055496576566490e-01
1.085298989308629974e-01 7.717157827093162892e-02 9.500309690367474136e-02 9.646044448342279420e-02 9.654444128982279938e-02 9.490906795992200273e-02 9.668211152101195693e-02 9.527835883495451574e-02 1.314239662583879531e-01 1.079970355470085963e-01
1.025091904006845689e-01 8.289234185843818992e-02 8.978658927289134839e-02 9.339537906201954287e-02 9.348677258062033923e-02 8.973461632532427068e-02 9.356976231224309326e-02 1.065356413695922877e-01 1.229011815062509283e-01 1.251885253119354169e-01
1.043404285174274887e-01 8.177193465285632901e-02 9.366848995341540973e-02 9.569613014543293383e-02 9.572578894146258066e-02 9.360718532997408525e-02 9.581518135246158696e-02 9.720094696016033653e-02 1.303603727413039925e-01 1.118135414055052984e-01
1.022408982718996662e-01 8.468602555910975660e-02 9.406695110913879110e-02 9.489008444225950634e-02 9.480306122439589867e-02 9.396518128165455563e-02 9.494236587791217430e-02 1.044106446146697287e-01 1.202264516060124327e-01 1.157683360129474759e-01
1.004948207233198193e-01 8.649722490983353940e-02 9.493713980870002733e-02 9.399131115432345085e-02 9.398210574347494461e-02 9.487195187607234959e-02 9.406661928719582677e-02 1.005326357299910350e-01 1.233443437293093442e-01 1.172818470377796213e-01
9.937487631610891770e-02 7.896434554227542424e-02 9.052310227393070563e-02 9.316765989985073548e-02 9.319703734554542207e-02 9.044988596647937640e-02 9.330632303797398164e-02 1.086498149322481649e-01 1.227032034743757299e-01 1.296637512112115143e-01
1.024669645432080278e-01 8.842106245147507426e-02 9.543232163479288543e-02 9.528546101155400960e-02 9.538286787473813921e-02 9.540240648558269421e-02 9.542404351127946327e-02 9.425958179904921075e-02 1.263360749762383328e-01 1.115892157120822320e-01
9.193117235502565321e-02 6.456606680572944679e-02 8.298202446310698477e-02 8.191098261373194744e-02 8.200768108759735886e-02 8.289728776732677162e-02 8.212397701241853920e-02 1.407823556297465861e-01 1.134643140371576209e-01 1.773341382281590495e-01
1.037324877309919180e-01 8.563218688103506337e-02 9.790224190001931004e-02 9.676385533966996855e-02 9.677522079787533038e-02 9.782536548392010978e-02 9.687624727423399529e-02 9.547122193798741885e-02 1.217814631744658233e-01 1.072397094798010486e-01
1.060996588697802057e-01 8.528421906713651302e-02 9.486202892928242980e-02 9.400046609519709107e-02 9.407856314715072610e-02 9.484451048763681280e-02 9.410010049375028274e-02 1.048636472774720774e-01 1.192790177413052960e-01 1.125877878912885516e-01
1.041524947105980092e-01 8.323152632161882891e-02 9.306519905529628267e-02 9.403738012297711835e-02 9.403271349793609901e-02 9.300138201768406998e-02 9.412124738596269746e-02 1.029774677157696550e-01 1.241470230444112199e-01 1.172335661277459640e-01
1.016673529062850634e-01 8.630140785833081973e-02 9.376936175148299635e-02 9.252158615715012913e-02 9.257962499265273704e-02 9.370734074377672085e-02 9.266167948105477614e-02 1.074488858697192906e-01 1.173651588906127891e-01 1.219776013489346639e-01
1.059943454877849828e-01 7.904981551337285361e-02 9.416369873672159052e-02 9.391765153327100157e-02 9.398089539493313660e-02 9.411414383691882324e-02 9.404835897970037495e-02 1.003049237098298796e-01 1.301287388389003041e-01 1.142974279685670530e-01
1.041566830995235698e-01 8.192189978313303700e-02 9.471016610799867785e-02 9.424107626155961426e-02 9.417525500455163623e-02 9.461143568346638832e-02 9.430614384341005907e-02 1.011949483137958711e-01 1.234994285559398719e-01 1.171829633466212883e-01
1.034693187726160035e-01 8.051667189719845241e-02 9.254889199949857537e-02 9.524878521869822867e-02 9.518066190710988694e-02 9.246272411925982038e-02 9.530510130807520741e-02 1.012495083426701303e-01 1.240998420437623845e-01 1.199184943911113521e-01
1.069509237585862388e-01 8.637824956482222094e-02 1.040100421361681293e-01 9.418346766338979437e-02 9.421557055796543623e-02 1.039615102139098690e-01 9.425760645757941258e-02 1.055163347352097020e-01 1.066830080958220822e-01 1.038432868165470868e-01
9.914139557327042440e-02 9.016058967646439770e-02 9.478606356090449325e-02 9.719282262214409829e-02 9.726984058437655734e-02 9.478908278093764461e-02 9.726697631283301448e-02 1.001055350018913576e-01 1.177623328365545868e-01 1.115253610506234255e-01
1.024048133375825426e-01 8.187125926931174136e-02 8.796425825434590895e-02 8.790190629510576115e-02 8.798989659859877965e-02 8.791385694933716299e-02 8.806039362168024964e-02 1.142063914098056382e-01 1.250528320656907888e-01 1.366343921985415100e-01
1.028326260403776976e-01 7.177921757389507662e-02 9.297427741456974759e-02 8.999493706002183180e-02 9.014000603238700449e-02 9.292062131478853737e-02 9.020945405939480299e-02 1.112737306938523518e-01 1.224455217579139693e-01 1.354296080527990220e-01
1.053708646000323379e-01 8.329814686946443447e-02 9.584497580182070597e-02 9.572532710173681236e-02 9.578150759118933544e-02 9.577801383416797987e-02 9.587365179829229755e-02 9.431497271785009573e-02 1.302076403198624277e-01 1.078048993655836008e-01
9.923963095034520066e-02 8.206854699635762751e-02 9.080451872252311152e-02 9.169185399781995538e-02 9.179935221989062033e-02 9.077586070777610150e-02 9.184160088754397822e-02 1.023725699808953338e-01 1.325671662891512448e-01 1.268388992476968402e-01
1.013937681252407436e-01 7.750586355170852038e-02 8.985276605413146378e-02 9.200776980883090816e-02 9.205619211784255018e-02 8.981923366473283654e-02 9.210603922930546417e-02 1.053073874540626925e-01 1.291443346968147443e-01 1.308066452973301041e-01
1.024178826323257213e-01 8.367601148053618876e-02 9.213383788040686861e-02 9.444805412140640233e-02 9.446853336309191107e-02 9.207276644463066595e-02 9.455818936817264597e-02 1.017338878433588639e-01 1.274841101259349685e-01 1.170067267401358607e-01
1.022736471985644519e-01 8.223402394711265551e-02 9.206794911035622031e-02 9.323369104823091280e-02 9.319536344671851269e-02 9.200330774853819615e-02 9.328434329807196168e-02 1.065507296826128936e-01 1.206186981211961745e-01 1.245382463985980348e-01
1.042213669778001700e-01 8.635413077714580721e-02 9.273143265213061592e-02 9.479463411041944010e-02 9.493041088506390390e-02 9.269420662336932959e-02 9.498886888695620700e-02 9.770733930161823455e-02 1.295262682953647881e-01 1.120513414901314758e-01
1.045122125259615453e-01 7.949945991494021535e-02 9.387505747496070752e-02 9.371811769014025406e-02 9.370364706367508012e-02 9.377257094707716623e-02 9.384326826546740552e-02 1.031972359352581609e-01 1.247288164802910215e-01 1.191496137022284157e-01
1.067433331767606852e-01 7.781790768810512016e-02 9.657862277155603026e-02 9.334829463022779883e-02 9.340471027879977683e-02 9.651039643175995941e-02 9.348943768506164098e-02 1.047378432795335462e-01 1.204578591748818733e-01 1.169115948833135271e-01
1.067792484672766273e-01 8.590400039838605450e-02 9.458301110507109921e-02 9.358451653198179843e-02 9.371468650108276399e-02 9.457027198890521902e-02 9.373141410713264898e-02 1.029111604943550584e-01 1.223259707549356756e-01 1.118957196508730684e-01
1.037685201926954320e-01 7.318227432351398498e-02 9.477335503995508448e-02 9.250600002770986707e-02 9.270172316258822043e-02 9.473828170777436053e-02 9.274959798441365089e-02 1.047979582152510081e-01 1.233947350242207419e-01 1.273875543218776774e-01
1.065775755990081841e-01 7.955824600786132184e-02 9.551088421670365924e-02 9.262905007950890390e-02 9.272031034485817003e-02 9.545156765466007720e-02 9.279542295770203120e-02 9.852217779089939009e-02 1.293285040838313138e-01 1.169062612649669763e-01
1.037900610989099942e-01 8.416172473766871109e-02 9.509988230244381668e-02 9.473023183902584687e-02 9.478646297983707447e-02 9.506571338745839483e-02 9.483151709950055075e-02 1.038020783750147336e-01 1.204242828297206330e-01 1.133080453504202306e-01
1.076450972282008561e-01 7.962210473020198132e-02 9.569336453258027453e-02 9.353872293100733148e-02 9.359727656876395963e-02 9.564543381608354988e-02 9.365738898497029397e-02 1.083166210872468921e-01 1.198087430254004826e-01 1.124752470955444200e-01
1.048722947943193651e-01 9.067268821132004608e-02 9.619401774084737622e-02 9.752176024157080403e-02 9.751171115972195880e-02 9.621483037560156493e-02 9.747801801256632259e-02 1.085866477583085493e-01 1.046981404023658996e-01 1.062498913033780856e-01
1.051607683557519157e-01 8.537001498887115958e-02 9.473904130517284139e-02 9.394590978051767238e-02 9.397081325951106567e-02 9.464392360061490983e-02 9.409925780602987344e-02 1.026723741341994955e-01 1.222866615788992806e-01 1.131112351904318414e-01
1.077650259476420763e-01 8.501660916222067432e-02 9.707774909094302185e-02 9.651766652792843904e-02 9.645589131171901365e-02 9.698535533697583144e-02 9.657758369300192824e-02 1.014621363737082949e-01 1.155285983024548074e-01 1.066133842534058851e-01
1.022772507155336463e-01 8.676903464680119082e-02 9.432025118515031947e-02 9.701590815174426785e-02 9.683348140514977387e-02 9.419512243821440145e-02 9.701078444347360774e-02 1.035914858864764171e-01 1.161428642169045067e-01 1.118438169105519242e-01
1.021530077215367233e-01 8.090005729416534230e-02 9.257045189916979222e-02 8.974113637313181624e-02 8.979807145500266763e-02 9.251564708297248252e-02 8.986582888161859239e-02 1.067344662939748723e-01 1.278572914670668970e-01 1.278640415313608003e-01
1.046423044428077265e-01 7.379460346770960744e-02 9.341666919229774102e-02 9.160870096813578112e-02 9.174602261664378811e-02 9.336141410777458460e-02 9.182043529651598424e-02 1.058553264140010414e-01 1.273072482631816549e-01 1.264472752309321046e-01
1.024588290493056164e-01 8.031907021291442850e-02 8.995303917561017770e-02 8.857440409516585678e-02 8.864979344702210440e-02 8.993265821649110148e-02 8.867449359766189920e-02 1.092809454651651607e-01 1.296349513522601082e-01 1.325218153884034911e-01
1.014792422536714839e-01 7.620072999746073383e-02 9.049280558762497206e-02 9.005263818043117430e-02 9.023493739702406757e-02 9.047724451684066582e-02 9.025891564528422395e-02 1.097162058038363280e-01 1.239506765782824455e-01 1.371366040395438912e-01
1.045680262386870507e-01 8.037368470154691857e-02 9.490149288908900083e-02 9.489716844502633919e-02 9.496722519282775610e-02 9.484631415995396775e-02 9.504356414860348767e-02 1.006603044427076266e-01 1.237292026555844859e-01 1.160130171259733806e-01
1.054195022739427973e-01 8.380230612164776827e-02 9.691757951796363402e-02 9.363452056609997132e-02 9.367899874520471681e-02 9.688433981928505634e-02 9.371596829891239155e-02 1.064649481357451410e-01 1.159246278684153003e-01 1.135572086527832369e-01
1.022716810065877058e-01 8.520951279138781753e-02 9.103014100338685521e-02 9.263687076614848803e-02 9.268133304689006591e-02 9.099315123554146956e-02 9.273472799480880768e-02 1.016029064918846925e-01 1.330154802081135734e-01 1.178241954552505105e-01
1.067017505180551523e-01 8.638177438996408330e-02 9.560164441819073156e-02 9.494051003570300185e-02 9.497706279919129746e-02 9.560927051272540000e-02 9.496192957683832758e-02 1.080308407434652090e-01 1.106333882063196966e-01 1.121618287995470864e-01
1.008485176652758886e-01 8.614530234333733771e-02 9.397745891473301139e-02 9.485193031013096354e-02 9.476499899078087708e-02 9.387495261244722944e-02 9.490557786836995025e-02 1.002686697975015001e-01 1.241617820199622663e-01 1.162008094774610034e-01
1.056671955027924520e-01 8.067945308187525477e-02 9.673363990153235892e-02 9.449400119704456924e-02 9.447174843831858404e-02 9.662762397963040040e-02 9.460789110827626247e-02 1.009607673635796871e-01 1.246924487768341361e-01 1.110652306501163505e-01
9.917656510833990080e-02 9.220722627948793604e-02 9.015071349180053817e-02 9.764590099721039140e-02 9.767238041825469785e-02 9.016483428908197983e-02 9.765719059464381124e-02 1.028333108021696474e-01 1.161486086408014540e-01 1.163432693782096711e-01
1.068606349355741558e-01 8.223648633960314869e-02 9.707183455846329911e-02 9.546113918828715017e-02 9.561454593583024186e-02 9.704984315641770887e-02 9.564389201268888585e-02 9.463508011370143358e-02 1.270049406335570230e-01 1.084216031258769392e-01
1.054384663092332169e-01 7.971888760501680271e-02 9.549185691346354088e-02 9.144647073001438420e-02 9.150162759121475975e-02 9.547671917109143425e-02 9.151347163224782255e-02 1.067644353034484933e-01 1.179613702536415620e-01 1.246866944906280111e-01
1.008930305126140015e-01 8.302339472234814000e-02 9.353717622364551842e-02 9.259759518316676430e-02 9.263389561834375896e-02 9.346895947354895429e-02 9.272461856454060347e-02 1.067914350233768461e-01 1.177284212698762184e-01 1.266014734085391946e-01
1.037967337716183824e-01 8.075107128230546438e-02 9.387860700331887576e-02 9.392077311298002718e-02 9.400707641443727114e-02 9.382537500430808419e-02 9.408149707912213944e-02 1.051226679004730880e-01 1.214161783198105110e-01 1.192000201116261704e-01
1.057022069841856843e-01 8.677263284028702284e-02 9.635205098313981420e-02 9.607333901717068914e-02 9.619492350542785397e-02 9.631350159484169948e-02 9.624899827202115787e-02 9.737321422669223403e-02 1.217083811163134216e-01 1.072607514599204642e-01
1.042295166405130397e-01 8.536214491282108352e-02 9.163816969296362247e-02 9.159697380774223241e-02 9.165887640493891597e-02 9.164191601255679276e-02 9.165121653629192122e-02 1.127151356596374915e-01 1.188763498616384334e-01 1.206297004708964671e-01
1.017677253814460447e-01 8.082669336682050953e-02 9.299502741636044012e-02 9.307593402311976905e-02 9.309890489725358709e-02 9.290580538563288082e-02 9.322216649228724783e-02 1.046349080086125816e-01 1.249271916194202858e-01 1.225456434090466812e-01
1.010709907896661791e-01 8.181341375157313855e-02 9.384808143837018723e-02 9.169537215255914309e-02 9.166876971806370289e-02 9.377942780799961020e-02 9.175381752598731067e-02 1.091293742817563278e-01 1.165865001902282178e-01 1.286542523437961549e-01
1.040091993325342745e-01 7.627278460237915669e-02 9.282106148958535474e-02 8.913010650079930541e-02 8.923791610660349038e-02 9.279146087212467031e-02 8.927186627789189532e-02 1.106224912877727395e-01 1.222674898815157563e-01 1.335756236487933568e-01
1.008142260221200209e-01 7.908676125387406608e-02 9.130078411520133053e-02 9.069719406902521097e-02 9.084032120229618146e-02 9.129531374190194559e-02 9.084816991164275379e-02 1.072741905618989910e-01 1.260874757240706134e-01 1.317555633979688723e-01
1.024356222814227502e-01 8.077370742982634133e-02 9.586660739429686551e-02 9.124983655426788243e-02 9.137142988739564708e-02 9.586207967933571550e-02 9.137105309999583869e-02 1.003249929460718476e-01 1.321925496161336921e-01 1.185521211112533918e-01
1.040063960702917734e-01 7.812154331324890066e-02 9.183097464842746027e-02 9.094346705295178190e-02 9.102742639269541247e-02 9.180759701046119214e-02 9.105750660554752518e-02 1.052936730482994937e-01 1.272778306165301132e-01 1.286335852415463332e-01
1.018111684192786609e-01 8.467862499631230444e-02 9.216543161580909027e-02 9.431346536664295122e-02 9.424371469511284849e-02 9.206966180221098917e-02 9.438030539258006335e-02 1.055117727402015149e-01 1.225998075166587348e-01 1.182260474551928842e-01
1.222585241157360253e-01 5.434112393312141853e-02 1.004429604622301686e-01 9.986992013944330504e-02 1.001335286809390962e-01 1.001577649076467041e-01 1.005430404448927895e-01 7.829456914018091684e-02 1.550319024515846578e-01 8.892666572422498750e-02
1.069809364503777199e-01 7.897387337660284612e-02 9.546429829179219062e-02 9.405702600216725440e-02 9.406817466190102450e-02 9.540269110979612832e-02 9.414719528131666737e-02 1.059999150582097427e-01 1.189598164970885330e-01 1.159460732707478237e-01
1.043810464107584185e-01 8.125879484027535848e-02 9.521686951765144513e-02 9.429627986742010470e-02 9.430209885517046309e-02 9.512056909931074222e-02 9.443091191169401821e-02 1.021204412297889302e-01 1.223699486761327809e-01 1.165030395917977663e-01
1.028154909841586945e-01 8.415879384382200790e-02 9.262828073860722433e-02 9.510410960918978807e-02 9.512500280983215983e-02 9.258740269852588911e-02 9.518514762747623537e-02 1.001502271177272113e-01 1.265527714254527647e-01 1.156927731452080110e-01
9.856334129051678994e-02 8.366080965820313353e-02 8.878623581007613619e-02 9.317220783763500991e-02 9.319106600959355113e-02 8.876295383197498057e-02 9.322931507789400385e-02 1.059151501990542726e-01 1.226297336353609907e-01 1.320891866496911593e-01
1.064505072723691548e-01 7.801278339385832317e-02 9.322991812749811813e-02 9.101415110661935370e-02 9.108792237096481614e-02 9.315019952383730983e-02 9.119215007950509655e-02 1.045692999499059778e-01 1.282845597765240597e-01 1.230085083989177624e-01
1.045682742166691853e-01 7.969083375665331204e-02 9.620752471447045762e-02 9.302578679016110241e-02 9.307734496928783685e-02 9.617043523204860112e-02 9.312002302029116774e-02 1.062152473903825445e-01 1.177070696144135731e-01 1.202174602956221638e-01
1.049869742635554520e-01 7.470382755349383452e-02 9.398329788101744686e-02 9.439255991511169563e-02 9.441343237429271340e-02 9.385665270706039509e-02 9.459145200083189653e-02 1.026008933039979781e-01 1.282501751375052790e-01 1.182207348631332394e-01
9.906777744386358053e-02 8.859686282251372225e-02 9.563484431992949619e-02 9.475497232530658009e-02 9.472597019531928120e-02 9.557883321640486818e-02 9.479697195010669541e-02 9.885513043664914679e-02 1.243406672109935301e-01 1.136479700789131131e-01
1.044261506587123717e-01 7.926907493169739471e-02 9.202203845148498873e-02 9.256397171122986156e-02 9.250094503344437336e-02 9.189520036235669653e-02 9.267635521069950144e-02 1.051303247761807003e-01 1.285640748280423573e-01 1.209518640361517267e-01
1.015953962910794844e-01 8.739950536647975166e-02 9.750570904985141063e-02 9.360455041837235923e-02 9.359796120504781936e-02 9.743870316738621751e-02 9.367651302918453271e-02 1.034455687760999359e-01 1.161281039010433336e-01 1.156079887954551827e-01
1.093879288491474144e-01 7.829537301863936927e-02 9.416957009239515508e-02 9.557725772837633027e-02 9.565861528083216547e-02 9.410838332390442096e-02 9.574812226362276746e-02 9.731086824077296582e-02 1.271498378094465254e-01 1.125940433928628998e-01
1.051906046319736610e-01 7.878737144254321922e-02 9.636821616609117513e-02 9.182857010935489839e-02 9.192450564800590251e-02 9.630074252234976928e-02 9.200611402148230200e-02 1.059941636794361902e-01 1.220532862893525111e-01 1.195464254894103989e-01
1.019894207829038918e-01 7.995594349746136531e-02 9.266033646777346866e-02 8.899064093049650903e-02 8.901183550097969965e-02 9.259264800739701318e-02 8.909308316990574572e-02 1.109219843661230914e-01 1.234242605619833705e-01 1.313598467149759419e-01
1.060420898988640864e-01 8.460210738139624376e-02 9.754008719276149875e-02 9.501256865261992202e-02 9.501574108387847439e-02 9.751222811432486148e-02 9.504526053880603398e-02 1.059221377229380562e-01 1.146225342388599439e-01 1.086852451755508930e-01
1.034740895965006596e-01 8.134454916003713842e-02 9.379001264147440731e-02 9.406933443339134115e-02 9.409207570541222587e-02 9.372873480997941098e-02 9.417601163000458020e-02 1.005581861296348245e-01 1.273863174434018697e-01 1.173806884501635006e-01
1.072085213706618911e-01 8.577088421538262009e-02 9.346646811177099223e-02 9.417629373922899172e-02 9.422169634962068718e-02 9.342612496937478805e-02 9.427769268163220528e-02 1.032382841870666396e-01 1.193808583108291466e-01 1.148331760644320243e-01
1.028284421464534526e-01 8.602808054154947870e-02 9.446179117508253509e-02 9.520315993269296007e-02 9.524121217824224606e-02 9.440292866375360470e-02 9.532360252061496120e-02 9.731209878347452102e-02 1.268151937937336271e-01 1.123834902644026690e-01
1.066410444804252455e-01 8.115243018963677613e-02 9.446051382041784072e-02 9.142809366186828435e-02 9.147764656183461629e-02 9.442562430246427552e-02 9.151764549793299508e-02 1.145202447908286042e-01 1.156567816930340886e-01 1.187199750015572874e-01
1.050782440741225149e-01 8.217429265038271591e-02 9.267766919512801516e-02 9.386184219180776500e-02 9.386765434164530408e-02 9.262963950920745371e-02 9.393437198877283012e-02 1.006367363589665831e-01 1.317742224032626697e-01 1.133653272867041900e-01
9.981928516065542711e-02 8.668421652513044751e-02 9.077774424278889365e-02 9.224568142812314409e-02 9.227322326244319362e-02 9.072846125778363802e-02 9.234355036560651375e-02 1.025265002035794237e-01 1.323488349896220495e-01 1.202525025642673107e-01
1.035787391442526684e-01 8.833464264804827271e-02 8.965649080030864415e-02 9.616162396508348698e-02 9.620791673861450732e-02 8.961636126259871216e-02 9.627857639539316725e-02 1.027191870197347728e-01 1.212013578124705726e-01 1.162451042134951817e-01
1.048431728667987423e-01 7.717201999651863986e-02 9.751039443619805014e-02 9.387929758954730031e-02 9.395049146968728615e-02 9.742662079582663226e-02 9.405552415643564368e-02 9.870311411362588105e-02 1.273885924766796629e-01 1.150707720986821753e-01
1.050043969559409374e-01 9.077933521696102126e-02 9.478738748063479658e-02 9.240824615308509959e-02 9.246334120215257690e-02 9.478363278749095400e-02 9.246247717205997863e-02 1.087109958733295523e-01 1.150579342503005864e-01 1.135422529080445525e-01
1.001611054857065586e-01 8.330089044253988217e-02 8.982271406719244400e-02 9.241017538701008782e-02 9.240039448327412586e-02 8.979205696417937033e-02 9.244458763644426702e-02 1.039703508679795246e-01 1.301989585866631660e-01 1.254987660790105874e-01
1.023801546969140691e-01 7.569806862535190251e-02 9.519314311156822084e-02 9.447928091962393138e-02 9.451936974535120328e-02 9.508630623805795767e-02 9.466523886464953130e-02 9.792686426370274255e-02 1.328251416754778758e-01 1.172264318593025795e-01
1.048743586352064161e-01 7.770724083995174392e-02 9.676881385236732469e-02 9.651890720248880451e-02 9.662836848934788780e-02 9.666223584671379543e-02 9.677857991108271274e-02 9.643691723784536540e-02 1.272972972716190920e-01 1.103272807133768157e-01
1.023407565922078571e-01 7.462071806952401409e-02 9.491488592069914632e-02 9.370577919695349811e-02 9.376552256297709942e-02 9.480545888994866555e-02 9.391391585603464653e-02 1.020346818782630477e-01 1.272851288517634072e-01 1.226131521816286457e-01
1.044474445973719995e-01 9.268338618609343882e-02 1.009480557171104909e-01 9.933599522525991821e-02 9.941148978628834565e-02 1.009927778217703659e-01 9.934517025328414019e-02 1.061623242178006271e-01 9.905254526911023982e-02 9.762081092591050335e-02
9.382705524355347548e-02 1.007350799209168757e-01 9.597902268273758586e-02 1.025242841413179090e-01 1.025767196520680630e-01 9.602238878333209382e-02 1.025151221488283526e-01 9.793636155235103946e-02 1.027615232017852070e-01 1.051224426731093980e-01
1.018300472974357773e-01 8.576518495746830728e-02 9.383890172154414622e-02 9.014093831666883383e-02 9.020823086403984004e-02 9.384686767213902547e-02 9.019042719628167504e-02 1.125323439319957097e-01 1.132879971854791473e-01 1.283590608569474822e-01
1.013038810514764326e-01 8.620463864162088152e-02 9.570489730225627267e-02 9.351881262927766447e-02 9.356039139101096636e-02 9.567074383790502567e-02 9.360084357740496019e-02 1.044049334180680855e-01 1.165986357796489625e-01 1.194322223713307346e-01
1.006786834907950207e-01 7.846685450313380106e-02 9.401316788244305778e-02 9.246043488427747870e-02 9.250794506530159167e-02 9.394376373373941602e-02 9.259891911057449576e-02 1.081393198541431150e-01 1.205710379475807975e-01 1.266198735280111842e-01
1.041816039146322287e-01 8.470435336613096888e-02 9.494246007843261392e-02 9.564098415245610163e-02 9.562455164406039043e-02 9.483155566199005793e-02 9.577948072998772322e-02 9.971691133316001876e-02 1.221278770736158453e-01 1.124502220455340235e-01
1.061625730058418787e-01 7.905286766267186072e-02 9.436410267584806333e-02 9.234058444086745698e-02 9.239669076437252715e-02 9.427920544256225555e-02 9.250791687984084855e-02 1.055836495604818431e-01 1.231223518775701464e-01 1.201900576899430778e-01
1.052900719884648506e-01 8.310158048827460953e-02 9.452604557419236331e-02 9.425648816368188687e-02 9.437881602605008302e-02 9.450281155242359898e-02 9.441132960017585563e-02 1.019019609017318279e-01 1.236900417504793182e-01 1.139408539545255922e-01
1.067393174324849509e-01 7.802124345817014472e-02 9.605520749276648396e-02 9.504837864270702930e-02 9.506227731552410742e-02 9.593736938526595259e-02 9.522127587698266116e-02 9.697308641045707112e-02 1.314525166317955518e-01 1.094893273538460055e-01
1.027499130887919859e-01 8.045931654224285079e-02 9.040323871366368058e-02 9.259113501479085406e-02 9.269538560968659802e-02 9.039442651982602939e-02 9.271101094022669853e-02 1.075647698332947294e-01 1.174743537176649449e-01 1.329564500198116284e-01
1.061152046740775484e-01 8.340908148425575652e-02 9.383612601254685825e-02 9.388734773759929708e-02 9.401855339833528613e-02 9.381556001983126780e-02 9.404829224585178893e-02 1.079388116489814059e-01 1.179726198577408652e-01 1.149584029207799396e-01
1.060249690458629629e-01 8.016494955093290964e-02 9.220593550219413626e-02 9.479947463170243505e-02 9.486632183947764363e-02 9.212222111533287239e-02 9.499247339537406076e-02 9.975421731804336167e-02 1.297912188275660850e-01 1.152782187735135327e-01
1.048198951503143544e-01 8.220878230116415719e-02 9.365128316813262077e-02 9.415044446808935874e-02 9.411230969595241191e-02 9.354937743305814790e-02 9.425265860985411470e-02 1.034864092545649955e-01 1.248423811179709825e-01 1.149264588008988563e-01
1.028947785677760546e-01 8.005291993358376601e-02 9.388162015360773660e-02 9.317563518979392334e-02 9.318841260345447908e-02 9.380847388805119147e-02 9.328577995015981117e-02 1.013310300968248007e-01 1.305374305592546802e-01 1.178439190574935430e-01
9.984817500435810844e-02 8.566356373219799480e-02 9.235031650408054293e-02 9.209817756163858615e-02 9.217963600127676571e-02 9.235691900721655634e-02 9.216840552359062411e-02 9.863607322250397824e-02 1.335955314235108826e-01 1.211032020196259329e-01
1.016829533737903801e-01 8.492122084799767767e-02 8.990774785658972590e-02 9.199691106785415351e-02 9.205618164248267898e-02 8.989086187363475033e-02 9.208175855795899811e-02 1.074221752945084402e-01 1.232440665971220872e-01 1.267961228880611635e-01
9.990199074271864654e-02 7.671847907226614360e-02 9.208483578309042961e-02 9.133573746011101890e-02 9.137687414642763073e-02 9.201196011292764321e-02 9.147498470825904393e-02 1.050466600253060212e-01 1.313209786406828450e-01 1.287274993082106189e-01
1.051956690144658091e-01 8.244670998016434549e-02 9.838905915628320953e-02 9.818266839432887583e-02 9.810684279677510389e-02 9.825958952626474840e-02 9.828172727835150779e-02 9.528834893187282384e-02 1.199083551042945950e-01 1.059410298171990505e-01
1.036711012716554914e-01 7.570129846925517658e-02 9.120102763197984741e-02 9.305717003863150927e-02 9.318534830408850556e-02 9.112816592589753628e-02 9.329557971333578281e-02 1.015725637573381690e-01 1.312203495282961985e-01 1.259673953595217832e-01
1.048394556507335068e-01 8.993074321470731491e-02 9.632741933739520646e-02 9.732872948048534867e-02 9.736580864370943111e-02 9.626130724459287802e-02 9.745926254123855881e-02 9.626782542887322991e-02 1.199612740812262962e-01 1.042581743770381320e-01
1.041946033355656970e-01 8.549894105579813885e-02 9.325435602359742615e-02 9.763980998732861571e-02 9.763368470541851363e-02 9.319224818040640346e-02 9.772994089720594968e-02 1.028446727925902554e-01 1.150155792365964297e-01 1.129961637854925982e-01
9.848533882606430589e-02 8.075203888437035293e-02 8.903344976433677505e-02 8.846539676535379593e-02 8.854405094102542340e-02 8.901552363931300449e-02 8.856700425668297127e-02 1.081445434171670744e-01 1.337522085210413048e-01 1.352404449846450474e-01
9.935270338166313220e-02 9.281298483958676238e-02 9.172232408786926139e-02 9.817875045305493598e-02 9.811650045721953539e-02 9.170844277965593816e-02 9.814073875969070437e-02 9.946071315759549836e-02 1.183337715031960585e-01 1.121730705804681871e-01
1.049330840513429397e-01 8.820632946639458960e-02 9.257232795922516744e-02 9.986400241899476282e-02 9.983865383254623971e-02 9.251806050655092539e-02 9.993070022082840842e-02 9.704124493980055555e-02 1.147954167052484264e-01 1.103001798990679849e-01
1.065310385890639866e-01 7.953624940507872387e-02 9.411185634875597616e-02 9.296959490016433458e-02 9.299734302000686736e-02 9.404937524111729730e-02 9.307907037540436024e-02 1.073204916111063639e-01 1.233196325330195159e-01 1.160853479762825741e-01
1.020129568405806902e-01 8.681097733055806454e-02 9.451851379653347651e-02 9.517859270843297137e-02 9.531955921566211132e-02 9.454380143519247603e-02 9.528487249586106711e-02 1.013057547911144912e-01 1.201192714534063954e-01 1.149056999326582562e-01
1.009756042099217294e-01 7.568282940915761758e-02 9.053347001787177828e-02 9.053894960416322690e-02 9.057931489155678084e-02 9.050481301173603221e-02 9.061695330419904104e-02 1.110599153591818877e-01 1.246064153308539119e-01 1.349017348613580358e-01
1.064794403560187369e-01 7.876844327264806433e-02 9.204197506880221202e-02 9.224334486803865973e-02 9.226847014304916106e-02 9.196392023142363481e-02 9.237634858619854505e-02 1.056252379741357272e-01 1.276165719842100310e-01 1.206162475154752278e-01
9.971266021642040400e-02 8.937695158490209513e-02 8.899617543548575538e-02 9.587063825653946436e-02 9.583989203371297283e-02 8.898344786122297512e-02 9.586460248660964856e-02 1.091341524456950485e-01 1.117568256494116397e-01 1.244646540299999549e-01
1.102737172801966509e-01 8.828944516678892407e-02 9.533177567516265549e-02 9.587316233993740944e-02 9.596774084599601906e-02 9.537707494152714016e-02 9.590242788189357048e-02 1.038713551096023674e-01 1.135647506280669378e-01 1.055485501308283114e-01
1.039354934337831105e-01 8.723935370522502286e-02 9.642482788035522390e-02 9.728058095454371335e-02 9.734462661027766528e-02 9.639801122318031323e-02 9.738204285524930393e-02 9.648689971719968950e-02 1.176886259399751861e-01 1.098195376802107992e-01
1.036368500250428037e-01 7.984941763912149770e-02 9.615817123809002054e-02 9.265338110153564788e-02 9.267329376985593281e-02 9.608165003746955979e-02 9.276683315501693672e-02 1.073686764502073815e-01 1.214754611588861888e-01 1.173362654247740722e-01
1.041639972783296730e-01 8.224854394378809663e-02 9.116522484646619184e-02 9.365683177629720302e-02 9.363721769427311992e-02 9.109951637868027308e-02 9.373271250220525930e-02 1.026466540344583289e-01 1.263400454296597364e-01 1.213092561158420624e-01
1.027116296773755988e-01 7.537027975842022776e-02 9.406159804493333110e-02 9.477288418837868933e-02 9.469421272910011345e-02 9.392102686199929606e-02 9.488936438233532000e-02 1.064286015529840451e-01 1.196097973696198108e-01 1.235406054348535537e-01
1.049136100473406635e-01 8.428978673293689716e-02 9.612865973302739397e-02 9.594012242119893952e-02 9.598422023646860368e-02 9.605596831566817762e-02 9.608377336112164380e-02 9.910991969841427551e-02 1.223633442757760398e-01 1.091305951780473515e-01
1.059413119177474855e-01 8.153868200796035581e-02 9.621081369191669674e-02 9.578711884031061718e-02 9.579241690081174987e-02 9.613524516611469950e-02 9.589367785068807215e-02 9.648779816578983981e-02 1.230028588026382819e-01 1.132100766560222016e-01
1.034503719649293163e-01 8.423706960760105056e-02 9.627917747438101415e-02 9.318420859287007696e-02 9.314582639509631778e-02 9.621644232205393832e-02 9.321959625671008554e-02 1.041653446551725759e-01 1.173389137565876150e-01 1.187630489745980511e-01
1.051559976198161023e-01 8.772215680649002312e-02 9.623350180308445911e-02 9.513830597299151315e-02 9.515109243241416659e-02 9.614911602351765285e-02 9.526286862493428542e-02 1.002338428242369045e-01 1.213046739502452870e-01 1.076484439422695782e-01
1.036271194294447612e-01 8.270532396577791323e-02 9.681607970992894829e-02 9.601921848653686975e-02 9.609728140366756433e-02 9.674508208346378757e-02 9.619395585833805107e-02 9.950312364499552809e-02 1.215421612713031424e-01 1.107506541465434341e-01
1.022160207880137145e-01 8.829911122453587558e-02 9.438542104320805926e-02 9.599734101866171099e-02 9.611928491541033015e-02 9.439870204336198167e-02 9.610215858576583170e-02 9.756217499091002221e-02 1.247539800113190850e-01 1.101658053788133890e-01
1.049777883496597758e-01 8.409712615078092368e-02 9.668816661983792304e-02 9.624881060885707995e-02 9.640642036599331166e-02 9.667364555243258828e-02 9.642761290528543972e-02 9.545483425067780026e-02 1.239629868124147438e-01 1.090626083840604277e-01
9.875388076037447393e-02 8.540459433334098016e-02 9.088517506222257292e-02 9.250667412818021351e-02 9.252413309248472273e-02 9.084278376521201515e-02 9.258436491770184740e-02 1.041293963076355689e-01 1.221291909445789414e-01 1.302398066882685945e-01
9.901955201132636719e-02 8.122037751890862078e-02 8.819357441303589396e-02 8.787289152835844885e-02 8.792676064669532887e-02 8.817518586592881791e-02 8.794986209179300740e-02 1.166202258745119014e-01 1.201220728916204405e-01 1.428994971578211870e-01
1.054352612706315334e-01 8.198008621813811236e-02 1.005741873083105392e-01 9.574418343225653272e-02 9.584646298372602458e-02 1.005399848701373916e-01 9.588379133812553745e-02 9.865613881170115507e-02 1.188238186497594939e-01 1.065160851172136935e-01
1.027133407228122408e-01 8.039272776722275471e-02 9.381149970043373143e-02 9.273125658131520233e-02 9.289946043557965882e-02 9.379021015740202083e-02 9.292957956949469966e-02 1.004583310571467297e-01 1.277308666216254718e-01 1.225427273869674899e-01
1.032866121040254132e-01 8.112130299621489460e-02 9.430144460435885279e-02 9.321324342640595340e-02 9.329001182012561233e-02 9.422862245237530188e-02 9.338838890541273363e-02 1.060068434425751327e-01 1.214714416504645011e-01 1.196920885980416183e-01
1.042025040994428164e-01 8.318450899994331293e-02 9.363042646125167845e-02 9.367609680382349424e-02 9.382655712243392898e-02 9.362372925656163580e-02 9.383732117709021880e-02 1.040022601164180133e-01 1.166382172647269372e-01 1.233783786983079500e-01
1.088958844641981227e-01 7.723270976663743070e-02 9.723803303811100196e-02 9.673263323289041371e-02 9.673248115915369927e-02 9.709695219664689347e-02 9.692579033133119637e-02 9.495128547827939858e-02 1.279299190120450069e-01 1.062643113207067946e-01
1.039929003550602721e-01 7.918184620991307321e-02 9.371110863166585980e-02 9.402272994050824007e-02 9.420083549722507721e-02 9.369415696882758826e-02 9.422780879734676818e-02 9.891244939643402401e-02 1.282453572194204305e-01 1.198108069835987499e-01
9.902866067729981792e-02 8.687359110021518338e-02 9.224911365399619811e-02 9.141303482318949292e-02 9.143602613866970430e-02 9.223146501223457305e-02 9.145568790129882109e-02 1.057597382445102790e-01 1.259348520060692145e-01 1.236178304425166879e-01
1.050035000763954035e-01 8.295864239146055752e-02 9.592428248453058193e-02 9.611705565603301249e-02 9.609015217059253822e-02 9.583740397890189167e-02 9.620818889523949369e-02 1.005671815635345856e-01 1.182757267718515665e-01 1.130178660114604522e-01
9.824569218488572730e-02 7.949220383964641923e-02 9.181122552362208644e-02 9.119398564671556129e-02 9.123363399657176409e-02 9.175408111424838975e-02 9.130995503028233040e-02 1.094329427022688039e-01 1.241574814129240006e-01 1.313687985488349308e-01
9.735783923662835737e-02 9.716114544096356165e-02 9.492025888283545099e-02 9.967350848689572607e-02 9.965215528843007764e-02 9.491923234092437822e-02 9.965486537626914998e-02 9.653323446142519915e-02 1.128050534126913695e-01 1.073227070729367155e-01
1.039464932732065972e-01 7.843968992941263707e-02 9.535332159751558345e-02 9.355488160872010850e-02 9.354932167521642916e-02 9.530722535936056450e-02 9.360515903312101316e-02 1.051819737867201593e-01 1.185641787395559366e-01 1.224977549971709712e-01
