1.089883804105742648e-01 1.184610329021759528e-01 9.235645431452041421e-02 9.357359879188617557e-02 9.521537095729759592e-02 1.164835224745103259e-01 9.241775281466935166e-02 8.861169732397371213e-02 9.289729520351108771e-02 1.009948948068810914e-01
1.060202371961744411e-01 1.231300467041652469e-01 9.310709937830907723e-02 9.676294227038390039e-02 9.462389565020841442e-02 1.122236231517681343e-01 9.313756933517564063e-02 8.920656105206554998e-02 9.255090938513137189e-02 9.923711587661823708e-02
1.030190631792452377e-01 1.194186138395320201e-01 9.359551197935928046e-02 9.785376885732094410e-02 9.495786373241818512e-02 1.105853301850410336e-01 9.363147888524346596e-02 9.015021212655295602e-02 9.553935084637722730e-02 1.012488063689096496e-01
1.221437476855259247e-01 1.158348172599396042e-01 8.839517255688254804e-02 9.431121716199993010e-02 1.044770434401087050e-01 1.154131875620030973e-01 8.845212156850372487e-02 8.449704329632429234e-02 8.780792076548207814e-02 9.866772870323008149e-02
1.091628856069748604e-01 1.255580766795557357e-01 9.220907266551371662e-02 9.395359292728751310e-02 9.531144818680288566e-02 1.137970893431077407e-01 9.223110427102138020e-02 8.824942672862448600e-02 9.085584913769015336e-02 9.867145445342155596e-02
1.088097627064421175e-01 1.157451074185986278e-01 9.480328590305472924e-02 9.911353601462540019e-02 9.912567754862565417e-02 1.060243183509326781e-01 9.479310947373648100e-02 9.240161283508512013e-02 9.249753800856193309e-02 9.668605174033724492e-02
1.089121406948361515e-01 1.222805676322830520e-01 9.078032936570246125e-02 9.394654197382472371e-02 9.775185500039632047e-02 1.143881476768340982e-01 9.084138997439161756e-02 8.821401894551260392e-02 9.070659778126127781e-02 1.021784109549577213e-01
1.188377954612265947e-01 1.171341648351445358e-01 9.189372404629989055e-02 9.371099898110170356e-02 1.027246442960109002e-01 1.122238123882387528e-01 9.193903071909463598e-02 8.534300160612824648e-02 8.914574660968163644e-02 9.704708105707308963e-02
1.050764612123216285e-01 1.178364232168186837e-01 9.443607563937196636e-02 9.402088037539819976e-02 9.492334414239360363e-02 1.124301563799516429e-01 9.449640663369163196e-02 9.167844190059627751e-02 9.419575418243215925e-02 1.009060563170241925e-01
1.103729900095862110e-01 1.207188202800808102e-01 9.218523198136656382e-02 9.234952541224254741e-02 9.775062294078368241e-02 1.149810201789920883e-01 9.222017080213205931e-02 8.762702384223167162e-02 9.085903869545651490e-02 1.009355558571278788e-01
1.120219145563344093e-01 1.246550025535373002e-01 9.085946846153503120e-02 9.451703025810262448e-02 1.008550327476879227e-01 1.108604454240319365e-01 9.088357810211011856e-02 8.752413399374896208e-02 8.858295814806478596e-02 9.924043575484693680e-02
1.152853163686729521e-01 1.238742105271088134e-01 8.852324153651769389e-02 9.303737674084908149e-02 9.641528853537353894e-02 1.205314971101490162e-01 8.857844141716890440e-02 8.395800472467399023e-02 9.017161537361388646e-02 9.962500766587215062e-02
1.216186380589566740e-01 1.142834624114678621e-01 9.009816228340332411e-02 9.235290148652404441e-02 1.005947512666360705e-01 1.192488320131748353e-01 9.014860380014351471e-02 8.566090832275924383e-02 8.732932869703587120e-02 9.866441165989855988e-02
1.323268211932833172e-01 1.208011677810959944e-01 8.575810159152624790e-02 8.754110964739261758e-02 1.058129319101323018e-01 1.199617401641964731e-01 8.580576188557473283e-02 8.035269122317512114e-02 8.533861548827001431e-02 9.630105911535319363e-02
1.228017053088111821e-01 1.207480105536616749e-01 8.825587282009036971e-02 9.077400571272410679e-02 1.031906834464282191e-01 1.165820425312396880e-01 8.830498687821114467e-02 8.405173187628357800e-02 8.734056344478367817e-02 9.795039742776635860e-02
1.145133838532533394e-01 1.247463390563898350e-01 8.921997526029012970e-02 9.411693289431942444e-02 9.808647440976304976e-02 1.159068235510847811e-01 8.924852569230667942e-02 8.506967147349479841e-02 9.052972713096910096e-02 9.856214667812883412e-02
1.137670936882134581e-01 1.176235038335831790e-01 9.223308156508312761e-02 9.445579765805728334e-02 9.880462757347192870e-02 1.148491552127071796e-01 9.226015107130525195e-02 8.552303325033723536e-02 9.148488699576813599e-02 9.899866915147327584e-02
1.037784719911275799e-01 1.167800108259764436e-01 9.405610633831446021e-02 9.560768779008163576e-02 9.656899025382428836e-02 1.101434997278528533e-01 9.413113492684004047e-02 9.218060147362819312e-02 9.491352488967140510e-02 1.018399717826831280e-01
1.027093708846050918e-01 1.258381192889320432e-01 9.245145356162084993e-02 9.490154104174146343e-02 9.122947732416203381e-02 1.184268980193447507e-01 9.252524119561343630e-02 8.729556009090426449e-02 9.089017455944224666e-02 1.037321640336338058e-01
1.202672575566032243e-01 1.187508398326932585e-01 9.036179420313981969e-02 9.227702399922846355e-02 1.030371831768117780e-01 1.155519702901259826e-01 9.041621737929760039e-02 8.368852967407158783e-02 8.669070563891519143e-02 9.895847824911305213e-02
1.070673296966607874e-01 1.257523188153126525e-01 9.233820239175362377e-02 9.462428584723533986e-02 9.377100002929826539e-02 1.159731166747439840e-01 9.237888731113148844e-02 8.726904879835188644e-02 9.032102978584238828e-02 1.005047806496695562e-01
1.117651084466033951e-01 1.170967702015345696e-01 9.224899042269084359e-02 9.608878626404360190e-02 1.017685520905798752e-01 1.096469817656368917e-01 9.227964543992568658e-02 8.820354686126827271e-02 9.161132038039769554e-02 9.929029812731914040e-02
1.135560921969006876e-01 1.203853854290294206e-01 9.170268058146550938e-02 9.278333660251866788e-02 9.816715844161161275e-02 1.138908090327361150e-01 9.173164253183681283e-02 8.720111399366614613e-02 9.265116501415522621e-02 9.793061617607981550e-02
1.245286769358743689e-01 1.186718773173729147e-01 9.012405809622055231e-02 9.097654453804937535e-02 1.052296179749081240e-01 1.131376385627217984e-01 9.017289158297565888e-02 8.368174372027345487e-02 8.750149583968304390e-02 9.597545543192075035e-02
1.077566856605940010e-01 1.227220273998366890e-01 9.270372519921571408e-02 9.321828997785533422e-02 9.155342399852843538e-02 1.185128739915228685e-01 9.274297427466303423e-02 8.860928808104265308e-02 9.266588139687692571e-02 9.951483001986435872e-02
1.695092122258658462e-01 1.090444430360149736e-01 7.883622373744962608e-02 7.955662421097596526e-02 1.359391877364089507e-01 1.050779770934860829e-01 7.890550075946770048e-02 7.522641182008008021e-02 7.968287374337387763e-02 8.822154563687695239e-02
1.037557229795168512e-01 1.186032541629954001e-01 9.423080604575227726e-02 9.551218077597184442e-02 9.298188419215522305e-02 1.136723365549787007e-01 9.427175235223823890e-02 9.077745967235692492e-02 9.532425973610265946e-02 1.008703435279318800e-01
1.091414637592982850e-01 1.161174270333871772e-01 9.162847890544113805e-02 9.485059017429993411e-02 1.020896295692962363e-01 1.107026894901680936e-01 9.165475689533754411e-02 8.828300342101323694e-02 9.232811165115849261e-02 1.032038491005998204e-01
1.125191948174622814e-01 1.201490488703375881e-01 9.098122575791200983e-02 9.267074775966359368e-02 9.969554834132600407e-02 1.142866113433213399e-01 9.101275534173680626e-02 8.803977252385762620e-02 9.004870884817185728e-02 1.005963863962109350e-01
1.179770628620866318e-01 1.141473021884349265e-01 9.005456252754026614e-02 9.487153230457198716e-02 1.046055118602431250e-01 1.114072415587489540e-01 9.010018615514124585e-02 8.691547925464951363e-02 9.116376234408504753e-02 9.875735894449824692e-02
1.090458906097494240e-01 1.250306806582970887e-01 9.032118117136483937e-02 9.360474868362608780e-02 9.638081662467241906e-02 1.160777515510083985e-01 9.036170520572178733e-02 8.703197207884155739e-02 9.044237381010543364e-02 1.017028796066130059e-01
1.123081828593603532e-01 1.196614514942002799e-01 9.117741031490664283e-02 9.231720551525347818e-02 9.808334136941800063e-02 1.163731748456863918e-01 9.121007462984880021e-02 8.648866797854543043e-02 9.176038332048130908e-02 1.006201076722993554e-01
1.142968486620866558e-01 1.196076824193374882e-01 9.166533893610609440e-02 9.278526715349970366e-02 9.762075547394337416e-02 1.175817929549239083e-01 9.169460782992855385e-02 8.610861497916043328e-02 8.918294296922904540e-02 9.945614862178471516e-02
1.018775961102810906e-01 1.049680518595146050e-01 9.270928163282511625e-02 1.012417637022203221e-01 1.038205618928328133e-01 1.033506355835918933e-01 9.273200882454527005e-02 9.186893267538838448e-02 1.023644037403949186e-01 1.050667639784055862e-01
1.088976188747416696e-01 1.152179483804007948e-01 9.521735092726421601e-02 9.782038340512991259e-02 9.797054027605019144e-02 1.079295905912503184e-01 9.523337859245573078e-02 9.194320733688939040e-02 9.271530399051884641e-02 9.705467762529894349e-02
1.306213453376202094e-01 1.205219564706699192e-01 8.483656900819068480e-02 8.843179433570498571e-02 1.102118829120893317e-01 1.161835059541956594e-01 8.488511026934576764e-02 8.103195832968027035e-02 8.473187882561132589e-02 9.854399855689181809e-02
1.281649054780126251e-01 1.165924247787830520e-01 8.589675834949227207e-02 9.060085844108255182e-02 1.060894954443413057e-01 1.176453160734644010e-01 8.595900918930637902e-02 8.272980509865142384e-02 8.847184129131811792e-02 9.784958585554791310e-02
1.035016685669071651e-01 1.258791581468985121e-01 9.260746790938431672e-02 9.368058937720828705e-02 9.116657943044292889e-02 1.170100175893724059e-01 9.265630304915759008e-02 8.914983992012401326e-02 9.261836346543858567e-02 1.017300125450662091e-01
1.214836976232973736e-01 1.277964979549715829e-01 8.855190624804740174e-02 9.006191492535341181e-02 9.876144736435925331e-02 1.176563458990700223e-01 8.859405137469113234e-02 8.394644826447422714e-02 8.749392397906127772e-02 9.565376636667433097e-02
1.241534515852724813e-01 1.237164351951295926e-01 8.820705639066891979e-02 8.955350611570407626e-02 1.009429704393705191e-01 1.194650357046465466e-01 8.823661792260409364e-02 8.264521313736342134e-02 8.604860840997871629e-02 9.703110509926168858e-02
1.129926952580903032e-01 1.239896453267227833e-01 9.186973111269257364e-02 9.139703597472359498e-02 9.899526428187094274e-02 1.141396340095697792e-01 9.190847986370095923e-02 8.567223666667538040e-02 8.957371008259427947e-02 9.946156742335933443e-02
1.194812536214186344e-01 1.168595209896111098e-01 9.024819173170445241e-02 9.309852713841312855e-02 1.032965301394269259e-01 1.147262486380527940e-01 9.027114405780951867e-02 8.396210428223416233e-02 8.919100666637122532e-02 9.886547273495809030e-02
1.080836378131670439e-01 1.254759872539575882e-01 9.202766364465690685e-02 9.503966306359282190e-02 9.466939837774819566e-02 1.161252057206958871e-01 9.208392683521059163e-02 8.579171918081442139e-02 8.976623439486418332e-02 1.009365637152923878e-01
1.139229330643169308e-01 1.203949016162350893e-01 9.040259223668850597e-02 9.180607812905972054e-02 9.967552798292229899e-02 1.158908432819227424e-01 9.045206817487194684e-02 8.626294200536988033e-02 9.058106797944642796e-02 1.006110455291664707e-01
1.122500144214858692e-01 1.164500952825631014e-01 9.030872656765362438e-02 9.279207828410528103e-02 1.012899940892544176e-01 1.148407705395354528e-01 9.035470296102120213e-02 8.536667714741148771e-02 9.333825842138507300e-02 1.030086822855844908e-01
1.079429658881620874e-01 1.184237320774791935e-01 9.080011050595110378e-02 9.540858062250689997e-02 9.962685600701701172e-02 1.123989360685685585e-01 9.083799035213332984e-02 8.969668130797610328e-02 9.152847489987277207e-02 1.033356722703329539e-01
1.214976564636309903e-01 1.182022719765827706e-01 8.890185002106691659e-02 8.838634805122436156e-02 1.004653327673664942e-01 1.203997156778320587e-01 8.896895610021393619e-02 8.304069150081125339e-02 9.071302925632665493e-02 9.942414818494460516e-02
1.109200328318845769e-01 1.237473043899769559e-01 8.875388514896943859e-02 9.280944380686696749e-02 9.426962392857680950e-02 1.214264329691612659e-01 8.880461913986266442e-02 8.608131580812691808e-02 9.135144543524867378e-02 1.018358965413257433e-01
1.102733312136287697e-01 1.177195524753190115e-01 9.268162080869003783e-02 9.302706553198260286e-02 1.015023713127446714e-01 1.104731177558444938e-01 9.271180522703008353e-02 8.729910764882350960e-02 9.294204661824664870e-02 1.013699814076901851e-01
1.083579299143294233e-01 1.159208934970140381e-01 9.058051982367974764e-02 9.645063183341599788e-02 1.048382920418684389e-01 1.078419875970243469e-01 9.061713533096328599e-02 8.884163232269731703e-02 9.256604696151383982e-02 1.039849306774935922e-01
1.048109102377998841e-01 1.034647174696753658e-01 9.636553466415465063e-02 9.983063622811280680e-02 1.072832791781795081e-01 1.014069856216049809e-01 9.634570576680281939e-02 9.184177819134291265e-02 9.508235494226680018e-02 1.035680977000603131e-01
1.089028242425974513e-01 1.185308711992160563e-01 9.106498632243748004e-02 9.639745861628777612e-02 9.957725252012183947e-02 1.119300276643445807e-01 9.112048080562994146e-02 8.898374152439636475e-02 9.178814620243429256e-02 1.017042109025342450e-01
1.028854014391181321e-01 1.123384667840418710e-01 9.372567495200603838e-02 9.924341318659479771e-02 9.866292537690964093e-02 1.097356917991416381e-01 9.375571700463723734e-02 9.077930795479323411e-02 9.439286949277274352e-02 1.044805320099846530e-01
1.085691774939809839e-01 1.138571309254217540e-01 9.477547818580676908e-02 9.861863058888084566e-02 1.016251868228718463e-01 1.074841658800676780e-01 9.479657348067793698e-02 8.791717297177016610e-02 9.247183266805372726e-02 9.988465098246829266e-02
1.220138123910396305e-01 1.230866252515086107e-01 8.646615786390697556e-02 9.150156093111903866e-02 1.028283542624610220e-01 1.166708317739794526e-01 8.650536785001262940e-02 8.364117718000199653e-02 8.909570561240658104e-02 9.819040688356411861e-02
1.202623062446485230e-01 1.218483828131163293e-01 8.787242102267514565e-02 8.871677071740564913e-02 1.013947182249088780e-01 1.190416295577084588e-01 8.793490934422648619e-02 8.350558343752412238e-02 8.935059525429130123e-02 1.000726833834950924e-01
1.260833280808914825e-01 1.244495525370887257e-01 8.514812315693374989e-02 9.028005118200088663e-02 1.049714510036255377e-01 1.178586898217497542e-01 8.517478067147195298e-02 8.143995487676680689e-02 8.634065764509687990e-02 9.825341102437422369e-02
1.306105233318509140e-01 1.186613244832504382e-01 8.648613157516266137e-02 8.680620424406129687e-02 1.051459041394731536e-01 1.198510489354347175e-01 8.654019450341281228e-02 8.214976945004151543e-02 8.656921859582954182e-02 9.717968074148293500e-02
1.110931927057339785e-01 1.192422158266503440e-01 9.154545415481837867e-02 9.325692351483919063e-02 9.703785792180272263e-02 1.160875963821292461e-01 9.159142529485855833e-02 8.806037556702139835e-02 9.141941488498572799e-02 1.006655437471604686e-01
1.103781415106293989e-01 1.132280747347828992e-01 9.151900696529596813e-02 9.357656533228178586e-02 1.040104175392189134e-01 1.094897832731781678e-01 9.154279089144159998e-02 8.875789719770005304e-02 9.466000617018485719e-02 1.028373163852862732e-01
1.127219357777994313e-01 1.281744878102663854e-01 8.932556490395970883e-02 9.397509536487896886e-02 9.793593706217480765e-02 1.138995520473730233e-01 8.935567532215174524e-02 8.848156252292105339e-02 8.769206250233635425e-02 9.843812668613859118e-02
1.092477642830772117e-01 1.081958111611694973e-01 9.291236423649686105e-02 9.600959390407251548e-02 1.056293195930209511e-01 1.081196047428962109e-01 9.291272655176988082e-02 8.921007867841525274e-02 9.350314648789677385e-02 1.042595903611848313e-01
1.123496605677130750e-01 1.212615530599468611e-01 9.246473442942675092e-02 9.333538430902506289e-02 9.798435199194886758e-02 1.134822586668917804e-01 9.249601770511715892e-02 8.662825582666837387e-02 9.177465902731496428e-02 9.822312441594714671e-02
1.064447751046956880e-01 1.204851291913137112e-01 9.123576908705023636e-02 9.564739437099648023e-02 9.758811735047732971e-02 1.119944607823189220e-01 9.128183446719746741e-02 9.005002351260091298e-02 9.345057848472509976e-02 1.018219176486241800e-01
1.132509207455198730e-01 1.134747584436991696e-01 9.544706001630019754e-02 9.677105596409146804e-02 1.004910957161979507e-01 1.091880588251767786e-01 9.544464950380836255e-02 9.095703968087612279e-02 8.805674486163890535e-02 9.691861624269111630e-02
1.038943167598095213e-01 1.222721430306959456e-01 9.213561899653974208e-02 9.536837476098410094e-02 9.107431407652427646e-02 1.188012085271158980e-01 9.218439473508494020e-02 8.798949443693449002e-02 9.340564670321639673e-02 1.028744879730947165e-01
1.193792206669872374e-01 1.139081827411090597e-01 8.839136164393521233e-02 8.929915756996908982e-02 1.030988248623554565e-01 1.182665639616149039e-01 8.840759265309035275e-02 8.533775662954455610e-02 9.221744262885153698e-02 1.016938966425425805e-01
1.219603604841053429e-01 1.142673110325882063e-01 8.990885906895591806e-02 9.129942954810879585e-02 1.037567993104116376e-01 1.149106499300327905e-01 8.995218160499393600e-02 8.540067045391379341e-02 9.075692732937794271e-02 9.778681123751166437e-02
1.149015208363418500e-01 1.176340378665945013e-01 9.111054744862959187e-02 9.268179061694535592e-02 1.019170649044033594e-01 1.135685620290858011e-01 9.116029002863941522e-02 8.565153184856601210e-02 9.090730931132948167e-02 1.004673451094647563e-01
1.036904172316562706e-01 1.180714707450719186e-01 9.337828385776479612e-02 9.544755357683688823e-02 9.446103969849753423e-02 1.132590300712274789e-01 9.342906096435406316e-02 9.233815079482070309e-02 9.342097463083692821e-02 1.025040184289334466e-01
1.167969785125840682e-01 1.155988776935239076e-01 8.917603790687413101e-02 9.470036415717927869e-02 1.096485753391143458e-01 1.079441152362290851e-01 8.918621904910908893e-02 8.656323519747684270e-02 8.910786036107251618e-02 1.012777365468367080e-01
1.175648649724153477e-01 1.207952481028692071e-01 9.000058610148403693e-02 9.258630620910232589e-02 1.012736690291069636e-01 1.143669901272031386e-01 9.005337458670796547e-02 8.526682489231021678e-02 8.987773670207388488e-02 9.821439927672695469e-02
1.240048488796258036e-01 1.134766631428551498e-01 8.918817544621460147e-02 8.972819264585756016e-02 1.063142443041532603e-01 1.144763869178524324e-01 8.921277038787225888e-02 8.408863423729222297e-02 9.134739570948899323e-02 9.816268832878770334e-02
1.267376382488402398e-01 1.169450696894100555e-01 8.541038535358361217e-02 9.027072446032910480e-02 1.058808094385517012e-01 1.187901441126004709e-01 8.544904385488641396e-02 8.237588829231168308e-02 8.875545698707613951e-02 9.938483956241062067e-02
1.259394135144542293e-01 1.211959835346606423e-01 8.740245862256432186e-02 8.802475034301737722e-02 1.031888751248425523e-01 1.178024164104581051e-01 8.743997673889239430e-02 8.436041550935721722e-02 8.772027167030832517e-02 9.692543853144483523e-02
1.129068012035613633e-01 1.266414369634369652e-01 8.761292685049748563e-02 9.150198567120369775e-02 9.611645431490926927e-02 1.159019308097761491e-01 8.764139677055098054e-02 9.171345846944271851e-02 9.183102641216932260e-02 9.813258253445199253e-02
1.222046012503496398e-01 1.219983385300963397e-01 8.729766367525960968e-02 8.951376256183765645e-02 1.009567281521758925e-01 1.210550561008788134e-01 8.732858796553497061e-02 8.204783300741151641e-02 8.799911959169462450e-02 9.959830916476083984e-02
1.138057079547197953e-01 1.190465478850506603e-01 9.143691581403755320e-02 9.643812201018703290e-02 1.025445324606689967e-01 1.098957727113589050e-01 9.147092612330502692e-02 8.729673575295197885e-02 8.947606315117527520e-02 9.858867613654478945e-02
8.107007113251489538e-02 1.423797267780999021e-01 9.196894511252055870e-02 9.640862467154598381e-02 7.184614312883935705e-02 1.315576978406498843e-01 9.218890940942255086e-02 8.872291449607588865e-02 9.198995931548929750e-02 1.118670081148416401e-01
1.115193052138171298e-01 1.152565778646805622e-01 9.112767006201531739e-02 9.328935526813574020e-02 1.027273270530691673e-01 1.129307554606760883e-01 9.115953135673378338e-02 8.607820440548102914e-02 9.247922108049135004e-02 1.034320522348998600e-01
1.118592452213322264e-01 1.184556934042459847e-01 9.125520361871833352e-02 9.267263316536690498e-02 9.891015519663244604e-02 1.148613125245886712e-01 9.130575612443180000e-02 8.772884608482972579e-02 9.213820544642761790e-02 1.008129492134263450e-01
1.113448540494127170e-01 1.226777289198800885e-01 9.221268415024672094e-02 9.389113786921413074e-02 9.710118073047434295e-02 1.149378539867780546e-01 9.223944146265569688e-02 8.627655384726624910e-02 8.976866012899223368e-02 9.954990485507973774e-02
1.265787803263826172e-01 1.185347536022097192e-01 9.008502247460820067e-02 9.238209911934282259e-02 1.024569522999583260e-01 1.171679412563620681e-01 9.010238874531617537e-02 8.169003252167750251e-02 8.579991363069842947e-02 9.520211602344413881e-02
1.167857671501863204e-01 1.228938624960370235e-01 8.727567477094368142e-02 9.029801338897321117e-02 1.002294700698558583e-01 1.195041035063823809e-01 8.733363013855485746e-02 8.464691090932004169e-02 8.926647976477455892e-02 1.017660878049720663e-01
1.161041194424574374e-01 1.144375696921820923e-01 9.051377945562448513e-02 8.917838574589341538e-02 1.032986969693220625e-01 1.145201971870111052e-01 9.054165863799720770e-02 8.633882656367171393e-02 9.352683108366049991e-02 1.015399352221799389e-01
1.122103168963124731e-01 1.227486229179932525e-01 9.032552410257271847e-02 9.344490439734967624e-02 9.828973047124540952e-02 1.153233728844026695e-01 9.039906041587918162e-02 8.715308271062587042e-02 8.988783095859714800e-02 1.002175542450215867e-01
1.107774804800731733e-01 1.220814768794015182e-01 9.297310737980435391e-02 9.329718569934852823e-02 9.709427543216216094e-02 1.113866967720705120e-01 9.299142389430559152e-02 8.835833331871781327e-02 9.390244138843789612e-02 9.713757875567848032e-02
1.154278418896776404e-01 1.240955389916891805e-01 8.920154704106378341e-02 9.235650212106186197e-02 1.015658108130825799e-01 1.150320617194429684e-01 8.925277973594236691e-02 8.384968429260516998e-02 8.879269276266148203e-02 1.004255406327729944e-01
1.127592382732044152e-01 1.140417413629594284e-01 9.189375222927002873e-02 9.609641297504814550e-02 1.016395370327759645e-01 1.109196398254991278e-01 9.192115557466375153e-02 8.536848674902892953e-02 9.575823864446632305e-02 9.960179733308387184e-02
1.064466452748483311e-01 1.211686888430571624e-01 9.118312517312272825e-02 9.454459978744511606e-02 9.271288482138233256e-02 1.213140285838088944e-01 9.123672901482331177e-02 8.762955123852030070e-02 8.968563215945378475e-02 1.040781151035380242e-01
1.150050364960494703e-01 1.181025214141100121e-01 8.898405151866720098e-02 9.122551716348707707e-02 1.026309115509562997e-01 1.143189818327907809e-01 8.903924077067990051e-02 8.583553061369732229e-02 9.321110312432796807e-02 1.016471055152339958e-01
1.255901043405918405e-01 1.191585079127982089e-01 8.592921115219077921e-02 9.075161978195706025e-02 1.071965011670996254e-01 1.149907518242992699e-01 8.596464752964205758e-02 8.271612723929659683e-02 8.944900648937466336e-02 9.825352256274992591e-02
1.059671993318352656e-01 1.122604214887801960e-01 9.305486018759472067e-02 9.731394812522446702e-02 1.037368189559562531e-01 1.063015206881555014e-01 9.306466781956396206e-02 8.905606454579410858e-02 9.554356013427428573e-02 1.037009387228211982e-01
1.124007061705729615e-01 1.229858786857862818e-01 9.083565033674735612e-02 9.248569103244004552e-02 9.711271269732048295e-02 1.163659541002200065e-01 9.087241196796838616e-02 8.667649295756206518e-02 9.052474791721505654e-02 9.973975413416737157e-02
1.100905821435384513e-01 1.152503869965536415e-01 9.097592357563774601e-02 9.529537003680138563e-02 9.966683658351137287e-02 1.149386735012948857e-01 9.100733478469548443e-02 8.923064645491340929e-02 9.020675121552458597e-02 1.033374947075290651e-01
1.083986277670935111e-01 1.231598537242960395e-01 9.249875467875813551e-02 9.341355536366294232e-02 9.452333921081812473e-02 1.154221983450343103e-01 9.253909858432515789e-02 8.859446241192728277e-02 9.170622424440812159e-02 9.974388566967638814e-02
1.146581470808658021e-01 1.122206138412872728e-01 8.878119645939043514e-02 9.643927038450375577e-02 1.111832915349290074e-01 1.068361560432056628e-01 8.880745841911831528e-02 8.612796766806127269e-02 9.164675810395997435e-02 1.032991404646784878e-01
1.085531719030477099e-01 1.272027036237936837e-01 9.060213141207093535e-02 9.284156365874941808e-02 9.714538410610780439e-02 1.140842095848723786e-01 9.062752783982241933e-02 8.824674835123492989e-02 8.944829790645748846e-02 1.012482616138432601e-01
1.159809315433537047e-01 1.285789471962988373e-01 8.964686529352579314e-02 9.310731765966601126e-02 9.967225268870319455e-02 1.129852411887093400e-01 8.967965721601392493e-02 8.532429555646277308e-02 8.816644680183287341e-02 9.685804485543357545e-02
1.120948839970687949e-01 1.175208428090624702e-01 9.329662444733176352e-02 9.746815781223863717e-02 9.964294552763897084e-02 1.133593682470599995e-01 9.333428504177547491e-02 8.606775512477213286e-02 8.688181204288160375e-02 1.003333249501701524e-01
1.096649846393923933e-01 1.223051206536077407e-01 9.021519597061603002e-02 9.358616980268763541e-02 9.479324558902145481e-02 1.174740503832372440e-01 9.027283686987366829e-02 8.760198477985535470e-02 9.357962763774910209e-02 1.005067836739593906e-01
1.109946288268834208e-01 1.129177348895974708e-01 9.078042945561631827e-02 9.214119650857637012e-02 1.066998407313488745e-01 1.073438447245628896e-01 9.079165927304072570e-02 9.234512115397860987e-02 9.302829730900762095e-02 1.029572471273876716e-01
1.197640673255897376e-01 1.254379182378092816e-01 8.901151839591646409e-02 9.344170776660040700e-02 1.002127774112527431e-01 1.154149809078683642e-01 8.902378466825026926e-02 8.479131289977814845e-02 8.653387016656814701e-02 9.636806222036646552e-02
1.118088504747223599e-01 1.277378844109089695e-01 9.088226388298838165e-02 9.023494632042589059e-02 9.423693379586937924e-02 1.178048348442886223e-01 9.094826333335637170e-02 8.657434787197437753e-02 9.149252730782742038e-02 9.827914775763831046e-02
1.055858692705144569e-01 1.224338307159839739e-01 9.295735901072836593e-02 9.371552876467698079e-02 9.280233612229805973e-02 1.157628722530393284e-01 9.304317658465793839e-02 8.996790643761301554e-02 9.298657979168709065e-02 1.007445410488007620e-01
1.163854304778196569e-01 1.217659543478558648e-01 8.969302071556112255e-02 9.328282191231705711e-02 9.771014214730804059e-02 1.170726228352862580e-01 8.976481088359722360e-02 8.585696432642857256e-02 9.073762478190307290e-02 9.773060757192314485e-02
9.729529577100949622e-02 9.841574683645290533e-02 9.882942263230083679e-02 1.037780495400278391e-01 1.054486466823848917e-01 9.571349617199764737e-02 9.881882278736697778e-02 9.755472618747818014e-02 1.003063108376815588e-01 1.038394825532996391e-01
1.057724883578143732e-01 1.031645100091780759e-01 1.030219466807503065e-01 9.938140554595514820e-02 9.835048028207826754e-02 1.011378565438308952e-01 1.030068545982119332e-01 9.545008062246133906e-02 9.633864368533355538e-02 9.437573367438611971e-02
1.250656117517429944e-01 1.110420707882872615e-01 8.846925334640982908e-02 8.911788580982489549e-02 1.103525977505881439e-01 1.126979549269777475e-01 8.847683286132149161e-02 8.302961824095615728e-02 9.198980675205893631e-02 9.975836777183259840e-02
1.168661632347980373e-01 1.147725227997669767e-01 9.211179923244444678e-02 8.983032858047777791e-02 1.028185701361415266e-01 1.134386620007502428e-01 9.213643242976242431e-02 8.419380841572844665e-02 9.419833989682670217e-02 9.963337327330348825e-02
1.218444437063166130e-01 1.167881419875868715e-01 8.961032471411714551e-02 8.946211561221924236e-02 1.048683050666326805e-01 1.129746782751539363e-01 8.965660909593829719e-02 8.637223943012509175e-02 9.103110697893179726e-02 9.739203513297836623e-02
1.081290055467730854e-01 1.183768846369118999e-01 9.263651734572239671e-02 9.528082582131917888e-02 9.670646279906285059e-02 1.136137540662979506e-01 9.269181345917575088e-02 8.984920279956692957e-02 9.198592476870987023e-02 1.007296087564600734e-01
1.148576106771918709e-01 1.185721253008284459e-01 8.898521598635338037e-02 9.305252511082007238e-02 1.017476638130952044e-01 1.158547885520674475e-01 8.904163148824496832e-02 8.502971942051701371e-02 9.083436642052772347e-02 1.020243532303538453e-01
1.097243498421098251e-01 1.195980592675430915e-01 9.132211194225417494e-02 9.557636762977725353e-02 9.854571010337798143e-02 1.138364916228540441e-01 9.136425305526277296e-02 8.690421669190599718e-02 9.135607249157415288e-02 1.017723673533406786e-01
1.044392904108530362e-01 1.264535481569945830e-01 9.141145812836987128e-02 9.425400962855548515e-02 9.330522895988800636e-02 1.160767014735956670e-01 9.147589460718667798e-02 8.782189523751436633e-02 9.235397850102380901e-02 1.024079948960184838e-01
1.266862288480488097e-01 1.127614794246530466e-01 8.903583133872040867e-02 9.038684631874964459e-02 1.033040381830126475e-01 1.207637833346919126e-01 8.906622304026841352e-02 8.265672579382543628e-02 8.673820591659445189e-02 9.860063780143522860e-02
1.115846401371061725e-01 1.147638313749441280e-01 9.153198475619657437e-02 9.443758025163362380e-02 1.050507314549340432e-01 1.097359601742962792e-01 9.157561101780824220e-02 8.689336122603888435e-02 9.123599531772197402e-02 1.031903042893201061e-01
1.097393285114769829e-01 1.244632755469390339e-01 9.097660608796662163e-02 9.448378133727307338e-02 9.569864227300745041e-02 1.175602155872962351e-01 9.104147737206114144e-02 8.619108950612182352e-02 8.835316614495011822e-02 1.014924176329074224e-01
1.101326420283980784e-01 1.206834688142248008e-01 9.091850900557675585e-02 9.647882232078652809e-02 1.000969381030760441e-01 1.119712472698987521e-01 9.096214794286341943e-02 8.721454869189732007e-02 9.050598291354505776e-02 1.010356929097332573e-01
1.125995764620676270e-01 1.257887941651282815e-01 8.978269301841629302e-02 9.405210839446030702e-02 9.768838426466229519e-02 1.148830799462236263e-01 8.982221878263089987e-02 8.597422316768792150e-02 9.044344775355889210e-02 9.896547404516391200e-02
1.164730215111493133e-01 1.294292548392541320e-01 8.936594970555279682e-02 8.882814492140164719e-02 9.556155124928079891e-02 1.185783744812940466e-01 8.937976175608371154e-02 8.617423705750813789e-02 8.946578633751606224e-02 9.674391814095928410e-02
1.217809370941179137e-01 1.192005377978410524e-01 8.906890331209860179e-02 9.337980511411014817e-02 1.039562690071258039e-01 1.150522501280346749e-01 8.909177643183154027e-02 8.326140904104842311e-02 8.693484069924142799e-02 9.827327137455041384e-02
1.228817440328277277e-01 1.264559602061623989e-01 8.799137622179978302e-02 8.868180897302202492e-02 1.012609785764382736e-01 1.165588035574706277e-01 8.803863302542400127e-02 8.343503661961253204e-02 8.863849124005845903e-02 9.605716754718422734e-02
1.019156175446046808e-01 1.163731246797413132e-01 9.512420133273226386e-02 9.606677019607297308e-02 9.249054137880255433e-02 1.135333435499744081e-01 9.517196921446206825e-02 9.206504453627448181e-02 9.546787248637295109e-02 1.017915150809623470e-01
1.187609787814377232e-01 1.246378715253183972e-01 8.855404342669771778e-02 9.271572233728762880e-02 9.655430148852481298e-02 1.218895550013141676e-01 8.862787464800458981e-02 8.334068299502796207e-02 8.654397753658955861e-02 9.837499225979745576e-02
1.012660744193347312e-01 1.170725232611513900e-01 9.501898886923343390e-02 9.798134992767450202e-02 9.395066336615852387e-02 1.109042299923101299e-01 9.506371322091886067e-02 9.258996777881163542e-02 9.396911867375490335e-02 1.021833704906519036e-01
1.095246128398477542e-01 1.121279262405459193e-01 9.515435100016253478e-02 9.542847459775509467e-02 1.003055531174365800e-01 1.112768917458414469e-01 9.518875305439986056e-02 8.870021034361273704e-02 9.087704713881127050e-02 1.014161799215868021e-01
1.292988225950053860e-01 1.289429811671858883e-01 8.540828449768941844e-02 8.761347779013581305e-02 1.043512529974426756e-01 1.167724192891303886e-01 8.543520717884249549e-02 8.147036768233263671e-02 8.581522688208069460e-02 9.489195992015458936e-02
1.091133128582534861e-01 1.158259068595792751e-01 9.599878088814640942e-02 9.738636854950621924e-02 9.735830649976089102e-02 1.093321355888679375e-01 9.598903483034477990e-02 9.204669013187527504e-02 8.978212764327006545e-02 9.716733615039570282e-02
1.065633889842319687e-01 1.117201006394243218e-01 9.712598858276005886e-02 9.456871109781045392e-02 9.443444510298541761e-02 1.162765818705673165e-01 9.715348942397801502e-02 9.013704976824851722e-02 9.005429166840812905e-02 1.019659528615858013e-01
1.115113441069537498e-01 1.192412524212526637e-01 8.991875431405206565e-02 9.437216020233353542e-02 1.038174932738693268e-01 1.109297683890874270e-01 8.995602672730258764e-02 8.647977157927819181e-02 9.097779930736600573e-02 1.027956296785044327e-01
1.116306476437171763e-01 1.169706251088009769e-01 9.291745005285867443e-02 9.217613235436127039e-02 9.865213977630132858e-02 1.126780463504158947e-01 9.293738129432205231e-02 9.059427640973129192e-02 9.201313176195309584e-02 9.943016924753818320e-02
1.284162774075031654e-01 1.196651504814663092e-01 8.700639048426736522e-02 8.825484332129787668e-02 1.067484908254449083e-01 1.159745231272958643e-01 8.702907492824349389e-02 8.311483590034543512e-02 8.693112867583170644e-02 9.685928484830386154e-02
1.148935324896610266e-01 1.226606730110001292e-01 8.867263947191293683e-02 9.177055764123348558e-02 1.015751619115606991e-01 1.162907182988970334e-01 8.871952819595793627e-02 8.489065329833291040e-02 8.843143926725831327e-02 1.020950964141855433e-01
1.214117602713658123e-01 1.097012599049889542e-01 9.405517041760094732e-02 9.468830012275934738e-02 1.071968475432712592e-01 1.105213538488372532e-01 9.405400689790925639e-02 8.323312595620029064e-02 8.734813248314751699e-02 9.779004255391939016e-02
1.020896400495018008e-01 1.101349215545417148e-01 9.314515880573819018e-02 1.008842574777780027e-01 1.006439452594285050e-01 1.086462165174379851e-01 9.314034220022203436e-02 9.193462050778726524e-02 9.245245260676759891e-02 1.069284450207969167e-01
1.067417138275846000e-01 1.149974692817922750e-01 9.514828854254342438e-02 9.240225536167323561e-02 9.426415057360298944e-02 1.159517258242855203e-01 9.517732421401096932e-02 8.961126906365755873e-02 9.419241291375110570e-02 1.015133903970983908e-01
1.126707807028578950e-01 1.173718774835833673e-01 8.953131540329593852e-02 9.692587332982463555e-02 1.038213159656008189e-01 1.088033699408138821e-01 8.957128686081629321e-02 8.846759443006128876e-02 9.289563489996689738e-02 9.994095098317899717e-02
1.156439650679453174e-01 1.216940441013284468e-01 9.016035015861913193e-02 9.200672328909648146e-02 9.890379396566133241e-02 1.180347874127029711e-01 9.019064768441403812e-02 8.546939516321117036e-02 8.779070876844342897e-02 1.001055843885776675e-01
1.176466364199096754e-01 1.151089844834014553e-01 9.103329508840167505e-02 9.259194453572847094e-02 1.025529690686179107e-01 1.135676614348000574e-01 9.108815215623468353e-02 8.741035627223078808e-02 9.049045561039148478e-02 9.850954493028381276e-02
1.054278946310408804e-01 1.188591137390163782e-01 9.323563890318189995e-02 9.546813930261063841e-02 9.629506174837040855e-02 1.121750170916580996e-01 9.328452303960828307e-02 9.015810107528723916e-02 9.333651447459309636e-02 1.017599959946330346e-01
1.080627381740824344e-01 1.185276412183953049e-01 9.228528787252573973e-02 9.136723091542403585e-02 9.296609742266008503e-02 1.202104229404353936e-01 9.232434442481418646e-02 8.968576038115547155e-02 9.268726892452593125e-02 1.018832077259813618e-01
1.145951663660589592e-01 1.142940411173655746e-01 9.069010174728758811e-02 9.314548066019084915e-02 1.014887169806682060e-01 1.142105619342842771e-01 9.070698129862693471e-02 8.653232042881635333e-02 9.379725049599950404e-02 1.005393789707018232e-01
1.049828745815507280e-01 1.189924626121162676e-01 9.331590449933740983e-02 9.361832342434350807e-02 9.835122010517338698e-02 1.105608967429715234e-01 9.336198000904859240e-02 8.950205685488125951e-02 9.437070852009675492e-02 1.029435726504805554e-01
1.074126087602714080e-01 1.183879871444834253e-01 9.362365635501093686e-02 9.282187804178887447e-02 9.696512328484355181e-02 1.123123101654609629e-01 9.368047826865437411e-02 8.970046838662731892e-02 9.425374826487761815e-02 1.008417413279815988e-01
1.072152921237060352e-01 1.217648596506996361e-01 9.389801672165153101e-02 9.440771039605386217e-02 9.521114641991644534e-02 1.129349273658789010e-01 9.392010799292940804e-02 8.872076872661815994e-02 9.209471827813152378e-02 9.983245232441449735e-02
1.051600277131372885e-01 1.199440398013869868e-01 9.336951995538751714e-02 9.408557658221294862e-02 9.234208277243748098e-02 1.167754197084378137e-01 9.341631604086055030e-02 8.979458975542940757e-02 9.350146053814067937e-02 1.016109671325693131e-01
1.249140484347509156e-01 1.182303793114878598e-01 8.956847990114591429e-02 9.059948873260541269e-02 1.008823954693606056e-01 1.181257532391975645e-01 8.959442065487102647e-02 8.462147264973741978e-02 8.796432735209858134e-02 9.549923425474461658e-02
1.369348726722722231e-01 1.160993430053244707e-01 8.501323758055756574e-02 8.823508400652081696e-02 1.128574421039770931e-01 1.145327348387195771e-01 8.503381426519505959e-02 8.045624273009656380e-02 8.522894708142877973e-02 9.560828171590783631e-02
1.035043629498338669e-01 1.158432847988013353e-01 9.349416929790781150e-02 9.515334197640130942e-02 9.617338168026914880e-02 1.111078547172253267e-01 9.353326483104248967e-02 9.041446218207724317e-02 9.802995494127642040e-02 1.027459226251650204e-01
1.171346270793176270e-01 1.227286065865288572e-01 8.935386279001930609e-02 9.051149022471466354e-02 9.656079811148193803e-02 1.204082047771248276e-01 8.940681551999503374e-02 8.509695554581163390e-02 9.008109278811179954e-02 9.871754657689436885e-02
1.151782353680170928e-01 1.175080069750239209e-01 9.026496434066989816e-02 9.324836641462930231e-02 1.026421718201219885e-01 1.122146656134615228e-01 9.032183754513072038e-02 8.766007768845576753e-02 9.117557992872721284e-02 9.978609430576261541e-02
1.187032401142935067e-01 1.127618144324538940e-01 9.079487714937013731e-02 9.073085363809907378e-02 1.005745204434324858e-01 1.192647339398687778e-01 9.083561813291204934e-02 8.510596019638339005e-02 9.047065336371883093e-02 1.007577285894678681e-01
1.009132215389821480e-01 1.225678965945784099e-01 9.262425070211342815e-02 9.601535908320070478e-02 9.097795035102275440e-02 1.171139655686558173e-01 9.269843508541429633e-02 8.997640433760037415e-02 9.310469476680159617e-02 1.040078219716304569e-01
1.141290339590922409e-01 1.227596962163648164e-01 9.027004123475225461e-02 9.115753661130335250e-02 9.469935110657715094e-02 1.210174849047695178e-01 9.032406992961995729e-02 8.641960055221746539e-02 8.963946572908716715e-02 9.958371975621607697e-02
1.195437180049981341e-01 1.226422803254224453e-01 8.906116759493928892e-02 9.317483126202472099e-02 1.030519424984102372e-01 1.116594405953380692e-01 8.907224379653386204e-02 8.558794709110099930e-02 8.984333188410391358e-02 9.636309694712837104e-02
1.086880166353710320e-01 1.146813487411271759e-01 9.312433001372476260e-02 9.408880070491379422e-02 9.753699531430827518e-02 1.141669716288628983e-01 9.316195911117453043e-02 8.998356588839993841e-02 9.298940393729912546e-02 1.015786080248184675e-01
1.262024942737634547e-01 1.201177892891287513e-01 8.827081584092395794e-02 9.156518251780787487e-02 1.060147776895639105e-01 1.123282681967384122e-01 8.830910096488601979e-02 8.345071709337859023e-02 8.879777225512201777e-02 9.494308187868699678e-02
1.060905593834888805e-01 1.118896880792312476e-01 9.883203987291673542e-02 9.958893732325899140e-02 9.575383355190084100e-02 1.072703800702304727e-01 9.882413446252838463e-02 9.101904804884984601e-02 9.415120449318610529e-02 9.658017471440855095e-02
1.169805227670297210e-01 1.142648538049857304e-01 9.014282106950602391e-02 9.262597257315720312e-02 1.013940966949535977e-01 1.159627192417547747e-01 9.016084131152113379e-02 8.656714506105184226e-02 9.190021442963407228e-02 1.000008130464059286e-01
