9.432451428809543459e-02 1.173858097294765979e-01 9.200501411986700129e-02 7.564521391523928995e-02 9.195244348408071478e-02 1.346276329523861670e-01 1.170745312613327149e-01 7.487150263054373478e-02 8.656589853233098708e-02 1.155474390866473716e-01
9.070155435681540035e-02 1.180008879575734498e-01 8.854362570388982223e-02 7.874226453328114772e-02 8.854775205120250792e-02 1.453907483978700010e-01 1.171685920895545741e-01 8.008201230893798039e-02 8.511214651791595975e-02 1.077104160829591983e-01
9.302667575944088829e-02 1.169711286744317541e-01 9.347712303809534162e-02 8.174061913422550618e-02 9.346873434210715981e-02 1.280864134252493181e-01 1.164346581766722982e-01 8.218007007039779266e-02 8.619019055293551668e-02 1.084243868264444660e-01
1.028981279986711933e-01 1.141457101590306611e-01 8.642204932025426833e-02 7.524627095221092521e-02 8.638776928572966529e-02 1.414141225100599142e-01 1.136138411031649004e-01 7.421465253303163867e-02 9.173083313153920781e-02 1.139266230063076119e-01
9.212238154746232865e-02 1.213647468287758074e-01 8.776394956416336268e-02 7.721144910061854272e-02 8.774527164599171813e-02 1.417588238360658337e-01 1.206404990066190647e-01 7.515155520701478908e-02 8.616484165282474461e-02 1.100764816104638361e-01
9.435399317606027458e-02 1.102192689832055678e-01 8.814061723043520313e-02 9.010591535605280700e-02 8.811844204758251253e-02 1.346911465794483342e-01 1.099403982580697131e-01 9.097604664022704291e-02 9.254789449544048585e-02 1.009062772334780589e-01
9.642704122734283012e-02 1.206664599366995688e-01 8.949268979764392340e-02 7.501167775387333758e-02 8.942870124846342972e-02 1.367929316115413241e-01 1.203090625514182110e-01 7.292678697926664733e-02 8.598579876350560813e-02 1.129588501302451614e-01
1.020104155981138155e-01 1.163994813841610215e-01 8.849790781009946039e-02 7.996685796590578821e-02 8.846488940473186402e-02 1.220108355419153023e-01 1.158777894804283032e-01 7.877269723509372490e-02 9.633279738098241007e-02 1.116663281985682543e-01
9.253785927849293713e-02 1.148994497333351850e-01 9.176143940731618098e-02 8.380205448908839561e-02 9.172067127011677978e-02 1.327443927111592592e-01 1.145457170415800779e-01 8.141323050322321619e-02 8.681888076840453550e-02 1.097563047972834605e-01
9.406068642390863488e-02 1.161345679743872455e-01 8.727331402420060447e-02 7.757783967418943605e-02 8.726708204955196946e-02 1.470808308738899561e-01 1.153903066642780473e-01 7.852020046285192179e-02 8.589992939472347599e-02 1.107952424580187223e-01
9.644847006759454944e-02 1.191971620865636683e-01 8.456769285766764510e-02 7.906959643103593505e-02 8.456820143286880587e-02 1.447993604124345191e-01 1.182269096167823247e-01 7.893940351457114091e-02 8.802291490240164717e-02 1.061602886780798477e-01
9.394798712659491180e-02 1.206940239377305157e-01 8.768384254037497882e-02 7.615180422134093519e-02 8.767400580233569718e-02 1.384787600527187801e-01 1.198020894199376407e-01 7.434363908990071490e-02 8.352135780667108156e-02 1.177024900023947301e-01
9.733249841457904117e-02 1.106628180884810103e-01 8.460309318833603154e-02 7.910509515250076229e-02 8.453009158337054796e-02 1.495669189832724844e-01 1.105320487218851427e-01 7.923725809145910903e-02 8.889218391407764652e-02 1.155379938620382796e-01
1.021173708011759995e-01 1.166443535879303356e-01 8.226243457916385116e-02 7.106492477105230687e-02 8.224649813528843445e-02 1.525113339510894284e-01 1.157662196649098113e-01 7.115065674459455924e-02 9.014382825586780834e-02 1.160923795089274374e-01
1.001358417289118508e-01 1.172396277127924491e-01 8.472023404249144629e-02 7.142732547369182172e-02 8.468559509112212613e-02 1.513620454199944287e-01 1.166002810915402754e-01 7.061891214110621595e-02 8.984976689593283938e-02 1.133603704024166020e-01
9.441327903429842794e-02 1.200677771377467035e-01 8.700683601661958477e-02 7.551683041233746285e-02 8.700880383910775118e-02 1.452768495520329606e-01 1.191585384257184410e-01 7.448478309194576930e-02 8.534430642998930283e-02 1.117219960602035683e-01
9.548772055964600824e-02 1.136556572639158824e-01 8.824015309149066399e-02 8.265784587650069903e-02 8.824972916469644990e-02 1.364683817654468723e-01 1.129092957969130145e-01 8.238426876162521784e-02 8.877390769220125377e-02 1.111730400275639102e-01
9.627043074506963505e-02 1.164337580005502942e-01 9.445867358144438564e-02 7.771515358212108260e-02 9.442945938351562929e-02 1.276898280887261428e-01 1.159724372015921712e-01 7.795763629623182756e-02 8.905880174794933435e-02 1.100138213727994835e-01
8.800147709842717769e-02 1.213603134383526433e-01 8.754966425937217578e-02 7.163734904982110852e-02 8.749860138081812233e-02 1.582739586305111079e-01 1.207559450836715453e-01 7.144547774828841069e-02 7.906980955950586309e-02 1.144074037512318454e-01
9.944676289765942701e-02 1.146888992996595302e-01 8.367783059462614859e-02 7.580304611284864602e-02 8.362419114232408357e-02 1.504320693146139476e-01 1.142369076771331537e-01 7.577330548506551466e-02 9.057921521721182256e-02 1.117377722588576983e-01
9.088617465642109816e-02 1.218712368404572810e-01 8.744226531887790144e-02 7.594223781443547316e-02 8.741500978885534401e-02 1.447147881733709951e-01 1.211311215228472460e-01 7.433358942588123852e-02 8.372759324447320850e-02 1.125359832143802280e-01
1.004107483338013557e-01 1.155253427181138631e-01 9.020008644743431059e-02 8.226348072713332571e-02 9.021263004145255171e-02 1.228897924064192987e-01 1.147479162008753911e-01 8.243577360356635353e-02 9.294949739456066784e-02 1.083647321266428404e-01
9.516467541031613242e-02 1.167181776642227109e-01 8.970976532207619591e-02 8.039696836806520253e-02 8.970947915140284334e-02 1.342903677164457577e-01 1.160204814112342081e-01 7.843310723767112080e-02 8.899268684220440484e-02 1.105642908763614235e-01
1.024937790961469863e-01 1.156893426935328706e-01 8.520445417252928144e-02 7.618609885306315554e-02 8.517164506431480764e-02 1.390122594691996227e-01 1.150799181160402224e-01 7.490222119685852054e-02 9.579927717838018775e-02 1.104610041599343312e-01
8.636841903816110111e-02 1.157800184976834901e-01 8.738894241830287568e-02 7.949519212811660684e-02 8.735333710566167698e-02 1.565437495312111682e-01 1.153158296039142883e-01 7.908403790077275786e-02 8.076990585100368714e-02 1.119005679251723617e-01
1.335709962201287737e-01 1.074966462172035342e-01 7.845410471510382011e-02 6.090816284711936257e-02 7.840834960241327423e-02 1.539013632749232918e-01 1.069864324694379670e-01 6.112708230577885288e-02 1.153723652472636446e-01 1.037744971006274719e-01
9.213494159229418390e-02 1.174985923513657687e-01 9.431301022064386697e-02 8.247159548028508425e-02 9.430310538194444647e-02 1.213597131247851069e-01 1.169602877280089132e-01 8.190987612069501600e-02 8.628871667247817179e-02 1.127601613274994280e-01
1.003017519686443954e-01 1.140731047897283190e-01 9.067534240736743745e-02 8.238313605936710415e-02 9.065134300857788374e-02 1.310579496415979206e-01 1.136880719627311187e-01 7.929845050650688454e-02 8.906410551484122973e-02 1.088067441406377206e-01
9.649340413887637358e-02 1.162763437891578405e-01 8.703885923159757065e-02 7.966569718468048678e-02 8.702816402218811753e-02 1.415587859958168382e-01 1.155753132658109694e-01 7.843104796219500796e-02 8.717816405060399565e-02 1.107542203590728552e-01
1.020736139063735393e-01 1.114433569404146562e-01 8.891848179835937227e-02 8.159258497272169064e-02 8.889413654273280174e-02 1.308774052339372329e-01 1.110217070008223395e-01 8.357871211598782990e-02 9.270243461480705272e-02 1.088975668738434155e-01
9.250331310110053440e-02 1.199869151244011972e-01 8.671975119779663788e-02 7.402375562106003337e-02 8.669267964240871815e-02 1.524120003343349405e-01 1.192977690978376665e-01 7.445148686355143597e-02 8.239489295621069131e-02 1.115174360612982002e-01
9.552369538249028125e-02 1.164960259240246515e-01 8.915702757261256828e-02 7.902257844527291186e-02 8.916864065089294411e-02 1.360101799923670862e-01 1.156651294428619470e-01 7.895843248140699266e-02 8.648216739805400510e-02 1.135161227100166259e-01
9.522743742784872678e-02 1.166451650696000847e-01 8.682584669703678759e-02 7.670532146464000001e-02 8.682524352307344206e-02 1.434968522942998426e-01 1.158264025469667030e-01 7.590420962544663919e-02 8.765436084984926102e-02 1.148891605012385131e-01
1.033094631955469578e-01 1.044038627929214924e-01 1.017087699979062204e-01 8.520608233526275055e-02 1.017409606568927261e-01 1.219160080221126097e-01 1.042175138454372874e-01 8.352960099699373309e-02 9.111582347206678700e-02 1.028519146848594357e-01
9.474891596343697209e-02 1.114860685918469957e-01 8.972315920753935747e-02 8.661474645144982831e-02 8.969093791058323217e-02 1.324858632154682359e-01 1.112174156912890122e-01 8.659391516254459631e-02 9.299733401637577668e-02 1.044416437894659933e-01
1.058748178776274113e-01 1.158624235910259842e-01 8.139136680840271254e-02 7.647332974503169567e-02 8.135364286393341471e-02 1.465888458080024659e-01 1.152004956928052298e-01 7.528197968565203402e-02 9.012738096391897935e-02 1.118457169636000864e-01
1.038176643755578110e-01 1.142029845948830530e-01 8.660651010807404737e-02 6.601779442411752352e-02 8.655768582330050642e-02 1.583176098052697101e-01 1.138096826291263575e-01 6.472764660504920498e-02 9.055846548310095279e-02 1.153839561515208195e-01
8.723495171562108130e-02 1.204235695755987157e-01 8.851032672843504867e-02 7.770381023584183033e-02 8.848162122016962894e-02 1.491499998937248495e-01 1.197627500554363927e-01 7.679712679959148358e-02 7.985430718939158512e-02 1.120815365861893148e-01
9.341448651705748507e-02 1.209737062507399152e-01 8.278856152348065822e-02 7.431019929871657270e-02 8.274550406127774427e-02 1.542549549849556167e-01 1.202802894179314519e-01 7.339333914541242010e-02 8.636631302928264586e-02 1.114726457711455038e-01
9.774115095957625066e-02 1.198389044705782669e-01 8.329647292515725276e-02 7.203840385443011085e-02 8.326796132775751702e-02 1.476203089443539063e-01 1.190786011426803043e-01 7.268917462376689453e-02 8.857091983824627590e-02 1.158581019134531376e-01
9.517465394816709834e-02 1.192277790377149760e-01 8.604177514488997591e-02 7.938972159088696079e-02 8.601656218017253441e-02 1.395494447994797271e-01 1.185079241799327360e-01 7.835714126290753423e-02 8.784128540617495984e-02 1.098937124496734696e-01
1.003285816562318328e-01 1.135022587984902964e-01 8.651015157121001720e-02 7.887716406957828719e-02 8.651072616070377974e-02 1.397829219060515160e-01 1.127935133606876028e-01 7.892753671163710294e-02 9.116740181272642296e-02 1.115997439526830587e-01
8.932565940098050050e-02 1.184284205521540928e-01 8.470029063723893969e-02 7.775638227216616349e-02 8.464107879952105506e-02 1.576815389083610908e-01 1.179674156935560936e-01 7.803589737624551381e-02 8.177041414238661599e-02 1.096929022173898927e-01
9.759973441510014225e-02 1.178823706478334399e-01 8.853082293669363445e-02 7.632443369514965714e-02 8.852048645966889562e-02 1.373590982649701142e-01 1.171218553379436422e-01 7.538196421270794423e-02 8.758486958018568691e-02 1.136943644497468708e-01
1.010007209138039652e-01 1.161073445984641267e-01 9.295882794151767714e-02 7.350530108555858311e-02 9.294251798221819794e-02 1.324209351452126093e-01 1.156173580937916862e-01 7.222998784666394279e-02 8.856357720827023883e-02 1.146534291844989728e-01
9.687337138292334560e-02 1.151514701891176162e-01 8.899472887682631506e-02 8.040114317735923277e-02 8.895274176932550791e-02 1.393947618480088635e-01 1.148110504279752642e-01 8.072311641196458498e-02 8.535874907849774762e-02 1.093388668380014944e-01
9.794378044558395280e-02 1.153304419329760494e-01 8.850072947320895833e-02 6.843218165210829262e-02 8.843362981172674109e-02 1.508210434603360905e-01 1.151002835242289357e-01 7.024323812760559227e-02 8.760814448093584561e-02 1.175865270912894722e-01
9.027409969547611768e-02 1.184824541889329258e-01 8.738222862147701497e-02 7.286540054990282844e-02 8.735362363046453305e-02 1.575170002179869244e-01 1.178544705179987301e-01 7.273145350484484795e-02 7.911521833436788165e-02 1.164240507385482376e-01
9.837797530017726444e-02 1.141100544638631864e-01 9.003922955741140710e-02 8.022950469507512949e-02 9.001807650460078025e-02 1.377769081725286060e-01 1.136672336370533054e-01 7.873862710082651928e-02 8.988421796605713943e-02 1.071581726024066761e-01
1.051691311763837400e-01 1.162760090126436774e-01 9.277334020470140441e-02 7.941358990723468292e-02 9.275566052596508071e-02 1.187302566747985982e-01 1.158112331864435546e-01 7.937242380340271686e-02 9.143957407640919410e-02 1.082587814320172953e-01
1.056028649401347247e-01 1.018005009777518260e-01 9.356364662638951002e-02 8.938276585899554427e-02 9.357241244807357194e-02 1.236208922287995449e-01 1.016593186559422574e-01 9.305944568339233336e-02 9.797951863709135345e-02 9.975863394342937562e-02
9.696962302386624710e-02 1.154283024560207732e-01 8.924904252557394613e-02 7.916760581005655162e-02 8.922834162559302451e-02 1.391505913732695998e-01 1.148399209229934576e-01 7.996150819386817210e-02 8.682992236165448796e-02 1.091751417071036567e-01
9.896628498258359941e-02 1.126058067056916467e-01 9.445315937994097633e-02 8.622021994313797122e-02 9.446564414347868865e-02 1.171506345158034035e-01 1.120604866143691258e-01 8.501567160975705140e-02 8.889754330974555807e-02 1.101645487954919372e-01
9.991949517161101413e-02 1.119035404337899442e-01 9.065348159984197574e-02 8.459196655631585904e-02 9.068646868099759784e-02 1.232345174444460234e-01 1.111023761800879611e-01 8.763154287509759832e-02 9.442173236189227437e-02 1.058548786959197380e-01
9.930040443105886405e-02 1.189040698697589049e-01 8.597437916658387524e-02 7.340261629528696541e-02 8.595929879448437061e-02 1.461432409384492981e-01 1.181317563529811349e-01 7.229459036839674946e-02 8.703382871024831213e-02 1.128558150727515669e-01
9.817692101797177717e-02 1.180478060504187715e-01 8.650792120475027380e-02 6.917154397517304154e-02 8.645764751287267347e-02 1.529428533883753771e-01 1.175574357634507766e-01 6.954217239668963879e-02 8.611937232276993537e-02 1.154763263675277485e-01
1.008164895623690910e-01 1.195624011861272373e-01 8.290360292675925946e-02 7.439871560958849495e-02 8.288265137001925298e-02 1.476134467355337265e-01 1.187633048149972920e-01 7.294288074604930727e-02 8.678067756529787846e-02 1.133358294832584739e-01
1.024620034345680025e-01 1.157570631428755797e-01 8.446096124921090298e-02 6.991389356020258350e-02 8.439668306158729094e-02 1.502923236524148776e-01 1.154263049154957560e-01 6.952806433066580083e-02 9.075102768608848958e-02 1.170116749668907025e-01
9.596101977053586585e-02 1.179303367224321802e-01 9.034077359347557346e-02 7.578364409465186691e-02 9.030795435079366773e-02 1.362159595243305765e-01 1.174356952921936509e-01 7.366949327502222977e-02 8.740941630140475205e-02 1.149457070751596088e-01
1.038643377383633437e-01 1.130546408122536373e-01 9.444913078349327640e-02 8.322806333182088123e-02 9.444581015661407397e-02 1.178337787996103503e-01 1.126586809946525242e-01 7.881361893422404730e-02 9.225600720931292908e-02 1.093959312396549088e-01
9.333722751451639654e-02 1.221777643960787474e-01 8.352472712991539094e-02 7.977168211997702485e-02 8.349947165110181702e-02 1.438417902704432760e-01 1.213232139819388627e-01 7.920382880743241649e-02 8.464995668605622414e-02 1.086703374425399410e-01
1.047265018480785653e-01 1.072261844339209014e-01 9.266111326667748893e-02 8.322951482969023762e-02 9.265801281516919397e-02 1.272669975463178171e-01 1.069795695138320984e-01 8.494549745686205688e-02 9.313547079971133680e-02 1.071711374897403452e-01
9.568357712236458257e-02 1.184048202553313611e-01 8.942822413913871504e-02 7.976503386574750054e-02 8.944020198371736841e-02 1.292923907497516844e-01 1.175129235355663604e-01 7.957837655412818012e-02 8.987746092427534306e-02 1.110169908699789598e-01
9.684577924562556839e-02 1.195347279921140787e-01 9.253528272809935507e-02 7.847199875802512992e-02 9.253746812132226940e-02 1.261761656850423352e-01 1.187695461170997502e-01 7.697556559960416767e-02 8.685056758722474457e-02 1.113028981658425592e-01
9.745413991538849630e-02 1.100857826377593940e-01 8.545000327838246645e-02 8.822346824198605553e-02 8.541743407017995948e-02 1.333202776322782723e-01 1.097595776572361237e-01 8.842157399898448178e-02 9.592870444370191207e-02 1.059390381241028384e-01
8.896320896339694750e-02 1.194231524594573796e-01 9.121897572763618123e-02 7.808851655233560451e-02 9.116858376902185757e-02 1.389591809529122368e-01 1.190729587107333121e-01 7.664868521409021196e-02 8.034878336443740388e-02 1.161079542859788788e-01
1.011014727861184875e-01 1.116737193304268710e-01 9.036230221228674919e-02 7.644957847336278367e-02 9.036217950192440562e-02 1.361575381400236262e-01 1.112065617201336842e-01 7.897228655803539832e-02 8.766777713840785691e-02 1.160465841392801373e-01
1.018284854624266489e-01 1.122007984650218865e-01 8.901471889337377041e-02 8.091743081213771671e-02 8.899597346703101708e-02 1.264442716783288068e-01 1.117195022043093872e-01 8.263918518274489255e-02 9.324294322333259721e-02 1.129966906112932351e-01
1.003754111685734585e-01 1.159015375459336444e-01 8.950558891818179152e-02 7.784248592261325261e-02 8.946668811342040062e-02 1.302403705497770237e-01 1.154786437726154358e-01 7.825679671101155865e-02 9.091663459958117255e-02 1.120158426982922478e-01
9.215418166107711140e-02 1.151909359657848353e-01 9.110995872432153808e-02 8.173249323436668212e-02 9.106267587767405414e-02 1.381945793908875841e-01 1.149007042901681458e-01 8.072189719128142205e-02 8.435671795712830490e-02 1.105758557073103082e-01
1.073271426917604549e-01 1.131651511650235420e-01 8.722303598100661359e-02 8.252296251739622834e-02 8.720640636584763017e-02 1.302657788547517681e-01 1.126928068109678965e-01 8.008089174692810397e-02 9.382106464001072066e-02 1.056947592263070279e-01
9.808471837581758668e-02 1.170426775280078852e-01 8.695671098448806702e-02 7.540487387881401882e-02 8.693417243737167066e-02 1.422210539224158521e-01 1.163569546266189358e-01 7.637103133080029582e-02 8.962611939295518637e-02 1.110016875227104599e-01
1.038237609947186002e-01 1.108376581562635771e-01 8.909178716519845775e-02 7.949284735433459481e-02 8.910339389940698240e-02 1.318930037305505454e-01 1.102175723446486427e-01 7.986404612654725288e-02 9.368904625178119117e-02 1.119868839765501833e-01
1.040911530648229166e-01 1.150119014379892973e-01 8.724342698846419830e-02 7.313532730322716557e-02 8.721713994038930717e-02 1.417615549406872899e-01 1.145036630810527395e-01 7.120288985630332523e-02 8.888099457900791589e-02 1.169519488080558584e-01
1.019655747596550227e-01 1.198566632747264382e-01 8.675474101101615654e-02 7.525048531325652379e-02 8.670721384266677489e-02 1.302840078796885792e-01 1.193804894793813187e-01 7.161008549291091041e-02 9.162210071261507605e-02 1.165686382340831717e-01
9.165073634807489877e-02 1.207876763063638337e-01 8.756403273233669127e-02 7.414423945879931865e-02 8.754242175968529605e-02 1.515935659689406911e-01 1.201318727849780554e-01 7.404579984256222380e-02 8.195049436141418897e-02 1.105891604368447884e-01
9.737835466054009514e-02 1.176906917822314047e-01 8.485144465991877050e-02 7.319969878098561700e-02 8.482467371624292929e-02 1.508499286819151575e-01 1.170478679517218679e-01 7.205666587499029441e-02 8.519872107640037717e-02 1.169019528150535558e-01
9.946449047182313874e-02 1.154811706121662979e-01 8.663495682885861970e-02 8.106398053520878777e-02 8.663547195779298937e-02 1.358834311101504433e-01 1.146709844061392508e-01 8.151539776723305819e-02 9.186142984340553430e-02 1.067886864672219632e-01
6.957155324225462734e-02 1.377360189391609313e-01 8.875057237828137824e-02 4.805507450536086744e-02 8.860635487963668122e-02 1.949079728022875269e-01 1.371201371149070036e-01 4.757977668549091127e-02 5.985259741683773838e-02 1.278199420357823413e-01
1.009309828656661384e-01 1.132087024818236726e-01 9.073078014202533292e-02 7.620159907098934815e-02 9.072559571742599971e-02 1.393437390751998128e-01 1.126782183615576555e-01 7.630061494673763545e-02 8.881764558016908007e-02 1.110621217584053105e-01
9.622021231366935379e-02 1.152334034957314401e-01 8.948632686618139542e-02 7.743563234610478796e-02 8.947332856873650708e-02 1.419844557276936092e-01 1.146088562036486624e-01 7.655622856191925119e-02 8.706900036061580861e-02 1.119325555556991564e-01
9.429028456659734048e-02 1.191281993716610949e-01 8.710268519285721545e-02 7.818269033186880934e-02 8.708092749154956735e-02 1.397273102683872781e-01 1.184517878951862474e-01 7.694629095076845060e-02 8.736505833108100527e-02 1.117247656000429634e-01
9.830944637464331115e-02 1.137992255955648097e-01 8.233143935085399101e-02 7.693666362963329231e-02 8.230634275093551278e-02 1.494281065788292950e-01 1.131798951558858485e-01 7.840152570087989548e-02 9.270518116034084932e-02 1.126021737024331393e-01
9.696814978892259740e-02 1.189009446878730308e-01 8.625607342633836994e-02 7.351613803424121574e-02 8.622654050475718479e-02 1.487526242059777626e-01 1.182001870521545844e-01 7.217962470699962330e-02 8.317749246783848194e-02 1.158222251248970935e-01
1.020273999109375940e-01 1.130290299251351660e-01 9.230732944958702779e-02 7.813002230820292882e-02 9.229979443969944797e-02 1.298395216782196881e-01 1.125939952534991129e-01 7.580870945706263964e-02 9.074783985542199394e-02 1.132163577222343592e-01
9.578542651254952356e-02 1.196488522431043561e-01 8.744825579578520414e-02 7.098526511724909116e-02 8.741706960560172157e-02 1.497256369317787328e-01 1.189039344973882723e-01 7.111044540865375796e-02 8.631609570215072191e-02 1.126590181857386186e-01
9.349048541616618302e-02 1.175647319847369782e-01 9.031143709302062728e-02 8.505762461091243010e-02 9.032053522552546676e-02 1.255422487989378000e-01 1.168151448482261934e-01 8.414585835107277201e-02 8.937574611736325003e-02 1.073761875540382993e-01
9.899037432930911373e-02 1.209360416377344011e-01 8.632701230581039942e-02 7.339738129596284910e-02 8.632609805660851343e-02 1.409748641094184796e-01 1.198990177090937248e-01 7.316744615860716616e-02 8.761072122995626488e-02 1.123710431674991295e-01
1.005086568708007388e-01 1.127773380475388387e-01 9.456729263452155754e-02 8.296865466075502293e-02 9.458050604657382288e-02 1.176229384701568959e-01 1.122589455144062248e-01 8.239281849964145976e-02 9.250394236938955239e-02 1.098189068862158585e-01
9.074213578994330676e-02 1.185454467367739739e-01 8.767325568005224223e-02 7.457615594348063204e-02 8.762992848091437359e-02 1.495897410367060532e-01 1.180187451668938403e-01 7.421216310713059372e-02 8.015002059865415640e-02 1.188624074594508140e-01
1.003577910798934408e-01 1.155184934825839449e-01 9.107871800219896619e-02 7.620614625869337466e-02 9.105265228149622692e-02 1.372939119049680912e-01 1.150517965184794517e-01 7.375186239792450027e-02 8.773247272457346257e-02 1.119561553491885408e-01
1.034609761557934576e-01 1.150419848915389814e-01 8.623603289364203950e-02 7.595435190219580746e-02 8.623607735745877911e-02 1.433735251823786971e-01 1.142768626245717484e-01 7.455722057875109610e-02 8.967456938032844493e-02 1.111883990333409622e-01
1.010457203031961126e-01 1.093049240795542776e-01 9.295865424038626812e-02 8.235495042320656323e-02 9.296965326491395121e-02 1.359223937650104741e-01 1.088962388765503525e-01 8.246203757781551957e-02 9.052975668786415742e-02 1.035556707815022681e-01
9.365442416340989673e-02 1.186059211521797441e-01 8.720196990753728561e-02 7.715057559654858732e-02 8.718490767462781788e-02 1.444730832516571972e-01 1.178866885609747422e-01 7.614239257138380457e-02 8.532818493675943528e-02 1.123718521849215030e-01
9.833000325291449406e-02 1.136675765922906117e-01 8.890788495238437228e-02 8.044439480610821036e-02 8.888459906259942034e-02 1.355022303016080176e-01 1.132090563863517030e-01 8.087290621685910841e-02 8.670152756354081169e-02 1.134798208653432228e-01
9.022604426464055083e-02 1.175637722190354811e-01 8.745244491561494915e-02 7.989745942100417997e-02 8.742839058906552718e-02 1.463567072051891460e-01 1.169338537349916135e-01 8.000595640534866049e-02 8.382682467277925709e-02 1.103085465723305791e-01
1.084937022270893864e-01 1.095054680290789284e-01 8.936485239482705456e-02 7.786003158568118032e-02 8.935790766214314618e-02 1.420887718714470560e-01 1.090821439653760633e-01 7.744858922897003561e-02 9.247441813055957971e-02 1.043241149048275695e-01
9.322523073596136745e-02 1.220367421668761970e-01 8.572429210112818276e-02 7.730453700485298563e-02 8.571234845495019627e-02 1.460772668062663426e-01 1.211462590650200927e-01 7.567836001983054006e-02 8.352603333796011775e-02 1.095689303071540749e-01
9.455227901534141166e-02 1.220277847820216283e-01 8.359001490578740756e-02 7.892302072623480491e-02 8.356866787856559453e-02 1.436090494268999762e-01 1.211303168682616033e-01 7.794540863607798964e-02 8.731098068136117218e-02 1.073424770794483701e-01
9.644234126114722971e-02 1.137694900000224135e-01 8.406996302695365908e-02 8.269908598424591251e-02 8.402306785304747283e-02 1.437000980111787785e-01 1.133246812856909258e-01 8.246370230084931752e-02 8.965593073184090211e-02 1.098516395450233746e-01
9.389770627068082243e-02 1.211554348562362549e-01 9.257832235449585390e-02 7.475203422593484914e-02 9.255469118780190740e-02 1.310538578941751742e-01 1.205380553331569238e-01 7.237350713464382745e-02 8.454878253925632303e-02 1.165476082036180500e-01
1.056292922279914448e-01 1.117686014262891658e-01 9.205777534407827423e-02 8.736814888556412861e-02 9.205247397320721892e-02 1.147840653502648078e-01 1.113901833748736220e-01 8.588720496545189376e-02 9.278351484237504221e-02 1.062787396099044157e-01
9.576721180279558487e-02 1.198954108238594329e-01 8.263745159044351418e-02 7.860466523740868017e-02 8.262856318040268100e-02 1.439555829373582452e-01 1.189703567322712985e-01 7.895625477144029014e-02 8.815606392846636608e-02 1.104284389955538931e-01
9.016330635151525996e-02 1.222538913718732995e-01 8.741783248989896948e-02 6.907117092864392682e-02 8.738915424104665153e-02 1.563002997300277364e-01 1.214431492712281097e-01 6.951605427618748334e-02 8.348315291760927126e-02 1.129619884219693476e-01
9.023656770309611275e-02 1.190888627139573275e-01 9.033151470091102531e-02 7.152913841510388782e-02 9.027445887759186216e-02 1.513466832638497572e-01 1.186464648562049057e-01 7.214948333369822220e-02 8.360783070461087763e-02 1.127889954309760356e-01
9.674076443469269149e-02 1.206246845382550059e-01 8.974283132033245014e-02 7.168194518216745859e-02 8.970731535307550908e-02 1.372865813479565433e-01 1.199757907879716451e-01 6.930726704627068746e-02 8.872850660801340217e-02 1.162043133812645651e-01
1.064241579724240355e-01 9.931143402657129082e-02 1.012943223646379093e-01 9.317645760331698390e-02 1.012886622889455357e-01 1.049887261042976860e-01 9.947159907350387742e-02 9.626869805630879073e-02 1.012635001296930126e-01 9.651244238030093348e-02
9.601239970100529375e-02 1.007948175174164518e-01 9.421188828277884952e-02 9.811504508939992986e-02 9.417982315606802934e-02 1.087450000607932260e-01 1.009049204346213618e-01 1.030726256910467487e-01 1.052101482594572229e-01 9.875333180741290018e-02
1.071548428501936934e-01 1.078486222848445697e-01 8.933424841024452390e-02 8.303095536752547190e-02 8.933261409123362251e-02 1.307781946629768821e-01 1.074923728308544019e-01 8.129493759750709703e-02 9.423561846656498819e-02 1.094975934380547633e-01
9.685175726641674643e-02 1.081374770044843114e-01 8.869114454157232819e-02 7.968623541869997162e-02 8.868392119666315687e-02 1.533366758374250238e-01 1.077351231765396600e-01 8.056990365925206787e-02 8.933836134387913852e-02 1.069694005550675536e-01
1.024766637623970716e-01 1.142025350164965897e-01 8.891370331617935718e-02 7.209940067455702928e-02 8.889323487476334662e-02 1.435011057672605228e-01 1.136724900458790100e-01 7.177256726956186828e-02 9.384613616732828678e-02 1.106221631055769178e-01
9.553028842060086456e-02 1.169292173600251644e-01 9.069583341310082092e-02 7.886547274447493205e-02 9.068022150929036518e-02 1.322342617090361550e-01 1.162864040041842600e-01 7.843973862714813394e-02 8.790059220568052778e-02 1.124379700064587623e-01
1.003665615489709173e-01 1.169716322268783137e-01 8.948818185630048883e-02 7.596513352236630712e-02 8.946296479675865110e-02 1.353565836895439245e-01 1.163884305531024815e-01 7.407232426814176762e-02 8.744875437400326246e-02 1.144794331639338442e-01
9.634740962117117891e-02 1.169501607257572989e-01 8.931568465588368699e-02 7.943015982004215936e-02 8.927138128957316787e-02 1.357834718022382647e-01 1.165721107298458292e-01 7.830207758201204737e-02 8.664434364855452819e-02 1.113832001249218245e-01
9.021161676600301937e-02 1.222282060410282284e-01 8.909764262706335036e-02 7.437333387771750959e-02 8.907752404749201547e-02 1.457948140400911197e-01 1.213973278893681340e-01 7.448814427326111431e-02 8.091083134618480555e-02 1.124205590917907033e-01
1.023852261736723779e-01 1.118056654593546223e-01 8.600640390543320968e-02 7.753689895570542445e-02 8.596204877677443568e-02 1.353088279721680609e-01 1.114920755785073492e-01 7.748391825527872756e-02 9.217250594238270145e-02 1.198464289807230493e-01
1.031473451883067327e-01 1.127213872707120285e-01 8.960694278969158488e-02 7.939148742638162115e-02 8.955807686191498418e-02 1.363735550309964628e-01 1.124870265390391505e-01 7.750343349230748302e-02 9.137882284899827290e-02 1.078319225516516794e-01
9.219975676809558096e-02 1.199221706910089391e-01 8.503202768800803557e-02 7.344886019168073155e-02 8.498467642818102741e-02 1.560383627443696353e-01 1.192720462201098119e-01 7.273694436875113856e-02 8.290382371453162980e-02 1.134613311852634698e-01
9.811523639546358699e-02 1.182756914259881775e-01 8.853429181828235961e-02 7.541361060119475268e-02 8.852985328919475705e-02 1.405380291607779275e-01 1.174651350957758716e-01 7.504196991882970680e-02 8.815055185939829618e-02 1.099356304350945224e-01
9.621445944807212325e-02 1.238999999424511556e-01 8.896028575175667086e-02 7.454263307519580495e-02 8.894855400491358255e-02 1.308988069625771633e-01 1.230194444367287560e-01 7.295687818005143488e-02 8.723760014176637489e-02 1.133213380564868783e-01
8.883510095055387190e-02 1.203531260239898426e-01 8.317945652550266800e-02 7.668178820745853719e-02 8.315812416914653005e-02 1.617126501239372627e-01 1.195851998090243645e-01 7.408194611339942448e-02 8.210767189448005265e-02 1.103049361825074043e-01
1.016427834198189856e-01 1.165903442170669324e-01 8.500219277164411391e-02 8.196776157037917454e-02 8.497311062221468703e-02 1.272541444336057204e-01 1.160089619056035859e-01 8.219908938496911510e-02 9.174127236865366186e-02 1.126203393060440372e-01
9.658568530377938111e-02 1.206963946516631248e-01 8.448982896115214691e-02 7.134407861588680511e-02 8.446803231235067155e-02 1.537867014206564797e-01 1.198384032987071107e-01 6.923041512642015560e-02 8.813789054145330926e-02 1.114225697679308430e-01
9.256675921269208462e-02 1.164102667859194390e-01 9.528508295926442495e-02 7.853220620730133605e-02 9.529282009315674651e-02 1.265315592718991022e-01 1.157604238973796301e-01 7.914350740293733810e-02 8.667468478173069590e-02 1.138026893877192025e-01
9.298249913083597717e-02 1.201005752108433855e-01 8.332670461314929666e-02 6.906398310015629538e-02 8.326322431885380126e-02 1.618907517894598858e-01 1.195297019560278284e-01 6.838015397707269960e-02 8.381046450568871431e-02 1.176519413979120882e-01
9.178824558300952008e-02 1.143575048776730579e-01 9.170066853562643117e-02 8.382348919945752097e-02 9.167366623146701310e-02 1.357681888815640003e-01 1.139457660835136998e-01 8.287437819137352668e-02 8.562038564843324484e-02 1.084477067678819989e-01
9.957830803862054159e-02 1.113133692645988243e-01 9.013193225769912387e-02 8.395806990053750196e-02 9.010623085007442301e-02 1.280139665652978709e-01 1.109346836554058469e-01 8.199774688058567018e-02 9.336268587720635004e-02 1.106030067099738334e-01
9.948336562412543604e-02 1.230258087105241954e-01 8.183384533381339587e-02 7.499166127190198816e-02 8.180889319683418148e-02 1.446622847797635614e-01 1.221151111913829912e-01 7.163990063681509313e-02 8.893584389773029342e-02 1.115032853571089055e-01
9.419338638935031982e-02 1.120549451750777054e-01 8.681461643737090061e-02 9.031183913883750192e-02 8.681033672172200344e-02 1.297573510928141383e-01 1.114997140777594653e-01 8.977440966617621088e-02 9.295306777130502018e-02 1.058303335295868314e-01
9.309422473456424596e-02 1.100945008581914047e-01 8.867448072398245729e-02 8.686154108861877943e-02 8.864478377284379373e-02 1.329692376007066690e-01 1.097424290105190603e-01 8.639131997693337561e-02 8.879040611062660737e-02 1.147370761230135927e-01
1.019340908226190195e-01 1.170665066839574608e-01 8.921548800868650542e-02 7.621107068660834538e-02 8.920235457078277974e-02 1.380024754439214407e-01 1.164275849879421038e-01 7.395533453219152453e-02 8.895117732955451495e-02 1.090339169337363051e-01
8.784074928321283782e-02 1.041916372911291661e-01 8.200701425180308146e-02 7.540162208473946692e-02 8.196648832206174240e-02 2.050871567219035019e-01 1.039844885398886198e-01 7.697447695721180982e-02 8.218841316107496076e-02 1.003579533869748408e-01
1.018838813701978818e-01 1.142673571169755958e-01 8.295241337572173412e-02 7.018735090417674294e-02 8.293710680679958203e-02 1.629928406250218675e-01 1.135787042644820777e-01 6.952287112320457152e-02 9.081923269087936734e-02 1.108582417225405653e-01
9.919774602994345380e-02 1.197786940162473557e-01 8.623525149998224892e-02 7.479218031323704718e-02 8.621371685227312287e-02 1.415833261772538043e-01 1.189963101771080306e-01 7.341141071926118866e-02 8.604381042481105968e-02 1.137475537898827160e-01
1.059369493712339350e-01 1.084432370295374259e-01 8.631987361630444333e-02 8.696390097505934946e-02 8.630271818888372859e-02 1.208386588499269637e-01 1.080517813640618913e-01 8.630170032794155788e-02 1.015119676829283474e-01 1.093292125941223297e-01
1.017445816534515851e-01 1.112563081207660759e-01 9.345889980359391169e-02 8.575855035780997893e-02 9.343626629626261559e-02 1.202146949525214337e-01 1.110856936851740417e-01 8.431318689430131186e-02 8.901774388877448096e-02 1.097140743473446062e-01
9.193885037567554874e-02 1.121456290498836217e-01 9.182376080254123218e-02 8.281385894814183302e-02 9.179599912377321702e-02 1.385089872228831009e-01 1.118493634565188855e-01 7.954205497846411621e-02 8.642084286951770555e-02 1.131606531726006976e-01
1.032312562864729638e-01 1.167264710739253503e-01 9.225306197159370558e-02 7.667108344876714943e-02 9.225107450470530768e-02 1.262398575756117081e-01 1.161019500161432627e-01 7.608064495495904522e-02 9.210517596336610657e-02 1.083394242044554562e-01
9.537114196737539462e-02 1.173256520028018030e-01 8.452918012391452685e-02 7.822343664596773105e-02 8.451662001033299898e-02 1.456479676911414389e-01 1.165196583168779110e-01 7.808080154826108066e-02 8.580186019709898360e-02 1.139836814962281314e-01
1.030928966717931661e-01 1.157359343665223250e-01 9.075947199556383405e-02 7.155057286800765859e-02 9.076069133362994756e-02 1.333918272729101573e-01 1.149846068862283854e-01 7.042042611813174868e-02 9.483337510703031270e-02 1.144701973801824785e-01
9.361005678254498419e-02 1.155407961082632051e-01 9.063021343844709921e-02 7.876173741567445152e-02 9.060453714668248448e-02 1.427493426349164818e-01 1.150514954864302469e-01 7.791937504401448555e-02 8.595669753733113649e-02 1.091757484056954247e-01
9.053503104389454270e-02 1.153765887484778235e-01 9.010334989325194388e-02 7.830638078820510717e-02 9.009291851609695090e-02 1.416115479093846274e-01 1.147799392098645260e-01 7.964408108539132447e-02 8.234149309781491066e-02 1.172086697076182016e-01
9.898899035816399739e-02 1.114425705319909143e-01 9.132432711821002191e-02 8.163921907710508519e-02 9.134687602777033510e-02 1.318921336839505021e-01 1.108194349118503536e-01 8.198355241837491925e-02 8.904925406557756551e-02 1.115136418070062363e-01
9.554906164495283183e-02 1.155828623914674502e-01 9.153627302225961215e-02 8.075933170922020010e-02 9.152395437579778636e-02 1.355503970443096007e-01 1.150214369956817084e-01 8.020851322446667653e-02 8.673419701011554628e-02 1.075339725817285735e-01
9.560090012564806394e-02 1.167536073851415945e-01 9.286429538257028049e-02 7.870177933187469388e-02 9.282808094504146901e-02 1.260215629962799788e-01 1.163584285446033761e-01 8.108099437874384530e-02 8.890357859573588817e-02 1.108867723143607958e-01
9.167146843316531513e-02 1.172652052427468061e-01 8.871989800112292657e-02 8.079901374408651749e-02 8.867684018523985801e-02 1.410460111040616193e-01 1.169078773916002179e-01 7.970842634103170177e-02 8.644174881109499553e-02 1.087635107458500144e-01
8.949050397773225529e-02 1.162523865872484019e-01 9.063025383091401210e-02 7.979257804059103343e-02 9.057567405588987097e-02 1.442327632252929648e-01 1.160020562521880405e-01 7.708309351659191344e-02 8.270546839752702939e-02 1.132352221160245198e-01
9.676717237680614037e-02 1.134605406653368953e-01 8.434366884322246072e-02 7.960379578894184738e-02 8.432665430781716154e-02 1.429158621612302282e-01 1.128306352210029923e-01 8.177475559769947777e-02 9.046939558001938775e-02 1.135075194579234364e-01
1.094207304758433447e-01 1.126518503474124439e-01 8.265663377507118104e-02 7.795238493130911273e-02 8.263938845735614713e-02 1.384285243493410533e-01 1.120294992403187695e-01 7.699349452849710285e-02 9.599234180125020000e-02 1.112351520936005755e-01
9.594879788625843009e-02 1.155650990380995141e-01 9.774543086787620960e-02 7.965752439461160073e-02 9.772520129290347690e-02 1.229764333319630365e-01 1.152836428197997476e-01 7.655752619931806280e-02 8.763871269283318721e-02 1.109016314763367067e-01
9.149511101533797097e-02 1.163565473007314582e-01 8.539967698763019366e-02 7.320160246868163967e-02 8.534336926833674397e-02 1.606752560866124280e-01 1.159727163937001038e-01 7.431341884837527889e-02 8.299762472664641566e-02 1.142446769039477394e-01
1.015566320658379401e-01 1.163237954856364553e-01 9.016323800545258949e-02 7.661745465746362671e-02 9.012829868181553017e-02 1.305518139512598930e-01 1.158553865720823306e-01 7.592011547773748481e-02 9.165564596544514830e-02 1.112276191372690015e-01
9.789218591974792327e-02 1.097938193549059666e-01 8.810810970958696253e-02 7.976570170843587382e-02 8.805576576555351753e-02 1.411441589398252372e-01 1.096316225303125280e-01 8.113820584876293984e-02 8.827058246435007249e-02 1.161998477585190065e-01
9.078360022739309643e-02 1.222439558033944912e-01 9.265777713678936822e-02 7.171229674010608235e-02 9.263508390082575428e-02 1.384080277463856090e-01 1.215080703751573316e-01 7.152665676130925965e-02 8.144917770251598743e-02 1.170753536061229921e-01
9.098668071101195798e-02 1.180001116856445181e-01 8.617254621683030635e-02 7.256606530714973524e-02 8.610813707899871161e-02 1.573145097548738491e-01 1.176559503879096719e-01 7.198301257525238639e-02 8.280453801615675347e-02 1.164084482661720960e-01
9.857230364102877174e-02 1.173561416224516846e-01 8.591358380668752404e-02 8.135844117570997791e-02 8.591078068639702858e-02 1.356801655698903208e-01 1.166013396957998188e-01 8.098716241033231122e-02 9.070799531088367951e-02 1.069120860808188411e-01
9.561666020855451309e-02 1.123912999940254731e-01 9.099269678152499541e-02 7.720352401375088491e-02 9.098896487216048823e-02 1.422319671341464309e-01 1.118500022287252094e-01 7.895743829447994522e-02 8.769858436550592717e-02 1.120688621071261742e-01
1.031126655052508889e-01 1.169361908500278213e-01 8.635417742192334767e-02 7.435153525298610067e-02 8.633526855594621241e-02 1.377154815271543209e-01 1.162571559567219387e-01 7.415985899969014528e-02 9.529133703447896508e-02 1.094863288958202591e-01
9.263834575638449365e-02 1.082681213665427633e-01 9.108938541152544754e-02 9.363110403116844949e-02 9.108150332271192084e-02 1.198820384726498045e-01 1.079708108579892772e-01 9.684111821089735894e-02 9.477963952976713180e-02 1.038179330403633804e-01
9.967179441887696889e-02 1.123023016527811835e-01 9.022601721415300646e-02 7.440991792656374837e-02 9.023267299723400359e-02 1.418362907566856068e-01 1.117336625797057531e-01 7.585817809109225707e-02 8.961776628838828695e-02 1.141113980745191853e-01
