1.186818359189432681e-01 9.226258740923551360e-02 8.889380760841598950e-02 9.231152391001576363e-02 1.184948020106946637e-01 9.334410337073886788e-02 9.309499800699205796e-02 9.372772264830660227e-02 1.168393861114170318e-01 9.234923300524019996e-02
1.220107787594312543e-01 9.216341704155199543e-02 8.851792874427526214e-02 9.225697656567073690e-02 1.215731181761703084e-01 9.210136315149838881e-02 9.165661292396275195e-02 9.587020908457612178e-02 1.115395458741142432e-01 9.231004967874892331e-02
1.182297175309572762e-01 9.253771602734334190e-02 8.936710827214335018e-02 9.259716596822345491e-02 1.179528175765961889e-01 9.554963003040273239e-02 9.456578476872025407e-02 9.687509313170521164e-02 1.096905458326366128e-01 9.263442086127159081e-02
1.198010823571419581e-01 9.115632567849840662e-02 8.750307358108819211e-02 9.124223980627983732e-02 1.194820361730827424e-01 9.163054426685880716e-02 9.077700849770166391e-02 9.747033584976977361e-02 1.196395093210431693e-01 9.129784446853546342e-02
1.246915480555066957e-01 9.157842335313209903e-02 8.780408454726765233e-02 9.160949785091965225e-02 1.243565068929689404e-01 9.128365405151447898e-02 9.033607940715548956e-02 9.339872516831951299e-02 1.133119066559283572e-01 9.162957401728709372e-02
1.158717551704018384e-01 9.509250322381086751e-02 9.264296875947798660e-02 9.504032254610209063e-02 1.158029106405022018e-01 9.203872149834584071e-02 9.283244726819125936e-02 9.939658653659032284e-02 1.062699518433165985e-01 9.501183251326100754e-02
1.229302272645036720e-01 9.103175218213435671e-02 8.882423706546610509e-02 9.106091923165994528e-02 1.227346538683578570e-01 9.145921246127458604e-02 9.128621094643363243e-02 9.446369284410043032e-02 1.151203197090901881e-01 9.108877442697926874e-02
1.195561589698606875e-01 9.359699050941079623e-02 8.722927640949093564e-02 9.367290232973793374e-02 1.192643124539834593e-01 9.158369002530603042e-02 9.098535795069488674e-02 9.561883678281205001e-02 1.147717593317812007e-01 9.372071523692199202e-02
1.173244761978631950e-01 9.373966120851574824e-02 9.137152421708892580e-02 9.381423796314430907e-02 1.171021578785343131e-01 9.340459336199198603e-02 9.374966736040230009e-02 9.356114736725164305e-02 1.120681013971368406e-01 9.386443304807073895e-02
1.213013302114424596e-01 9.250068176173927015e-02 8.817054329372120414e-02 9.259212998482406476e-02 1.208988362229173746e-01 9.196874731729366703e-02 9.125435950115322326e-02 9.278563594462638231e-02 1.158824991551639927e-01 9.264523660711837527e-02
1.255542433663678070e-01 9.147512219288393698e-02 8.829770515060809954e-02 9.156245392816451945e-02 1.250530317048068607e-01 8.995464219475771128e-02 8.922108494958079505e-02 9.522235569108690456e-02 1.120482482740239594e-01 9.161111254771937829e-02
1.249903432961734784e-01 8.908801810649073782e-02 8.484874541010173354e-02 8.919822202195891447e-02 1.244892332731879631e-01 9.135511153328944312e-02 9.089354074242052273e-02 9.382012753723022180e-02 1.220514004558162363e-01 8.926525762333081815e-02
1.177108928300919927e-01 9.261517422655843323e-02 8.836696524454899782e-02 9.261364941044274157e-02 1.176410942860636882e-01 9.021078026169868092e-02 9.010795085183963271e-02 9.516480405261056041e-02 1.229445565806921437e-01 9.262413225545308715e-02
1.261180742197953175e-01 8.934564764526166381e-02 8.403780580170909509e-02 8.944476982888023564e-02 1.256184440147201375e-01 8.976658054312204593e-02 8.905809583961674103e-02 9.137762410858089879e-02 1.257279973062913891e-01 8.950496069202244775e-02
1.241761399990817527e-01 9.057850740716894000e-02 8.658210409360482529e-02 9.064406551255800581e-02 1.238234695635429122e-01 9.009704144470506715e-02 8.985111476625221028e-02 9.335549436871268258e-02 1.202043946098706739e-01 9.068766823450297165e-02
1.255109303348541094e-01 8.972048843639578164e-02 8.574983369935386401e-02 8.978828593020393711e-02 1.250519340401432533e-01 9.148843217824031981e-02 9.109397046978659485e-02 9.473516807220352942e-02 1.170327654214730201e-01 8.982819141734561807e-02
1.188010236845747636e-01 9.305330181804025158e-02 8.649622078705519745e-02 9.315322690520518034e-02 1.183979085194908493e-01 9.281930440576822983e-02 9.231751515704654520e-02 9.537276629338271861e-02 1.163798922626743948e-01 9.320884016676191097e-02
1.165107855083159644e-01 9.343202940308571736e-02 9.202860974793411475e-02 9.356064862739800481e-02 1.162002640073072773e-01 9.482946513838688696e-02 9.452345009607809878e-02 9.524169828090783829e-02 1.100319693140091176e-01 9.364107987657702137e-02
1.243676396085064834e-01 9.103611993905159905e-02 8.640262492974361275e-02 9.113186575978113324e-02 1.240017622249169338e-01 9.107028906878907037e-02 8.979919958420942705e-02 9.372356636837943233e-02 1.172714635931700611e-01 9.119546892345231637e-02
1.220608925589265065e-01 9.265244585558971013e-02 8.616055021406389403e-02 9.271167586861250864e-02 1.217969246470456957e-01 8.887438656274461446e-02 8.916388535409705551e-02 9.483641276459588154e-02 1.189895134764760581e-01 9.275331269784800603e-02
1.248088882311087916e-01 9.152037486018010926e-02 8.676340334654776554e-02 9.158686765943156727e-02 1.244278435170853986e-01 9.024031333151118217e-02 8.968167137006644030e-02 9.393531817976658038e-02 1.154066234784830447e-01 9.162869602581910633e-02
1.184717481166821240e-01 9.319663981982781453e-02 8.933488502061598391e-02 9.331082865696227469e-02 1.180494135358191310e-01 9.327140918579784890e-02 9.256930910405151980e-02 9.715649819348130822e-02 1.112648921314611516e-01 9.337437623530084330e-02
1.209152364501977911e-01 9.202760731457786114e-02 8.771662334947569195e-02 9.209503367053192835e-02 1.205575617891452567e-01 9.358129424403700825e-02 9.304265845536541235e-02 9.321530499782586243e-02 1.147138544391923393e-01 9.213482528965077911e-02
1.222620690481282801e-01 9.264072654877747448e-02 8.634500172823010578e-02 9.272460299964133124e-02 1.219128537218273356e-01 9.065808251031104437e-02 9.014241573577770616e-02 9.370326869991192631e-02 1.168336865002763819e-01 9.277729250711848341e-02
1.215488241241892281e-01 9.171131996483139481e-02 8.790894038580078507e-02 9.173820713659436299e-02 1.213166049307400490e-01 9.214745821847059037e-02 9.187128746310085914e-02 9.238523301255092968e-02 1.176121664592698485e-01 9.175995830445195234e-02
1.248238433642646500e-01 8.988020022424282607e-02 8.624021667938637503e-02 8.997200751489019266e-02 1.244661446137106803e-01 9.188198447548120984e-02 9.117159311232164720e-02 9.100639280970711231e-02 1.205225674518329709e-01 9.003504975416233569e-02
1.174192244272484059e-01 9.311846923194175285e-02 8.997184923348212904e-02 9.319523254310274618e-02 1.171298650093175325e-01 9.430723488867114035e-02 9.431490316918250683e-02 9.453199304545860382e-02 1.127690185029134318e-01 9.324220994868170909e-02
1.176104092670465784e-01 9.275728931600765725e-02 8.954857636625768169e-02 9.277173583671610713e-02 1.174331985327292383e-01 9.505293247011811775e-02 9.360302278607685045e-02 9.613162846018351304e-02 1.123066333419626972e-01 9.278457362290153110e-02
1.215128431263661768e-01 9.192045484505079189e-02 8.916496690480740783e-02 9.199037131630000141e-02 1.211470706788065066e-01 9.150378317673613093e-02 9.107371897622751344e-02 9.373973833904419850e-02 1.159150274328980962e-01 9.203202520376314866e-02
1.172427746418777117e-01 9.230084100119680113e-02 8.937939618088705518e-02 9.236230034061541916e-02 1.170005294023077069e-01 9.365077989161540994e-02 9.361654908217188764e-02 9.741231893000452946e-02 1.146314660667339114e-01 9.240304446258958138e-02
1.250885402175100913e-01 9.025488699162757811e-02 8.722716333290260471e-02 9.030323453241782816e-02 1.247379236543379732e-01 9.138229263166593175e-02 9.054724245070645827e-02 9.369243507168549534e-02 1.164302254032176381e-01 9.033605571392837319e-02
1.205398937542093707e-01 9.172153422321467631e-02 8.724004132432504333e-02 9.182685820850459979e-02 1.200926013377331542e-01 9.374551288066888810e-02 9.233623782802886926e-02 9.296961373630663328e-02 1.176413014784635780e-01 9.188640522854518711e-02
1.208107677815774272e-01 9.248251068017361576e-02 8.709625055067686528e-02 9.258310949896923769e-02 1.203747471660084750e-01 9.109225599137327212e-02 9.002838368113560974e-02 9.370205517328911160e-02 1.191903648392396153e-01 9.263955463755681186e-02
1.059930584593858360e-01 9.351566439222147586e-02 9.281910265139323157e-02 9.354910968808860527e-02 1.058936186870094720e-01 1.047729937428458075e-01 1.032418332214583012e-01 1.021938207644602636e-01 1.044502050705857082e-01 9.357059332255138195e-02
1.151226190211441097e-01 9.513852316031859435e-02 9.198415057909412051e-02 9.513513154451636034e-02 1.150135659883367162e-01 9.392994678222506277e-02 9.277041538169648882e-02 9.781641474639846123e-02 1.079525017977690654e-01 9.513673099850102066e-02
1.267800740014017324e-01 8.908133109708302189e-02 8.540355185633648205e-02 8.913233203052672859e-02 1.264162309158809450e-01 8.920037477208904442e-02 8.920309598199301082e-02 9.305660868857112966e-02 1.225575968836746105e-01 8.916880377244329470e-02
1.215615870380901131e-01 8.929740330045812802e-02 8.639359902398928426e-02 8.934217479954709162e-02 1.213273334458411512e-01 9.308599511511547742e-02 9.227931616739531995e-02 9.445081511991987311e-02 1.228831895476549252e-01 8.937858644198864999e-02
1.240093642970503673e-01 9.106001611865140177e-02 8.796399930841371229e-02 9.112611644413426415e-02 1.236569244046637622e-01 9.191258332322001234e-02 9.125951647540150868e-02 9.229992577768886264e-02 1.155420954726310706e-01 9.116945837814501019e-02
1.292402066334625843e-01 8.946611046235398990e-02 8.508235917520656777e-02 8.949320314747266636e-02 1.288954110142958853e-01 8.921826765985287067e-02 8.862471525495706215e-02 9.117051625542255122e-02 1.192933152842026306e-01 8.951589511277320554e-02
1.266452153290824056e-01 9.026171179442095405e-02 8.478045876213413656e-02 9.029914474967377924e-02 1.262736421191656688e-01 8.875745329881658263e-02 8.820156531975968661e-02 9.176089904781663253e-02 1.226956580589844970e-01 9.032425152014568470e-02
1.246098708057384596e-01 9.220751306951044390e-02 8.625104609048447890e-02 9.227623483873460819e-02 1.242310659616901597e-01 9.116047867637200319e-02 9.005471650934794570e-02 9.188110001807149596e-02 1.150091194473162326e-01 9.231885458273424161e-02
1.197883813009928966e-01 9.245280824586596391e-02 8.619938601616569662e-02 9.252668172442719829e-02 1.194191355138465860e-01 9.220688490743740584e-02 9.141114746263345747e-02 9.544359246066667912e-02 1.179835284533348461e-01 9.256845391462928396e-02
1.250136132242860021e-01 9.149109192460366802e-02 8.563647696177545399e-02 9.152762574273440310e-02 1.247627730464924145e-01 8.987901072165689620e-02 8.954287443093655874e-02 9.471590035594343315e-02 1.158726552031416751e-01 9.155797838842950898e-02
1.219661190677820833e-01 9.136248347277549364e-02 8.750400053501884712e-02 9.147034276555159049e-02 1.215360039192522890e-01 9.224325276484399150e-02 9.167450057163618882e-02 9.295378707328270929e-02 1.177545437533863704e-01 9.153496607647045036e-02
1.182787206206305647e-01 9.153902409587084954e-02 8.682910576070082542e-02 9.160157058522271079e-02 1.180108883373805900e-01 9.620742323910073945e-02 9.476808233642156076e-02 9.423394375929297628e-02 1.168884172237034252e-01 9.164282404167568841e-02
1.195511382878558515e-01 9.156657483728120051e-02 9.068492099004614448e-02 9.157333197307317152e-02 1.193917205566428358e-01 9.312660043021199485e-02 9.252118956315862064e-02 9.637857660079268696e-02 1.136210303290619283e-01 9.158491643187557929e-02
1.210615537718550405e-01 9.077476681638861622e-02 8.519728922729301324e-02 9.079936141746854095e-02 1.209178073367146861e-01 9.343846825640327036e-02 9.299218121050149832e-02 9.054041181543828753e-02 1.234516071957304090e-01 9.082655295220666558e-02
1.241291315216300623e-01 8.885795306687620243e-02 8.649582381588585833e-02 8.890953075771459990e-02 1.237943106219114714e-01 9.195540889675762886e-02 9.166579868063975955e-02 9.311690240642930827e-02 1.221288886007148577e-01 8.894625163144027902e-02
1.186980353104719610e-01 9.337066737817498185e-02 8.815820982342170709e-02 9.340425131570177786e-02 1.184778836367087335e-01 9.527083527580434974e-02 9.376647859196446388e-02 9.384531203897374108e-02 1.115808604822510486e-01 9.342746614652720771e-02
1.179965151679924357e-01 9.207720350937736997e-02 9.054558341842303126e-02 9.212164017729351784e-02 1.177595423935507007e-01 9.497638129134468310e-02 9.423613428276132742e-02 9.818238312646228316e-02 1.099528369292180480e-01 9.215177970357661674e-02
1.053552229652551520e-01 9.827508097948865762e-02 9.358992391662661336e-02 9.825510139363519135e-02 1.053227475954179732e-01 9.897692322192590264e-02 9.690017866640542044e-02 1.017330117212587592e-01 1.033514225486837079e-01 9.824038699130259455e-02
1.196194885934304813e-01 9.164315042900060548e-02 8.989885432626694428e-02 9.173984323063477664e-02 1.192728179338205796e-01 9.307390994880118673e-02 9.255071605756023945e-02 9.720543415086946304e-02 1.131955976823416088e-01 9.180018764727404523e-02
1.128215274323391831e-01 9.397843340745913598e-02 9.123745736808980267e-02 9.407687451494413378e-02 1.125230318213746167e-01 9.650826088437035322e-02 9.466961803679802001e-02 9.959051102422140922e-02 1.104619163737859816e-01 9.413236913661741923e-02
1.150098891242678639e-01 9.560575922477865252e-02 8.888085206278051320e-02 9.575609726383503550e-02 1.145634550012493980e-01 9.271897538436754682e-02 9.320622581492800374e-02 9.950297900789098482e-02 1.089202311181674682e-01 9.583553599773447784e-02
1.260017838492878961e-01 8.841858429824325794e-02 8.578551773399409330e-02 8.846865785160372420e-02 1.256055433505511021e-01 9.244100039776463607e-02 9.124993699464602204e-02 9.371733283980572538e-02 1.198093860954642376e-01 8.850225658863930533e-02
1.246260088718056519e-01 8.962980426183629612e-02 8.556103447592221245e-02 8.967827353754249942e-02 1.243457902881849597e-01 9.225694769040491960e-02 9.143854095973537321e-02 9.075112874995351631e-02 1.219961594765718166e-01 8.971631168804276857e-02
1.285118953149882448e-01 8.794143670855479600e-02 8.429582348861036634e-02 8.795827990567763044e-02 1.281357205188215498e-01 9.040211358330305091e-02 8.930724291224613476e-02 9.335177415393643152e-02 1.221231819783891726e-01 8.797253143547258125e-02
1.237295029959772363e-01 8.999936628863630661e-02 8.582430029784413050e-02 9.000743511180085699e-02 1.235579095126723148e-01 9.068253914635195090e-02 9.041741376445487643e-02 9.057987012220057588e-02 1.251779834056201135e-01 9.002367935444166580e-02
1.200286975133625367e-01 9.197453270680035209e-02 8.876517601863133378e-02 9.202927465814482455e-02 1.197646143461200963e-01 9.236194755090668118e-02 9.204528803786303504e-02 9.387520459777434767e-02 1.170887224195793080e-01 9.206654215081752635e-02
1.150892968942927030e-01 9.296656566850776404e-02 9.032721060191775675e-02 9.299523167265281998e-02 1.149006743437582384e-01 9.783714854031103081e-02 9.623207533896419030e-02 9.515460916881854359e-02 1.114825777988921046e-01 9.301460997188490398e-02
1.285230049966127608e-01 8.954505960066638792e-02 8.889129643009431592e-02 8.958485233595743502e-02 1.281080270594827653e-01 8.881843858464701091e-02 8.804686285585272554e-02 9.431787856198482756e-02 1.145534568554541222e-01 8.961112271924766282e-02
1.106016369702466778e-01 9.504977483119082804e-02 9.129673799441298532e-02 9.504013488982755720e-02 1.105123870338067249e-01 9.787625121051730936e-02 9.567331323652276953e-02 9.822837918587466743e-02 1.106862339099479731e-01 9.503515073765249344e-02
1.215858985058890090e-01 9.259093492452585838e-02 8.697960854485423110e-02 9.270535223869061370e-02 1.211088835868703445e-01 9.261196144694945620e-02 9.191905074486583782e-02 9.355444232727110065e-02 1.141747722608808940e-01 9.276909541920264068e-02
1.205593454552578853e-01 9.109272619174173247e-02 9.020417535181679547e-02 9.119750554802903697e-02 1.201414352365002547e-01 9.413525735537160710e-02 9.339547303540525480e-02 9.564739518774072191e-02 1.123669850136423815e-01 9.125970162449428824e-02
1.148968618490686794e-01 9.674322032479863720e-02 9.221661849426562862e-02 9.673455206299026721e-02 1.147730920431454804e-01 8.975030794879147733e-02 8.933362651556552014e-02 9.808917729906765914e-02 1.107331220558299689e-01 9.672942140647664000e-02
1.210984639100211729e-01 9.109861368741704879e-02 8.729471248539694139e-02 9.111258889792889226e-02 1.209268683888906210e-01 9.238737257122094093e-02 9.261961613242084002e-02 9.450245633008892698e-02 1.178293148792513290e-01 9.112999271736325901e-02
1.170710694944106511e-01 9.086400513108910948e-02 8.784693890188571830e-02 9.087298190562557998e-02 1.168638122721652600e-01 9.699068022589917015e-02 9.485120908410669960e-02 9.187506840258687080e-02 1.218833347855688837e-01 9.088089979666205687e-02
1.176311264232286491e-01 9.236912423119882087e-02 8.802681252628991038e-02 9.243879503461831237e-02 1.173580353272599408e-01 9.377171097253279852e-02 9.339447511261458890e-02 9.396524003626702259e-02 1.185615456796635658e-01 9.248313465632641839e-02
1.195754881383475909e-01 9.241195360297034533e-02 8.719401713837576784e-02 9.246479576403621170e-02 1.193395536013130420e-01 9.424110741885036169e-02 9.243250817763086491e-02 9.420633362053242033e-02 1.156321814555815314e-01 9.250206108236184999e-02
1.175972179855707955e-01 9.280218110879089044e-02 9.207354338277871919e-02 9.283671301009938093e-02 1.174353018005996480e-01 9.330396280780227369e-02 9.309897880798116698e-02 9.506753699719848461e-02 1.129197129181888914e-01 9.286485118098981861e-02
1.193939666540764499e-01 9.217228100515310885e-02 8.955509774661583877e-02 9.216608452986989330e-02 1.191982887757220416e-01 9.352305520510924286e-02 9.218306267505621543e-02 9.792702739018875613e-02 1.117160588928674259e-01 9.216507712534102725e-02
1.227675627800944719e-01 9.124242402870746949e-02 8.678523912763334847e-02 9.133589069701923691e-02 1.223745295309262154e-01 9.221432938452786554e-02 9.129673194627106747e-02 9.405637615887106617e-02 1.165328076035568733e-01 9.139410874239238536e-02
1.173688431575764801e-01 9.217092593760792263e-02 8.709175101530468310e-02 9.224182703566097263e-02 1.170405763558167861e-01 9.579433108052377854e-02 9.442357756779944100e-02 9.281657229889296590e-02 1.187690547003133756e-01 9.228254085050355271e-02
1.218132340046914619e-01 8.886820460275383915e-02 8.596204110970252776e-02 8.888952600260047188e-02 1.215618438003263219e-01 9.331467974704807378e-02 9.253415013228731556e-02 9.409060869423625795e-02 1.240568905264341493e-01 8.890882137991959477e-02
1.247540284118420634e-01 8.990298225517780184e-02 8.701172553726065073e-02 8.990206659948694889e-02 1.245405189868063478e-01 9.127397714858948019e-02 9.046791982355507911e-02 9.071932974834258367e-02 1.215175297406609900e-01 8.990992174827805439e-02
1.266415285294232862e-01 8.762844478431709716e-02 9.188132926483125185e-02 8.762327320021305599e-02 1.263571876428716267e-01 9.239739421363173111e-02 9.199813043795120049e-02 9.164681323740314633e-02 1.161991261808752035e-01 8.762677250848238675e-02
1.250336710225056214e-01 8.943511103588641653e-02 8.426941236738486052e-02 8.945521953805199433e-02 1.247270772704094782e-01 9.100955265335460009e-02 9.031243429149261870e-02 9.183920577871686197e-02 1.244463018700734946e-01 8.947201417212402585e-02
1.207993999809282015e-01 9.264230813592891356e-02 8.869091671449511050e-02 9.275312507751409807e-02 1.203532762717650501e-01 9.157766950382731364e-02 9.071329603630451377e-02 9.780327067420149789e-02 1.118509708121048218e-01 9.281576679293050691e-02
1.346609087995523646e-01 8.579317452633532237e-02 8.395586247753976383e-02 8.604227166679422056e-02 1.340233961860174683e-01 8.749220120087995711e-02 8.664735741842763406e-02 9.071757765255397676e-02 1.244552348250989871e-01 8.621201524680031925e-02
1.172814779774470073e-01 9.261485165918857676e-02 8.770821940103568082e-02 9.267701000193216687e-02 1.170016965443027440e-01 9.581088475318187692e-02 9.407620470817877611e-02 9.492892788789379643e-02 1.151858177926990412e-01 9.271490927414027805e-02
1.195507461686375200e-01 9.186737850464164745e-02 8.864402181599009833e-02 9.196571855697752151e-02 1.191897730135926120e-01 9.416585960806331257e-02 9.290187937587170153e-02 9.347559193296933744e-02 1.162132464758822148e-01 9.202578454737403435e-02
1.230328098038234036e-01 9.243481086020499671e-02 8.668020268838580455e-02 9.248168230274225743e-02 1.227021827292883172e-01 9.025994500356387951e-02 9.010147398914780670e-02 9.421904238890053962e-02 1.155771245386499335e-01 9.251072569529300571e-02
1.220394515837316812e-01 9.275985433421052306e-02 8.427321916424601600e-02 9.279154750760094938e-02 1.217407053285220614e-01 8.894037970303537988e-02 8.845422945605002640e-02 9.519365582441910445e-02 1.209959168385857792e-01 9.281104025959849291e-02
1.252756314697829887e-01 8.873909908835179994e-02 8.642893698568049343e-02 8.881409237737744600e-02 1.248805108112185230e-01 9.180911168602881589e-02 9.098622242871642896e-02 9.203633183769675818e-02 1.221657645924639213e-01 8.886429872268286623e-02
1.169065833045845187e-01 9.239369273963371487e-02 8.832706400479871378e-02 9.242604431510530183e-02 1.166928174175603655e-01 9.684334803049035600e-02 9.556583970702033082e-02 9.115320777196835034e-02 1.172431878356808288e-01 9.244821487315753317e-02
1.237167488628809625e-01 9.067226627438843001e-02 8.794394062207076812e-02 9.080351079356263622e-02 1.232571871670166408e-01 9.165837642260685203e-02 9.047510073297955480e-02 9.406536417256369798e-02 1.165223973943741442e-01 9.088510755755629944e-02
1.215527030531460828e-01 9.256110549210139204e-02 8.811460338624664546e-02 9.262002975764349610e-02 1.211856639430594906e-01 9.364928051599344383e-02 9.349807380248256750e-02 9.294714553127997325e-02 1.112182209580203224e-01 9.265317356002659988e-02
1.260169123142563241e-01 9.035327255319224038e-02 8.527584941712570976e-02 9.049121525912548480e-02 1.254290760750816081e-01 9.086110684756172617e-02 9.003980761226018648e-02 9.371131986563248362e-02 1.172501471801794537e-01 9.057129287558479680e-02
1.155068672186345263e-01 9.297677012074882785e-02 8.658116518158745500e-02 9.304049939131653346e-02 1.152373900911425192e-01 9.674519844833148752e-02 9.691602406633008371e-02 9.731931062916081288e-02 1.125986279594762829e-01 9.307814689327149893e-02
1.212951207639120371e-01 9.106473095512757077e-02 8.784879401310213831e-02 9.112713938143403303e-02 1.210042612433537695e-01 9.033073963391476113e-02 8.980921091079478724e-02 9.462841981786400403e-02 1.217217200037728625e-01 9.116986327672402246e-02
1.203340841944642164e-01 9.043853429966816626e-02 8.758344630036624112e-02 9.049588231923998138e-02 1.200680778426597567e-01 9.596118996546279534e-02 9.495069264534561349e-02 9.293832381109147500e-02 1.166931174666330645e-01 9.053665115506863426e-02
1.235662322788264045e-01 8.901098423695599782e-02 8.592445822740496508e-02 8.907474861386018017e-02 1.231607065788169891e-01 9.362778418116807222e-02 9.274532467359844490e-02 9.413415596425710186e-02 1.196411843416332749e-01 8.911442090347861111e-02
1.133987773026501333e-01 9.401214005375221894e-02 9.006647152082100649e-02 9.403845787541427470e-02 1.132103078033562665e-01 9.878195689383274802e-02 9.652380525637928310e-02 9.834529152307008859e-02 1.075692941017012128e-01 9.405349766902279529e-02
1.235869223230876279e-01 9.117258664453264938e-02 8.724400435407625443e-02 9.123645547277867141e-02 1.232140311600829069e-01 9.104703408044118040e-02 9.098930942231656105e-02 9.296565275564082353e-02 1.172677884147911992e-01 9.127621537225212578e-02
1.171361018064760728e-01 9.236647108456641497e-02 9.080081094592849789e-02 9.240876494140425057e-02 1.169036364589663146e-01 9.227776451041716510e-02 9.172344074970882610e-02 9.687112040091876153e-02 1.170752365452077393e-01 9.243665255640597100e-02
1.225354114115087822e-01 9.189792009369476822e-02 8.828073536956249079e-02 9.195929128863891688e-02 1.222033177530817000e-01 9.178741940734228000e-02 9.126676555881978181e-02 9.296023317590243473e-02 1.151103958091760776e-01 9.199851013227275387e-02
1.162856389350426511e-01 9.193181364383601339e-02 8.936634839227176885e-02 9.196262197787008486e-02 1.160737749133396723e-01 9.654181673425821231e-02 9.499137527681457416e-02 9.995617128432965348e-02 1.109066946051047442e-01 9.198374423713265302e-02
1.270389852392460328e-01 9.047248568883034525e-02 8.829511264843385721e-02 9.052482217943223775e-02 1.266052606435213168e-01 8.999661092821914510e-02 8.940703859091742034e-02 9.279975306825463677e-02 1.143036598192305187e-01 9.055627119391441993e-02
1.292684308650448588e-01 9.007961466002475936e-02 8.595937212191839816e-02 9.013352479048859778e-02 1.288172358822294583e-01 8.923493395779777404e-02 8.872421512707756586e-02 9.367682356274112387e-02 1.139384037193858362e-01 9.016744531329165535e-02
1.192038269829102659e-01 9.449126375358189722e-02 8.743041178951056758e-02 9.454448690951046397e-02 1.189634047557767138e-01 8.853575322350952514e-02 8.820113701400020267e-02 9.885819233793444183e-02 1.151923189191532554e-01 9.457920431411261097e-02
1.221233161096931114e-01 8.984533463152205579e-02 8.759730677852801961e-02 8.991985863901424958e-02 1.217830152722980952e-01 9.437355718097234503e-02 9.339870886100844205e-02 9.341994920329253771e-02 1.175694638234822537e-01 8.996948950018890390e-02
1.154692916926997048e-01 9.286886749641920513e-02 9.453611717990530183e-02 9.286839371158757406e-02 1.153129529723720959e-01 9.657553761835289963e-02 9.522292216094094264e-02 9.432003827624740877e-02 1.099554318886834803e-01 9.287044700279141474e-02
1.272497126234798936e-01 9.037176469956267888e-02 8.619790450362531387e-02 9.040944379010099063e-02 1.268133571546980476e-01 8.819747995104448846e-02 8.790408006221601955e-02 9.490424671322897354e-02 1.175212905617044612e-01 9.043071994033911876e-02
1.270149862772228522e-01 9.008345159513626854e-02 8.621983252846286694e-02 9.018928871923168056e-02 1.265454439250843222e-01 9.164091527303798446e-02 9.091211655275939496e-02 8.968420719420441833e-02 1.174534284766520637e-01 9.025632945820816211e-02
1.214825286885073408e-01 9.180973822622404135e-02 8.936715146665551168e-02 9.191324430509893728e-02 1.211796416286411160e-01 9.219094655538713490e-02 9.218731733219959201e-02 9.288283602581685894e-02 1.150031931886352776e-01 9.198340258283416171e-02
1.230415965092365449e-01 9.029019298110316227e-02 8.687163911681862472e-02 9.039741831974917874e-02 1.226487224946075510e-01 9.194200847221487005e-02 9.160098210911059302e-02 9.417012094963995994e-02 1.185706481050248229e-01 9.046667094249469243e-02
9.916482025192996375e-02 9.965425363996836816e-02 9.831869365624060220e-02 9.960308824511993064e-02 9.926946906820222072e-02 1.022747553997759018e-01 1.011547863546668619e-01 1.046205833789068257e-01 9.636456771944391930e-02 9.957498228574540589e-02
1.028490076428432848e-01 1.028027569490072707e-01 9.521737624595633109e-02 1.027571430688596910e-01 1.029330199192148021e-01 9.458254671718763218e-02 9.619092965253808747e-02 9.915554870328804893e-02 1.007808549421889410e-01 1.027308161589158969e-01
1.159366768937377112e-01 9.243995620289235937e-02 8.683952005295633714e-02 9.242530868293430402e-02 1.157960062351929831e-01 9.689145766813281324e-02 9.616089756377185771e-02 9.317013196270641784e-02 1.179205278513853483e-01 9.241951688628984030e-02
1.168866913844576749e-01 9.374922707987609627e-02 8.588229777288908240e-02 9.378101790522613834e-02 1.166819444171278558e-01 9.595948734590291351e-02 9.595883644445932226e-02 9.153850731777461724e-02 1.157598372251406049e-01 9.380215310714568044e-02
1.199245219737228724e-01 9.182621580325216193e-02 8.880925540654542594e-02 9.189487552457002717e-02 1.196264841560093495e-01 9.441182741278060508e-02 9.345020355191209493e-02 9.185758203744284756e-02 1.162596733356052597e-01 9.193936079815931417e-02
1.187609561722785118e-01 9.266043141650864845e-02 9.022584998832618164e-02 9.277899468633496460e-02 1.183824276789852969e-01 9.242934184601986347e-02 9.216415325185782492e-02 9.549369984153095736e-02 1.142540068620823135e-01 9.285013825607543736e-02
1.209360007029717243e-01 9.051135672564257495e-02 8.684645571620806803e-02 9.059333836984796717e-02 1.205998692922951032e-01 9.396825145266500534e-02 9.259523283913918823e-02 9.486089423203140913e-02 1.184419166322784323e-01 9.064668403692049958e-02
1.205082322303011322e-01 9.188963799898546003e-02 8.771102292612228957e-02 9.190856353197050799e-02 1.203218357145837830e-01 9.236064231963242444e-02 9.215498162077156996e-02 9.634812304989937015e-02 1.148698204135593925e-01 9.192714019417413951e-02
1.252996623856565683e-01 9.028885328795936693e-02 8.714197903212451968e-02 9.040566446075526397e-02 1.248204997702805907e-01 9.150294751537453586e-02 9.141191707121601451e-02 9.332134065201531936e-02 1.153293432657302858e-01 9.047779255888749317e-02
1.173646622136589324e-01 9.259568541124496566e-02 8.617638165762828151e-02 9.260375480770383083e-02 1.172181370315750620e-01 9.091422560673644016e-02 9.040979780961952428e-02 9.414201395558027818e-02 1.259608137857382293e-01 9.261452772051446958e-02
1.172435501818604731e-01 9.335079472022105029e-02 8.889847596826930265e-02 9.336731115625020172e-02 1.171204131213515742e-01 9.462932075871363646e-02 9.329921319772425947e-02 9.650453443237458351e-02 1.122012393669805375e-01 9.338514709625433952e-02
1.249066884483797241e-01 9.101733630239863815e-02 8.663091847307534399e-02 9.110768193855324493e-02 1.245247740415884319e-01 8.896529872980639408e-02 8.866453216476213872e-02 9.476849078691935990e-02 1.182474106086893462e-01 9.116686850582736423e-02
1.217318072609455265e-01 9.152116471184069957e-02 8.808474277500853711e-02 9.163110665299024904e-02 1.212839476489308843e-01 9.231901327680856750e-02 9.120396203872017937e-02 9.725332788410895324e-02 1.132755074196892392e-01 9.169542033095720579e-02
1.260908467250772824e-01 8.988514588470078448e-02 8.633332028376826395e-02 8.995916620284490073e-02 1.256426380709005641e-01 9.160571623396779328e-02 9.066553209733504981e-02 9.429665328276704006e-02 1.155163935957727178e-01 9.000458762286557557e-02
1.292718996522471686e-01 8.936793203251977569e-02 8.627860212360853598e-02 8.935788495170117474e-02 1.289438330788636178e-01 9.013244126860402161e-02 8.957316812209643875e-02 8.890808870537875164e-02 1.188104507526692444e-01 8.935569931231124308e-02
1.226254738973219655e-01 9.162214575449870169e-02 8.582091021260986052e-02 9.164112981050569207e-02 1.223555697074723142e-01 8.989742421593550914e-02 8.956487956812358986e-02 9.615026423528770516e-02 1.186666538878055482e-01 9.165554871043914142e-02
1.286078102137581114e-01 8.933848101714626788e-02 8.501981502199845719e-02 8.941178215594766665e-02 1.281446207628500755e-01 9.071596008654646270e-02 9.016644113916498504e-02 9.022106200167524792e-02 1.189153141735501407e-01 8.945871342736259890e-02
1.152314426488545013e-01 9.393001629190629587e-02 9.122309721698670937e-02 9.406609124351460183e-02 1.148552737322069278e-01 9.449841167847165824e-02 9.433687712969257566e-02 9.500986081534522343e-02 1.127047596702052262e-01 9.414416957281626641e-02
1.264782765853207924e-01 8.954202360262100702e-02 8.471930186996025347e-02 8.961629895992673234e-02 1.261321445354116333e-01 8.798103564844539370e-02 8.785841727062347617e-02 9.404290605695300731e-02 1.239599643974370613e-01 8.966963107330064298e-02
1.161280937336706953e-01 9.405336227166738450e-02 9.193136854771183364e-02 9.412300463705124132e-02 1.158943550698273983e-01 9.320113325715784214e-02 9.318459407154995600e-02 9.714920425973962159e-02 1.101676123201803942e-01 9.416727183144363300e-02
1.135723429789295136e-01 9.620985606115586841e-02 8.993050518921413827e-02 9.628634031042836161e-02 1.133555264879537311e-01 9.278037556374793549e-02 9.202070669294523664e-02 9.661308486699589360e-02 1.128993548727798141e-01 9.633190697584949336e-02
1.324839894712284416e-01 8.778558019496937592e-02 8.392345259463063201e-02 8.780085103544350844e-02 1.320575541573437706e-01 8.921515960508560883e-02 8.834871188213191950e-02 9.017064097072753637e-02 1.203997091795640795e-01 8.781435090887504402e-02
1.159088228845371049e-01 9.619507494264080416e-02 9.222413577495743031e-02 9.622245010701903356e-02 1.156659037792142908e-01 9.038374852144410998e-02 8.994303521041821514e-02 9.754094361209504627e-02 1.096822495296339156e-01 9.623363563804007703e-02
1.121271656848189940e-01 9.734009689700634516e-02 9.054636131184864989e-02 9.741427044463850382e-02 1.119286205341550738e-01 9.099975392847527156e-02 9.037764495800133802e-02 9.488173672602262521e-02 1.169272733110104934e-01 9.745707620402270510e-02
1.212359857369600391e-01 9.130034388094075692e-02 8.805723309778419605e-02 9.136298607448609110e-02 1.209021588161763444e-01 9.422910933869353689e-02 9.249878386654185325e-02 9.595704075930933108e-02 1.130540143381673496e-01 9.140234409094048773e-02
1.177612623657589147e-01 9.356027944170274002e-02 9.134934901191110734e-02 9.352832479032964497e-02 1.176901236240508047e-01 9.326520072913277448e-02 9.283656870024167840e-02 9.292897918421748338e-02 1.135632963825259217e-01 9.351661577012895799e-02
1.242702990671227942e-01 9.035507138400097893e-02 8.648077852752590611e-02 9.038455877849475850e-02 1.239331351956596827e-01 9.122312016996886319e-02 9.037879091462862335e-02 9.174821126700268004e-02 1.208218146463004572e-01 9.040422004929522803e-02
1.249187497262150282e-01 9.013293777261414952e-02 8.659466640112159497e-02 9.021461507466653484e-02 1.244942875186529352e-01 9.108522189344049613e-02 9.005155946662862787e-02 9.345348562745357801e-02 1.187888239747215968e-01 9.026565254448540299e-02
1.136155698775064837e-01 9.747207411228596408e-02 8.633234704042420937e-02 9.749820087330136886e-02 1.134386124434656890e-01 9.074052344728041064e-02 9.055523554638574002e-02 9.812384883582538075e-02 1.147129228803187712e-01 9.751066494320598244e-02
1.114857266391611618e-01 9.442272575517551836e-02 9.317652635767349756e-02 9.437161066950904009e-02 1.114620113081923741e-01 9.458847936849368310e-02 9.378776758987329709e-02 1.022598472332521546e-01 1.101004703331046192e-01 9.434483474556461247e-02
1.147206589707604196e-01 9.482530622486920469e-02 8.950881004574452737e-02 9.485244574311142707e-02 1.145735864275312377e-01 9.455914287222810799e-02 9.401888903559896260e-02 9.221883638693575969e-02 1.158502055672027686e-01 9.487211872601761242e-02
1.191642860159190520e-01 9.074780040857560737e-02 8.992717040762994440e-02 9.081955640478159286e-02 1.188327733064997865e-01 9.629499563027554832e-02 9.425880916838541568e-02 9.837745198438808958e-02 1.107131017744745760e-01 9.086405489907035948e-02
1.234720086920535614e-01 9.139795315922318031e-02 8.686037888743110280e-02 9.147399814583351274e-02 1.230512768683106467e-01 8.958737755450081608e-02 8.908955057681286482e-02 9.337364020057387082e-02 1.201753587147462304e-01 9.151845720051414446e-02
1.177709214939294813e-01 9.283078190081160697e-02 8.950245375701708361e-02 9.298504644905536409e-02 1.173201387327868633e-01 9.299447967121446390e-02 9.237763095768661281e-02 9.459649041941244063e-02 1.165478853978787060e-01 9.307417122020736344e-02
1.186848925611000971e-01 9.288794716882925462e-02 9.013064771206286130e-02 9.296154688942960542e-02 1.184073160328238394e-01 9.325137004146251407e-02 9.316856515430511909e-02 9.529433085536379022e-02 1.122046078238757155e-01 9.300877576074716158e-02
1.184006837938734319e-01 9.203246678178583773e-02 8.969517346800551238e-02 9.210969455008641282e-02 1.180784737973726156e-01 9.329729511244037876e-02 9.254599600385006453e-02 9.126230793778740413e-02 1.204213373876556609e-01 9.215657116714263963e-02
1.161927509177162338e-01 9.216830269594276925e-02 8.808382578092104065e-02 9.223068374521406487e-02 1.158785526635662810e-01 9.670263675784925017e-02 9.529980763638030983e-02 9.471377446122897226e-02 1.164643532460155756e-01 9.226531209516551646e-02
1.188870163489396947e-01 9.303095678708428462e-02 8.952705121137304045e-02 9.311665848397319978e-02 1.185702610937618556e-01 9.530463771364369729e-02 9.421727161157762709e-02 9.350093313572979681e-02 1.106759023055271657e-01 9.316931130838967956e-02
1.182541409019571554e-01 9.326016507559772850e-02 8.970439500460140880e-02 9.332928253858374656e-02 1.180197169832228887e-01 9.492404967320670905e-02 9.411828159713672703e-02 9.268421276071288351e-02 1.123297287233263886e-01 9.337602674165437766e-02
1.210266527513425422e-01 9.333967843909009299e-02 8.834715302127997549e-02 9.332239736121203388e-02 1.208882160613210244e-01 9.166324730531544285e-02 9.172902188797411871e-02 9.396021264176600274e-02 1.124050118452857849e-01 9.331840868541299572e-02
1.190604125215433268e-01 9.252881946917916600e-02 8.926947076754210286e-02 9.253673176341366269e-02 1.189368931047610350e-01 9.270635538731468450e-02 9.293179842811961910e-02 9.344397349541223863e-02 1.160348438034448093e-01 9.255070125926927183e-02
1.212498274005314736e-01 9.180652322626274564e-02 8.692730226837969143e-02 9.185459092324545216e-02 1.209293404029318231e-01 9.060065013073827223e-02 9.026789363120855947e-02 9.296501967034638547e-02 1.215146715527946342e-01 9.188418079356097667e-02
1.232664826956353932e-01 9.027499124358506766e-02 8.559477519485760022e-02 9.029289218465495759e-02 1.229687690608291251e-01 9.092007448740166420e-02 9.061145573992399060e-02 9.378553222277544177e-02 1.219786243878935583e-01 9.030640278244320140e-02
1.150067861253024487e-01 9.268168904063510405e-02 8.987308394804399692e-02 9.270558303194011140e-02 1.148660537598963916e-01 9.988848672534637874e-02 9.734071512086875377e-02 9.449052576347059806e-02 1.104212525889189944e-01 9.272582389557726401e-02
1.239815147038893645e-01 9.009951400049220904e-02 8.613014268000632190e-02 9.011304319055177259e-02 1.237836261641615254e-01 9.128428181492430349e-02 9.113395188415118753e-02 9.149890576788234642e-02 1.218436470947674571e-01 9.013137269917347039e-02
1.197737252776277656e-01 9.175197231343219795e-02 8.946070095148087042e-02 9.182323807995550202e-02 1.194994339843827857e-01 9.333417351202555334e-02 9.290928172485900249e-02 9.500600550646155773e-02 1.145701416524015775e-01 9.187132699737313168e-02
1.157440481509474095e-01 9.305753736010376198e-02 8.749047132143353278e-02 9.305836702113860770e-02 1.156643343504272364e-01 9.317807964801566589e-02 9.298456353374298655e-02 9.318218346232333416e-02 1.225726309318256463e-01 9.306778422004184648e-02
1.210991225765991053e-01 9.113523492585405561e-02 8.898373334267983825e-02 9.127645661130712185e-02 1.206547931914480343e-01 9.294401848309093161e-02 9.182099265999797699e-02 9.472477569980207457e-02 1.159980171595997173e-01 9.136285534962110266e-02
1.234928916617496764e-01 9.063536507204059123e-02 8.709566612605278146e-02 9.064582125508040267e-02 1.233179903804147437e-01 9.013744308478854883e-02 9.032254298497953415e-02 9.176392954895941367e-02 1.219255424721010922e-01 9.066280741383322961e-02
1.246296090849163124e-01 9.058589201573649663e-02 8.714967462442087254e-02 9.060317909487286547e-02 1.242877777058942479e-01 9.208496046598667328e-02 9.142030823055390110e-02 9.481067474709825582e-02 1.138138915784153299e-01 9.061403245210501722e-02
1.154459572244053434e-01 9.356792560963582417e-02 9.066659087053277610e-02 9.366094593707940952e-02 1.151407014904517329e-01 9.441020718761514163e-02 9.351824466052088836e-02 9.466610545811585120e-02 1.152078770862796780e-01 9.371544447536335476e-02
1.237589498530584919e-01 9.083046353831313036e-02 8.613091076692035164e-02 9.088892490650077316e-02 1.234016350991563316e-01 9.214139599806799030e-02 9.151711691004876803e-02 9.436675736390248703e-02 1.160373020611876332e-01 9.092654350284402887e-02
1.112555001964003754e-01 9.836464931473172524e-02 9.060806452683710377e-02 9.837311980886478957e-02 1.111363101390270558e-01 9.227800502175605157e-02 9.370442741851632562e-02 9.909321144601972164e-02 1.068114034812013974e-01 9.837530864664550956e-02
1.166905393289071058e-01 9.203393809328354325e-02 8.852489529301631188e-02 9.208017960650903555e-02 1.164121505733954898e-01 9.489413101195744160e-02 9.385227126363035466e-02 9.463230562726061834e-02 1.187725502694211288e-01 9.210703893261892872e-02
