8.811749018689248036e-02 1.190690947239932268e-01 1.190089533452934473e-01 1.065438292825775096e-01 9.286193826324246059e-02 7.315143727447756539e-02 9.285100605720569833e-02 1.175606906187701833e-01 1.016320354725227249e-01 8.920352477502463406e-02
8.847799920105066385e-02 1.218883703011899161e-01 1.216683903682096723e-01 1.051543411735470362e-01 9.267926535460578596e-02 7.801423233007676039e-02 9.260462902402556706e-02 1.120753734960887316e-01 9.864668165228865360e-02 8.879071709891719899e-02
8.787218678336815303e-02 1.187527031624107249e-01 1.186137831052452157e-01 1.054600725563849817e-01 9.333758459705612798e-02 8.119500589888901942e-02 9.330114613475803953e-02 1.105851218525163299e-01 1.009458527943090239e-01 8.993654311506237009e-02
9.575823008547032500e-02 1.183751007525751658e-01 1.182612871754498418e-01 1.063818108790864914e-01 9.057797099924085049e-02 7.357608796417981767e-02 9.052798127122869964e-02 1.188061520696811341e-01 1.010800839406163221e-01 8.665529486247135205e-02
8.853444037709586045e-02 1.241136923141273884e-01 1.238894890102435753e-01 1.072603887837015463e-01 9.146680276298863044e-02 7.460806099473241138e-02 9.145206448894914464e-02 1.132327234356707985e-01 9.788785610605382770e-02 8.755448172643678917e-02
9.519859224697510558e-02 1.132664019866382876e-01 1.131292408433283436e-01 1.099811981549655565e-01 9.280863595256440279e-02 9.363659644953509220e-02 9.286019202445565390e-02 1.038914244770022949e-01 9.477183719763863923e-02 9.045588066689660978e-02
8.796357575993848932e-02 1.229880953487919315e-01 1.229022657826889520e-01 1.041113421375840370e-01 9.130527858751470716e-02 7.218376178938523680e-02 9.131468277748548690e-02 1.154616380744565435e-01 1.029172469762808101e-01 8.885211276587373641e-02
9.816693957629298029e-02 1.179177076727195850e-01 1.177972368128827746e-01 1.074829047085501810e-01 9.276702605462187889e-02 7.535592082253937674e-02 9.272043972754423491e-02 1.136778208090014480e-01 9.792971755257807998e-02 8.618428626326948838e-02
8.895169625639277877e-02 1.172489404577920225e-01 1.171865978515771733e-01 1.039362919847223732e-01 9.409097839134901442e-02 8.018669812013286269e-02 9.405295900110943741e-02 1.123676417649723813e-01 1.005427856279158122e-01 9.143541054403618584e-02
8.993791359293125398e-02 1.208433757020659916e-01 1.206508045373381049e-01 1.035033803277855824e-01 9.273054068289583729e-02 7.399995910805226562e-02 9.266109769733299473e-02 1.161034253869010768e-01 1.014201494934823811e-01 8.814935347121453935e-02
9.185902601796305800e-02 1.234558334620996928e-01 1.231842837234854160e-01 1.046539141704600911e-01 9.055458853698659938e-02 7.895159304205578987e-02 9.048411774931897078e-02 1.108647243901648011e-01 9.877524400271800453e-02 8.721667490474760420e-02
8.678566205743154516e-02 1.244340820791724617e-01 1.242237500648283727e-01 1.060783218249118087e-01 8.939350195050711767e-02 7.205499849168386928e-02 8.931608995727491340e-02 1.223862732011256338e-01 1.005004174641433295e-01 8.482690290892097584e-02
9.310398787254288433e-02 1.156278482656820927e-01 1.155906480511362522e-01 1.100575323955177848e-01 9.101562507181462647e-02 7.610782265102096489e-02 9.105071207235185260e-02 1.209406316015078919e-01 9.986244270456631766e-02 8.664274931385934631e-02
9.606574554598373838e-02 1.231994156540335145e-01 1.229752355138891279e-01 1.082093425848067586e-01 8.792419893567085531e-02 6.900631041664258281e-02 8.785621661108951319e-02 1.237071891815623159e-01 9.864508525135108619e-02 8.241126030497049337e-02
9.435220677565324399e-02 1.223068258848859641e-01 1.221423981600756464e-01 1.082750602522280364e-01 8.966306760927615638e-02 6.967670587532355519e-02 8.962928584141197086e-02 1.189810871958373734e-01 9.951924832144730393e-02 8.545411408386070773e-02
8.918469856995353551e-02 1.246133833660439949e-01 1.243526766951933565e-01 1.058559092333780371e-01 8.959505799373269908e-02 7.561785422390428224e-02 8.954641243158716069e-02 1.168895076278944761e-01 9.891098090870817372e-02 8.543351894960433957e-02
9.263163689306198878e-02 1.178288030764845090e-01 1.176357795074325779e-01 1.069658408402035105e-01 9.290087333328241048e-02 7.743010989827175949e-02 9.281868807457688275e-02 1.161233217747235646e-01 9.955687175461493121e-02 8.610807484734787909e-02
9.037670075536329006e-02 1.174729926214118092e-01 1.174143625764703935e-01 1.039492440352322716e-01 9.487432035391206442e-02 7.394119366732211651e-02 9.478787414350930973e-02 1.114737785370766704e-01 1.026271125763415365e-01 9.308242073336057965e-02
8.182143387242719890e-02 1.249087875923710761e-01 1.247900888436346695e-01 1.064509498994324899e-01 9.201201892960997331e-02 6.946491715892980090e-02 9.195889246252927918e-02 1.183875284998339439e-01 1.032295472137130382e-01 8.697583552751850244e-02
9.485354026432300800e-02 1.194502697524349455e-01 1.193443034555484727e-01 1.085871709199704715e-01 9.104393060037845042e-02 7.468020022434111727e-02 9.101987978783947220e-02 1.168919916787538316e-01 9.974428559502716840e-02 8.438442772138311787e-02
8.600888184353634724e-02 1.245123486138378366e-01 1.243151761228296764e-01 1.058718808846359216e-01 9.177587559269621831e-02 7.344719056796467083e-02 9.173503792449601291e-02 1.156996985143553952e-01 9.986425787586632186e-02 8.676965205978154350e-02
9.492191337433825149e-02 1.171357216255612677e-01 1.169473045291290203e-01 1.065062388495154055e-01 9.281681822277262905e-02 7.982966499862174936e-02 9.272231416601522946e-02 1.106773416684443262e-01 9.971550355797621779e-02 8.872717900762591703e-02
9.213224065586420042e-02 1.201396036736996076e-01 1.199478052158672453e-01 1.053913984853702690e-01 9.189952335887598134e-02 7.863060289866112551e-02 9.185157838129216767e-02 1.145390638269120076e-01 9.807443804346945015e-02 8.739374545998790378e-02
1.003556915246227726e-01 1.203352649116270351e-01 1.201897975084822712e-01 1.057461640674749181e-01 9.169494220528226491e-02 7.169855299611964383e-02 9.164253513680778451e-02 1.155615498028857990e-01 9.760000847397196089e-02 8.517549337272554977e-02
8.491221667943835150e-02 1.213141247810061024e-01 1.211765762439960120e-01 1.068497721694773445e-01 9.177541149202494974e-02 7.806553349225196781e-02 9.177453208748066749e-02 1.177571339929722322e-01 9.859122369799835917e-02 8.778347536335398549e-02
1.294094502084186249e-01 1.191271658717054510e-01 1.190250851310760416e-01 1.020171153456790741e-01 8.631105149822597411e-02 6.314224531114133454e-02 8.626781906289754387e-02 1.156207262740227837e-01 9.660552631713870131e-02 8.247381497969449859e-02
8.702473471641819502e-02 1.179846831544589525e-01 1.178585853984516763e-01 1.056594156059293826e-01 9.402957995784270995e-02 7.845430387162984076e-02 9.397797073984738569e-02 1.137947478975638721e-01 1.005968342354870149e-01 9.061914442237097023e-02
9.194230379078265070e-02 1.173969767083390819e-01 1.172750881487298197e-01 1.022936805480554046e-01 9.275120629227945335e-02 7.926247956196570688e-02 9.275625932559938835e-02 1.123611829530916095e-01 1.045535851105344610e-01 8.940723756062242400e-02
9.057246271928352799e-02 1.201035505257120328e-01 1.199127311071460228e-01 1.064350758239148986e-01 9.132789769013506531e-02 7.590286801263437799e-02 9.127921442736493252e-02 1.151518483155614669e-01 1.009190385586296035e-01 8.839531281961811315e-02
9.660296383647296037e-02 1.155218968162459586e-01 1.154225226286524630e-01 1.069712916761983851e-01 9.131628561700072533e-02 8.117240231783148796e-02 9.128474356074565976e-02 1.133647418064802487e-01 1.001472597804856646e-01 8.819589195988648822e-02
8.589600671326924619e-02 1.244390520193366656e-01 1.242442105985349377e-01 1.075548478230336363e-01 9.017227468488965558e-02 7.269068673755726961e-02 9.015023581623600457e-02 1.163446818638048941e-01 1.015639655427071214e-01 8.694403820063061061e-02
8.960312540375249546e-02 1.198710305289019257e-01 1.196602626028671762e-01 1.066265347302184363e-01 9.186792032255414187e-02 7.447311823330282632e-02 9.178298515269267543e-02 1.177592141946801063e-01 1.012243001609306609e-01 8.713150867009952782e-02
9.065608698941590715e-02 1.198330373226983575e-01 1.196215726866399487e-01 1.071895196099069275e-01 9.236391916691261139e-02 7.226116753951308813e-02 9.228223570786578400e-02 1.189900351153830721e-01 1.000600749386398314e-01 8.674235092302443051e-02
9.448978470790705964e-02 1.080432925042393577e-01 1.079953880863064042e-01 1.000728734493697009e-01 9.550639826104545538e-02 8.882123165128293085e-02 9.548954680009705265e-02 1.066465577439672380e-01 1.082583070718178414e-01 9.467661972396700099e-02
9.493737291869121242e-02 1.135751260548954200e-01 1.134787420866675139e-01 1.097357866482445155e-01 9.391307879709065443e-02 8.729794700492840565e-02 9.393037643292975747e-02 1.066227880824704571e-01 9.579725391394637579e-02 9.071152806013568770e-02
9.616619044719565412e-02 1.227338186289572142e-01 1.225506812017573555e-01 1.068560972260712144e-01 8.663020986249783673e-02 7.571462301246034698e-02 8.661179351726133735e-02 1.192315762631684511e-01 1.006856306279399899e-01 8.281937921269054426e-02
9.610842583433848452e-02 1.205149177764099910e-01 1.204248661592135089e-01 1.086800733999941510e-01 8.883697892964895204e-02 6.733138518034445519e-02 8.883222286553672797e-02 1.222751384911355543e-01 1.013141379850784340e-01 8.568185337829972714e-02
8.282422751231208191e-02 1.242966995881120140e-01 1.241269891340214121e-01 1.052507967471230654e-01 9.172899425976538401e-02 7.460125114492591192e-02 9.169272522740948284e-02 1.163496224582071387e-01 1.007619080789703275e-01 8.836678584915315382e-02
9.134005489728398708e-02 1.271949944964833601e-01 1.269830769075681043e-01 1.066466656032265675e-01 8.834818349992985820e-02 7.391466302692670243e-02 8.834908063840196668e-02 1.178867546781443704e-01 9.551693334343830388e-02 8.381959290859676559e-02
9.241222498406406749e-02 1.242773082537686896e-01 1.240464001245240172e-01 1.084786637762987505e-01 8.892447052967446253e-02 7.077649520102242964e-02 8.890808682932878348e-02 1.209935000841613068e-01 9.784354831400733643e-02 8.333930190315010089e-02
9.140504600753152076e-02 1.233167277095801734e-01 1.231230326295121857e-01 1.045356127272030061e-01 9.172716182522736017e-02 7.500928468038123298e-02 9.168360415411035136e-02 1.143725122527946836e-01 9.926816589536872903e-02 8.555885211829077075e-02
9.562719705504046930e-02 1.183071355181928991e-01 1.181091769703518507e-01 1.056907999478509941e-01 9.179987597430969148e-02 7.571643987231040096e-02 9.174253828031635194e-02 1.171569800700146546e-01 1.004680992749865942e-01 8.538175703662613525e-02
8.599784528567598618e-02 1.240473038899591318e-01 1.239257310347571112e-01 1.056905352857681196e-01 9.107094579013991220e-02 7.788742211446382513e-02 9.106979998140254939e-02 1.153361167365196116e-01 9.998972495708960406e-02 8.498457492422412107e-02
9.083402690159740611e-02 1.213864108839535771e-01 1.212097383487412972e-01 1.040595899198899776e-01 9.158360916696429987e-02 7.225608683276736610e-02 9.150567074845407378e-02 1.179293796038675401e-01 1.018120811894634992e-01 8.742340640430097676e-02
9.111369741624451846e-02 1.188762932823003021e-01 1.187586042987684859e-01 1.036465912332604072e-01 9.239873598761959295e-02 7.208389838294053387e-02 9.236529645742846961e-02 1.179608753449502556e-01 1.054023470140519753e-01 8.739366058243545898e-02
8.825644276549007849e-02 1.187280654844187766e-01 1.186211781462367110e-01 1.047499826492301611e-01 9.105967828490395266e-02 8.062153679645278626e-02 9.107900889636072472e-02 1.130628626716547874e-01 1.037762451409729725e-01 9.004499916427897988e-02
9.245628705452579865e-02 1.212583257111660012e-01 1.212118910937373395e-01 1.055372057181837159e-01 9.110638714047560038e-02 6.605582055553210763e-02 9.112462030808457514e-02 1.239517065267056045e-01 1.020707915347274508e-01 8.522696435686182015e-02
8.328916203248916406e-02 1.241085243257201848e-01 1.239400699438028969e-01 1.069722853874485041e-01 8.923490366117772798e-02 7.147271930116874672e-02 8.921517922054801597e-02 1.226923620228704825e-01 1.024425753012855461e-01 8.663221880348873083e-02
9.389601588367445240e-02 1.187394951373255264e-01 1.186096501420905308e-01 1.023642512496700102e-01 9.366245061308850484e-02 7.641075725371516969e-02 9.364998821417429287e-02 1.119397005626915215e-01 1.024776201363963302e-01 8.825007080717366115e-02
9.304002670354077908e-02 1.177919302029884902e-01 1.176685288338335800e-01 1.037449327003901606e-01 9.222648709451039539e-02 7.678980872589367956e-02 9.220666125574028538e-02 1.101060901894966026e-01 1.059099941344594648e-01 9.051554015914661799e-02
1.015720643163387504e-01 1.054888021514905488e-01 1.054165085503949023e-01 9.855215640681390388e-02 9.833850054003992480e-02 8.939379328361730936e-02 9.835274032586506510e-02 1.035082539859787931e-01 1.057166602495473451e-01 9.366052018991347095e-02
8.978651496863576664e-02 1.186347114732643204e-01 1.185086196668994618e-01 1.057742923506093252e-01 9.145298547905658659e-02 8.011755424133920611e-02 9.139014134547514268e-02 1.128282511750272193e-01 1.020743065539939376e-01 8.943262274569901971e-02
8.969008167996166125e-02 1.130709982186985096e-01 1.129470299413903311e-01 1.057168184382501624e-01 9.473292685931304635e-02 8.074853016579983112e-02 9.465313147925936976e-02 1.112325970334503006e-01 1.054569169078543173e-01 9.175096927602248431e-02
9.725302521109922826e-02 1.144005579638350811e-01 1.142129797580961753e-01 1.029072096612422826e-01 9.592411748268285521e-02 8.075831013235909572e-02 9.578631381869076589e-02 1.090749455598245959e-01 1.007849856965648550e-01 8.889755471560506495e-02
9.155601274618578589e-02 1.242391465389061922e-01 1.240168420855727871e-01 1.061172932142688125e-01 8.759375362743511417e-02 7.587487363513711891e-02 8.756982541037919288e-02 1.187509321768807358e-01 9.949412636426455125e-02 8.478719420096973713e-02
9.120953775295342902e-02 1.243435469460195675e-01 1.242242903100133217e-01 1.036148564111097903e-01 8.977680898151371713e-02 6.708784751478684416e-02 8.976768234173766736e-02 1.222081969687224129e-01 1.023437348912225736e-01 8.542349788192069027e-02
9.214996634075253712e-02 1.261699409375077463e-01 1.259065629603433323e-01 1.046588883328471026e-01 8.661178230994445726e-02 7.452675387283699826e-02 8.661460268357364101e-02 1.204548205007434647e-01 1.000270364647467547e-01 8.287964559670399356e-02
9.588796579344044391e-02 1.217625162800011623e-01 1.216660538473855052e-01 1.066394734464032185e-01 8.870457702173864534e-02 6.886652591284174452e-02 8.873236546077511999e-02 1.235072967018296247e-01 9.986159571467793927e-02 8.437162982090665175e-02
8.927958521918308299e-02 1.199155402696803763e-01 1.197927010241854606e-01 1.062294850941708640e-01 9.225160025385970020e-02 7.260447489133944887e-02 9.222619926587068140e-02 1.174300772744447940e-01 1.014658228138615587e-01 8.880451389340407453e-02
9.467130122169732653e-02 1.156097936395359960e-01 1.154922886049363773e-01 9.879322494271601529e-02 9.360947040564621124e-02 7.989998421657358574e-02 9.359847292975731481e-02 1.122873216009858122e-01 1.052228464997275043e-01 9.081529593842382897e-02
8.731130615294485642e-02 1.252489722216388601e-01 1.249919778239742263e-01 1.111775374021027885e-01 8.764192380307839203e-02 8.037429696526429690e-02 8.762320168769503759e-02 1.121688855167496668e-01 9.659926484482191100e-02 8.686263358172996440e-02
9.632385850376259939e-02 1.107293454701691326e-01 1.106309581199005354e-01 9.956150484155493197e-02 9.517713351572291980e-02 8.317773900217681482e-02 9.519224706743248388e-02 1.109586236963319150e-01 1.068751345668863956e-01 9.137345521606228538e-02
9.230366605043416328e-02 1.206972446386850306e-01 1.204735817069789300e-01 1.053453422466099354e-01 9.261934392345227973e-02 7.699418829990477275e-02 9.252435888480116388e-02 1.140967307381056534e-01 9.820126579758649277e-02 8.674427771344153659e-02
8.821434313143824979e-02 1.206126553001793389e-01 1.204353171207136614e-01 1.054250322090144326e-01 9.177333317713518013e-02 7.583671250892506932e-02 9.169589626125676518e-02 1.130769648358209978e-01 1.023044913148101337e-01 9.062525414070615737e-02
9.779268653620432072e-02 1.119840785591142557e-01 1.118597782360881976e-01 1.104341487929919180e-01 9.433323364537538058e-02 8.547251201146904842e-02 9.434551175720751193e-02 1.080851690583297248e-01 9.581989282084175941e-02 8.987298858237791066e-02
8.231827996590966590e-02 1.220647198352422108e-01 1.219649164036904487e-01 1.062525821177568303e-01 9.198584221655799198e-02 7.356118958674562336e-02 9.200366933360602795e-02 1.190496597675410884e-01 1.028574609387402500e-01 8.794167983420983492e-02
9.186605075460493874e-02 1.166089741388292994e-01 1.164502862007434497e-01 1.060576033533408985e-01 9.066456946316607535e-02 7.393521614624899707e-02 9.066952958621066205e-02 1.218081372027472881e-01 1.043853380401805891e-01 8.755429511392777420e-02
9.704154317195377855e-02 1.161101334577983868e-01 1.159951633325674164e-01 1.070639631999883157e-01 9.159387917808467505e-02 7.646443622934605278e-02 9.155264536931442820e-02 1.175392271740294675e-01 9.959520671390693913e-02 8.704380217301055378e-02
9.380802590548736886e-02 1.190250186164180934e-01 1.189243643187695987e-01 1.050075814398399032e-01 9.232554028577293070e-02 7.440368860476746782e-02 9.230461573052574364e-02 1.154936201737797596e-01 1.018496930706467019e-01 8.685785185399247377e-02
8.641383459632943909e-02 1.176800847598278299e-01 1.176121643026410979e-01 1.047982612000554620e-01 9.309581584757387063e-02 7.959534277792383594e-02 9.309369880150540622e-02 1.132584034784404753e-01 1.022871587665491744e-01 9.216523546915339482e-02
9.767780848790431902e-02 1.173736365818740801e-01 1.172022867848522831e-01 1.021955748759691973e-01 9.070752203225702914e-02 8.286644318811763055e-02 9.072439542795077139e-02 1.100702786847604364e-01 1.031135455447503568e-01 8.806850839156386834e-02
9.365258976892204545e-02 1.214381754265623226e-01 1.212774547789815111e-01 1.066552679726921055e-01 9.083133692809437776e-02 7.430459513166196017e-02 9.077061488742371731e-02 1.159099042369176880e-01 9.905784851473690977e-02 8.610221235400736250e-02
9.900063566597466780e-02 1.163924849166268621e-01 1.162211324037153576e-01 1.022382381379112332e-01 9.186206015270385883e-02 7.646810914941566673e-02 9.180860766808882079e-02 1.183873886984115470e-01 1.010223270948323315e-01 8.659901611231966834e-02
9.342694528374553831e-02 1.202810616907979691e-01 1.201268760153981208e-01 1.081320184122546019e-01 8.797881292379894358e-02 7.169387449781861044e-02 8.798423405797564656e-02 1.229617318768995993e-01 1.024877594214405191e-01 8.492668581987047882e-02
9.433221786583087520e-02 1.228574737628967684e-01 1.227015603578459346e-01 1.068392102847055547e-01 8.866087951252484001e-02 7.178333046405740991e-02 8.868795501976760309e-02 1.200001493883759290e-01 9.847760615100020765e-02 8.565961719299490518e-02
8.478313775206731961e-02 1.244320064424012939e-01 1.242075238970453965e-01 1.160700224021169180e-01 8.624348904332639065e-02 7.633782614503858976e-02 8.626907533462344069e-02 1.145301065600793644e-01 9.673931372045203869e-02 9.038749870284930321e-02
8.976478224728295929e-02 1.233759400451356486e-01 1.231711092549707537e-01 1.085575500072936406e-01 8.850220358214253014e-02 7.052967573989285532e-02 8.850411404553239214e-02 1.233171992327527916e-01 1.010582793450931771e-01 8.321914649990327928e-02
9.514154738436252090e-02 1.187002415845309355e-01 1.184990101800532103e-01 1.071128496152666809e-01 9.169995880362445673e-02 8.040317726576903801e-02 9.161138057593778972e-02 1.105860565493675673e-01 9.870651550918402295e-02 8.753926253190369433e-02
6.065154889852690523e-02 1.385082597028475804e-01 1.386214866633595499e-01 1.118250655678518363e-01 8.960840019474181073e-02 4.636060561483102554e-02 8.946642540866535376e-02 1.292213799730355939e-01 1.089307884982357449e-01 8.680603947790459241e-02
9.268872369017419621e-02 1.175771133539769558e-01 1.174359278714275645e-01 1.030244384952038322e-01 9.324983688612266397e-02 7.294890237657525311e-02 9.320885955295457603e-02 1.159620100729883696e-01 1.058072872521089863e-01 8.809690044846760215e-02
9.072103199608221036e-02 1.193248158138009579e-01 1.191841374550563770e-01 1.049831211076327209e-01 9.227602612575597218e-02 7.406696242080340609e-02 9.220827806310223640e-02 1.166221980211681053e-01 1.018566273801868177e-01 8.875680161641119614e-02
9.012368806647944042e-02 1.222817848172084443e-01 1.220843109747420524e-01 1.048403751619954444e-01 9.224056819218336145e-02 7.497927814563838667e-02 9.221248087154534923e-02 1.153648460738880416e-01 9.956442557071246147e-02 8.630824212560696262e-02
9.760310916494532862e-02 1.191728819978074422e-01 1.189761829342455002e-01 1.096168929833017669e-01 9.087140284560808745e-02 7.584373140969831451e-02 9.085417173994950191e-02 1.186509546478515947e-01 9.602837406897805905e-02 8.238229820761441835e-02
8.731148524271403755e-02 1.239875858515624985e-01 1.238159352332369317e-01 1.071865650375513762e-01 8.833503002816266159e-02 7.070006661101678469e-02 8.829609810299224315e-02 1.215895648732767398e-01 1.030147216128134702e-01 8.576294740667321503e-02
9.452568217933883521e-02 1.172677577658639003e-01 1.171395243810597342e-01 1.012111984885783883e-01 9.293050798832486192e-02 7.305181359113788186e-02 9.291812602546990763e-02 1.179920514083290656e-01 1.042894179137916766e-01 8.867392025810573453e-02
8.971366033767869119e-02 1.233797631299662911e-01 1.232371173047557555e-01 1.063827293061369028e-01 9.118692280879098222e-02 6.889477484292229337e-02 9.109804730579490473e-02 1.169718436287329327e-01 1.010650202136566672e-01 8.807012112156456518e-02
9.231202469377711162e-02 1.207497133224355035e-01 1.205311003253110719e-01 1.054665666861826362e-01 9.238536168555881722e-02 8.098657429167949173e-02 9.234007874457103582e-02 1.109997765411367826e-01 9.644597122518246135e-02 8.778283248416512974e-02
9.104309264067779461e-02 1.245075505441347319e-01 1.242647078264707411e-01 1.047711930420037602e-01 9.011912342864863978e-02 7.251609365608809032e-02 9.001178347588392747e-02 1.167791321307330432e-01 1.012653465926196400e-01 8.472197666273958983e-02
9.538627920600713239e-02 1.157235718461481766e-01 1.155865738822646344e-01 1.022911154407856182e-01 9.355199972055600055e-02 8.244448794596041796e-02 9.350680085084983606e-02 1.132671069754868642e-01 1.013404913735800189e-01 8.690157275836125905e-02
8.219469579782211210e-02 1.210595088841706218e-01 1.209347612142896849e-01 1.082847349431798611e-01 9.129562756231439369e-02 7.088232830745029578e-02 9.126645093745783255e-02 1.220280762021922760e-01 1.042378879751234971e-01 8.781592817599938317e-02
9.207253793229026873e-02 1.206031662441546110e-01 1.204929192879537758e-01 1.031445395860235148e-01 9.101706650945672050e-02 7.235527868551155928e-02 9.099442535687517208e-02 1.174088620333720856e-01 1.040235684883092787e-01 8.788763587605298577e-02
9.565656810215990291e-02 1.218162595980655100e-01 1.215991145656006439e-01 1.049085558599660850e-01 8.821978249720065224e-02 7.520371597061671631e-02 8.818004388366160184e-02 1.186129407787680917e-01 1.008475073359294816e-01 8.495551140803128676e-02
9.497488661408369504e-02 1.143166346605340306e-01 1.141846966715969053e-01 1.000024425856938792e-01 9.498715856750365727e-02 8.110613527492378794e-02 9.497047888579504549e-02 1.087127584778313921e-01 1.058523538475282660e-01 9.089245441450934104e-02
8.879817428663952517e-02 1.227223136062328274e-01 1.225251864118243328e-01 1.067845162009643384e-01 9.099119470019358114e-02 7.345783630043356549e-02 9.095129309817714947e-02 1.170341238726638894e-01 9.988039391405002798e-02 8.685496760882076284e-02
8.873062037214775322e-02 1.158865007622692789e-01 1.157600875584155059e-01 1.056305047898035421e-01 9.167657070214239867e-02 8.029834036003470621e-02 9.165613865901639512e-02 1.162407086714526833e-01 1.041561240790472576e-01 8.996440404567043747e-02
8.749984805552186995e-02 1.221007357102180252e-01 1.219315901429011417e-01 1.047637868089997676e-01 9.199822411875985262e-02 7.718625638007649281e-02 9.196260400566065585e-02 1.152121181674041761e-01 9.918782055184879876e-02 8.815701605860920553e-02
9.799189121779439127e-02 1.155201912153229898e-01 1.153919699758551298e-01 1.019907687493286780e-01 9.156878587510391965e-02 8.002409070444388428e-02 9.155736772238329269e-02 1.104958096956236563e-01 1.065904819787062974e-01 8.886864286543777469e-02
8.634172842060275355e-02 1.253976005668949456e-01 1.251337908352284645e-01 1.075828761739637124e-01 8.974486036336877526e-02 7.498408873147653642e-02 8.971045148106077116e-02 1.134134165371126768e-01 1.002604275033582432e-01 8.743075938693310734e-02
9.130115756779974556e-02 1.267155510718379618e-01 1.264518478105064458e-01 1.058897573869144737e-01 8.875277691548297265e-02 7.952415422594516503e-02 8.872120978816969150e-02 1.122699583882438429e-01 9.587489906188702282e-02 8.449868778321273366e-02
9.263037019771090674e-02 1.170417792282671537e-01 1.169267277997066840e-01 1.070851049429308310e-01 9.311513463958161207e-02 8.056030008896711281e-02 9.308737404285102879e-02 1.134923548325690035e-01 1.001387364492859755e-01 8.592211777812970575e-02
8.622582405784424975e-02 1.228788060178372249e-01 1.227373759035718520e-01 1.075591284080790883e-01 9.088629749429920357e-02 7.039272023634862707e-02 9.084641296355884521e-02 1.188752132093777170e-01 1.012576973376738271e-01 8.834052437140936520e-02
9.465167541194685619e-02 1.136879197617209902e-01 1.135551949214552991e-01 1.003762370627396400e-01 9.152920332138377024e-02 8.915296785692251869e-02 9.154088060544467165e-02 1.084667941966972193e-01 1.038895143371330321e-01 9.314961252455601637e-02
9.197653277054339271e-02 1.242807062272585639e-01 1.239863579850022379e-01 1.101027943175778706e-01 8.864596833474661097e-02 7.663251600769188654e-02 8.861955206315411115e-02 1.153880852531921214e-01 9.593958909957987780e-02 8.442789794125336866e-02
8.760301492533895118e-02 1.273426532871925476e-01 1.271594639704616836e-01 1.050796971003015584e-01 9.098935517877464185e-02 6.732431715341030687e-02 9.092162929224159584e-02 1.184976734098598938e-01 9.833116189507010163e-02 8.675103378734874693e-02
8.615716446344673374e-02 1.220622294793797802e-01 1.220044624504439262e-01 1.075454728149882744e-01 9.282087756602816486e-02 7.000259787439326586e-02 9.276660788743286423e-02 1.160705316254959651e-01 1.005979773073437528e-01 8.997207853104728648e-02
9.131513801536633723e-02 1.232525792621320115e-01 1.231276577848491316e-01 1.063568329790796491e-01 9.108168377850411890e-02 6.791151618476114205e-02 9.101650880450690151e-02 1.194604157483949991e-01 9.919723360980020610e-02 8.728043383260546129e-02
1.022544677401005520e-01 1.004748610042317247e-01 1.004950130021914634e-01 9.591702631192268458e-02 1.006891112209873235e-01 9.668039126771392489e-02 1.007413964252514560e-01 9.742773420786689231e-02 1.059268364141489477e-01 9.939316240558508653e-02
1.053131871981013573e-01 1.010239065932523050e-01 1.010288144075949801e-01 1.091834661083153357e-01 1.007399337586247501e-01 9.746898157071078039e-02 1.007827887434408903e-01 9.882552318398646340e-02 9.234213236853966444e-02 9.329126606743347316e-02
1.005196767387412093e-01 1.146736475579778203e-01 1.145331117276384425e-01 1.011381984124330446e-01 9.146538047740454536e-02 8.020937895072971502e-02 9.148949473472986482e-02 1.168806047642578089e-01 1.032476903889160830e-01 8.584281624717138293e-02
9.666284722290593989e-02 1.165465081105106354e-01 1.164217577980794366e-01 1.019266253377355685e-01 9.371858232448246340e-02 7.818882699820539628e-02 9.370501057234065234e-02 1.157749046553615546e-01 1.013926769214966994e-01 8.566226005888165351e-02
9.831811720661053078e-02 1.189076476776322056e-01 1.187778442583128646e-01 1.057005830722643619e-01 9.147971028620009715e-02 7.195489598578484747e-02 9.144093170975742257e-02 1.157764963414676246e-01 9.941050081008258321e-02 8.823327265188747603e-02
8.926753703478201851e-02 1.179932409786636494e-01 1.178639124130372862e-01 1.070625477254000674e-01 9.272633500893265324e-02 7.759588260410393845e-02 9.264059592464565784e-02 1.141645353711688016e-01 1.007002554756251528e-01 8.998515746364076084e-02
9.060972079305147642e-02 1.204632512358982527e-01 1.203326636044583231e-01 1.052999895277547254e-01 9.066345874751237377e-02 7.280234268382959617e-02 9.061631680678831902e-02 1.185726608143282262e-01 1.039347607914225535e-01 8.670483499495616753e-02
8.919021096057010156e-02 1.199901549647867938e-01 1.198807248751029841e-01 1.069076238881863927e-01 9.167934850747741504e-02 7.640469369767786956e-02 9.168865328189941544e-02 1.146539255286088826e-01 1.022869277600630400e-01 8.731773653562713289e-02
8.373937754553130441e-02 1.256120242654124308e-01 1.254303102996610630e-01 1.058255028652069912e-01 9.123486512267693638e-02 7.080213874787708028e-02 9.115472723192652449e-02 1.163699234604147342e-01 1.021116342107995512e-01 8.771949625049341170e-02
9.576172741766024454e-02 1.157736445631164512e-01 1.156731195032282694e-01 1.055666108523192342e-01 9.145953683250494792e-02 7.335675693399994202e-02 9.147378254558095889e-02 1.245916766695185779e-01 1.013963482964708868e-01 8.494679638560050094e-02
9.488641595995331302e-02 1.166969175247182938e-01 1.166329837215468040e-01 1.028884061951707285e-01 9.305266275103260543e-02 7.746255980973361377e-02 9.306567833865109218e-02 1.118598082613204009e-01 1.050387652448126069e-01 8.841580219306045818e-02
8.608504299642288915e-02 1.237635127800954388e-01 1.236212653985586524e-01 1.076238837563807810e-01 9.074463077870283112e-02 7.241411214379739336e-02 9.069339617934134290e-02 1.177877368134275238e-01 1.012153803752067482e-01 8.605103877806641322e-02
9.079228236450591349e-02 1.209394565749900563e-01 1.207460714030817728e-01 1.047590142118220574e-01 9.159746674042228143e-02 7.687443158657715492e-02 9.151409195380200146e-02 1.132393335604252455e-01 1.016528249791674721e-01 8.788502662520608633e-02
8.847296422077137457e-02 1.247964119233431479e-01 1.245635267948448782e-01 1.093282769881517014e-01 8.949491316889725268e-02 7.458305351469034228e-02 8.944616030650379135e-02 1.149861369460129373e-01 9.859790075680806287e-02 8.573065537997648367e-02
8.724809912793875244e-02 1.273167475116274983e-01 1.270368421633325806e-01 1.081193915728237420e-01 8.816416265651866313e-02 7.591395432635897333e-02 8.818666983719215813e-02 1.174290715924387746e-01 9.554279489741646092e-02 8.504226631435232719e-02
9.476446584287287478e-02 1.198501128292208534e-01 1.196647164604895813e-01 1.088540615755864693e-01 8.977609879773933155e-02 7.787370906336152365e-02 8.977472379346439213e-02 1.163948828351286935e-01 9.910879688157378520e-02 8.393843192056252289e-02
9.369679864079975828e-02 1.273096885964448699e-01 1.270767403804904661e-01 1.047675743692404460e-01 8.897352710307504520e-02 6.931398239801538075e-02 8.893019292275979037e-02 1.184115026404912174e-01 9.710463598428488441e-02 8.441535696439816938e-02
8.683134638736744737e-02 1.159484209826388557e-01 1.158219773725513296e-01 1.075930641059349296e-01 9.525147600212706400e-02 7.539593724862581059e-02 9.514177413878899259e-02 1.140863810574579695e-01 1.017271826588130729e-01 9.220244004569454199e-02
8.780233183635775818e-02 1.250406291396762015e-01 1.249200177035222487e-01 1.106627396303210692e-01 8.900409600546770050e-02 6.762482753928550361e-02 8.897480201773884378e-02 1.231642838628366488e-01 9.893005402126481274e-02 8.387621824352919919e-02
8.720362313858484593e-02 1.160469633975730747e-01 1.159562103707290348e-01 1.042771632922990382e-01 9.438736101578257265e-02 8.380983699469665704e-02 9.434561389298883050e-02 1.104641788899791005e-01 1.014779110360967268e-01 9.203113797127013274e-02
9.505383317094760753e-02 1.128731138457551575e-01 1.127902729081510097e-01 1.054428903281952462e-01 9.602776171939814143e-02 7.744558443440567597e-02 9.597399793229005605e-02 1.126015825504006057e-01 1.022742677938385525e-01 8.951669531661797519e-02
9.437456712747284426e-02 1.296332757897110943e-01 1.293312861063340424e-01 1.037823153412887056e-01 8.618551866533250005e-02 7.404651062932821048e-02 8.618998558411772315e-02 1.183712902721595628e-01 9.583370214850112090e-02 8.225154833575419600e-02
9.444688538035379832e-02 1.134671160042176885e-01 1.132844063847559396e-01 1.091785838139137932e-01 9.441373344268998158e-02 8.716382786527913928e-02 9.438565379059811467e-02 1.077109691726734902e-01 9.548467860201755031e-02 9.046414554350049042e-02
8.992334980623888085e-02 1.111678586425704218e-01 1.110889448076303743e-01 1.091595289988203654e-01 9.689550949632963484e-02 7.703597299311130964e-02 9.684025160659867626e-02 1.163470405130917207e-01 1.016353717020440500e-01 8.990617143356456620e-02
9.230223679333880715e-02 1.207863123899313024e-01 1.206152197538894744e-01 1.031135775009541650e-01 9.139362576014488371e-02 7.489577286611169560e-02 9.135540655581296521e-02 1.131376149152462512e-01 1.044643588416579588e-01 8.793587462291251045e-02
9.269246426117369597e-02 1.173458315413743874e-01 1.172466514130682258e-01 1.033232422034176951e-01 9.315804599917987261e-02 7.903448132213920785e-02 9.320691627471994201e-02 1.132362554486829459e-01 9.986353088835385472e-02 9.089258064789015878e-02
9.766203069545742466e-02 1.221246927081348077e-01 1.219018665790203987e-01 1.067404279362212938e-01 8.909858121995196945e-02 6.976432067526343317e-02 8.908650839396090038e-02 1.192716123511963905e-01 9.921657611350932771e-02 8.513338332728404012e-02
8.924647952615084867e-02 1.233867493391224146e-01 1.231879347251995799e-01 1.062932901541524672e-01 8.957585679545118640e-02 7.187536748002021358e-02 8.952392812851123205e-02 1.180150021738684274e-01 1.030927605080873000e-01 8.580263116943633028e-02
1.042086796129644416e-01 1.109225942550227662e-01 1.107947596417215574e-01 1.047947764930359515e-01 9.536087267002001100e-02 8.286157204150286504e-02 9.533894178247781515e-02 1.123038085595325503e-01 9.910113297802808363e-02 8.431286196569391655e-02
8.882496283024345074e-02 1.110516660720771709e-01 1.109563067599606545e-01 1.035277615594062395e-01 9.388152478168551585e-02 8.750695089999938059e-02 9.393591946426062267e-02 1.096749554056321990e-01 1.079604294173550499e-01 9.267952280937971632e-02
8.918899801689234019e-02 1.154892533960093226e-01 1.154045054116858149e-01 1.025448219732861821e-01 9.565140898493335042e-02 7.696524216390857043e-02 9.564479344212477308e-02 1.169054128192846959e-01 1.020930190845814600e-01 9.011254470729347654e-02
9.466625454141350260e-02 1.192388364649426269e-01 1.190811125762887002e-01 1.036730225878240985e-01 9.127139334575544438e-02 7.747452819879203922e-02 9.122506517385829683e-02 1.112852471383358605e-01 1.018437324906373287e-01 9.024080748215204673e-02
8.931315032205058846e-02 1.213451051879591153e-01 1.211234271416433556e-01 1.088316229900951199e-01 9.034673854139220472e-02 7.406347849649864978e-02 9.029141768418245950e-02 1.188047379744252424e-01 1.002319396330249163e-01 8.564838202872836204e-02
9.672325138983813020e-02 1.170531667821560345e-01 1.169078316093031533e-01 1.070896595560889564e-01 9.310513189645303056e-02 6.952324121138311885e-02 9.298280956314412815e-02 1.166670280522340980e-01 1.005282112235659081e-01 8.941966871583348353e-02
8.870521588771708432e-02 1.186884668274346410e-01 1.185768644841214137e-01 1.050681587225086450e-01 9.333274583263036217e-02 7.753084130945110675e-02 9.328931410630073029e-02 1.126513732705804183e-01 1.018437468276600227e-01 9.031327273159560354e-02
8.501545021790163359e-02 1.185675114343350961e-01 1.184189479763728126e-01 1.061442244810702484e-01 9.264454231097483949e-02 7.311803977458644632e-02 9.259169609344412855e-02 1.212093870567706455e-01 1.022190723522880124e-01 9.007112830225613709e-02
9.309868973284121663e-02 1.159108152040433659e-01 1.157318076950040464e-01 1.054627502005563572e-01 9.236548341898155601e-02 7.794519154631183999e-02 9.231582704647149640e-02 1.167458688322774718e-01 1.023127739761890004e-01 8.811079234732363541e-02
8.972168176709068022e-02 1.189442892542610930e-01 1.188145031703425197e-01 1.010455070488450319e-01 9.358618431650597702e-02 8.015901798578385640e-02 9.352863758797393123e-02 1.112192930947552422e-01 1.031785981071276503e-01 8.980228766731400414e-02
9.065466390664345120e-02 1.185391567823555620e-01 1.184604614222128233e-01 1.048996467549069972e-01 9.388547464091155648e-02 7.556016952375431417e-02 9.385109778994293883e-02 1.129827762713697670e-01 1.011355433724708403e-01 9.003100953543174967e-02
8.911076942841464343e-02 1.206486748181030688e-01 1.205145025407138165e-01 1.048542935625124406e-01 9.307045075237947718e-02 7.941846899710898466e-02 9.310540933943738107e-02 1.122044564770670050e-01 9.909218495191175757e-02 8.798078913235145293e-02
8.526662403646635691e-02 1.196263771934342468e-01 1.195537485391585802e-01 1.062294719296080492e-01 9.307659346596165728e-02 7.530702780956351206e-02 9.309964394289090006e-02 1.167848281381522746e-01 1.014448646938859305e-01 8.961082025087849234e-02
9.559315719684109702e-02 1.192036248149556527e-01 1.190168608504143105e-01 1.047537527007049718e-01 9.062208251172333695e-02 7.796257204974796351e-02 9.059292404420012101e-02 1.200280507026130761e-01 9.660098090285625105e-02 8.562599422594323328e-02
1.028111513621177420e-01 1.198981020682849952e-01 1.196905541181347427e-01 1.039629458836439507e-01 8.804504946846225533e-02 7.599782325105859659e-02 8.804377232805145337e-02 1.191308074549710938e-01 9.907555038725668339e-02 8.334424367801854250e-02
8.919373897443171051e-02 1.173389587341287094e-01 1.172633592822360238e-01 1.020948114323394773e-01 9.473957459099116574e-02 7.585285593134702409e-02 9.474182934864439076e-02 1.128805916444364232e-01 1.042042755915117136e-01 9.169000446993341713e-02
8.825785447903423953e-02 1.232705443682513002e-01 1.231576056322180174e-01 1.072115526016729631e-01 8.975499442148131279e-02 7.218698781238874762e-02 8.977588895984088546e-02 1.214777853749252068e-01 9.932159603751099242e-02 8.558519031267633470e-02
9.403202300080948373e-02 1.186737137241690304e-01 1.185738164243548415e-01 1.065862770278094840e-01 9.133732952165635188e-02 7.575022505025064135e-02 9.130173870289561011e-02 1.139700401174039562e-01 1.009847347145167440e-01 8.879010171613394009e-02
9.292040971407684868e-02 1.153324397389455108e-01 1.152816761204183971e-01 1.033537564838660355e-01 9.277952778778360277e-02 7.501796440092606266e-02 9.280705902832084297e-02 1.223402749397506650e-01 1.031247797429051677e-01 8.704211204300690841e-02
8.185555265955936355e-02 1.220442235237616802e-01 1.219153057556801867e-01 1.070969931759319510e-01 9.264545027315211623e-02 7.024426693558688539e-02 9.254475219622670945e-02 1.176839283138244735e-01 1.038908512645627530e-01 9.007867590171385330e-02
8.649349757915834880e-02 1.228688815187109068e-01 1.227696297627037109e-01 1.085041993199930832e-01 9.032532256689576600e-02 7.067743318475125380e-02 9.034987921447190651e-02 1.216087231209369429e-01 9.981653101035589670e-02 8.658590272202218441e-02
9.512050231360602570e-02 1.223801670964490829e-01 1.221270279695692712e-01 1.054370793096071068e-01 8.921098964602224013e-02 8.204003078999159981e-02 8.920444672013229381e-02 1.122041447442226059e-01 9.654388853437845253e-02 8.573172287602132124e-02
9.056148191493981758e-02 1.154744836272921793e-01 1.153497584702317530e-01 1.051951121121954547e-01 9.412116195767741833e-02 7.592264184926292292e-02 9.405147517500299370e-02 1.158011939749036545e-01 1.025571661879833008e-01 9.096552473051050525e-02
1.001585769841840667e-01 1.220469629173205478e-01 1.218589728676085088e-01 1.049043168732384790e-01 8.999849812374192959e-02 7.418551261065191305e-02 8.996576436489338302e-02 1.149719095457307355e-01 9.679026903835280526e-02 8.511921667427767291e-02
9.560165263033096328e-02 1.090306393800774265e-01 1.089247323023733172e-01 1.128642301267070019e-01 9.649723913568045153e-02 9.268916461413975738e-02 9.648938981151281014e-02 1.048323215965077382e-01 9.426599901622946531e-02 8.880463138644108245e-02
9.318764547277026689e-02 1.162318456750801310e-01 1.160633017083674834e-01 1.082796927675908905e-01 9.201131522777102056e-02 7.302587251449313421e-02 9.197904442180977747e-02 1.188229282634623435e-01 1.020392198398087508e-01 8.835913410884618790e-02
