1.104593976330641714e-01 1.168484706529884370e-01 9.235884817953947390e-02 1.184668590397210119e-01 1.184991067009976140e-01 7.910952032021813241e-02 9.293538406716805866e-02 7.560294798500227786e-02 7.920178779276726422e-02 1.165176776285335447e-01
1.124689533836822908e-01 1.103771834895398846e-01 9.119414075383254492e-02 1.203715204410232414e-01 1.204457174729102326e-01 8.143456421182605764e-02 9.056797569359302524e-02 8.187529991031257393e-02 8.146068234270109620e-02 1.098039623005790527e-01
1.081520987553811902e-01 1.088491265512337158e-01 9.186119944543548466e-02 1.171056590915343781e-01 1.171525775244618289e-01 8.606057898701717501e-02 9.374546085113785732e-02 8.240635535429489955e-02 8.616740242227551028e-02 1.084995410172279323e-01
1.233206330280235963e-01 1.172890928177971193e-01 8.941007235409340059e-02 1.170517037612364142e-01 1.171057526491817713e-01 7.701987731531377557e-02 8.879320371387308675e-02 7.620833250373207357e-02 7.711627899109138595e-02 1.166850528656574182e-01
1.170739790011891684e-01 1.121352793728626618e-01 9.054244352952763031e-02 1.231960609979780158e-01 1.232519379585937519e-01 7.826919936222635765e-02 8.920923652045412156e-02 7.637128205845965245e-02 7.821335775383805866e-02 1.117372234448706092e-01
1.143529041526760159e-01 1.023184019304231862e-01 9.140778422956373495e-02 1.116669285888601676e-01 1.116763395843027584e-01 9.246846114518308957e-02 8.924442227747607370e-02 9.211248973148637720e-02 9.243633681411379810e-02 1.023159315459147983e-01
1.158848881506674700e-01 1.147863074345374657e-01 9.085775119868916283e-02 1.224272452624080021e-01 1.224605486286964307e-01 7.704762505261218697e-02 9.084843645989300331e-02 7.400347320627403969e-02 7.712535372732952366e-02 1.145583708788927291e-01
1.225712103300535954e-01 1.117978475841142350e-01 9.122039067869784634e-02 1.161652809218875343e-01 1.162141566749351623e-01 8.169257693107348506e-02 8.846457786530510792e-02 7.873990259946693493e-02 8.178321469108182362e-02 1.113508417233842196e-01
1.075643659096035126e-01 1.107774984704761184e-01 9.280431846211206759e-02 1.157414594013944226e-01 1.157795836118483968e-01 8.599384489451140923e-02 9.256352640917145380e-02 8.211668446467683402e-02 8.619563380070301151e-02 1.104630845755028012e-01
1.126453107588127334e-01 1.133648856690351869e-01 9.046640478167775057e-02 1.182684058043043107e-01 1.183359189372113346e-01 8.243215824722531504e-02 8.909619485183462029e-02 8.015311617881319683e-02 8.250359679343026442e-02 1.127340079776552179e-01
1.217601919223473272e-01 1.088142330661091561e-01 8.878439029117145276e-02 1.215595173554231689e-01 1.216426549844236843e-01 8.100167467339075555e-02 8.648094669773484511e-02 8.071026387762293697e-02 8.102842170138435662e-02 1.082177054303922747e-01
1.156769116938187042e-01 1.195849470990019148e-01 8.727773387510999459e-02 1.219019305804743269e-01 1.219865835057381692e-01 7.532870339208469490e-02 8.883770812578579978e-02 7.526497106963028760e-02 7.542273324925394262e-02 1.187177774091021515e-01
1.151559540020763023e-01 1.181818655366450449e-01 8.900982888314208641e-02 1.130120258555695617e-01 1.130230552685878992e-01 8.314603875272293110e-02 8.636192493363792355e-02 8.087058362333118811e-02 8.330463918182343108e-02 1.179340839624636317e-01
1.312919289771544429e-01 1.200628786584210239e-01 8.524886765177384917e-02 1.198695106615506323e-01 1.199514950902325350e-01 7.315733227119750048e-02 8.477645845465403562e-02 7.327841870692949899e-02 7.321713595081087711e-02 1.191459735772756323e-01
1.268520682337661298e-01 1.174735731119018745e-01 8.851015794738487097e-02 1.209934731307090311e-01 1.210525271540894426e-01 7.382554618922253231e-02 8.758505038993337488e-02 7.296514862454622774e-02 7.384855251281062516e-02 1.168939027056358354e-01
1.196261401872279473e-01 1.142442738346748782e-01 8.748461196212088675e-02 1.221308738731644444e-01 1.222071887064569568e-01 7.802695035816165081e-02 8.872209158120313022e-02 7.592991045709952813e-02 7.804346556076934005e-02 1.135844934791212790e-01
1.132937182965040174e-01 1.132035439137332594e-01 9.045299325415569192e-02 1.151255566001978814e-01 1.151927632907819160e-01 8.344920831341615108e-02 8.962582399338495098e-02 8.365245544023355850e-02 8.350427288460542108e-02 1.124996640129871939e-01
1.108196904404754740e-01 1.121912277855285217e-01 9.551679617368390163e-02 1.184353154574538242e-01 1.184908556789475570e-01 7.847630829881105385e-02 9.632524415118778882e-02 7.941753068241855229e-02 7.857951523086623147e-02 1.117475161006270812e-01
1.073018710654677632e-01 1.182570387091829295e-01 9.194171731951250592e-02 1.250233771138763716e-01 1.250874247219650182e-01 7.524618407253778896e-02 9.037476821211766487e-02 7.370780989636638303e-02 7.533567161770804432e-02 1.177241372712655720e-01
1.219740046353613577e-01 1.149286325716377399e-01 8.953548053156780429e-02 1.176146478515380095e-01 1.176584514172374363e-01 7.998928543441992389e-02 8.590838891534843813e-02 7.778237870667172038e-02 8.011366638517114502e-02 1.144950635510464110e-01
1.126007634778590644e-01 1.142690745687250514e-01 9.061059527223491727e-02 1.232625509668606456e-01 1.233270236364740063e-01 7.910299961248160039e-02 8.860628975650597372e-02 7.532196117057117501e-02 7.913908863757990186e-02 1.137596529007075946e-01
1.173969736277475917e-01 1.092763979203263125e-01 9.154382493091800521e-02 1.159476368457876411e-01 1.160189735443510894e-01 8.366403348980445964e-02 9.080199060946259060e-02 8.296556922960118818e-02 8.372586329009137907e-02 1.086587365119097426e-01
1.164288497787118043e-01 1.118112568257363520e-01 8.964764329574489987e-02 1.175348948396947729e-01 1.175943309654299551e-01 8.298420619657337349e-02 9.052957557365876040e-02 7.914885706661571596e-02 8.304588991325921599e-02 1.112744955445751915e-01
1.293379230141235015e-01 1.129825627880566008e-01 8.962799438466764745e-02 1.178837788950633653e-01 1.179418960644637582e-01 7.813018415454191234e-02 8.698746089589040609e-02 7.644988904406849195e-02 7.820421359172209652e-02 1.124540971674022338e-01
1.073082841366975598e-01 1.150891862252046705e-01 8.970398820013987529e-02 1.187352262759647503e-01 1.187736032539216807e-01 8.237381980608153575e-02 8.969706555251459601e-02 8.114305059042425938e-02 8.245994838218520528e-02 1.147158275768659086e-01
1.856511121777860152e-01 1.108629660101562303e-01 8.279754023521124218e-02 1.144358396589761212e-01 1.144930437651945354e-01 6.625680335426646639e-02 8.368805546423292718e-02 6.514950285957993303e-02 6.633616505056713630e-02 1.103289714240294206e-01
1.055919011456122741e-01 1.121772406679669432e-01 9.266625094468314283e-02 1.165085424786504592e-01 1.165579705793033799e-01 8.480537623376957490e-02 9.370059796888008385e-02 8.136592349739807384e-02 8.490418034111030243e-02 1.117220161426257241e-01
1.137301891912962382e-01 1.107389263784946676e-01 9.141938102447233483e-02 1.158480471612631652e-01 1.158772079075105071e-01 8.456589948369319654e-02 9.214563273258613574e-02 8.058209937531625455e-02 8.460508794272063315e-02 1.104875288026468533e-01
1.160063388858683653e-01 1.134942111246439872e-01 8.995062579930364344e-02 1.186331658767984382e-01 1.186942883170594293e-01 8.056099663140747769e-02 8.898507944290333371e-02 8.015501224723224627e-02 8.059330514619329755e-02 1.129269765285897537e-01
1.191651566870602641e-01 1.106325476838475735e-01 8.911863105117720507e-02 1.128936857336321348e-01 1.129338104633994394e-01 8.494317711911626712e-02 9.020901484991562802e-02 8.475216417340038222e-02 8.512334253826250863e-02 1.102284697001886526e-01
1.146870545176365830e-01 1.149343389824920986e-01 8.906394753531858555e-02 1.232001153937895277e-01 1.232590167057108915e-01 7.732870348652803871e-02 8.918477175557050496e-02 7.652765164892055827e-02 7.735741413002358846e-02 1.144569858440096649e-01
1.127431020023493824e-01 1.153472076002451524e-01 8.987430960086638387e-02 1.177058857273843850e-01 1.177811531111826460e-01 8.079291868596007176e-02 9.035450394622518422e-02 7.998872290943959129e-02 8.084118585036831339e-02 1.145710105659789174e-01
1.143829598075951359e-01 1.173787339836814686e-01 9.099284809702341825e-02 1.184900037410328982e-01 1.185635831956212971e-01 7.893940743590598108e-02 8.843871022487093114e-02 7.730109629588899356e-02 7.892935804317131876e-02 1.165832991752085157e-01
1.063633637763410078e-01 1.066592045653189935e-01 9.552320554536328223e-02 1.081278813288599483e-01 1.081449694087283780e-01 8.832997048846095989e-02 1.054661635415507087e-01 8.655100050206830653e-02 8.835650968239755487e-02 1.064777311609108740e-01
1.138642867768897560e-01 1.061453031131801006e-01 9.351413415384825234e-02 1.131804642986079662e-01 1.131978426165247964e-01 8.753493012761850989e-02 9.109152319516093665e-02 8.788854084902651687e-02 8.753657841192094557e-02 1.060463964572222334e-01
1.328321574923457538e-01 1.149530776644624441e-01 8.351201031411224773e-02 1.185686909387009269e-01 1.186269416330694160e-01 7.820281888366543976e-02 8.342296080086825105e-02 7.713216219511405403e-02 7.837015330911153987e-02 1.143790267685499129e-01
1.297589854457283642e-01 1.211593773620256997e-01 8.807036406610806167e-02 1.195495169385147188e-01 1.195892045241440660e-01 7.130274201643078957e-02 9.075859127463342668e-02 6.779426651955471061e-02 7.134412247614438374e-02 1.206728293767157928e-01
1.074229363931284431e-01 1.147175943601525944e-01 9.043554890428040505e-02 1.228165377575753947e-01 1.228764870850903440e-01 7.928059920639843328e-02 9.043402222434714088e-02 7.842583691289134462e-02 7.935407731723388702e-02 1.142363598389019852e-01
1.267320854032281674e-01 1.140849259605896115e-01 8.550460991674099787e-02 1.233630349338773746e-01 1.234188179898090681e-01 7.687272231067206196e-02 8.451718006803424221e-02 7.490556379589129177e-02 7.694777308226787016e-02 1.136532865388893143e-01
1.255931087281435266e-01 1.180628128357293360e-01 8.671366624573044468e-02 1.215271547297735316e-01 1.215876115185358652e-01 7.534537885368357280e-02 8.459178456972460403e-02 7.380139344114161615e-02 7.533224572131316799e-02 1.174448433562243210e-01
1.184801827647741224e-01 1.115712339347824100e-01 8.944736213834238170e-02 1.205796926422169346e-01 1.206424992215442832e-01 8.078224048803070434e-02 8.718223585865692016e-02 7.938026743677459307e-02 8.085359364887462208e-02 1.110806918660030423e-01
1.198533084597652315e-01 1.143752699139086171e-01 8.952041972457126795e-02 1.157388600627807934e-01 1.157998612592372745e-01 8.097153219147837366e-02 8.840968555822281694e-02 8.063669514063379062e-02 8.098085244393986304e-02 1.137135152454619713e-01
1.125428083746138896e-01 1.131597977034633773e-01 8.940959007997764663e-02 1.219057683958064131e-01 1.219475642289005873e-01 8.021724651092380920e-02 8.725518311233078361e-02 8.034714529264234961e-02 8.034658552474611970e-02 1.128683107765949961e-01
1.167493069770000474e-01 1.159267401505152534e-01 8.996761559779598016e-02 1.196051598950603062e-01 1.196781850080754911e-01 7.802181393862644976e-02 9.007546626360336817e-02 7.666134207815790413e-02 7.809618384643440825e-02 1.152181862447307498e-01
1.145029495939016428e-01 1.165783570094436478e-01 9.130567440938078261e-02 1.176555276513722298e-01 1.177013304699801727e-01 7.922451664682857164e-02 9.435891784563510409e-02 7.331054503843324743e-02 7.927807111646012483e-02 1.160841102185644486e-01
1.123851554107333089e-01 1.118474234953262120e-01 9.012629011234041254e-02 1.175876229759221653e-01 1.176137857226835920e-01 8.269930437995676176e-02 9.090805485572180100e-02 8.241367957744989703e-02 8.277831264728441329e-02 1.116403708225814362e-01
1.199826085964150191e-01 1.216765400599563313e-01 8.952024383177085987e-02 1.191059621874834412e-01 1.191302502626095799e-01 7.263379019304530559e-02 9.142830879903549035e-02 7.249663457509657183e-02 7.268466549701123325e-02 1.213409959975761399e-01
1.108228517067252894e-01 1.204381423358653197e-01 8.758470753252625696e-02 1.220486260135992124e-01 1.221050230063058378e-01 7.596978207685772810e-02 9.016200841306352964e-02 7.499254018567710900e-02 7.604127211384707763e-02 1.198350466155326671e-01
1.157652434201345421e-01 1.096818925973038900e-01 9.177406307544576369e-02 1.165222223845429200e-01 1.165587800708264427e-01 8.387013078818467138e-02 9.203825803480215895e-02 8.047931238958408451e-02 8.391333032990323793e-02 1.093967669092722333e-01
1.168632478682913589e-01 1.090574093099969527e-01 9.135853331415118295e-02 1.168605099304534101e-01 1.169004961618357735e-01 8.344779197343732413e-02 9.336297317116219741e-02 7.986121836956762421e-02 8.352402785009624409e-02 1.087637920510079320e-01
1.081921956684638031e-01 1.027756347288112798e-01 9.760085925945023722e-02 1.047876660838275437e-01 1.047919289892677158e-01 9.361086744020073735e-02 9.630124396013868548e-02 9.575239288955128547e-02 9.346896511642679983e-02 1.027182458638618845e-01
1.133851120700665599e-01 1.113552372471916241e-01 9.025014617469916123e-02 1.173218616063825409e-01 1.173808410336342894e-01 8.345577656798287836e-02 9.092270477826945585e-02 8.143527703516385829e-02 8.364172563208227551e-02 1.108513178545273564e-01
1.055682816580034017e-01 1.112066078970288252e-01 9.463435440204774618e-02 1.132406268798644283e-01 1.132923341378020560e-01 8.523382047451451282e-02 9.521667700655173094e-02 8.565999535516670427e-02 8.526991541578046729e-02 1.106773867732400995e-01
1.133687252368846543e-01 1.075170494941450339e-01 9.439896257132718294e-02 1.130682764847834448e-01 1.131442705063255283e-01 8.545199165180161760e-02 9.193026656586185397e-02 8.882486067933520468e-02 8.546429730159452176e-02 1.068312995079410271e-01
1.262933927623549335e-01 1.157961393648311854e-01 8.537696253487456199e-02 1.214295337848257106e-01 1.214946938725087466e-01 7.622049078191625582e-02 8.797146124228741315e-02 7.394194074355074642e-02 7.628296894814549922e-02 1.151924159647049334e-01
1.231914366224612783e-01 1.201693959977536835e-01 8.831912375769992996e-02 1.224521657523586771e-01 1.224995395538773652e-01 7.083402354002059365e-02 8.984503979092457737e-02 7.214162108839930476e-02 7.086141201150002178e-02 1.196862418850046100e-01
1.296814341378045576e-01 1.160207213520509234e-01 8.337814749918122381e-02 1.218054870158342823e-01 1.218655196956341946e-01 7.640046173873329960e-02 8.457113692216211565e-02 7.438849647941553345e-02 7.643537284863097248e-02 1.154532223105529248e-01
1.291304524958527267e-01 1.204502681169688227e-01 8.656560515276874590e-02 1.188510370903660962e-01 1.188788197172536837e-01 7.393903070878457551e-02 8.673303137107164773e-02 7.136908301379323027e-02 7.400190108903824393e-02 1.200807712441022551e-01
1.133592351734960813e-01 1.164050957097970684e-01 9.144589885704422494e-02 1.190480510158829774e-01 1.190929532929100865e-01 7.942810350091339400e-02 9.132151579986633183e-02 7.446716829105251567e-02 7.947895413199373982e-02 1.159530242270435524e-01
1.157203471401486439e-01 1.117518539952601087e-01 9.314819895686057838e-02 1.152029567019010464e-01 1.152347429101830550e-01 8.043013183444661096e-02 9.634886082551726016e-02 8.034069576992677875e-02 8.037876071107627474e-02 1.114434511546796430e-01
1.209582820993967550e-01 1.101504402649412934e-01 8.603151690239989324e-02 1.233353253332993560e-01 1.234029085996694169e-01 8.091010653697691679e-02 8.445491326477178040e-02 8.006975584512976418e-02 8.099299122116752903e-02 1.096937599322472950e-01
1.102197139164117212e-01 1.094521393096253709e-01 9.385265130474017281e-02 1.092967931578802260e-01 1.093107400181787120e-01 8.880492953125232458e-02 9.446935508101426959e-02 8.659619503245385985e-02 8.874750681989328205e-02 1.092499758285500056e-01
1.160735035800655041e-01 1.114632089664631537e-01 9.037073225587204106e-02 1.182416080599408559e-01 1.183216015293022116e-01 8.269822950112416804e-02 8.958823183008392255e-02 7.972097608012854164e-02 8.276355482911855466e-02 1.107583533679010052e-01
1.132051680928577581e-01 1.124284750784162318e-01 9.119571608760261572e-02 1.202200812562356780e-01 1.202921494565990651e-01 7.990670138314785731e-02 9.333442289426317762e-02 7.760549050588014253e-02 7.997903422547636421e-02 1.118327610195211097e-01
1.142200570499610074e-01 1.064313773357253717e-01 9.285516086384797141e-02 1.103833663071127624e-01 1.104024687241110941e-01 9.253762675975922558e-02 8.567527626999346668e-02 8.871040811136152171e-02 9.253396677462032149e-02 1.062502918035072574e-01
1.045866828495347622e-01 1.171350052773015155e-01 9.055951761138220091e-02 1.202297522797438484e-01 1.202584657119028511e-01 8.062096580068423002e-02 9.187379398542051823e-02 7.717714182632397224e-02 8.070543737233382142e-02 1.168532372853722939e-01
1.146033837124627586e-01 1.188578883763274502e-01 8.840770904326697432e-02 1.139056261229350747e-01 1.139391707386102903e-01 7.958704624059723121e-02 9.225533254925764870e-02 8.056301140137386851e-02 7.955159841417110134e-02 1.183292334009975882e-01
1.199269662176265516e-01 1.147107408363030878e-01 8.936115756745294236e-02 1.134748643481734431e-01 1.135202113875894286e-01 8.046128610601345488e-02 9.018120231441598134e-02 8.364306689718689625e-02 8.055194620188046994e-02 1.141685581233577301e-01
1.185684974504699618e-01 1.139930172588864699e-01 9.114900627271603495e-02 1.176411501069150323e-01 1.176810099804470322e-01 7.843644698854987385e-02 9.095704017490527371e-02 7.946306285199664088e-02 7.849126622930857611e-02 1.136195026858051182e-01
1.062687105326504955e-01 1.121809464780706422e-01 9.226840957473310401e-02 1.166818038027893356e-01 1.167092467565690878e-01 8.482332096493576390e-02 9.234908346739288676e-02 8.180187491061317873e-02 8.496443981843583571e-02 1.119521636938097114e-01
1.245788829058573494e-01 1.079746512467662234e-01 8.896171021361999609e-02 1.153169744307766531e-01 1.153480245997224596e-01 8.475759718281365707e-02 8.892426498539815483e-02 8.164539413927632272e-02 8.475800071958536352e-02 1.077344995761838481e-01
1.219712217923907965e-01 1.136377038663437117e-01 8.902446506321856634e-02 1.193229763895817669e-01 1.193890465411248936e-01 7.832052409906960222e-02 8.886059257448154780e-02 7.799917520245143454e-02 7.842429318684915329e-02 1.130500012844884994e-01
1.214893236253214853e-01 1.145160184580145818e-01 8.876463171374857075e-02 1.127833043946926267e-01 1.128372576572958252e-01 8.172525572096071833e-02 9.085709267128891375e-02 8.140840731891900439e-02 8.176413213810852787e-02 1.138545763016497736e-01
1.250618481504134905e-01 1.202065443173859632e-01 8.599416315401724187e-02 1.177387245619050532e-01 1.177797789433211589e-01 7.559169037815553771e-02 8.940359294534411250e-02 7.293173795218536870e-02 7.563031752636495408e-02 1.196616020709070777e-01
1.283600903660771231e-01 1.174614368383502250e-01 8.680720728173121903e-02 1.204190380938180843e-01 1.204533847556672338e-01 7.512105892900719506e-02 8.719179695038681288e-02 7.195298752736856152e-02 7.512968397448108182e-02 1.171033152831124358e-01
1.194375969837598445e-01 1.134825059556475030e-01 8.545936833017982182e-02 1.235464578498673555e-01 1.235926290847315645e-01 7.795381812448499981e-02 8.963645252384962181e-02 7.576249571132316618e-02 7.798432036180248661e-02 1.131443550743536364e-01
1.213412412174269123e-01 1.205349748930098081e-01 8.646596538707024271e-02 1.207987193699405493e-01 1.208486402865829729e-01 7.444802586475983419e-02 8.718839613233651809e-02 7.399725585279301465e-02 7.442878520400399156e-02 1.199479957920761702e-01
1.206848803851788277e-01 1.089674461188797489e-01 9.027124740457859176e-02 1.172795806067229857e-01 1.173543087404867180e-01 8.288020895728594184e-02 8.823933026956627679e-02 8.300377722836133065e-02 8.296260531490648460e-02 1.083566149740331080e-01
8.823558937063455399e-02 1.365933670473006845e-01 9.498333270516920446e-02 1.467768063890783625e-01 1.469032559714330832e-01 5.247538967094016182e-02 9.498248984473718626e-02 5.081480542263887984e-02 5.256800439819361154e-02 1.356669591798742580e-01
1.145534744149284967e-01 1.147747062134408524e-01 9.224876697586328889e-02 1.165614673574343202e-01 1.166090304948397965e-01 7.937877103692367320e-02 9.358398607300882910e-02 7.865477209064160313e-02 7.936339404386917595e-02 1.142716312990499361e-01
1.140284543619322355e-01 1.149052197161467975e-01 9.087950867706769131e-02 1.178008709292240191e-01 1.178624723059084889e-01 8.000531720009738945e-02 9.170371538393773392e-02 7.841703128204716156e-02 8.010063636274004917e-02 1.142967737808984474e-01
1.153944655784353984e-01 1.129791628615791632e-01 9.028662180549047733e-02 1.200049609580298021e-01 1.200597383015806902e-01 8.161567142800418839e-02 8.787503201896293414e-02 7.764013622888828181e-02 8.163314631656251597e-02 1.125110645024665207e-01
1.242507231912326343e-01 1.148468371106135949e-01 8.788443958028062386e-02 1.155511014227171979e-01 1.155987838137911977e-01 8.207553124097444197e-02 8.369257543380603792e-02 7.971154114827852522e-02 8.209101211722888425e-02 1.142974549410768759e-01
1.184762463999888271e-01 1.193903037471662765e-01 8.672298951495260866e-02 1.219993960615932127e-01 1.220657928578506440e-01 7.483489277566060527e-02 8.869373567913155232e-02 7.416424126458384669e-02 7.493591256576895288e-02 1.187164891333035155e-01
1.163123452142333925e-01 1.156994830325552420e-01 9.109544931570208448e-02 1.151279909661470924e-01 1.151635663220493822e-01 7.996979802161310880e-02 9.413323035236478842e-02 7.727802361132510289e-02 7.995654539428009855e-02 1.152635677697297217e-01
1.188653300694297865e-01 1.164606245157714937e-01 9.077829394997637136e-02 1.231449374646215456e-01 1.232248497749542510e-01 7.401416148774800363e-02 9.027348634581404407e-02 7.335155905102112850e-02 7.410930010670878365e-02 1.157774572339546337e-01
1.161479085345377138e-01 1.079160713103471253e-01 8.974718903560645333e-02 1.176837187627517711e-01 1.177441685537630595e-01 8.415213636728777202e-02 9.059376859699309892e-02 8.437695876594765443e-02 8.418031169317320705e-02 1.074577683795920613e-01
1.217681603049966116e-01 1.144983996775614521e-01 8.826464134223320490e-02 1.224728211750069490e-01 1.225719391951419629e-01 7.728270329808856198e-02 8.775129345421868454e-02 7.435886873920846685e-02 7.738335187592457198e-02 1.136478209376194787e-01
1.143973358850222111e-01 1.104570616464177063e-01 9.117974923655015884e-02 1.130356496967885732e-01 1.130807290227541784e-01 8.504902825632690289e-02 9.497060350699605691e-02 8.271634946999001370e-02 8.511387736356051947e-02 1.099996159155936931e-01
1.056512320532213972e-01 1.216564955482163368e-01 9.101138382119630665e-02 1.208685388433514696e-01 1.209184357226914253e-01 7.675891706595928954e-02 8.951923311125850602e-02 7.573567456608346071e-02 7.680599605589998047e-02 1.210740932121218416e-01
1.188383378201057078e-01 1.153185278077909354e-01 8.942134652542527151e-02 1.186348291014787115e-01 1.186799929518566887e-01 7.732360476931032789e-02 9.368372908200381377e-02 7.580391911474286537e-02 7.741114957583206113e-02 1.148845632514536030e-01
1.286380123347110049e-01 1.149994078746139764e-01 8.546945856169456401e-02 1.183769988693918890e-01 1.184434689539316521e-01 7.694834319660033561e-02 8.894245481364408679e-02 7.684262579022067829e-02 7.700869884187967751e-02 1.143305307633121770e-01
1.124287015559262137e-01 1.075754867333707648e-01 9.395478667607644330e-02 1.132796513426873181e-01 1.133111451378801815e-01 8.511758860133708526e-02 9.645028462990334894e-02 8.551106108740882950e-02 8.505889311968004018e-02 1.073124011157297886e-01
1.158795888732787466e-01 1.150183222594785698e-01 8.937751402088084385e-02 1.208761523773072138e-01 1.209385541416840848e-01 7.833494684674266462e-02 8.904460492690230433e-02 7.771495851215741435e-02 7.836164666279250846e-02 1.144537113787757049e-01
1.101997392053311042e-01 1.156870984183827888e-01 9.120963122390569888e-02 1.154845708041125907e-01 1.155235167013300007e-01 8.199054291887050705e-02 9.043443179838878132e-02 8.222199401693816578e-02 8.202201819181681453e-02 1.152264567209235757e-01
1.117525545753699362e-01 1.129857602360556379e-01 9.019853438906459686e-02 1.199865349965988509e-01 1.200422076674228372e-01 8.064997588283723262e-02 8.940766668679332729e-02 8.174462921013955774e-02 8.071312231475682997e-02 1.125190140409611933e-01
1.226089795529870657e-01 1.093714352091232495e-01 9.062764699057411499e-02 1.145102137881454235e-01 1.145454337348513485e-01 8.232399382707701607e-02 9.355831097753404546e-02 8.104362362748818160e-02 8.234668910334531911e-02 1.090636731888742633e-01
1.171883538076326225e-01 1.123643179444460544e-01 8.885330673175712013e-02 1.245892063018693846e-01 1.246615589263816715e-01 7.772391470830360138e-02 8.769256959984378375e-02 7.738451036611550260e-02 7.770069988977899855e-02 1.118415617238711912e-01
1.257731840589999539e-01 1.089898948077675234e-01 8.612225243658083729e-02 1.233779130228005033e-01 1.234513060886125307e-01 8.003092978930567702e-02 8.468156252742212176e-02 7.894739423259662658e-02 8.011223640540605928e-02 1.085133266305081945e-01
1.134749072964084254e-01 1.116127002951586844e-01 9.156495630073735459e-02 1.152700338767711635e-01 1.153097660571093530e-01 8.624908444518364359e-02 8.526031920220489280e-02 8.365181372794952552e-02 8.637006339818041611e-02 1.112363554002965410e-01
1.131946305023222854e-01 1.178977649837863184e-01 9.014059747766860198e-02 1.221002212450648661e-01 1.221589821995713032e-01 7.528853586092536243e-02 9.349248126823177241e-02 7.303815073411548675e-02 7.534355205216941576e-02 1.173450836761445737e-01
1.161626580243357437e-01 1.073540768566574322e-01 9.057670830156856756e-02 1.126605781979616028e-01 1.126856078115256593e-01 8.698495479118449614e-02 9.284510204645333997e-02 8.658815306153197500e-02 8.700089538467521699e-02 1.071412655241059525e-01
1.246892846534790322e-01 1.119843847526996450e-01 8.593611520606322940e-02 1.209507036196370844e-01 1.210208028249534079e-01 8.036096921701928186e-02 8.351592621825378038e-02 7.978831486606838275e-02 8.035742061599354669e-02 1.113960780258326511e-01
1.181326164582966465e-01 1.166779767529951273e-01 8.958120064473300281e-02 1.257181800795093007e-01 1.257988386794196833e-01 7.311201914011813963e-02 9.014066380908755671e-02 7.163149809038113491e-02 7.317403262901310546e-02 1.160329737164463165e-01
1.107255083296366654e-01 1.161234402497634266e-01 9.293638626271211178e-02 1.223180544367723915e-01 1.223716651397578764e-01 7.626667567635987688e-02 9.295965376516723833e-02 7.419958080314296989e-02 7.640491491528889068e-02 1.156941204213984831e-01
1.210700079823885805e-01 1.185018490605034003e-01 9.035784247467532060e-02 1.225158658145774904e-01 1.225840744167178836e-01 7.257136588304824443e-02 9.137708318564023713e-02 7.051904297296800184e-02 7.263949730230680191e-02 1.178633709071740809e-01
1.026918430149227346e-01 9.787079827020747635e-02 1.012110396278525920e-01 1.008856627293225200e-01 1.008663369072283211e-01 9.900322209346545943e-02 1.027891863695579305e-01 9.767251382063628362e-02 9.892206126880175032e-02 9.808733589800490427e-02
1.043566006088577219e-01 9.751202994210152186e-02 9.943744970827436691e-02 9.964832834939255091e-02 9.963328683486211146e-02 1.034562031645055585e-01 9.302652018286171332e-02 1.018150664176166176e-01 1.034440964799257928e-01 9.767041831160205856e-02
1.221419087312963780e-01 1.124834595744197835e-01 8.798610699612698094e-02 1.104549754670237777e-01 1.104766129834956478e-01 8.475670616074064412e-02 9.152816752209823326e-02 8.326395583603374284e-02 8.475708534908180103e-02 1.121510213796829691e-01
1.160155729075244557e-01 1.121110322740634796e-01 9.072431402766852060e-02 1.129961446682536258e-01 1.130295317437713665e-01 8.318056557791987660e-02 9.277979584173320915e-02 8.422797113546086345e-02 8.320366419506249056e-02 1.117314076285420982e-01
1.263992863232612507e-01 1.143229359247042581e-01 9.031954586924680062e-02 1.176143490654632945e-01 1.176646502450583165e-01 7.702728106221871929e-02 9.173452019634391330e-02 7.402087183943670268e-02 7.706306240548536912e-02 1.138334970687814307e-01
1.108805863563308153e-01 1.132816371596147426e-01 9.197052198513423760e-02 1.173256602596895182e-01 1.173907163445344487e-01 8.307990282760126244e-02 9.124836985848447379e-02 7.891539955421325581e-02 8.323313542469826243e-02 1.126740702296989832e-01
1.173249250682494166e-01 1.168851250411949289e-01 8.936431957378092317e-02 1.189621627085433869e-01 1.190193779243146760e-01 7.769354024772166800e-02 9.120088791568614628e-02 7.545123345491717981e-02 7.779754207600039773e-02 1.163008859895912073e-01
1.136810935359557351e-01 1.131030003460598565e-01 9.047973043008900040e-02 1.185155517771893929e-01 1.185464648137660171e-01 8.141397280516261825e-02 9.056085596512074287e-02 7.936695278088884420e-02 8.148713755296309313e-02 1.128452399928047273e-01
1.109553602750686652e-01 1.154048945919031038e-01 9.045577307112033505e-02 1.249104100273114443e-01 1.249934132499341682e-01 7.541931070710211626e-02 9.132636575383044908e-02 7.627954361275476880e-02 7.550249235155484517e-02 1.147524363594200486e-01
1.181074974506307468e-01 1.214981307613949985e-01 8.917030956961001509e-02 1.129585286231596930e-01 1.129819819501261396e-01 7.953065985074059263e-02 8.691202535532405182e-02 7.827879618454273991e-02 7.954400061024764768e-02 1.210180696442233750e-01
1.172822046297669479e-01 1.107129944190864967e-01 9.216450136915886604e-02 1.156023959973312143e-01 1.156228212894645363e-01 8.327765048605424714e-02 9.192090350029384627e-02 7.949531755874211791e-02 8.336333062326162224e-02 1.105578801268400913e-01
1.137647506297006089e-01 1.167019499408087635e-01 8.991615524819951411e-02 1.228824745464310031e-01 1.229476347864076752e-01 7.777394178451284279e-02 8.730480150251794524e-02 7.466791238884086523e-02 7.790205318730958339e-02 1.161383259852711985e-01
1.170617766025612294e-01 1.120802135098363378e-01 9.059393845737465090e-02 1.200184789285497350e-01 1.200948161911244982e-01 8.107031373147931264e-02 9.010025361094126106e-02 7.637319583429399983e-02 8.116119301982108181e-02 1.114458201140178656e-01
1.200868856103539245e-01 1.136130856164259684e-01 8.837710371425670786e-02 1.236441487337883033e-01 1.237195270152584292e-01 7.776072877187276133e-02 8.898961047805868663e-02 7.297913605982105090e-02 7.780685108053132792e-02 1.130229229196328400e-01
1.208076303034893995e-01 1.140818656659141478e-01 8.561127650756858443e-02 1.239730370519160352e-01 1.240252007426101144e-01 7.788446943377602683e-02 8.574801355160045768e-02 7.634997426855716363e-02 7.784712353002290475e-02 1.136714089445451797e-01
1.230368693579463463e-01 1.131396727908058203e-01 8.722965946067236243e-02 1.166955003557062637e-01 1.167386259097494272e-01 8.147381612518778127e-02 8.515443612331866086e-02 8.231514060531408550e-02 8.151238583440499619e-02 1.127038934368942424e-01
1.302397729082938882e-01 1.152263307115466012e-01 8.654575333542509352e-02 1.242206397131589007e-01 1.242974898333012307e-01 7.314910128577242765e-02 8.715967854838857498e-02 7.138170494998667681e-02 7.318131692538849820e-02 1.145982117887381080e-01
1.037883713309207812e-01 1.143271076461730013e-01 9.537421181970986983e-02 1.164311729091292158e-01 1.164973659701343811e-01 8.243866628242479955e-02 9.559946937667117284e-02 7.938265997089910542e-02 8.250047616694125563e-02 1.136604985269963758e-01
1.199003083254705088e-01 1.216338285878278691e-01 8.793409905531300585e-02 1.237015446028888049e-01 1.237603024076304875e-01 7.273058314051941697e-02 8.595793326369445542e-02 7.050738154204934383e-02 7.283735190860761433e-02 1.210366671659984517e-01
1.046696302077595869e-01 1.097341383783059232e-01 9.377232888109381104e-02 1.154500797873518614e-01 1.154901338460213450e-01 8.741631238570961304e-02 9.271297201506016605e-02 8.378949953635198011e-02 8.755697493100346451e-02 1.094079300313423042e-01
1.104046071708029569e-01 1.121513665827027217e-01 9.561099021867087988e-02 1.125557633253421591e-01 1.125927861344251379e-01 8.530538133178115767e-02 9.126621997997591551e-02 8.303047910789525254e-02 8.534147216785577250e-02 1.117409339805480600e-01
1.376966187285159904e-01 1.135017162415409564e-01 8.260279485028559909e-02 1.246420793896172857e-01 1.247096430340121076e-01 7.408709199097687770e-02 8.302347492552651642e-02 7.265549445696163622e-02 7.409784519075079956e-02 1.129832411918122587e-01
1.112471439104197463e-01 1.062033434715344282e-01 9.299189271768058818e-02 1.120766247706051211e-01 1.121158047646577116e-01 9.135676130852095345e-02 8.692153208593882130e-02 8.992266395107083310e-02 9.130678479394650771e-02 1.058574482256252752e-01
1.011703374180404208e-01 1.154660970973280798e-01 9.609730634666538429e-02 1.104240175334351842e-01 1.104576203516670074e-01 8.778546716167011377e-02 8.904717603200246190e-02 8.676522748354142944e-02 8.781992929201135056e-02 1.149668212836385817e-01
1.197883210433584450e-01 1.120596356939367461e-01 9.049714844620859733e-02 1.198884595268023129e-01 1.199449708014143495e-01 7.939124603494256138e-02 9.153870428283009120e-02 7.586519031937673241e-02 7.942284163123979057e-02 1.116034822198903459e-01
1.135954019267343684e-01 1.108469078435319333e-01 9.123491703424456423e-02 1.149508758583104306e-01 1.149614102173332347e-01 8.419534419719934548e-02 9.042972337951932227e-02 8.483697048934966956e-02 8.419256367955368914e-02 1.107558853742234145e-01
1.320057255327712897e-01 1.166878213373111761e-01 8.710654545371179780e-02 1.197187719656909594e-01 1.197736066722255993e-01 7.435305703322848958e-02 8.703190999777264680e-02 7.291349300983544779e-02 7.429396522109095458e-02 1.161151037763616251e-01
1.194397000415759053e-01 1.161985417613238258e-01 8.815396522764566700e-02 1.217794333263197831e-01 1.218506759825367380e-01 7.714577254460849853e-02 8.787913940697997250e-02 7.478792688285150481e-02 7.721874804310047136e-02 1.155460967830576335e-01
1.186693022615961240e-01 1.096464026172005862e-01 9.301895868714943338e-02 1.084119817820741738e-01 1.084400785159918001e-01 8.991752010823408914e-02 8.635275591978198995e-02 8.638456472141461950e-02 8.988724623967772609e-02 1.092711891468794577e-01
1.042509736364523043e-01 1.097402496940294292e-01 9.393989396754591492e-02 1.111626001243232464e-01 1.111649112237650949e-01 9.129051486387387837e-02 9.331239418420908538e-02 8.422589310614106428e-02 9.123200019600774535e-02 1.096805690036521952e-01
1.045522074874048468e-01 1.150875813773030165e-01 9.415758700411569482e-02 1.137846891524215420e-01 1.138092337846629276e-01 8.492311942890150289e-02 9.322480902791326074e-02 8.075849281537617053e-02 8.494045454035607789e-02 1.147618253815449602e-01
1.222103616126894304e-01 1.104353415179032960e-01 9.055249081043149906e-02 1.185789696888309291e-01 1.186356377276916590e-01 7.911263451432985760e-02 9.392058303918641993e-02 7.741051442283861106e-02 7.915289592767608962e-02 1.099905707384221942e-01
1.161360302619246221e-01 1.166074273001294209e-01 8.858419870838761534e-02 1.193808345728330639e-01 1.194505044961835932e-01 7.906327081935740630e-02 8.620318333252627307e-02 7.959656717106831925e-02 7.908817587163716190e-02 1.158898074659525657e-01
1.212056176378062955e-01 1.170840586798992389e-01 9.334607752813603443e-02 1.177436674659009253e-01 1.178223336983679481e-01 7.599151963207810556e-02 9.266050693115542025e-02 7.187578163997897229e-02 7.601844241307062489e-02 1.162519943736064626e-01
1.102112219570463986e-01 1.118929022424474257e-01 9.271004204987119690e-02 1.180899418997657935e-01 1.181375872122362308e-01 8.241174852619916058e-02 9.278825911675450677e-02 7.975238446592902708e-02 8.250568842767351529e-02 1.115002241020767310e-01
1.048556597003814511e-01 1.194620295574710112e-01 9.124299104089911294e-02 1.170484292149363420e-01 1.171032037859373598e-01 7.948841707254364342e-02 9.159669060602183832e-02 8.090266786532640531e-02 7.951763484679344463e-02 1.187822763096894191e-01
1.129949545407499256e-01 1.138044826194258424e-01 8.993623183355817230e-02 1.131905110563605626e-01 1.132426399347247481e-01 8.363072042466906941e-02 9.295859840731478252e-02 8.341109767553168963e-02 8.364469663522253184e-02 1.131860668724426894e-01
1.105281440007222504e-01 1.094983320002803490e-01 9.212581527030301587e-02 1.173359413273285246e-01 1.173899221186789910e-01 8.460380868672739973e-02 9.312234391910260978e-02 8.158173835276842645e-02 8.473300280734383239e-02 1.090809515167446286e-01
1.120395964054193561e-01 1.121177382073948875e-01 9.320519184032496907e-02 1.177986120650886676e-01 1.178390419889057267e-01 7.973085568407045631e-02 9.383023497314428585e-02 8.184322461469728527e-02 7.980483967187865235e-02 1.117906645490757134e-01
1.115114388651580885e-01 1.097894410865744991e-01 9.110105104509642893e-02 1.181968804850643262e-01 1.182187536223162361e-01 8.585596168946217632e-02 8.941549747076102395e-02 8.035749970188958702e-02 8.589150904783693363e-02 1.096619669858407142e-01
1.058913454043535207e-01 1.151677892921359470e-01 9.185411561995437957e-02 1.180655309252091473e-01 1.180860125789125331e-01 8.276604589835355463e-02 9.205475038524321696e-02 7.828858937412695729e-02 8.285573392648726276e-02 1.149700865952234113e-01
1.208504898437687131e-01 1.154637574222084906e-01 8.710458037955784438e-02 1.148709789873020998e-01 1.149225785307462638e-01 8.173240835951689487e-02 8.552434119155809256e-02 8.288648317525447451e-02 8.179569721247756386e-02 1.148486848976095487e-01
1.370594908836654802e-01 1.141599995488157965e-01 8.431585095962171317e-02 1.150953175863791422e-01 1.151419928127537240e-01 7.865618867337624553e-02 8.454390112032093840e-02 7.871837777168448624e-02 7.868615781578273960e-02 1.136227228275997203e-01
1.085123601605152560e-01 1.124749931338366038e-01 9.444239191897184360e-02 1.170321799816122638e-01 1.170563509461198248e-01 8.079977065979582207e-02 9.906192607526739802e-02 7.754984276178911173e-02 8.079591873214495013e-02 1.122742656299469538e-01
1.166960747095456274e-01 1.185080583769704543e-01 8.761300456486949273e-02 1.203938588878056271e-01 1.204263274775006498e-01 7.643068983742075384e-02 8.839928506618757731e-02 7.686204224335693724e-02 7.650974355975583008e-02 1.181609152765870502e-01
1.200015482952925538e-01 1.125469398092446283e-01 9.022194550858379791e-02 1.173786829428525441e-01 1.174251806538884058e-01 8.114396318709973799e-02 9.112866353717496981e-02 7.672222311291523877e-02 8.129190058654456319e-02 1.121389523664036020e-01
1.117858694154972438e-01 1.191463994261409837e-01 9.039512653242141871e-02 1.123446287696493323e-01 1.123573315690370028e-01 8.099060622329641579e-02 9.014386978634865433e-02 8.294439882063021907e-02 8.104970746302435358e-02 1.188420619939543899e-01
1.052386556515596677e-01 1.186750743172544781e-01 9.340311457290870201e-02 1.233606827746715068e-01 1.234399000113305805e-01 7.583210598051814966e-02 9.380351611475530593e-02 7.237505994172217794e-02 7.592171437972942971e-02 1.179501762555500433e-01
1.140669826347746191e-01 1.199963416742409333e-01 8.918895567433748894e-02 1.213605588851003753e-01 1.213895448819040240e-01 7.580734451087746406e-02 8.864462682930630832e-02 7.401246257993220057e-02 7.585727450750447132e-02 1.196759078220221151e-01
1.268975980053781150e-01 1.087945647042718872e-01 8.644098116675445753e-02 1.189466219256784807e-01 1.190013111082509345e-01 8.109515917865633972e-02 8.719850416429519857e-02 8.215771741139277218e-02 8.108598882493112114e-02 1.083815535103906935e-01
1.090663019376958143e-01 1.152336003579566975e-01 9.359541483451819244e-02 1.150965092917768939e-01 1.151490586108833147e-01 8.140235476449256269e-02 9.339080588387800586e-02 8.099779074237579979e-02 8.142567030550897089e-02 1.146424932709138034e-01
1.333714040539969170e-01 1.117993845719802426e-01 8.748754267399994067e-02 1.189393956101049560e-01 1.189981161156048184e-01 7.726060571239358465e-02 8.799484828438769446e-02 7.553977341726907102e-02 7.730530728357415393e-02 1.113036222766885658e-01
1.052202718176019763e-01 1.025398635299431677e-01 9.433724992295006162e-02 1.067528212376307323e-01 1.067714052983089468e-01 9.827210961159234259e-02 8.984905012855146089e-02 9.557157715923284003e-02 9.830889727356670327e-02 1.023767540206218102e-01
1.154468939211404782e-01 1.173333049358371571e-01 9.076990821886203598e-02 1.149477946443159398e-01 1.149942768062199999e-01 7.978580387871588020e-02 9.250690961199763140e-02 7.774941254664990975e-02 7.973606859000501035e-02 1.167296268462559850e-01
