9.291729570389500870e-02 9.376702094254708852e-02 1.192498353046273218e-01 1.176738730949717926e-01 7.618048093999284232e-02 7.983236174068378266e-02 9.402840719086140442e-02 1.370570594452004964e-01 9.612752660183263020e-02 9.316613903538760455e-02
9.124692690119831640e-02 9.066823959089562179e-02 1.200733468725787012e-01 1.102534521763423869e-01 8.193799875548621325e-02 8.160174434796205190e-02 9.106427346183532112e-02 1.489644422396370627e-01 9.276792220839720493e-02 9.142165344566713370e-02
9.289324628472850343e-02 9.490518729931282649e-02 1.182569693585046877e-01 1.100390720505836223e-01 8.331512592905468417e-02 8.722869947640293775e-02 9.586731065658565809e-02 1.300660206472173674e-01 9.436493845091276089e-02 9.306342984669696561e-02
8.966839466318443641e-02 8.925578836251842063e-02 1.173006414794962038e-01 1.175764358471398513e-01 7.650809728333853033e-02 7.748413017090059751e-02 9.007937912224750487e-02 1.459114467600926557e-01 1.062858863625088107e-01 8.992979994857294712e-02
9.159763182612588872e-02 9.034378514723720444e-02 1.243265571498840122e-01 1.132867090305907098e-01 7.738197626834858456e-02 7.920700653229172106e-02 9.128949036540594253e-02 1.461061162049877848e-01 9.475979591011580994e-02 9.170093156501232801e-02
9.221392000783172616e-02 9.007636924996773042e-02 1.125055684757576002e-01 1.031400964827435818e-01 9.302731002657690929e-02 9.323388754249682664e-02 8.934242241174364385e-02 1.378651057731464791e-01 9.644311875893024633e-02 9.215220127080531176e-02
9.170592710178811224e-02 9.199650374813793385e-02 1.236327811854114472e-01 1.160318135529593980e-01 7.485719858579759078e-02 7.799646113471568609e-02 9.219857600865852265e-02 1.405202503974725681e-01 9.912034938828118147e-02 9.194013889677755957e-02
9.372107435841922629e-02 9.106062804579766190e-02 1.192222199141772521e-01 1.148266923590380156e-01 8.092288539359690502e-02 8.414639346626771876e-02 9.164973144693704110e-02 1.254997576035690732e-01 1.050124239257547720e-01 9.393819348644234790e-02
9.338040406177505748e-02 9.336663231897406046e-02 1.164766796790139419e-01 1.115887692320778196e-01 8.261753210228867106e-02 8.686906362797987280e-02 9.301634556329380077e-02 1.348997217276043104e-01 9.414394268966273793e-02 9.364090899732976925e-02
9.043887728281042870e-02 8.915004468271654769e-02 1.179326387793726699e-01 1.131285089351899281e-01 8.010180839273148279e-02 8.257594585239326490e-02 8.981289465707344155e-02 1.502717015243241749e-01 9.596171634186217991e-02 9.062586355152583983e-02
8.970187652313645066e-02 8.741344325742006482e-02 1.223480545532366071e-01 1.096963619804010859e-01 8.153078127404272957e-02 8.194438136887505220e-02 8.809563584995734609e-02 1.498476451260264686e-01 9.957060257075513177e-02 8.985121749614906339e-02
8.898815222374362177e-02 9.072310862739213499e-02 1.239881757291886322e-01 1.217073245749942106e-01 7.677953151536225096e-02 7.704308646560742435e-02 9.113781077272807563e-02 1.432683130191348964e-01 9.710384132479436825e-02 8.926065574705439876e-02
8.898801377554846348e-02 8.663060515457915445e-02 1.131271550366191175e-01 1.182334757199858394e-01 8.097052725077172330e-02 8.339697778583746168e-02 8.677843594718011311e-02 1.529739619541098938e-01 9.974078634778052455e-02 8.916006102758769480e-02
8.610767859942319857e-02 8.576769807563028314e-02 1.207547535757784035e-01 1.209727296150404363e-01 7.407592904542066592e-02 7.408262628882925083e-02 8.641757106815184386e-02 1.590236843820102552e-01 1.064534208317434172e-01 8.634390851797221766e-02
8.861190224430667839e-02 8.787660151512678708e-02 1.209668662924421323e-01 1.175133209911995713e-01 7.318197360145643759e-02 7.406648265855191038e-02 8.811174724853702844e-02 1.569645742323719506e-01 1.038763228552634921e-01 8.883020836074398408e-02
8.859292944745544851e-02 8.990660024080768253e-02 1.232762255743075630e-01 1.154189608968856640e-01 7.692099033623751858e-02 7.912092300187735516e-02 9.026221615712713697e-02 1.503004802066273959e-01 9.745703608151135011e-02 8.874363805716288522e-02
9.124393670331495954e-02 9.043549146076294842e-02 1.157936139259330421e-01 1.139036134563513047e-01 8.434288895147389054e-02 8.431752261172748009e-02 9.087748905618688033e-02 1.399187806723431182e-01 9.775433713146475245e-02 9.141232603044165128e-02
9.527825773072312598e-02 9.631590030092083976e-02 1.181293478806724612e-01 1.120630167559164003e-01 7.932343380656094178e-02 7.856887445654688051e-02 9.658628198986356217e-02 1.299675858984837562e-01 9.813239336971305016e-02 9.563490781059895418e-02
9.066339111224375191e-02 8.939111186507817108e-02 1.232215107901315637e-01 1.166989606630953608e-01 7.280398770260654295e-02 7.446359311047097418e-02 9.064762412313542850e-02 1.613736898356568361e-01 8.975484136701876448e-02 9.098128943056257856e-02
8.961776480905246645e-02 8.622587121003667809e-02 1.176789255184354371e-01 1.150525390292045091e-01 7.792192236013949225e-02 8.031923144726170471e-02 8.595932255282434653e-02 1.548669769796349183e-01 1.025108122615940309e-01 8.984663383181641649e-02
9.149466137326923987e-02 8.961859621619140681e-02 1.242091494853399258e-01 1.152771096771850051e-01 7.610659158304428074e-02 8.002489671400182802e-02 9.016637566278819238e-02 1.483646091292747105e-01 9.305297968559628208e-02 9.168503047330907318e-02
9.324442348970919670e-02 9.251437699044424978e-02 1.177534768883342492e-01 1.110995846993167030e-01 8.444678428248508784e-02 8.537519913959670803e-02 9.315700638578666704e-02 1.260846187684307729e-01 1.028856679718599815e-01 9.343886138403638408e-02
9.110413539184560039e-02 9.206649460800393758e-02 1.191592628449525543e-01 1.134376484773968879e-01 8.040935335913247661e-02 8.447867930526750668e-02 9.256761508899874480e-02 1.379075833194930156e-01 9.761290545587825163e-02 9.125632214903103834e-02
9.082363911448079752e-02 8.832455454147196405e-02 1.192907102194872004e-01 1.144279972436120091e-01 7.752518280243209103e-02 7.937702173242740245e-02 8.881747840824373574e-02 1.440357439910541770e-01 1.063226261061160915e-01 9.105504584067453111e-02
8.909514129298093388e-02 8.926470262891073038e-02 1.178339309661047968e-01 1.142566090380700977e-01 8.068108752852551357e-02 8.199728791322115351e-02 8.954344051166943097e-02 1.599031932066749817e-01 8.817740631470882828e-02 8.924720059913357484e-02
8.282251827345805950e-02 8.399077966052755084e-02 1.144550915487931170e-01 1.109878776775001380e-01 6.531138043330879384e-02 6.652845972853567436e-02 8.463625527255966285e-02 1.644703599718249365e-01 1.436640219296368426e-01 8.313325550385522456e-02
9.453574363503390587e-02 9.570700568804098307e-02 1.187037533854286564e-01 1.143737970929537967e-01 8.299514523056453208e-02 8.672609954278336086e-02 9.566902462639667593e-02 1.231423371279897483e-01 9.340979997714733696e-02 9.473729369366097608e-02
9.177688129104201453e-02 9.263360832492409380e-02 1.162046231330981921e-01 1.111303522000497840e-01 8.096085198490203527e-02 8.501175008146447110e-02 9.407506069521824610e-02 1.339437899687218603e-01 1.023804038619284956e-01 9.188267845865083494e-02
9.042641156335823327e-02 8.954634308925382702e-02 1.189823496874664599e-01 1.139035556560396706e-01 8.062422128010904299e-02 8.111358846659302846e-02 8.994579433053709328e-02 1.457033775721680302e-01 9.916581135246435585e-02 9.058854700201020294e-02
9.007818555722835185e-02 9.134542770235835885e-02 1.140420057404924054e-01 1.118106899672943744e-01 8.566490484354460921e-02 8.614636238216497044e-02 9.136600540961141437e-02 1.343786436292244701e-01 1.048864094764872523e-01 9.028136529159382084e-02
8.888375506358883738e-02 8.916173576864638850e-02 1.227329023618429493e-01 1.146074500303014276e-01 7.648758837557914636e-02 7.731226547943730043e-02 8.997889333425086733e-02 1.567699970799750209e-01 9.500674326939510805e-02 8.905866923698298188e-02
9.078237403798569694e-02 9.130446460817180643e-02 1.185315995245121157e-01 1.162107574208220140e-01 8.077298991628130420e-02 8.175591450645064429e-02 9.264085746645905894e-02 1.393494998753746772e-01 9.767713903041430612e-02 9.097440361352839011e-02
9.146076599879293667e-02 8.894389696398821710e-02 1.187313677301373438e-01 1.176484502982677177e-01 7.771416902241196079e-02 7.943324799924150748e-02 8.995314133366852372e-02 1.470598389328814370e-01 9.741678534937600609e-02 9.163833637123434961e-02
9.302280731144282888e-02 1.027180495093657775e-01 1.052777127611753683e-01 1.038727667116050718e-01 8.433932117690692842e-02 8.611526126735535858e-02 1.041927759028260098e-01 1.231045589858304201e-01 1.042258678636959340e-01 9.313087850979630267e-02
9.383219868535884467e-02 9.151822914071125470e-02 1.134975750257017635e-01 1.065081596648798645e-01 8.831489325042220229e-02 8.788843300085170951e-02 9.268449105410465905e-02 1.351834439596634463e-01 9.668222526666181427e-02 9.389035095164446898e-02
8.497459220623609921e-02 8.508725254944536631e-02 1.204767122414576730e-01 1.168592779347768229e-01 7.851549818037376061e-02 7.985553102400937131e-02 8.508749278284005735e-02 1.532604591224833168e-01 1.107042264671179166e-01 8.517895749125962979e-02
8.677045305688968480e-02 8.969332564412592357e-02 1.178235649714701322e-01 1.194144049737346225e-01 6.695653580886511136e-02 7.044692684547801398e-02 9.048581586975278090e-02 1.637733388755591157e-01 1.076170756160961112e-01 8.701855833802851770e-02
9.042512719302767121e-02 9.059860922515736159e-02 1.226211610284547032e-01 1.146602688664070807e-01 7.850099917734189303e-02 7.946987378987398210e-02 9.123513845855764359e-02 1.526567708251490296e-01 8.919276914627340125e-02 9.063928228975723367e-02
8.689479173852582283e-02 8.609194943170693504e-02 1.251704821986461269e-01 1.158661540816149360e-01 7.622444762550915909e-02 7.830503907042316025e-02 8.668501551486763879e-02 1.605152174758819050e-01 9.718803120307564769e-02 8.705887165974871000e-02
8.833941132368680615e-02 8.631024194790819226e-02 1.235095851637109110e-01 1.200138511344720355e-01 7.529732664672582343e-02 7.683766608250292007e-02 8.685767514962491886e-02 1.531191850335214821e-01 1.012429241205857200e-01 8.847213339726119063e-02
9.079719399117208711e-02 8.863529663580575757e-02 1.221419161786335000e-01 1.131482543803637164e-01 8.061213704115893774e-02 8.217827328603960479e-02 8.971120800399416673e-02 1.438033735765914811e-01 9.799067009432582687e-02 9.098167681191492162e-02
9.010262833474276534e-02 8.902772364438099606e-02 1.161715316281940469e-01 1.148205814890862209e-01 8.118184641299118487e-02 8.158541477842357059e-02 8.977029605931667600e-02 1.439462347805351150e-01 1.031546538314991601e-01 9.023908904083027815e-02
8.890995578620802808e-02 8.702960922729702231e-02 1.211982389244044139e-01 1.126269244429533578e-01 8.002520656763376095e-02 8.002777923326281906e-02 8.738034313544124077e-02 1.619158248778685139e-01 9.176202916894629635e-02 8.912408863598457465e-02
9.083917537869405645e-02 9.107568074426951321e-02 1.205068407026755051e-01 1.168918086795189826e-01 7.742791046064409488e-02 7.898542347401353581e-02 9.159853082479289810e-02 1.412724196435962976e-01 1.003116495808452496e-01 9.109056051094983897e-02
9.155371339280304888e-02 9.476971778032715343e-02 1.178777623500897459e-01 1.168337544569349185e-01 7.355489505293293095e-02 7.961836739630515081e-02 9.618567629377752781e-02 1.349618997294790013e-01 1.028820715131732039e-01 9.176214203417729087e-02
9.013357106534493346e-02 9.111399291507840670e-02 1.175774865108609041e-01 1.118993535650382731e-01 8.255769061821967292e-02 8.288090354718742614e-02 9.173254106280145925e-02 1.427197524568867282e-01 9.911360577352365531e-02 9.027110248505854084e-02
8.883172303784725443e-02 9.105363123772497458e-02 1.183437063038338399e-01 1.208877331554634310e-01 7.218332426328329110e-02 7.228821068286279961e-02 9.152082391519948679e-02 1.549535425680609313e-01 1.008576966808976821e-01 8.907960815482628136e-02
8.706332534208742480e-02 8.981742765982211885e-02 1.211791686430123555e-01 1.196109668565678158e-01 7.466065605364255453e-02 7.571602812482175482e-02 9.009340242320414138e-02 1.618957257617011092e-01 9.269023840629431188e-02 8.727306072884645494e-02
9.161263725529224244e-02 9.199988024132908782e-02 1.161930291888871591e-01 1.094560811561166996e-01 8.039147540708660444e-02 8.385138723179159925e-02 9.347257520608190373e-02 1.408052796366242032e-01 1.004739378211488843e-01 9.174371685564161605e-02
9.270182478465500975e-02 9.487239043228316848e-02 1.184671063797967522e-01 1.106653075017730303e-01 8.107527767065986213e-02 8.485227845434566152e-02 9.560544616114517724e-02 1.214414143704400928e-01 1.074519796824525419e-01 9.286697456244873139e-02
9.549082081489650153e-02 9.416470748282811110e-02 1.024041451529703883e-01 1.004261068128676632e-01 9.380581362645895593e-02 9.143272381304985708e-02 9.618395711545039972e-02 1.245136146146674783e-01 1.061584499198752751e-01 9.541966064693535587e-02
9.043534669954929328e-02 9.127844873318517738e-02 1.174274103220222104e-01 1.115789089433454756e-01 8.156793695632350016e-02 8.394481331756403764e-02 9.176340374233121766e-02 1.422046030226778168e-01 9.910315567904263989e-02 9.069597258395865891e-02
9.514933127672997593e-02 9.576714104210010126e-02 1.136422061659276561e-01 1.116568733602817665e-01 8.612465840209948542e-02 8.582942923765320142e-02 9.757066259569004141e-02 1.187740363159625057e-01 1.001540101980499115e-01 9.533165140550531325e-02
9.512340772746377682e-02 9.257828607830022316e-02 1.135200646254533458e-01 1.080622736190321315e-01 8.942416651982187936e-02 8.620215060080074765e-02 9.201220792876542431e-02 1.258791199454608323e-01 1.018871453434512103e-01 9.531117761145047051e-02
8.649709073578960850e-02 8.926132953334345310e-02 1.227546664173099350e-01 1.171321390272271473e-01 7.497529311885682557e-02 7.738886074001719018e-02 9.040959070204393488e-02 1.518500033939313709e-01 1.030603995257345779e-01 8.667062680574601219e-02
8.783781316342169354e-02 8.962700731713664493e-02 1.217707441272716795e-01 1.195548032346498424e-01 7.197975298256879817e-02 7.063203994292929777e-02 9.043805949127887989e-02 1.583334956195890653e-01 1.017387416972222736e-01 8.808754242393185274e-02
8.512268745070686315e-02 8.646331351742092552e-02 1.240380183769217159e-01 1.181861743150923461e-01 7.602852035360563310e-02 7.811087158768367789e-02 8.752714741857589575e-02 1.542048116854634610e-01 1.050879881062966870e-01 8.523046718823282242e-02
8.715889993083521248e-02 8.761763595528375415e-02 1.197276262649449308e-01 1.213130425347909574e-01 7.203897367309730626e-02 7.464378008770107542e-02 8.791220975738323062e-02 1.558232019775112887e-01 1.064115869970561068e-01 8.735304282139615129e-02
9.228219260563944037e-02 9.234031637464089337e-02 1.200411323101232275e-01 1.174272741199196696e-01 7.521487275503768721e-02 8.032999829288720028e-02 9.265400810261738285e-02 1.391921228939753952e-01 9.803387420138481856e-02 9.248420834377425737e-02
9.362743506072933319e-02 9.692352484538852009e-02 1.156746028763745299e-01 1.122458007236816491e-01 8.090899640314901109e-02 8.087956364561346700e-02 9.852376016218164501e-02 1.209826707605667073e-01 1.064962216620779778e-01 9.373742386023713180e-02
8.809697363992330388e-02 8.660859240019433414e-02 1.259491922191637026e-01 1.126439941403293288e-01 8.202589867320017603e-02 8.301651016551823969e-02 8.736707358509002153e-02 1.493465820031646407e-01 9.671337250564555899e-02 8.823181066777067982e-02
9.298362019747011264e-02 9.361678253713297260e-02 1.081739872398846947e-01 1.082899066404509753e-01 8.587570653287678046e-02 8.794944959140151008e-02 9.577546774601472523e-02 1.286797302960965839e-01 1.056693444104332275e-01 9.298600480823844550e-02
9.242732575450247900e-02 9.165439682350043360e-02 1.205247133706163210e-01 1.137361885693423946e-01 8.145298317657627407e-02 8.474097201701970283e-02 9.228674805003757309e-02 1.325864243266507703e-01 9.796762926054652931e-02 9.262261865120756388e-02
9.256302369093387383e-02 9.483186142351621162e-02 1.217521219484447720e-01 1.140048821122030820e-01 7.877340406333463441e-02 8.130516054322506347e-02 9.552940128599012037e-02 1.293128993191118570e-01 9.912315993588122209e-02 9.280408567735912162e-02
9.407553798544347756e-02 8.686613664719960992e-02 1.116694973888346792e-01 1.076832873606638069e-01 8.987670453786308911e-02 9.375465654518413960e-02 8.729941143434642725e-02 1.356412441446182005e-01 9.906387667659921625e-02 9.406964727924731207e-02
9.138689466237813475e-02 9.295694014667696403e-02 1.213471859801909525e-01 1.182617429725605768e-01 7.800910506058342242e-02 8.156354866861278974e-02 9.274816930545307092e-02 1.415749999529466174e-01 9.058572212499529930e-02 9.156569112560224155e-02
8.853098677921913962e-02 9.244213359568727306e-02 1.138869377152057216e-01 1.187291101485640349e-01 8.082249037206115649e-02 7.972497560508504111e-02 9.451734954219911944e-02 1.394384868773865804e-01 1.033084993844404637e-01 8.859902998015151132e-02
9.082467784454933968e-02 9.180297667682781049e-02 1.152208166453920768e-01 1.164803934244190986e-01 8.510433415500595622e-02 8.198568037311797230e-02 9.215352512697370935e-02 1.303609620763813148e-01 1.050386938784425572e-01 9.102793979889019227e-02
9.194929582941427371e-02 9.196339366789473002e-02 1.186316479148032954e-01 1.150218683287991817e-01 8.031400322269571790e-02 7.931208927647179219e-02 9.376274155753780426e-02 1.337488774465535879e-01 1.031336995438334736e-01 9.216238321199618500e-02
9.226911873515523943e-02 9.258118808727079652e-02 1.167212004656207891e-01 1.122928790985330827e-01 8.187102471416811411e-02 8.508511982625453773e-02 9.279917837920670376e-02 1.403150011905461292e-01 9.359648786184658620e-02 9.246880164139803515e-02
8.992698857897549192e-02 8.996402769753913953e-02 1.163708244040781714e-01 1.090147934836486199e-01 8.259417507399501035e-02 8.571658660042034972e-02 9.128345021245866386e-02 1.345389653069950231e-01 1.106257134123506403e-01 8.996447522953891773e-02
8.970027053998114175e-02 8.970105199119374206e-02 1.200337248318698175e-01 1.144285904956127836e-01 7.863591742909030458e-02 7.915378277842016752e-02 9.057521505344436064e-02 1.466468411432417795e-01 1.011746590934581164e-01 8.994994664368774484e-02
8.955152752880732314e-02 9.169376106675843074e-02 1.135194159021016697e-01 1.152395988327768184e-01 8.213642079123949225e-02 8.256615448182527683e-02 9.298155373448023508e-02 1.358171514782072486e-01 1.068028288146210952e-01 8.969158736918238228e-02
8.677776159889928620e-02 9.039026671136346502e-02 1.187026370852867774e-01 1.211388763482255798e-01 7.371673757012707495e-02 7.642531295357833654e-02 9.115598681554183680e-02 1.469349187732381656e-01 1.078265883120283763e-01 8.693091383171117070e-02
8.962431604946044517e-02 9.023722096085448618e-02 1.242476151333271606e-01 1.212069941062001166e-01 7.445320363705372479e-02 7.767464747134809888e-02 9.107130465162442678e-02 1.356031692892915030e-01 1.061223621334890788e-01 8.975916656735100085e-02
8.621586972914251079e-02 9.057220591005438193e-02 1.244260801291784818e-01 1.143782965968564852e-01 7.655934625266122562e-02 7.875294750123611187e-02 9.097726162748458190e-02 1.570427111255668362e-01 9.476261208636040101e-02 8.631266904145895591e-02
8.703001990995558323e-02 8.790115254768558761e-02 1.213711457106285141e-01 1.210783643734206910e-01 7.464134954244051878e-02 7.500914977155484498e-02 8.858649541694031682e-02 1.564199741813360467e-01 1.008081193177266938e-01 8.715422922831120300e-02
9.121306222791943086e-02 8.921793532439654950e-02 1.181509845154590649e-01 1.099187859300687353e-01 8.382027624177040837e-02 8.392533151131323366e-02 9.002093984971186458e-02 1.399684335594160445e-01 1.023508978076178577e-01 9.141335303232681064e-02
8.993266188114221182e-02 9.072670376877532694e-02 1.394877877560968815e-01 1.302614543654426749e-01 4.842458911878418787e-02 5.013152429342994376e-02 9.158742733385119572e-02 1.976127982960196316e-01 7.098851115879330209e-02 9.084654202766465070e-02
9.125631110990055361e-02 9.266482092148847771e-02 1.151276198236267090e-01 1.133946365761550334e-01 7.790773256663838242e-02 7.861088466536060582e-02 9.434531016532281267e-02 1.423251185470508495e-01 1.029526616396686800e-01 9.141490398478785417e-02
9.066810416858707422e-02 9.163005886325202576e-02 1.173505669972494808e-01 1.145445875719126455e-01 7.825651701367290769e-02 8.004508886320194083e-02 9.283869382369458467e-02 1.453013191932184534e-01 9.845134246381163912e-02 9.091372104139924804e-02
9.164739485418796350e-02 8.930573777705951011e-02 1.215445892465518707e-01 1.145132460659082779e-01 7.884251353422529196e-02 8.294663160264535706e-02 8.945807886798434749e-02 1.433697275681400374e-01 9.659450505021092981e-02 9.177757543308641408e-02
8.896369103341970896e-02 8.481125424594604389e-02 1.166999981732642078e-01 1.159694473485005234e-01 8.072154826423202922e-02 8.315724831390931826e-02 8.528317037014403190e-02 1.540695475635414924e-01 1.012735650692168088e-01 8.905052961782584930e-02
8.708249878020193901e-02 8.926802706811301502e-02 1.223417987263815954e-01 1.197902399331529644e-01 7.456407897798633666e-02 7.538957699735636397e-02 9.005792064112855266e-02 1.538968218900090279e-01 1.002731578649190131e-01 8.733587912075117810e-02
9.139912103641067986e-02 9.454363507814662893e-02 1.153845672893356461e-01 1.159399927369106909e-01 7.763651204773364123e-02 8.031310222565114787e-02 9.579292994162875996e-02 1.330356489038927725e-01 1.044305961247201792e-01 9.152389461556988126e-02
9.032147559710677898e-02 9.004466959787754687e-02 1.223647085454923344e-01 1.158881367154096925e-01 7.306381399506192698e-02 7.391563380085529322e-02 9.118355026391637697e-02 1.539589820220540750e-01 9.858983320019641672e-02 9.066919626202957216e-02
9.209592189556227437e-02 9.298519473223855469e-02 1.204102558516535748e-01 1.105394269557041231e-01 8.659069740284786043e-02 8.644535846060090456e-02 9.310169853507849203e-02 1.294169962505506699e-01 9.620751843106029044e-02 9.220693148470324174e-02
8.956393182218921889e-02 8.914351537319212260e-02 1.238592681247011468e-01 1.159595973395317753e-01 7.540323674758772632e-02 7.865811000173103529e-02 8.989598477278731847e-02 1.455797182753242047e-01 1.020940848243908350e-01 8.984255271856468605e-02
9.280131003041414139e-02 9.670134920744706541e-02 1.148532670580199727e-01 1.122758626786100611e-01 8.417376446894406228e-02 8.670793076789554132e-02 9.648881383262483680e-02 1.203267594270329005e-01 1.027232471410715192e-01 9.294769538793984376e-02
9.072206160991226620e-02 8.945269605956802927e-02 1.203990379628730734e-01 1.211962179566870162e-01 7.562716994453164143e-02 7.670122628659709063e-02 8.997329256397396113e-02 1.525278456142339645e-01 9.244798518603887516e-02 9.095246681558402657e-02
8.941011025489987996e-02 9.387700003460755505e-02 1.185761256502193828e-01 1.153310237441391856e-01 7.590505086661114564e-02 7.754026874926371604e-02 9.486092406326983306e-02 1.414344296127646172e-01 1.034216312925164555e-01 8.964343573170824309e-02
8.618119313042899021e-02 8.977365839809792192e-02 1.190700758410594973e-01 1.157197212594639063e-01 7.753495281918186544e-02 7.774814990995473907e-02 9.059420711352708655e-02 1.493659948322944575e-01 1.076602608248243553e-01 8.635178587116716653e-02
9.209005086880139856e-02 9.454438964400387058e-02 1.108495484091919503e-01 1.053230005882599823e-01 8.391533445136933889e-02 8.342314891914302810e-02 9.673206838944901909e-02 1.383377854964975284e-01 1.026356180474914809e-01 9.214905518579240284e-02
9.005279680634481476e-02 8.983824788277175455e-02 1.215275153414237530e-01 1.157224637996902700e-01 7.838244316823779478e-02 7.905937547469102378e-02 8.987810347103042385e-02 1.489076836761853151e-01 9.640365938546420488e-02 9.022771099416063145e-02
9.142664922963457397e-02 9.077686051480278462e-02 1.156283231461755212e-01 1.158264075141340749e-01 8.251553829909738513e-02 8.230947214973254045e-02 9.132149553300844547e-02 1.383619698688106359e-01 1.002633140770338299e-01 9.156996966757022238e-02
9.040372043876677977e-02 8.975447320286494834e-02 1.200600624752044820e-01 1.131578685269998968e-01 8.201664996021101883e-02 8.100424324066375636e-02 9.025513448928601523e-02 1.502249825500311942e-01 9.253626331702768937e-02 9.058660179894428843e-02
8.885224440278034763e-02 9.181597608218529383e-02 1.121387917828333969e-01 1.071646852593549082e-01 7.953836787338662562e-02 8.081300212559776319e-02 9.330066733878153440e-02 1.460256351309844325e-01 1.113816660187462171e-01 8.896896398534950845e-02
8.969188055588250830e-02 8.860249704073949739e-02 1.253696073220930407e-01 1.132172165239637845e-01 7.820836487824160688e-02 7.852006544734708993e-02 8.917159224065419887e-02 1.511866035300962752e-01 9.621115236681354599e-02 8.982102009416839672e-02
8.830691980363977733e-02 8.695005352111470631e-02 1.261377078134996998e-01 1.116132438770162660e-01 8.097227870986394016e-02 8.223149951510501376e-02 8.744172091066505781e-02 1.495578650028830670e-01 9.832827210951350372e-02 8.846043873669899582e-02
9.199856004542993071e-02 8.584054264347501517e-02 1.157082088256049107e-01 1.120961261502256834e-01 8.404934173837136369e-02 8.687284577557992382e-02 8.617958169358200249e-02 1.466579992162574120e-01 9.842908765929596349e-02 9.216770625217773905e-02
9.152162291121535009e-02 9.512364328118741441e-02 1.238509092369443898e-01 1.196787191435649544e-01 7.426861022532051104e-02 7.664806162268511525e-02 9.609176884668498009e-02 1.346140117044331286e-01 9.642341729095750547e-02 9.177923573700658144e-02
9.202573854764471706e-02 9.438682702731519825e-02 1.143175054808121816e-01 1.089701770953717397e-01 8.805136754421546974e-02 8.843253888570329346e-02 9.572733152533378920e-02 1.178169171384024633e-01 1.082004163130788482e-01 9.207118044212235508e-02
8.820126226046455520e-02 8.576178135404456671e-02 1.236752170959023872e-01 1.145936155475374141e-01 8.192341867349038631e-02 8.252489429034109980e-02 8.603903630870816943e-02 1.496959319381857834e-01 9.930875721623366736e-02 8.827608531509195666e-02
8.934114134737917989e-02 9.010795564600523888e-02 1.251697902126609752e-01 1.163420410533195504e-01 7.153912534245578103e-02 7.314114671532691292e-02 9.080024158563941572e-02 1.610004873293734151e-01 9.291694177913707720e-02 8.964112898870245372e-02
9.187175376691221473e-02 9.221512120108789345e-02 1.209801174345743607e-01 1.150097431475266829e-01 7.346422614847400445e-02 7.572619883257018791e-02 9.220924983331775515e-02 1.541637082457259222e-01 9.212273779568641574e-02 9.223714359412459041e-02
9.147533604499652471e-02 9.275334255989084453e-02 1.239339962076651674e-01 1.199932587980065135e-01 7.150622380180639281e-02 7.371719919020912337e-02 9.307124454345525044e-02 1.417310329046173045e-01 1.000124807026365747e-01 9.180588524671637329e-02
9.929134309439008321e-02 1.008541300813224906e-01 9.905846675221095798e-02 9.611009149854844724e-02 9.595116774567365170e-02 9.703836231640387833e-02 1.019943056129453823e-01 1.045375831353582974e-01 1.059370844039678600e-01 9.922746535917896515e-02
1.006103316983318618e-01 9.416854373445830706e-02 1.008685663081581030e-01 9.870637187237073229e-02 1.030496941487315937e-01 1.046283835025813708e-01 9.263542204297560423e-02 1.086902346979987249e-01 9.610486029787924933e-02 1.005375916965144945e-01
8.846573479554845076e-02 9.207231922620548459e-02 1.109152170971004631e-01 1.128753855695882186e-01 8.379986875695413784e-02 8.524957817326883625e-02 9.277506039851995956e-02 1.349504062269738236e-01 1.104080696459100452e-01 8.848836010993056667e-02
8.879844174770638865e-02 9.089247387306004233e-02 1.104700204562379245e-01 1.096066147337302066e-01 8.253615604408315320e-02 8.151076624126621373e-02 9.088152159376629291e-02 1.571597938270823391e-01 9.923723399055707495e-02 8.890697749251032234e-02
9.006533831614119134e-02 9.163389407716286683e-02 1.171592213524585563e-01 1.139471046574489221e-01 7.389544259821752281e-02 7.697286383874692162e-02 9.255680328054155526e-02 1.478308758397138822e-01 1.056616167644512383e-01 9.027683927511734319e-02
9.297859578465902941e-02 9.239666336337803987e-02 1.184342349680910234e-01 1.144619112288117330e-01 7.971996184817008169e-02 8.428385466393890912e-02 9.262033545673460655e-02 1.346058098767328459e-01 9.724065285988510443e-02 9.325797994959864057e-02
9.001027262746920388e-02 9.205221713161862440e-02 1.197077128715487299e-01 1.176831190779277919e-01 7.605596325942019786e-02 7.850258595124602612e-02 9.339264548710789204e-02 1.391535103339701096e-01 1.031747899369151039e-01 9.026718332277640366e-02
9.126003524249318155e-02 9.155163744629943312e-02 1.195093777438528404e-01 1.141182115656146495e-01 8.017106381416884420e-02 8.229841732153413136e-02 9.177525965374376538e-02 1.391723515344851780e-01 9.872213552386399638e-02 9.142151015394392455e-02
9.058682727372506516e-02 9.164316010301226667e-02 1.248549626108524241e-01 1.155384474614153667e-01 7.647717664032085971e-02 7.577292374377064821e-02 9.169366561065196708e-02 1.498683071947899403e-01 9.267204939639704653e-02 9.089247996506447103e-02
9.042542244387306860e-02 8.831373615030596591e-02 1.145111911548532119e-01 1.230250264317807735e-01 7.952565359663156530e-02 8.075345116506009446e-02 8.883245254625106446e-02 1.389400214928267763e-01 1.051315298902659456e-01 9.054151512815150626e-02
9.162460051754249546e-02 9.160583027411946244e-02 1.149761095374458586e-01 1.101791157529066062e-01 7.913160873927686800e-02 8.298540369517169724e-02 9.293484639146289139e-02 1.393309263429491351e-01 1.054421687615101216e-01 9.178938998761487778e-02
8.963700708222788194e-02 8.727642269997580582e-02 1.223798293449855912e-01 1.163528025619367939e-01 7.448584877402190940e-02 7.781531789996030957e-02 8.756674459299194913e-02 1.599963611570362210e-01 9.456756873189237078e-02 8.992209715497111178e-02
9.103702478595934733e-02 9.063797086992740615e-02 1.202968560912947432e-01 1.124839231547638818e-01 7.669547208610802413e-02 8.167637396109511672e-02 9.169923836638793624e-02 1.438742822661147058e-01 1.003288899452982469e-01 9.126996847305066107e-02
9.099460453701661844e-02 9.174253467660271888e-02 1.269674013847296723e-01 1.168152581630808040e-01 7.515675934952686932e-02 8.022364795848739571e-02 9.266571448025266722e-02 1.350981523359337799e-01 9.914565421679383261e-02 9.119027289757571098e-02
8.610629945168968291e-02 8.633828357541913079e-02 1.243499467144094928e-01 1.144962701812456962e-01 7.692287379568781003e-02 7.835037707475908664e-02 8.689420911954771898e-02 1.682266502030187183e-01 9.216418270083240327e-02 8.615090718339026010e-02
9.005914500667680511e-02 8.803967645562797706e-02 1.202628353464812172e-01 1.166181581268623257e-01 8.508145348746108672e-02 8.422440621949292550e-02 8.837810639779082600e-02 1.319348041597308563e-01 1.052440406262794281e-01 9.015737417359658001e-02
8.732443084875519956e-02 8.810212618818141772e-02 1.250414824140397285e-01 1.161247747949582798e-01 7.211711716900666425e-02 7.396703719083008721e-02 8.861967531707337642e-02 1.604279602000314719e-01 1.007352881360153996e-01 8.754010774110837501e-02
9.588966520332470322e-02 9.619133617661762559e-02 1.168387302057284360e-01 1.148139980401379906e-01 7.978016445561919578e-02 8.308121420522396328e-02 9.628865301568965973e-02 1.276479419437719642e-01 9.330883062595020372e-02 9.615946612793629944e-02
8.780101558700319220e-02 8.613664711708242383e-02 1.234904436554866980e-01 1.215012522345778473e-01 7.053179519636081085e-02 7.290011229269505177e-02 8.626810029682455139e-02 1.671219032273051353e-01 9.614377781884111962e-02 8.810495257382316980e-02
9.373854973030994187e-02 9.283755473332341857e-02 1.153357959395047982e-01 1.097269930492859313e-01 8.374026600903476669e-02 8.763535197383078013e-02 9.284123860646009696e-02 1.373553026039173175e-01 9.284503710258026898e-02 9.394391025175269361e-02
9.574782697776181017e-02 9.151874012726438079e-02 1.126178918653494426e-01 1.122440514230391012e-01 8.317789090276465902e-02 8.556649255718710989e-02 9.226118180693114457e-02 1.298970550443171446e-01 1.010421918887805526e-01 9.592667740660465459e-02
8.557063297273344304e-02 8.613788943999263481e-02 1.287441549900962823e-01 1.173473070505011290e-01 7.537976235617759035e-02 7.684083502616578798e-02 8.699081685190523938e-02 1.525693421957852181e-01 1.047407654682059319e-01 8.567849364843681259e-02
9.456660221085633200e-02 8.837124354645897739e-02 1.136403643530200375e-01 1.077288071319003199e-01 9.141245691988041100e-02 9.285183709159769427e-02 8.879937218887147543e-02 1.322667483703554303e-01 9.580010480710685061e-02 9.456246337995243001e-02
9.622882834984015921e-02 8.927623906411065458e-02 1.104651454652217923e-01 1.154587453574786593e-01 8.689583650185882246e-02 8.802585467593877777e-02 8.988466273002043705e-02 1.337757391561607279e-01 9.360776405980417159e-02 9.638118463956579784e-02
9.052372750959986059e-02 9.168430680261584198e-02 1.197095036018435282e-01 1.120053723347268354e-01 7.593817797781161894e-02 7.955366380348480315e-02 9.337647028992292209e-02 1.418615027336202483e-01 1.046457225431869781e-01 9.070155240318736323e-02
8.425694692638924232e-02 8.366457541590401059e-02 1.061488902892128716e-01 1.023703248268374444e-01 7.853231666508474207e-02 7.780967332869828668e-02 8.408896461970007119e-02 2.091988764937418033e-01 8.962613500431788893e-02 8.430329643011369445e-02
8.615638328086255848e-02 8.617500734724352351e-02 1.181276771056179870e-01 1.151481090361421156e-01 7.225068332410186644e-02 7.356585122821705791e-02 8.697620718702391007e-02 1.695155041510237048e-01 1.058256089480439505e-01 8.625896839172329800e-02
8.913286369340032989e-02 8.900773121803656762e-02 1.228712848119052903e-01 1.173391132703179851e-01 7.566008462261743228e-02 7.820086959587417563e-02 9.000629762731962580e-02 1.461557669460159525e-01 1.022698426158331203e-01 8.935614559867952056e-02
9.493226579624441941e-02 8.815480204115697105e-02 1.104285605972740308e-01 1.116422319409849234e-01 8.813791633994519370e-02 9.175459878136900393e-02 8.833997830976716981e-02 1.234955320242883542e-01 1.081590065643881771e-01 9.495510760458170108e-02
9.456569654662562441e-02 9.399526427964834119e-02 1.118360174633792614e-01 1.103640821858482973e-01 8.485579206033418143e-02 9.184382528772612464e-02 9.483343314993868123e-02 1.210493179071843312e-01 1.021361885124048019e-01 9.452038260691034144e-02
9.373534977557837489e-02 9.294020119991477924e-02 1.132252771948608211e-01 1.145011260600838771e-01 8.046708740944717719e-02 8.464600360362470322e-02 9.347970994492900421e-02 1.401587760418336881e-01 9.298841853122075118e-02 9.385805023850682383e-02
9.140249542382404557e-02 9.490792392519104004e-02 1.194916989301420540e-01 1.114121334452665146e-01 7.819971644758631768e-02 8.001060406305093853e-02 9.691947744996524949e-02 1.299006759806676514e-01 1.061565369879370890e-01 9.159873734636912734e-02
8.942930132078642791e-02 8.711202123424637012e-02 1.201760581935360783e-01 1.174245314001250706e-01 8.040254067949538508e-02 7.993505330104487550e-02 8.757602822633343831e-02 1.501974124516982367e-01 9.815586251342628410e-02 8.959119067930780556e-02
9.362216708172632629e-02 9.303734638898591980e-02 1.178353480506046380e-01 1.172553784611049532e-01 7.209185110362792415e-02 7.639823791591010549e-02 9.358893887127485434e-02 1.366125167539614382e-01 1.056267374402918985e-01 9.393147793251201139e-02
9.213733618791390689e-02 9.238294849948763821e-02 1.172628199948275024e-01 1.112190566449488827e-01 7.930091519392408472e-02 8.212115044667692154e-02 9.244845508011304003e-02 1.454143836815039725e-01 9.535383511883070706e-02 9.235909915177339946e-02
9.127493446093196128e-02 9.173802137660645728e-02 1.168941791987933437e-01 1.192874728103485715e-01 8.102216064315329036e-02 7.965716184672531897e-02 9.245353946004324086e-02 1.441636568847802224e-01 9.204178746035834857e-02 9.146708585825917559e-02
9.032513769263320058e-02 9.335191708496924645e-02 1.133898664548734642e-01 1.139874370550474775e-01 8.377521808644587675e-02 8.406753865995567065e-02 9.467795980870380435e-02 1.349365828528264477e-01 1.010549470821535539e-01 9.043339522239125794e-02
9.209075762736650128e-02 9.321707545101184933e-02 1.171369846360658939e-01 1.094466505020274955e-01 8.152784094530982073e-02 8.481642113925801085e-02 9.425987771286185868e-02 1.379832974002361545e-01 9.720935087294557686e-02 9.231174371291682446e-02
9.397432858683835155e-02 9.482073234378940452e-02 1.187590837224389712e-01 1.131426879196714558e-01 8.267291754151545602e-02 8.060928499714731243e-02 9.562276174715635124e-02 1.285677203874063257e-01 9.760770591553982745e-02 9.422277683849658581e-02
9.195448227156265142e-02 9.041382929536691260e-02 1.192248987512475183e-01 1.108149364059935055e-01 8.118824230734622560e-02 8.675732984102388357e-02 9.038423028157367700e-02 1.438409771252027181e-01 9.339918530594820689e-02 9.202188841473467329e-02
9.176558844730936526e-02 9.221117494681747850e-02 1.180128237179378786e-01 1.151517670431766588e-01 7.832561069448269742e-02 8.289024558978549950e-02 9.201811935502035578e-02 1.466709193120988575e-01 9.102176667120207010e-02 9.193198422216908305e-02
8.853143254875742163e-02 8.702058021318841152e-02 1.165017375944985695e-01 1.170806115384659118e-01 8.428531920413705192e-02 8.320864176451629735e-02 8.733265735621587034e-02 1.475458029009900918e-01 9.983512510930227235e-02 8.865809176992808793e-02
8.616095296914022539e-02 8.649102390601430546e-02 1.173623569719065562e-01 1.163841781316393570e-01 8.052569686522546843e-02 8.047108251128927414e-02 8.678810744800910526e-02 1.450316481891295861e-01 1.145348072703593484e-01 8.625014573728674583e-02
9.440165288060642368e-02 9.918014659895400820e-02 1.169860471817346786e-01 1.124928753863968373e-01 7.766202980698071190e-02 8.087518687385464311e-02 1.017705983550259569e-01 1.247666916207151311e-01 9.730607823688323943e-02 9.455869305884828657e-02
8.697428980467847293e-02 8.801924828705083581e-02 1.195346301511296949e-01 1.176835343193996103e-01 7.649331384768372211e-02 7.607918971711091771e-02 8.819378418825002397e-02 1.655275642737021324e-01 9.433194996325966475e-02 8.716249544773486957e-02
9.141505900409888086e-02 9.254919310848641611e-02 1.188844213731022059e-01 1.140907099029524613e-01 7.775781226716640959e-02 8.250568538549904463e-02 9.296140627070612061e-02 1.339054857477444682e-01 1.042640749106939629e-01 9.166615202955005759e-02
9.013786370229973088e-02 9.011466688058249186e-02 1.121090782841124983e-01 1.187978727427958792e-01 8.291219476709635328e-02 8.092380727934850304e-02 9.033487681380140966e-02 1.442593950800450664e-01 1.001296792646165362e-01 9.028056518530151731e-02
9.350644642796253347e-02 9.411554845207434350e-02 1.233395826159750103e-01 1.188017592105678755e-01 7.249987237661924266e-02 7.619012000456611144e-02 9.521415434049119997e-02 1.403969232234688336e-01 9.206626131230648269e-02 9.386933203596833919e-02
8.882387962440907447e-02 8.856472808049491163e-02 1.209113673571325792e-01 1.195675041295673063e-01 7.390316515155175014e-02 7.568087814085364129e-02 8.842022644663072306e-02 1.615888879784809495e-01 9.352379530318195855e-02 8.901556778769706413e-02
8.850602066396720535e-02 8.932246116975123273e-02 1.214246948219587785e-01 1.111560810051256676e-01 8.420510709155942797e-02 8.306834357420511683e-02 8.996399150570517922e-02 1.413349019999003975e-01 1.024558390391660523e-01 8.856255912866091429e-02
9.249190549700216091e-02 9.237519121468484862e-02 1.135580657261279075e-01 1.137202601779275235e-01 8.009055163003130084e-02 8.057700030715241046e-02 9.321646107004001591e-02 1.443235951914101090e-01 9.695575143373028060e-02 9.269121775189351209e-02
8.915290207510219445e-02 8.980471635152362242e-02 1.209733256329205281e-01 1.138133317801661298e-01 7.704764662667717978e-02 7.888433910355108214e-02 9.040236928870036548e-02 1.432790431517836360e-01 1.073113698430788326e-01 8.933095614649641525e-02
9.631558653356946109e-02 9.173118027791773987e-02 1.088169879966622428e-01 1.045497464321096248e-01 9.748926260572184088e-02 1.003524464661595811e-01 9.033953905853539523e-02 1.208220798528116119e-01 9.327881693252419726e-02 9.630435384398827736e-02
9.033834801584873786e-02 9.209872598780285968e-02 1.141551037265085833e-01 1.164742226508150291e-01 7.745415697476934480e-02 7.943010491610127954e-02 9.309277917879855979e-02 1.448873083788491667e-01 1.016299847260980493e-01 9.043926544440840376e-02
