1.202326382360397045e-01 9.459351107331140374e-02 7.815928743419615909e-02 1.181038034765060640e-01 9.363094225207360677e-02 1.107255843320590766e-01 8.977745517940000086e-02 1.199117717679145656e-01 8.027840896925197978e-02 9.458659727924742522e-02
1.235913225961964290e-01 9.300077338589055054e-02 8.265330855492122875e-02 1.123523173164868438e-01 9.334527069873062299e-02 1.065105344477148552e-01 8.935134727167248769e-02 1.226820021945190103e-01 8.332436501618437075e-02 9.318875851768360086e-02
1.193501340488055812e-01 9.627719558630672136e-02 8.484562649353745434e-02 1.103420856170480163e-01 9.344261727990076094e-02 1.030063659459680703e-01 8.994239642740092799e-02 1.187836323575085368e-01 8.761454916945331239e-02 9.639539707407061842e-02
1.194802662331605203e-01 9.130099066051941548e-02 7.722423842832823460e-02 1.188167957702326860e-01 9.107176311103218347e-02 1.263133141560970896e-01 8.697627141184774424e-02 1.189089411472948332e-01 7.850737509574470807e-02 9.140004398574262667e-02
1.262388805038752726e-01 9.218359627313896243e-02 7.893047994845450721e-02 1.141700519526673979e-01 9.256671308870320636e-02 1.097523370223906364e-01 8.854614986778644448e-02 1.254485969660803502e-01 7.995451521962725072e-02 9.220867915727597175e-02
1.150104625946373749e-01 9.125423330575546665e-02 9.362392719097421823e-02 1.052705927870291325e-01 9.409820253302299264e-02 1.080120019956133381e-01 9.172878778892175344e-02 1.147024369860400184e-01 9.520294904551893089e-02 9.109640577248676041e-02
1.247377633458937318e-01 9.283770755140430264e-02 7.679258360883167711e-02 1.165715393886525286e-01 9.246790785341178764e-02 1.111589464446257336e-01 8.981451869892934092e-02 1.243613180287899272e-01 7.849293327783744834e-02 9.276478180162350817e-02
1.190696289858561852e-01 9.111998793445519329e-02 8.166297597369436001e-02 1.138838760339459660e-01 9.331726240752889756e-02 1.210360915047311026e-01 8.657999045113598524e-02 1.185203050908928829e-01 8.362204962965652522e-02 9.118783198810291590e-02
1.178832065734101570e-01 9.385057978324221062e-02 8.568449552286386273e-02 1.123514784196675553e-01 9.438814543648856026e-02 1.052329718281588555e-01 9.156445834347520796e-02 1.175172146404560997e-01 8.762392295668644526e-02 9.390352649555103182e-02
1.216374879741939502e-01 9.198487198182303537e-02 8.103140067714378891e-02 1.155676185758333641e-01 9.278184723703435111e-02 1.113583739502370801e-01 8.810922383511708700e-02 1.208265713229239591e-01 8.455715046967911264e-02 9.214545397601427157e-02
1.257467713914650342e-01 8.975920920934690739e-02 8.218913840061371767e-02 1.115015049661871732e-01 9.152347782875591697e-02 1.131265622953771532e-01 8.808782497641970410e-02 1.246742708912259717e-01 8.347148846068500050e-02 8.991975157992340706e-02
1.254352793726195570e-01 9.143294195262556545e-02 7.676972043225326059e-02 1.216869624339214362e-01 8.950486488137061880e-02 1.169800395862913844e-01 8.479245278030755895e-02 1.244723215043156694e-01 7.728608072236824167e-02 9.163933633392666589e-02
1.160266428780428599e-01 8.904090936571160131e-02 8.185301400827101059e-02 1.209913556863210365e-01 9.136099401876798809e-02 1.235999999610207928e-01 8.683221407159505412e-02 1.158931368161221220e-01 8.552277030796918977e-02 8.887896288617831708e-02
1.237224310678199934e-01 8.782182427712359463e-02 7.424989669514764357e-02 1.224789476041948932e-01 8.769421590341841544e-02 1.359616709456749895e-01 8.207455057954407551e-02 1.227523750551982873e-01 7.526553908236804924e-02 8.797854878951005819e-02
1.240803744446107165e-01 8.990266214002164136e-02 7.444161699385315467e-02 1.195428606193428972e-01 9.055806292551964176e-02 1.264360270868301606e-01 8.617596758782215816e-02 1.233787033593128774e-01 7.553212068419003222e-02 8.995160415849672020e-02
1.257340783897190339e-01 9.133013350238729233e-02 7.932917559335754543e-02 1.164872258903538460e-01 8.978193549517843319e-02 1.155361441938691225e-01 8.553717684797904064e-02 1.247362963703182309e-01 8.005526707486132487e-02 9.147256664197608855e-02
1.185641682745001840e-01 9.235347102038773959e-02 8.383833467414297802e-02 1.154604873941402904e-01 9.288380105505980588e-02 1.148773895124358818e-01 8.602686831623582164e-02 1.177537938390344346e-01 8.568037065262068541e-02 9.256131526144217858e-02
1.195248492749993036e-01 9.724128567999147654e-02 7.829117143080002728e-02 1.125733902165930445e-01 9.619724837973314679e-02 1.064270964104409717e-01 9.417980307775770943e-02 1.190478333831126168e-01 7.907405619288213061e-02 9.744326595368953126e-02
1.277419165290104297e-01 9.348752147710846783e-02 7.486234175042048855e-02 1.199980174852159215e-01 9.372245655851098312e-02 1.043663411126346252e-01 8.840284287618285775e-02 1.270899962235920444e-01 7.675250682524027701e-02 9.357605916208386332e-02
1.211473790431190217e-01 8.820105535222275139e-02 8.157841984386982048e-02 1.177030805587854084e-01 9.207026738564534629e-02 1.229134027599318169e-01 8.519511151251403513e-02 1.206576976365964365e-01 8.235529993976846430e-02 8.817828596754691273e-02
1.265608894701743259e-01 9.132427515098399950e-02 7.924666958292740648e-02 1.164585518489527072e-01 9.279782881329676214e-02 1.078127710634313174e-01 8.763045180101441956e-02 1.257603296020061434e-01 8.101698818283072090e-02 9.139124448438215587e-02
1.188168369409927511e-01 9.325267080209669046e-02 8.354119695857119277e-02 1.109734649876005647e-01 9.352300708640876037e-02 1.136247080945211319e-01 8.932551059331617083e-02 1.179858498741853529e-01 8.545856534908892466e-02 9.349818931321847437e-02
1.202629044225020094e-01 9.282793675675611589e-02 8.419253954510479143e-02 1.135145401251493047e-01 9.149861051700974857e-02 1.135695449126139789e-01 8.693756144097991578e-02 1.195134808993152803e-01 8.471877567542761278e-02 9.296410570514124228e-02
1.212747862020961687e-01 8.981083838602996194e-02 7.791123247544619324e-02 1.153865429568312062e-01 9.199115089818808710e-02 1.275701877262003514e-01 8.532631481010820307e-02 1.206147727212406595e-01 8.022327566787891551e-02 8.989089815598025335e-02
1.216532894949923643e-01 9.213718862736842985e-02 8.501993773596842885e-02 1.172992078148301226e-01 9.176995908541873970e-02 1.068313844374046001e-01 8.767300835850885821e-02 1.211475860640380819e-01 8.435248488699767511e-02 9.211595349447267156e-02
1.169534346848070117e-01 8.605646101840255802e-02 6.641720123617052274e-02 1.124937143462783479e-01 8.443039496896431739e-02 1.830290813432607355e-01 8.048567260244063326e-02 1.163862141863313687e-01 6.761112142759978516e-02 8.613670418574471965e-02
1.187746247675926931e-01 9.524448208379993064e-02 8.339842189276482076e-02 1.136377315687855938e-01 9.427905427795914284e-02 1.039886077355354627e-01 9.075245759757559483e-02 1.182136857451732970e-01 8.633543052527375972e-02 9.537550380553971863e-02
1.177248962743677602e-01 9.503113967728681055e-02 8.408981441700842663e-02 1.120962913529514327e-01 9.279034842173104758e-02 1.106825202644705491e-01 8.936988849900642795e-02 1.173129790667471611e-01 8.587470173828821995e-02 9.502742028814217812e-02
1.216862827881832199e-01 9.141486356632373689e-02 8.144351906444949329e-02 1.154791491876375337e-01 9.203100144452383558e-02 1.140897992079523554e-01 8.899163654521641265e-02 1.209218418306511333e-01 8.241819812925195443e-02 9.152370823581022774e-02
1.157691447100041293e-01 9.239264885017260676e-02 8.500283170972090796e-02 1.128229191902559297e-01 9.124067778844147103e-02 1.198759518109699662e-01 8.800025570983635581e-02 1.153201976600999046e-01 8.711288809729934857e-02 9.246248447319942165e-02
1.265805462997814101e-01 9.229034629837196135e-02 7.676519847625846993e-02 1.172673460131261891e-01 9.129541136805274792e-02 1.104475460995542474e-01 8.791734765576318666e-02 1.258224224963370441e-01 7.927732743113299896e-02 9.233650786162170276e-02
1.207277528990383653e-01 9.357316716517143085e-02 7.993011919652601160e-02 1.170727511274984450e-01 9.188856893853748764e-02 1.135014460968681721e-01 8.706963919315030553e-02 1.198308792294578706e-01 8.258587944845634243e-02 9.381979670529554116e-02
1.215028309895935105e-01 9.133478328059418949e-02 7.869017607673690906e-02 1.191019062537002071e-01 9.301731745211622160e-02 1.163061333784866508e-01 8.728332161263180344e-02 1.206139578857482325e-01 8.062723558454522321e-02 9.152233748584708006e-02
1.073865352622089681e-01 1.059872971957967619e-01 8.689959281664481894e-02 1.056600950291899932e-01 9.480426879044488719e-02 1.042966865244099595e-01 9.391414096901412600e-02 1.071951551983866685e-01 8.767613000074679641e-02 1.061800982131570620e-01
1.153443297115119143e-01 9.405285247920582015e-02 8.825387291589920080e-02 1.079639735538211881e-01 9.523377379279228394e-02 1.090131387375456590e-01 9.193811133708665317e-02 1.150572580248845900e-01 8.915920750179635867e-02 9.398348194545629031e-02
1.229512678527521358e-01 8.638069387457490700e-02 8.032648418830382053e-02 1.182588830135376523e-01 8.639607867107673700e-02 1.335558458163747519e-01 8.246524806800882568e-02 1.222203423871063566e-01 8.105115716162795969e-02 8.639399896663689515e-02
1.210344055735309426e-01 9.266875011801702089e-02 7.084784222400417053e-02 1.219491911967677672e-01 8.903764134227716565e-02 1.333551772890616549e-01 8.570348621742238104e-02 1.206091104668629566e-01 7.212079792638718956e-02 9.267359764566872327e-02
1.257978672438784806e-01 9.308484046720130745e-02 8.032944567968526572e-02 1.166990483773649306e-01 9.241522671468214989e-02 1.034725119699940882e-01 8.889951344184114645e-02 1.250816556693235271e-01 8.105961298946090521e-02 9.316027744656817100e-02
1.277248460008481579e-01 8.802952357762061641e-02 7.892244102516325632e-02 1.173445900066253239e-01 8.833412791683710463e-02 1.215101187992774501e-01 8.369387059129664019e-02 1.269589848040185709e-01 7.948954056121139422e-02 8.799195671710152711e-02
1.257017353647428837e-01 8.789309402139477978e-02 7.531518412539921214e-02 1.210751408951232927e-01 8.946991975231645411e-02 1.262927433522065823e-01 8.377127736084605258e-02 1.248657404686487754e-01 7.771533451871631692e-02 8.789983014060562261e-02
1.244056930580637182e-01 9.082206621834949811e-02 8.150759465233906043e-02 1.142697525129338504e-01 9.205063804451653342e-02 1.134888479757487217e-01 8.576220529192732367e-02 1.236234984837462358e-01 8.316878584402341568e-02 9.090091791835168411e-02
1.190493855426036085e-01 9.137730403354740738e-02 8.103678918572976286e-02 1.165787682451119023e-01 9.183797597324348805e-02 1.219345224723399762e-01 8.535887446106164844e-02 1.182737388545735124e-01 8.303287420641450312e-02 9.151976702537424624e-02
1.256720867499641070e-01 9.033959740015812256e-02 8.364188192697642743e-02 1.161511836755460270e-01 9.203069072696289099e-02 1.082907586142125983e-01 8.573430476501367470e-02 1.251680729685669402e-01 8.269247626545463137e-02 9.027894690714459436e-02
1.224923958219788500e-01 9.242726302356461809e-02 7.791561209697618617e-02 1.176102034811884328e-01 9.186796557607931901e-02 1.161409730311677851e-01 8.756773411297305576e-02 1.216735983546228528e-01 7.968498472710042191e-02 9.261926977434839503e-02
1.191229219180235804e-01 9.675404297572039181e-02 7.685114763260070259e-02 1.172766327795251584e-01 9.227804277483651896e-02 1.149835940906155929e-01 8.715795132662405853e-02 1.186055571287526617e-01 8.009468426887660086e-02 9.687542510442469224e-02
1.199023478713569235e-01 9.335794636300773219e-02 8.410487942207039991e-02 1.136832989645909647e-01 9.181022300315709594e-02 1.092998900423092778e-01 9.067794564604701735e-02 1.195366293332243285e-01 8.433453392255596537e-02 9.329230543168032241e-02
1.213013157649716900e-01 9.371042637860359237e-02 7.186027264124650316e-02 1.234473209717175668e-01 9.110365511524712301e-02 1.248631267182175042e-01 8.504522820635583569e-02 1.210607143246360956e-01 7.397749164169153957e-02 9.363044823731256350e-02
1.250608587279817274e-01 9.250033532298573835e-02 7.679167485276551519e-02 1.224525168176142653e-01 8.955056758102038217e-02 1.121860705762132149e-01 8.680150293761795810e-02 1.243726923081520247e-01 7.772884469534620255e-02 9.255493618030301295e-02
1.187994072873757440e-01 9.521843987509120977e-02 8.293340988651855261e-02 1.113318005619104017e-01 9.342823387906357135e-02 1.113492012170544943e-01 8.794796765829696050e-02 1.183218867111342915e-01 8.541298597276804350e-02 9.525666695078675861e-02
1.191683910399132934e-01 9.578727780384735380e-02 7.910743359979370559e-02 1.107078400429772624e-01 9.301349713241260919e-02 1.114841823710513713e-01 9.118471995395345531e-02 1.186763831684276155e-01 8.501644707912128784e-02 9.585382780850204565e-02
1.058867548486545213e-01 9.934468183870397151e-02 9.172318765868366086e-02 1.037276771048120244e-01 9.859786250262221607e-02 1.072482398729476261e-01 9.395190325602882642e-02 1.057357529656039047e-01 9.444226400927578646e-02 9.934167594266743451e-02
1.199467759129955180e-01 9.319590543124907367e-02 8.357657371662520485e-02 1.130518587407352143e-01 9.205297952281904506e-02 1.103867689141710823e-01 8.987183887131877658e-02 1.193178951076312444e-01 8.525117103154986054e-02 9.334823275090502193e-02
1.146479449776804799e-01 9.783804598894640936e-02 8.425837162599045249e-02 1.117759854767018390e-01 9.559905380943685416e-02 1.051345530170264136e-01 9.251140590437066658e-02 1.140756318368853217e-01 8.607594897212746121e-02 9.808305839083404642e-02
1.162780986233911407e-01 9.340831933189586156e-02 8.671933546539700721e-02 1.094665136899527352e-01 9.675173960844593579e-02 1.111247260262588632e-01 8.961863521801820276e-02 1.154136471840556816e-01 8.748803206644364949e-02 9.373095278614097803e-02
1.244941502317972737e-01 9.109168740887016447e-02 7.860950706459031434e-02 1.177082086023230750e-01 8.730110751366457200e-02 1.235872307969308331e-01 8.439778755351431960e-02 1.236487793609835212e-01 7.798006385647167360e-02 9.118147761085423908e-02
1.250059350997199670e-01 9.249654094793403891e-02 7.233907875956853417e-02 1.219262555168425799e-01 9.000585913201292199e-02 1.235737138338272867e-01 8.547370836876271027e-02 1.244720888287046134e-01 7.220591760115674385e-02 9.250090191147061769e-02
1.260325692129626862e-01 8.840241188622166568e-02 7.794188909783104913e-02 1.190473011912574069e-01 8.605757169942833407e-02 1.278011962907858179e-01 8.227455835224663228e-02 1.251458296582612928e-01 7.889105712706162565e-02 8.840561548394348934e-02
1.215313329365561162e-01 8.910246721843301243e-02 7.461719374644810998e-02 1.225995542690375417e-01 8.843287962533737112e-02 1.339772820788030505e-01 8.396440464965870820e-02 1.211752409350911747e-01 7.561268273131278861e-02 8.898696180932216815e-02
1.211098779835755729e-01 9.310460342395532329e-02 7.856258387411643729e-02 1.177118154003974071e-01 9.286737967557723294e-02 1.129467369811013866e-01 8.927343033397498739e-02 1.205862597830354432e-01 8.069243256298221090e-02 9.314487998128398449e-02
1.156768914842470491e-01 9.816952301406652037e-02 8.353618261301140602e-02 1.117079509280887034e-01 9.340847150089261197e-02 1.128434127065611886e-01 9.055221634647914186e-02 1.152577729222465652e-01 8.059831475009940349e-02 9.824926373430739601e-02
1.279460790633428491e-01 8.817839033156357753e-02 8.179980019957998338e-02 1.134143858517673298e-01 8.900215220973173302e-02 1.125556225618257189e-01 8.812684977250186125e-02 1.270065179386855592e-01 8.376857290755884700e-02 8.820162916344254089e-02
1.105314474836736477e-01 9.767305900355720272e-02 8.627959368170495802e-02 1.103473612132785664e-01 9.485140528980864905e-02 1.116175479134851323e-01 9.105249432727997860e-02 1.102677739660054418e-01 8.970634334034466306e-02 9.767297378086177428e-02
1.213991488300911192e-01 9.214783430840702005e-02 8.405287340790276729e-02 1.132828814694273739e-01 9.247028860480478729e-02 1.126714544195576012e-01 8.652954738991723571e-02 1.204460330569733922e-01 8.460886046648168068e-02 9.239107804643699462e-02
1.223145146519814125e-01 9.525266230734860673e-02 7.898643747763932355e-02 1.134235878703354905e-01 9.251499251467650009e-02 1.082130725690554213e-01 9.123451636149398913e-02 1.215027709767936837e-01 8.107470285867375559e-02 9.548274241200178925e-02
1.137857180666549395e-01 8.880375211184492190e-02 9.029433430631109148e-02 1.093660382116783819e-01 9.563066727786527499e-02 1.135664799695766530e-01 9.110810057243390325e-02 1.134333968935485187e-01 9.530886447246757209e-02 8.870264811761879864e-02
1.229968170777052533e-01 9.382709691120497131e-02 7.954964291990407332e-02 1.193719853303027156e-01 9.254929464670437478e-02 1.044923715889391341e-01 8.834746099110567241e-02 1.226265300311927958e-01 8.248608961811124130e-02 9.375271088482978188e-02
1.158757752087979653e-01 9.577694700470273936e-02 7.823623268807429476e-02 1.200808968220490464e-01 8.980522021807589572e-02 1.215346340471070152e-01 8.667563219369858740e-02 1.153688229966710194e-01 8.081438819236501370e-02 9.583145062845842277e-02
1.161890741236067948e-01 9.250473750548232621e-02 8.181415699304857292e-02 1.166323482901183151e-01 9.132837676913974079e-02 1.242843298186460249e-01 8.667760939646029783e-02 1.156762929164054932e-01 8.228819189022683334e-02 9.260488229686560102e-02
1.198388013592519286e-01 9.438487251512181486e-02 7.959093842991230017e-02 1.155369166519525093e-01 9.271056829763557605e-02 1.172141307990860748e-01 8.708893061221137377e-02 1.193907131472427829e-01 7.981712100644874908e-02 9.442700718113689051e-02
1.186020536354373683e-01 9.411386760370252236e-02 8.445842763615128701e-02 1.136665698637694816e-01 9.369545470582633928e-02 1.041930687162261615e-01 9.261758826383371945e-02 1.182997632968236790e-01 8.626767696933258789e-02 9.408552930889688137e-02
1.180427687853967816e-01 9.228316053634634530e-02 8.468263544784006280e-02 1.100602354462239946e-01 9.093997382423139875e-02 1.193010281904429565e-01 8.825995362480759665e-02 1.175252669749489581e-01 8.665545125490276002e-02 9.224952591485913178e-02
1.224927048067116775e-01 9.184166044427580222e-02 7.909299383558117402e-02 1.157154289851554246e-01 9.114849545139597220e-02 1.194640979115959012e-01 8.626721481835346317e-02 1.217502959332931595e-01 8.024410326952396977e-02 9.198300454411348359e-02
1.152934834659272850e-01 9.383203203393956915e-02 8.078892205731054432e-02 1.160329353379079692e-01 9.052531162300556100e-02 1.262711030450298921e-01 8.527514080090403681e-02 1.146223169064868458e-01 8.334207436741825070e-02 9.401668036207010137e-02
1.201787254505501668e-01 9.192625999318453089e-02 7.486533972268315240e-02 1.218417154767678923e-01 8.763236686755122851e-02 1.304404369716457845e-01 8.448360171048484302e-02 1.196260991851807315e-01 7.707203016870500800e-02 9.193342445324664824e-02
1.229739493238096587e-01 8.989181200731538590e-02 7.703060032450285977e-02 1.193439980431550695e-01 8.853157373298201072e-02 1.278934954937698265e-01 8.542823770015618712e-02 1.224641719953069308e-01 7.664007739454677115e-02 8.980208398445528595e-02
1.264526471046704958e-01 9.204521832122003477e-02 7.715113366926343308e-02 1.155030839839519263e-01 8.730784680226195971e-02 1.127002225667917273e-01 9.141531835027788544e-02 1.257298386439305582e-01 7.968842759880799542e-02 9.200626295882402550e-02
1.241825859564389539e-01 9.020637351570001683e-02 7.610410940176515204e-02 1.229433198920216741e-01 8.870760058422742789e-02 1.244985366072103444e-01 8.332747775659586631e-02 1.234719777165764476e-01 7.636038800267422322e-02 9.019763056678992141e-02
1.208080939324338299e-01 9.131232738116447367e-02 8.327678388617178185e-02 1.112298868997110418e-01 9.269359485400044396e-02 1.157166051726197104e-01 8.840205222649025196e-02 1.199262784271140636e-01 8.511395800190345307e-02 9.152041921839097760e-02
1.477811344358101464e-01 9.641447348864827516e-02 5.161021984513750049e-02 1.363469759851881624e-01 9.530117702368362531e-02 8.433052279576129517e-02 9.173917599686359781e-02 1.471515277774281261e-01 5.266782566877244165e-02 9.665696698270692666e-02
1.183255313607744774e-01 9.646612914456736965e-02 7.845394397838928446e-02 1.157200189651862027e-01 9.346081581214234213e-02 1.146291518925737496e-01 8.821157395131608292e-02 1.177513121991322076e-01 8.037779672936228026e-02 9.660372596655594779e-02
1.200297340991378497e-01 9.436641095133320445e-02 7.956098926962867912e-02 1.161388957598755295e-01 9.236978043980546837e-02 1.135517565631355419e-01 8.871540833030963635e-02 1.193587149404860548e-01 8.135839036983533168e-02 9.454991927645267635e-02
1.235098112009504479e-01 9.042105285532049674e-02 8.201136033058027686e-02 1.154707766430771859e-01 9.271287720225017404e-02 1.121593916327395801e-01 8.667971400420762529e-02 1.227771288320513021e-01 8.380387973097871979e-02 9.045400756784414964e-02
1.198860596059617700e-01 8.719456634382480309e-02 8.168349969915500441e-02 1.182380219986159248e-01 9.099170570291578719e-02 1.281934059502584100e-01 8.244490966628903461e-02 1.192026350438373239e-01 8.497800558514650993e-02 8.718719040399539044e-02
1.250724965998192550e-01 9.150521234106256951e-02 7.589709460936987229e-02 1.213367795478588890e-01 8.867896744608878834e-02 1.190598712515458790e-01 8.594143583369852346e-02 1.243086302637309570e-01 7.659141414773949774e-02 9.160809795908579634e-02
1.165720152273292537e-01 9.640161509471363577e-02 7.884137711736112497e-02 1.164683288583159559e-01 9.210230934897012389e-02 1.183941992611435984e-01 8.780647256088008890e-02 1.161071883344037825e-01 8.083172310706125685e-02 9.647477108982117910e-02
1.257497787009364543e-01 9.302896300342723690e-02 7.308106103780719065e-02 1.178663375661811313e-01 9.241775372583137249e-02 1.152305959605004620e-01 8.906643145333748013e-02 1.249448522863449013e-01 7.538192836166549005e-02 9.323229790396829475e-02
1.211217541268615888e-01 9.302243198994497586e-02 8.616149031417896786e-02 1.102544283540842496e-01 9.212861766201634051e-02 1.099761979135139150e-01 8.749109007826876006e-02 1.203134180073293508e-01 8.637548555473087419e-02 9.315508599907094955e-02
1.262316681849569022e-01 9.070560897314962345e-02 7.762640956581984275e-02 1.166287715142924758e-01 9.061074316030351405e-02 1.177046590677853360e-01 8.505786792229756699e-02 1.251052401284143134e-01 7.935555737392996356e-02 9.097347410905040621e-02
1.151531488227631322e-01 9.623317044830456690e-02 8.654750594183609202e-02 1.117975269233676267e-01 9.270817117091716131e-02 1.140125909835371237e-01 8.604759264704905930e-02 1.146050755042135882e-01 8.650051601664744683e-02 9.639470154136417501e-02
1.236902529382390287e-01 9.204708419216640902e-02 7.604877168066914717e-02 1.236091604277534950e-01 9.295936037140326014e-02 1.087463547347886778e-01 8.927224271696240776e-02 1.231242665441524969e-01 7.842591449065376696e-02 9.207659190321126896e-02
1.204085050222439557e-01 9.592014968144964293e-02 7.760167587276121937e-02 1.163696851095790269e-01 9.060267270397046047e-02 1.174276274021203992e-01 8.733837622708112702e-02 1.199091638394455539e-01 7.841172725034933899e-02 9.601041689099926169e-02
1.214868934011477386e-01 9.177416229237360390e-02 7.854312624622347694e-02 1.169272740025642243e-01 8.747161497190568402e-02 1.283126841560350562e-01 8.413995720475836437e-02 1.206429923660606862e-01 7.877881104556638814e-02 9.192248431336479120e-02
1.145084947888714982e-01 9.952017852792521824e-02 8.445407892673674477e-02 1.082821771525309257e-01 9.484200062430708789e-02 1.081229679513834585e-01 9.072349540384010147e-02 1.140633118043614114e-01 8.585244042846337797e-02 9.963085439158012035e-02
1.242564830313391544e-01 9.133684664852817492e-02 7.920623001410939668e-02 1.172948604738774103e-01 9.164446534928821775e-02 1.136702279025459811e-01 8.738164341529811030e-02 1.234710916994082586e-01 8.031801087476417300e-02 9.142014059084106747e-02
1.175170041935480331e-01 9.246081171676191757e-02 8.432251403327359340e-02 1.170030674514386249e-01 9.266625904433277439e-02 1.123475091700546769e-01 9.084724586553216685e-02 1.170265125904361714e-01 8.331394541451427049e-02 9.249513052010779890e-02
1.231132916795407012e-01 9.205910045096978023e-02 8.337076669897171277e-02 1.151486693106573700e-01 9.234203025948325982e-02 1.084301934778073989e-01 8.838051136191062140e-02 1.224280028753161470e-01 8.260015543985879671e-02 9.212727844548421197e-02
1.162369149780997923e-01 9.633119308667315028e-02 8.147196781450574687e-02 1.105010323885530638e-01 9.185900555174295046e-02 1.188937842172932691e-01 8.907479033204231123e-02 1.157710835867993560e-01 8.345482107565170560e-02 9.640540696863862669e-02
1.281943252327441274e-01 9.052823570175391743e-02 7.978863557042092935e-02 1.146699830207150439e-01 9.115553367795550810e-02 1.094222453835509284e-01 8.873560310334302481e-02 1.272125044528519822e-01 7.968983616556658822e-02 9.060309769109797795e-02
1.280893277062715718e-01 8.816667568046249182e-02 8.370918443448115143e-02 1.122640715202053857e-01 8.914431718246142167e-02 1.156257054703130616e-01 8.478564096933903504e-02 1.271013644905928108e-01 8.289276946158555259e-02 8.822094308428753140e-02
1.190720410760303105e-01 8.839763366045730320e-02 8.666965046293073627e-02 1.146840514472958483e-01 9.443289752319503072e-02 1.136917783170492274e-01 8.704099508889989734e-02 1.185923815260309655e-01 8.904452250273657554e-02 8.837404839537417456e-02
1.239652805751978171e-01 9.565111723183468417e-02 7.496300874575917428e-02 1.188343584048073970e-01 9.131268367892289572e-02 1.112880117775506550e-01 8.860066394858698291e-02 1.233135038447087523e-01 7.629197498522187482e-02 9.577939680740975292e-02
1.139121698399857968e-01 9.510290819410711916e-02 8.979044897936401537e-02 1.081551552048832382e-01 9.148189031423399620e-02 1.119943799387455169e-01 9.306389535395644119e-02 1.135096461919117561e-01 8.787783761610701294e-02 9.511166836670507940e-02
1.261052232635186121e-01 8.709177749948170122e-02 8.053857689943588749e-02 1.156901390125584378e-01 8.932934493125313513e-02 1.204783444505199141e-01 8.504419622880339535e-02 1.250798760077001526e-01 8.350863543916173248e-02 8.713388626756699007e-02
1.287621961537290249e-01 9.272889133636609549e-02 7.321498279963965794e-02 1.184588333616171107e-01 9.147058544479653996e-02 1.128901169006759075e-01 8.704088200259546548e-02 1.278784362756520965e-01 7.466805648102328719e-02 9.288701924390491138e-02
1.242638824889211596e-01 9.433809288792197045e-02 7.571543706375881422e-02 1.173383503974940456e-01 9.423864681978277869e-02 1.073347934238312595e-01 9.111934929645679193e-02 1.237995890643345115e-01 7.742920576500444962e-02 9.442265279249427434e-02
1.246688155682265930e-01 9.306369587038655633e-02 7.293480751499156756e-02 1.196142633878570644e-01 9.171079217366365222e-02 1.194425084182944574e-01 8.769519504550135625e-02 1.239807789942188182e-01 7.367976500233480719e-02 9.320937802452515519e-02
1.006018879160134327e-01 1.038170729842328444e-01 9.420656128402923879e-02 9.791489968485707351e-02 1.010272736563843643e-01 9.940039140675177576e-02 9.974508351989938570e-02 1.007795263483506620e-01 9.878962389773315866e-02 1.037176793017480503e-01
1.021388122021388289e-01 9.404004869497883945e-02 1.001902734072015327e-01 1.001850343123297793e-01 1.020011452679761288e-01 1.046875017014611831e-01 9.448548554517102738e-02 1.022626482710685125e-01 1.061484782273767608e-01 9.386057237029742095e-02
1.127265036061823739e-01 9.403307933099232241e-02 8.527572170013553166e-02 1.142422140117854146e-01 8.970675209275770501e-02 1.270637891318501522e-01 8.416506637828835569e-02 1.123363335808525154e-01 8.643290847664848731e-02 9.401763169050714186e-02
1.156080803660664708e-01 9.476471201301787939e-02 8.537801218313985363e-02 1.140918847028119382e-01 9.269009237785996724e-02 1.178383945944229960e-01 8.465719819708839022e-02 1.151625522187314093e-01 8.499405080688895997e-02 9.481502253997214913e-02
1.192262947892320513e-01 9.372599610489031063e-02 7.747054792532792611e-02 1.151248339659518699e-01 9.137425669221986568e-02 1.246492870580552803e-01 8.800726979910818149e-02 1.186555002260871045e-01 7.793325758080738019e-02 9.383275585832005772e-02
1.195968442543638433e-01 9.292977385356390729e-02 8.278895294887138323e-02 1.145406805639489767e-01 9.350608540922243639e-02 1.094486593693335952e-01 9.059836770128791572e-02 1.189207025747429369e-01 8.454754891388047144e-02 9.312238441078454776e-02
1.211888981185713920e-01 9.403163082058552114e-02 7.766894496763214473e-02 1.181765932598443786e-01 9.083393928454489008e-02 1.176124931415905989e-01 8.671902123362337789e-02 1.205666872156228031e-01 7.903610801470138669e-02 9.416568394328354852e-02
1.213201691760624479e-01 9.294500468808519766e-02 8.141330588074724428e-02 1.153407471578664495e-01 9.251332602833943486e-02 1.113427500177986001e-01 8.799648708329124713e-02 1.209160197011545645e-01 8.332053575432145365e-02 9.289165451233337423e-02
1.281475662298393603e-01 9.339148746565185955e-02 7.588222236492356276e-02 1.173379792321560117e-01 9.250583594544609101e-02 1.059772846729392509e-01 8.877508202162411044e-02 1.272463053616820217e-01 7.715294736839317657e-02 9.358328933734458288e-02
1.156326920589710733e-01 8.954649088457614092e-02 7.913061309223903828e-02 1.236624327377203736e-01 9.119643322835550847e-02 1.300874429224843365e-01 8.461805977305285331e-02 1.152983728510464795e-01 8.136049652731687509e-02 8.946696592423732108e-02
1.173694974797229729e-01 9.474711398858166878e-02 8.290477120520599319e-02 1.121488142569844332e-01 9.350780974349658103e-02 1.141979039460058049e-01 8.872782599273515425e-02 1.171231723216126647e-01 8.458237466318470343e-02 9.469071640246998212e-02
1.263746600252255436e-01 8.993687835033588318e-02 7.789571629700504929e-02 1.191225442090962788e-01 9.224382554525148437e-02 1.115802875349548307e-01 8.730492455773102012e-02 1.256686885466011538e-01 7.987300801175321874e-02 8.999946692204549570e-02
1.226832460154683863e-01 9.278585145430005843e-02 8.062043457018011616e-02 1.135343650464148146e-01 9.231747860248928905e-02 1.121492367502619353e-01 8.846377229013677179e-02 1.218100979972004533e-01 8.263658944373911130e-02 9.299892782980910544e-02
1.268564027681243211e-01 9.189515258686206667e-02 7.763573416519085890e-02 1.155543198802659183e-01 9.039975797187170536e-02 1.136737665672142572e-01 8.649410537370486041e-02 1.259147383169125223e-01 7.954845141242709861e-02 9.202757095742643279e-02
1.279285391678489092e-01 8.893469420669768144e-02 8.189646381658027829e-02 1.169270594326843327e-01 8.815055421255327261e-02 1.150614005327963707e-01 8.498632863365468415e-02 1.270649990778218441e-01 8.017489836730259944e-02 8.887506255205994410e-02
1.208816889635817432e-01 8.846469916294770475e-02 8.317868797091343414e-02 1.164461936194953473e-01 9.019320284677792565e-02 1.236082471592886839e-01 8.426494347897971193e-02 1.202505743507920194e-01 8.427743492469727538e-02 8.843432752252607110e-02
1.279431394705657921e-01 9.001873161952528291e-02 7.458029199127191866e-02 1.176162930532509421e-01 8.886942304067425857e-02 1.245493419125987961e-01 8.419384476922950333e-02 1.269940469639032343e-01 7.511385676954834834e-02 9.012103040943189591e-02
1.178838539342385028e-01 9.646414822915234943e-02 8.091836608551065957e-02 1.147516100648861836e-01 9.630273185584563300e-02 1.034070622897848568e-01 9.309834449081368091e-02 1.172074025741321746e-01 8.322087285069267037e-02 9.674560762494328892e-02
1.272843200009849129e-01 8.853719557884492941e-02 7.328323022326217739e-02 1.242426886753002085e-01 9.028830591795893035e-02 1.215100978530873344e-01 8.489406188401227293e-02 1.266635495460279592e-01 7.475965469212426939e-02 8.853689562839704708e-02
1.173889618611615032e-01 9.414582965899481737e-02 8.788263745140068028e-02 1.110601539321190573e-01 9.519662990704312600e-02 1.016061376207669231e-01 9.270065697112479797e-02 1.169571520096916173e-01 8.884438767702450279e-02 9.421745291067303019e-02
1.144630390922698610e-01 9.343968041011230241e-02 8.500131213437725486e-02 1.134375205720934560e-01 9.708352323238308990e-02 1.119653420333382859e-01 9.041253532124911285e-02 1.140659630782487471e-01 8.661281547417365445e-02 9.351826865175427717e-02
1.294028768822801378e-01 8.686735967754932730e-02 7.796208550939869031e-02 1.168688657805419251e-01 8.552210206040260221e-02 1.298683375575342969e-01 8.154369750449276533e-02 1.283925963950629245e-01 7.671866000436157462e-02 8.685341862837576976e-02
1.155584472812188623e-01 8.988954509823286754e-02 9.056588231842005454e-02 1.088759956535131912e-01 9.570240702468156557e-02 1.088743892867114760e-01 9.172055985738204742e-02 1.149574479100071850e-01 9.394500476079971352e-02 8.991032080903306467e-02
1.129965678240732463e-01 9.165452522080369535e-02 8.675170036723650613e-02 1.174319620503227607e-01 9.819664574324142581e-02 1.078990272490547991e-01 9.104375328113013810e-02 1.126283724792073865e-01 8.969273875483994851e-02 9.170470703009005187e-02
1.220615813631632657e-01 9.466168551257418684e-02 7.859998031478614144e-02 1.133256466644141924e-01 9.192710269498118036e-02 1.142766679633429733e-01 8.834858401583657594e-02 1.213691470039910680e-01 8.064754872830812160e-02 9.478205573860229438e-02
1.173902150497663915e-01 9.295304374432344918e-02 8.478991526883368490e-02 1.130026338182539974e-01 9.313496029656348485e-02 1.119875087949012832e-01 9.080758157967334931e-02 1.171480682581567123e-01 8.598333010834838253e-02 9.280274308117925086e-02
1.227843177577465777e-01 8.989810570154230240e-02 7.446733510952639745e-02 1.187104560219946203e-01 8.913134389304259997e-02 1.319554181123418213e-01 8.510069223010588435e-02 1.220079087345652541e-01 7.601586650315939053e-02 8.992855593597515185e-02
1.251066363035155116e-01 9.101527523750932436e-02 7.706188062882846079e-02 1.183104981513774384e-01 9.030534461249960232e-02 1.173678658045214651e-01 8.637795917578987293e-02 1.242565866480448422e-01 7.906041642741018505e-02 9.113753701050328337e-02
1.117706907528042276e-01 8.914379763462737527e-02 8.933661845063153861e-02 1.124328363326668745e-01 9.577268346127558452e-02 1.238557080668911264e-01 8.467584894398043349e-02 1.113507645080096531e-01 9.253025931559585859e-02 8.913079253351734177e-02
1.125838044958332312e-01 9.545179807624128154e-02 8.752633319603489448e-02 1.109950840332544625e-01 9.512876896942774885e-02 1.042508763233487568e-01 9.391329891490796111e-02 1.124029229439545974e-01 9.243464358637891454e-02 9.531246946061815162e-02
1.153169896631470320e-01 9.499659555433208336e-02 8.541002061900282438e-02 1.161428614582307034e-01 9.533292297787931968e-02 1.070747405893052034e-01 8.973378163182965661e-02 1.150054593655869539e-01 8.599409844158585614e-02 9.499252969910036704e-02
1.200330203309890459e-01 9.676576223248303799e-02 7.877203615928612956e-02 1.110537504330807307e-01 9.145228516134916441e-02 1.153973078561997129e-01 9.030935580167144539e-02 1.193672169761895024e-01 7.990305941405893841e-02 9.694620563469226460e-02
1.232997437608283481e-01 8.921763255528192271e-02 8.011926101589171567e-02 1.192622304857730298e-01 9.122567837931233603e-02 1.173277308225403603e-01 8.640327941192670058e-02 1.224149542170594324e-01 8.140305071902131928e-02 8.932643863236477966e-02
1.190387482138414582e-01 9.377425436668411496e-02 7.486026838693418672e-02 1.171341169347752120e-01 9.407154741726184155e-02 1.220683476474395263e-01 9.020725336300879083e-02 1.182428952846836662e-01 7.652671825981904874e-02 9.407585012555211290e-02
1.201631302041733518e-01 9.431730963535027434e-02 8.264872787737145843e-02 1.132306442363228138e-01 9.416208067571915641e-02 1.066866404983260186e-01 9.098566100746173502e-02 1.196405695246230277e-01 8.375922707952390689e-02 9.440600926112822922e-02
1.195341181234681888e-01 9.400794414703757262e-02 7.911908813986195943e-02 1.209630163878737952e-01 9.297120642345760300e-02 1.090967629382561116e-01 9.028491612514985554e-02 1.188942481796651796e-01 8.098349986587514981e-02 9.414519966935458450e-02
1.154952110217005862e-01 9.581523564697007334e-02 8.280315439320902471e-02 1.151407726845131430e-01 9.155500657103003703e-02 1.159538881074726746e-01 8.729288304269057497e-02 1.148216753175303473e-01 8.510988605094281512e-02 9.601228716394075158e-02
1.192769037106586466e-01 9.545471534043335760e-02 8.610703869860562853e-02 1.106318410031715271e-01 9.344656486303677678e-02 1.053463655004802380e-01 8.954902809279201292e-02 1.186798387661550797e-01 8.589485752893927240e-02 9.561284649572741878e-02
1.196194982689921804e-01 9.597979470688179637e-02 8.128037670093177236e-02 1.133437725253629846e-01 9.450346685845398276e-02 1.086518460964864402e-01 9.047351801258843307e-02 1.192081844587138117e-01 8.088699552022061978e-02 9.605254685136792314e-02
1.212556771875654693e-01 9.177909783877058469e-02 8.574989071089805792e-02 1.123488810770171958e-01 9.337712987971845402e-02 1.066997529132608508e-01 8.820592263646512277e-02 1.208698990636725284e-01 8.806250901444555301e-02 9.165123967818619710e-02
1.203601078793313378e-01 9.375268025345247225e-02 8.157579317136623431e-02 1.170871440678032532e-01 9.357552057012197277e-02 1.055162470263431435e-01 8.996217569098888256e-02 1.200971517088102458e-01 8.441979037396499241e-02 9.365338925781747925e-02
1.187610792055779629e-01 8.855175853536224884e-02 8.292033530890227655e-02 1.183801967073454531e-01 8.985389938025743761e-02 1.256787505119167092e-01 8.483140221927884528e-02 1.180727787103877935e-01 8.434972207305793668e-02 8.860007734791336409e-02
1.188778865275997992e-01 8.748007066060219106e-02 8.025913949787956414e-02 1.170074185127108618e-01 8.690964953017261962e-02 1.404844320876737496e-01 8.221079261253362580e-02 1.181885561146623076e-01 8.110317513695079750e-02 8.747887931921448368e-02
1.169544421379566101e-01 1.014948967790340051e-01 8.061821987290360148e-02 1.120771004510200536e-01 9.429673303829540221e-02 1.045179841679978738e-01 9.115293059706183754e-02 1.166648069343197702e-01 8.067248938701271355e-02 1.015503966343981462e-01
1.236806470431517369e-01 9.105695708753472339e-02 7.773475732670809268e-02 1.211839740792662878e-01 8.990022657888324664e-02 1.181184005516536240e-01 8.558012114506863277e-02 1.232602738500009343e-01 7.851647346780173120e-02 9.096816886993096263e-02
1.196310391605076157e-01 9.315993642794095919e-02 7.976563310071368984e-02 1.140709378589894046e-01 9.178937270232985501e-02 1.174671892940944429e-01 8.907612613102743049e-02 1.191381372462055610e-01 8.266766482185568254e-02 9.323396325633533099e-02
1.147985008462605594e-01 9.247181064740360446e-02 8.180978761297882929e-02 1.213208703133345640e-01 9.233447189162168056e-02 1.209528313533916877e-01 8.651225604306603256e-02 1.146296125339231337e-01 8.280470866283644316e-02 9.236515009518350694e-02
1.248572898042051293e-01 9.567923115196445838e-02 7.521005468285241191e-02 1.190248890724472930e-01 9.425396656697103415e-02 1.029673948797962951e-01 9.144892017106452664e-02 1.240863963116284607e-01 7.654029107035170698e-02 9.593156628871868374e-02
1.242382956604414640e-01 9.071212538522596680e-02 7.661179371584356246e-02 1.223329106025858731e-01 9.121294559571767324e-02 1.155512273119144728e-01 8.728863291994487517e-02 1.238664764397888335e-01 7.759187645003808032e-02 9.059371591849918470e-02
1.228484127897404160e-01 9.047353661732020214e-02 8.460827968183837200e-02 1.115843798705891676e-01 8.906433351905830575e-02 1.197987703484874877e-01 8.555725496221405768e-02 1.220157709830541198e-01 8.354128443830462214e-02 9.050797678939327684e-02
1.166521826110920868e-01 9.521855773803274137e-02 8.170263185383687399e-02 1.158982867736882694e-01 9.465381277269201143e-02 1.107261246524843951e-01 9.138151356607457365e-02 1.160733460605486017e-01 8.229452870308881507e-02 9.539901526846163160e-02
1.222399245148602237e-01 9.081728599319395523e-02 7.812684434707710401e-02 1.140643871425747885e-01 8.969934788670907988e-02 1.286870819579903624e-01 8.473523478449861146e-02 1.215005450562260392e-01 7.923256245016613297e-02 9.089678586670367488e-02
1.106659361619920789e-01 9.168632594084970278e-02 9.529120924610036403e-02 1.059910660372532648e-01 9.770555912090826689e-02 1.049223498470162053e-01 8.993039495895523150e-02 1.103504001475650448e-01 1.018061463376790515e-01 9.165061220168077560e-02
1.169178859623972722e-01 9.483184552775759946e-02 7.726680324912520159e-02 1.183966209408264525e-01 9.213916184960056766e-02 1.198445907053698606e-01 8.843164167689203381e-02 1.163004827428370108e-01 8.091813245029910728e-02 9.495283489489485251e-02
