1.153217206874241757e-01 9.219697488566119814e-02 1.001893691974826417e-01 9.146515897079415813e-02 1.175767626333189958e-01 1.172665342313243264e-01 7.647792857182431070e-02 9.169171797754131770e-02 8.795630978123961108e-02 1.098575230633891953e-01
1.092753762295869957e-01 9.046943355747760762e-02 9.708962119828146164e-02 9.104034291046872451e-02 1.204787984080214480e-01 1.196337751671887745e-01 8.066938032765098854e-02 9.104612310051332646e-02 8.723134323440739912e-02 1.130658058664032184e-01
1.082904448686898974e-01 9.379425904489967214e-02 9.943973795216132228e-02 9.182689636585836257e-02 1.173075294619760345e-01 1.167744915953435741e-01 8.346330237367863281e-02 9.191377375362037860e-02 8.852361189697749433e-02 1.086659526867946313e-01
1.159459736521722406e-01 8.857073191646111510e-02 9.955622782457611286e-02 8.904990346160161774e-02 1.168810460322883965e-01 1.163364900786952733e-01 7.562580878643013205e-02 8.920220318121738212e-02 8.525658973178898425e-02 1.235750253347687871e-01
1.107562650077224542e-01 8.865396555022185543e-02 9.630897646925412614e-02 8.992097431933525342e-02 1.226413118659047813e-01 1.219207898039180310e-01 7.671464252706369780e-02 8.998745569330433847e-02 8.611798988330510163e-02 1.169776288799704023e-01
1.037992751709369277e-01 9.054635327110617526e-02 9.461843172709193117e-02 9.273646683842902416e-02 1.133914973465780240e-01 1.131215834611055127e-01 9.225834777395895692e-02 9.278432851602082254e-02 9.043020301017788698e-02 1.163135128845947663e-01
1.128008921173184881e-01 8.961510456226727539e-02 1.009000959304984374e-01 8.945725066372563206e-02 1.208323198748339766e-01 1.204785284392572153e-01 7.441762454187253462e-02 8.971337107453816739e-02 8.715726136513159139e-02 1.146275514305567095e-01
1.112519918881420267e-01 8.865699894089280886e-02 9.651927011251533461e-02 9.131138838787808409e-02 1.165405537241530481e-01 1.160205805739485119e-01 8.000449571350554123e-02 9.142055499985633771e-02 8.489480880947346264e-02 1.233793568496348442e-01
1.101024094509488460e-01 9.248156186192385553e-02 9.904498768781354323e-02 9.257656930939847650e-02 1.157021766370376348e-01 1.153456908435351036e-01 8.417833363022819704e-02 9.275469173567486847e-02 9.003231030177290262e-02 1.077812685416665445e-01
1.127629667707300970e-01 8.947573245004891707e-02 9.949235949352258634e-02 9.078235603521787878e-02 1.189786939970104984e-01 1.182200122617722976e-01 7.936013627371903134e-02 9.081469107575433630e-02 8.632151549466451912e-02 1.137915361475598658e-01
1.078657732655181195e-01 8.653603591773725845e-02 9.706224371450757060e-02 8.879947004955977830e-02 1.219244928976159631e-01 1.209392158659774175e-01 7.979016970181604385e-02 8.878735554627217863e-02 8.552898183086711514e-02 1.227662612101285550e-01
1.184547237960654337e-01 8.909991861726056228e-02 9.852507654765296774e-02 8.741938146134166365e-02 1.225011240837666077e-01 1.215960964842742187e-01 7.508783860287969458e-02 8.751816102609226433e-02 8.299689644433057290e-02 1.168007829363360284e-01
1.194946328908827043e-01 8.766072576675927597e-02 9.895400562173120584e-02 9.019343906703501668e-02 1.147149722392714066e-01 1.145851742602222445e-01 8.093503703791285475e-02 9.045221677319636999e-02 8.597753794125365112e-02 1.170322584017352979e-01
1.193385740941795142e-01 8.537065321590653344e-02 9.641827536688242495e-02 8.574295157852025728e-02 1.209549552394867528e-01 1.200466796293353788e-01 7.268970871067181871e-02 8.582965656802638010e-02 8.041271396288572626e-02 1.331958316341051995e-01
1.158362709303456112e-01 8.710896816252751418e-02 9.771317071813553912e-02 8.790807673461126237e-02 1.205017159071020277e-01 1.198485012661370808e-01 7.235613789901650106e-02 8.805260020913430186e-02 8.384685484764867192e-02 1.268277033253414898e-01
1.133008240387655963e-01 8.885804327382146317e-02 9.683171212341872003e-02 8.756002933412460054e-02 1.225884588631206695e-01 1.216683205645526789e-01 7.742160973295103554e-02 8.759956130628168691e-02 8.352141847010925713e-02 1.206500222928542781e-01
1.132645935498563100e-01 9.063015187565232056e-02 9.818195965985128393e-02 9.142263494770509757e-02 1.166278606980759996e-01 1.158657714541043021e-01 8.257569862229181823e-02 9.140481532393351927e-02 8.475568776870166798e-02 1.152708260998277223e-01
1.090868992819050975e-01 9.433705069569366108e-02 1.012383549957178580e-01 9.338010626840846651e-02 1.160722846917957851e-01 1.156064730380850641e-01 7.613630017748675149e-02 9.354272589338331889e-02 9.166487854815590086e-02 1.089349264093680408e-01
1.158836454134243160e-01 8.927770865030650038e-02 1.018970638050033656e-01 9.065104174138344240e-02 1.236378861135716684e-01 1.230200695384109227e-01 7.254564867218905866e-02 9.085717037974228028e-02 8.577412233919366746e-02 1.064556433467747226e-01
1.145283331128628540e-01 8.618742991957252519e-02 9.836855183011602999e-02 8.968571437560750315e-02 1.180955664638307090e-01 1.176326914990905581e-01 7.958423264194669500e-02 8.986533832455553816e-02 8.321474959517792536e-02 1.228373922372395788e-01
1.129158862830417498e-01 8.823984366969417348e-02 9.822542026509395452e-02 9.014057873445793789e-02 1.229523497254730036e-01 1.222113788826034164e-01 7.705802725992784430e-02 9.023798359740231589e-02 8.527639808892606421e-02 1.127421334933795677e-01
1.082757167992766945e-01 9.084998595608514971e-02 9.858459396986610224e-02 9.154409493431829581e-02 1.162226071292136870e-01 1.154427175117881815e-01 8.183536202549135385e-02 9.152079669220011815e-02 8.750889033002830220e-02 1.182152346517321151e-01
1.113439002428416591e-01 9.089693444752774965e-02 9.613224745528585469e-02 8.995102230849265357e-02 1.182097279741160245e-01 1.175094324310954758e-01 8.283087645739437010e-02 8.999319203057769279e-02 8.557208872870644689e-02 1.175605779239620868e-01
1.122608710611870814e-01 8.714405613048867294e-02 9.559323099052681461e-02 8.967514985375757419e-02 1.182476378425550007e-01 1.176267004678619166e-01 7.604908002330824923e-02 8.978966574158388225e-02 8.336208981219445091e-02 1.302515180765363434e-01
1.151724010485355582e-01 9.027493627337677962e-02 9.692444649206354013e-02 9.017621633466472997e-02 1.196218126066899007e-01 1.191498450185789759e-01 8.363112848186315951e-02 9.032993601879238388e-02 8.632839181360432712e-02 1.083908859118306311e-01
1.087008544993918191e-01 8.276269035910251148e-02 9.161152370073875895e-02 8.170658529628349598e-02 1.132815610780183446e-01 1.127412921118299549e-01 6.440722882408560224e-02 8.192818315583576261e-02 7.815956041457296222e-02 1.847005205601407463e-01
1.114349521343299676e-01 9.374407801162246145e-02 9.923666608667436329e-02 9.261952094965930637e-02 1.166962222424027806e-01 1.161643989549116379e-01 8.202090640572536062e-02 9.270211184712030816e-02 8.929834503298650361e-02 1.060827983345673242e-01
1.097608341600509740e-01 9.169993868405751369e-02 1.025458487529324197e-01 9.090133679409267975e-02 1.153907439367386767e-01 1.150101266461338312e-01 8.244152562318800281e-02 9.101675807555580089e-02 8.768466150081043187e-02 1.135482258264397248e-01
1.124047591764530257e-01 8.889180639207067136e-02 9.938756178105910555e-02 8.978758244605522520e-02 1.187053066734077150e-01 1.179955117423166638e-01 7.952185255724948665e-02 8.983888827657413034e-02 8.693040705097566934e-02 1.165363239038383347e-01
1.110026181756798569e-01 9.109655567654066644e-02 9.870512670570370795e-02 8.988403238995475164e-02 1.141035581691557804e-01 1.136746022403324480e-01 8.385182251133461995e-02 9.001867716940049891e-02 8.687037627021178265e-02 1.207926306916859011e-01
1.136791263609267522e-01 8.885041160878799638e-02 9.995713539907148670e-02 8.862902886097338839e-02 1.229292903295332445e-01 1.222305168570970296e-01 7.460575741877488454e-02 8.875584423469048967e-02 8.551377916631842935e-02 1.148491097638263125e-01
1.145877961738046985e-01 9.079470118932861378e-02 9.969061848820082172e-02 9.025617852279586850e-02 1.185144670485792223e-01 1.176723829466168603e-01 7.857552697411769593e-02 9.025580717615117043e-02 8.561417447841331019e-02 1.140383470019916967e-01
1.161214426767029628e-01 8.850723395956622275e-02 9.881456323250384366e-02 9.101194698908179892e-02 1.188124925029084983e-01 1.179825247689461759e-01 7.704534552677855253e-02 9.100346655318070077e-02 8.548704275561387622e-02 1.152139410347173543e-01
1.046474833508185681e-01 1.037898522293513870e-01 1.066312406214039443e-01 9.395449920280882217e-02 1.064575817315080858e-01 1.062722143762652172e-01 8.617325887748857050e-02 9.402397179941181238e-02 9.316656769250478143e-02 1.048833301184388250e-01
1.063033083149600017e-01 9.139147612103130924e-02 9.562815212442030144e-02 9.376433737453539197e-02 1.136230485838347487e-01 1.133593032976083215e-01 8.693265959173718249e-02 9.385906209528675770e-02 9.062429814584500865e-02 1.145143543507410183e-01
1.152025821286925822e-01 8.433086613321053027e-02 9.811911672418444086e-02 8.429641398923494455e-02 1.200371672953311902e-01 1.193570437154545943e-01 7.849019445248617277e-02 8.446218742618820385e-02 8.066146952552161187e-02 1.350429586096957291e-01
1.189370712341957376e-01 8.972885230794236389e-02 9.921334560845600226e-02 8.690487453679662799e-02 1.182753979438517095e-01 1.178704054730764367e-01 6.927109943590344099e-02 8.714983901172108915e-02 8.391763878393299070e-02 1.287314756641236291e-01
1.134947475701925113e-01 9.013115209804013761e-02 9.902095189389310825e-02 9.001713157603725979e-02 1.225780077015352909e-01 1.219096246098867742e-01 7.834330554057039597e-02 9.015214892209891251e-02 8.677568117745919352e-02 1.075772489102864854e-01
1.141923497962549633e-01 8.515796735203293166e-02 9.306987183323606194e-02 8.603864441208422531e-02 1.244918269312691589e-01 1.237879740602466638e-01 7.696356710400839574e-02 8.620577637377346836e-02 8.170935953845252786e-02 1.283826625986415892e-01
1.177528876493272314e-01 8.512680443650227913e-02 9.602748039926983781e-02 8.718417698640694435e-02 1.225155793368556262e-01 1.217485411236061271e-01 7.345112768838135686e-02 8.727838115863160995e-02 8.176761294103022937e-02 1.271474082799887717e-01
1.111496764851014757e-01 8.752120549303733787e-02 9.722091507016099310e-02 8.970555610656291701e-02 1.212442378132517484e-01 1.205177605603509894e-01 7.951314934163443426e-02 8.979160039367434232e-02 8.372732741449386007e-02 1.196085713217319296e-01
1.140857345041773052e-01 8.905807848046852493e-02 9.882298585720897255e-02 9.013282937595779032e-02 1.167933576375690952e-01 1.160704371290312426e-01 7.957894655133308792e-02 9.013860539389376147e-02 8.385916691910853815e-02 1.214598581512517234e-01
1.128708839277984266e-01 8.744607423374742283e-02 9.828266044442550420e-02 8.945477615189086074e-02 1.222777165493972029e-01 1.218067421146082074e-01 8.142312299366832873e-02 8.967291532037925672e-02 8.357969228671416340e-02 1.131854159773705987e-01
1.143492102219432899e-01 8.979291767341421315e-02 9.982320288487152304e-02 8.958268618135348249e-02 1.194289860292880173e-01 1.186590404159685586e-01 7.607363257761400044e-02 8.965922360637368360e-02 8.554751672014941632e-02 1.170835836890238568e-01
1.146662153398980422e-01 9.349964366363074098e-02 1.032498137554593992e-01 9.036388623654388608e-02 1.167042263022738946e-01 1.162148725204386335e-01 7.535251917682216083e-02 9.049776239977040670e-02 8.553486560776930869e-02 1.139161949973934718e-01
1.109618286215508232e-01 9.049465924465859012e-02 1.021730773076991450e-01 8.960545538049470571e-02 1.171356025297606157e-01 1.167977040575009645e-01 8.217384603795377385e-02 8.978761271612245576e-02 8.868231005692617241e-02 1.121879040473327399e-01
1.205667020140454154e-01 9.105246528422564212e-02 9.971412830380151082e-02 8.896514776883837627e-02 1.186427765400774048e-01 1.184086514797081935e-01 7.030549675431177481e-02 8.926235659650233467e-02 8.335463853558582048e-02 1.197276367229035132e-01
1.193513780554665421e-01 9.012494573580603907e-02 1.005034666343992272e-01 8.742235198475524494e-02 1.221659851709348682e-01 1.215236501283909754e-01 7.507068251218963761e-02 8.759290968882493811e-02 8.494204345090849984e-02 1.113025866383240553e-01
1.089505246350196410e-01 9.184739241509663754e-02 1.002061203619103863e-01 9.150470653329863258e-02 1.163984291294283130e-01 1.159540062728565690e-01 8.129548967553566763e-02 9.160761826129661112e-02 8.627935723218223274e-02 1.159563554833752952e-01
1.077111771038509885e-01 9.265460034250218302e-02 1.041579274334066690e-01 9.057325974579037708e-02 1.160920700696706220e-01 1.156336502592930915e-01 7.711989307117372849e-02 9.069128581413522794e-02 8.894119185211700473e-02 1.164249443080601354e-01
1.025826143072733621e-01 9.621407474961807260e-02 1.048961395881760350e-01 9.755029009490430447e-02 1.047435818667657309e-01 1.046096071583619558e-01 9.070808906644711733e-02 9.749934877607775718e-02 9.292616532478152613e-02 1.082700890675941524e-01
1.103640129799332847e-01 9.083588540036655057e-02 1.007072889513095787e-01 9.004052406277879284e-02 1.173515000371811862e-01 1.167530804493768226e-01 8.187449107033153983e-02 9.016283787058308741e-02 8.809277720335098594e-02 1.138176019747882128e-01
1.094738790808318651e-01 9.450760823601354887e-02 1.047517955824006364e-01 9.387750595575354573e-02 1.125378336392275636e-01 1.119946973232632120e-01 8.280091284765603299e-02 9.387547588508216023e-02 9.092460257237215682e-02 1.052556888773992644e-01
1.065178523513007208e-01 9.207686837963545423e-02 9.962986495403283738e-02 9.454173290079187497e-02 1.134719513966989113e-01 1.126600168773381899e-01 8.477070484801364769e-02 9.441424634191319942e-02 8.759079861203855621e-02 1.143259633382365525e-01
1.148236774663971560e-01 8.801502867198079949e-02 9.705527287514842394e-02 8.532417877918507809e-02 1.217118278463776987e-01 1.209290302527678274e-01 7.691115767981022977e-02 8.544397661849392756e-02 8.264309324969915105e-02 1.271427565601397913e-01
1.181862592661642869e-01 8.899375961861721862e-02 9.965407562388124696e-02 8.731912256998243527e-02 1.214039018431274652e-01 1.209025650758631665e-01 7.029499692619840812e-02 8.755390751520035486e-02 8.318469986512458392e-02 1.225067116958408753e-01
1.160204351575693793e-01 8.527514254815228567e-02 9.710264952453037668e-02 8.399765496967309675e-02 1.230631886955383530e-01 1.222541383283478056e-01 7.613766834337676315e-02 8.411006093146843055e-02 8.043835199738540165e-02 1.316007095039581076e-01
1.198852048510219009e-01 8.679994752955394466e-02 9.737472341361326500e-02 8.647428383692944143e-02 1.190107627175408522e-01 1.186774204818626111e-01 7.307975873242335274e-02 8.673463901039656088e-02 8.236570846828512871e-02 1.295975509583729701e-01
1.147762530420978200e-01 9.066027579132325542e-02 9.984400927229614142e-02 9.066872508496168215e-02 1.183049203932056287e-01 1.178127996883984313e-01 7.679713097828903823e-02 9.081305464122198245e-02 8.734462700997233653e-02 1.129782040982336977e-01
1.091902630134187618e-01 9.459361434387203449e-02 1.028376258653617287e-01 9.139027007096130195e-02 1.132122763889437111e-01 1.128233059533758492e-01 8.176993921119919684e-02 9.147169200989338500e-02 8.870573460528707876e-02 1.140052785376868966e-01
1.101337679569655142e-01 8.504930805607080480e-02 9.551235110600712896e-02 8.656077065218539812e-02 1.244537982195615261e-01 1.235942273781328038e-01 7.962757922497511187e-02 8.665092480815461684e-02 8.582537583243747548e-02 1.225918967655096337e-01
1.089761502579576907e-01 9.435622032862563124e-02 1.053033484384170992e-01 9.372701949601361382e-02 1.092421800288777833e-01 1.090019862935614620e-01 8.526614160142885479e-02 9.375736846453582019e-02 9.001904067291770228e-02 1.103505444176643424e-01
1.106832589483349727e-01 8.992947335495601879e-02 9.635234937534040145e-02 9.066611158316348340e-02 1.189421866216788665e-01 1.180492163788860460e-01 8.247403354148899468e-02 9.064411818532257248e-02 8.492368799169734694e-02 1.173355640191313110e-01
1.102311826596682198e-01 9.235568223945020416e-02 1.007305425641772667e-01 9.014733863621700316e-02 1.191607422461814225e-01 1.183991148315121089e-01 7.705566478599873426e-02 9.021040060045000530e-02 8.903334467596019097e-02 1.126759867603848442e-01
1.079330570784127891e-01 8.714592729770619106e-02 9.591218268531870317e-02 9.443479859408838994e-02 1.123715522478856699e-01 1.120509407869102608e-01 8.917611198377271842e-02 9.445026756721514039e-02 9.000583500149195171e-02 1.165193267571981717e-01
1.165997427450699564e-01 9.185283523481740930e-02 1.011292658230531216e-01 9.040161460218759659e-02 1.202796935096209496e-01 1.199339011494467699e-01 7.781332514782315912e-02 9.062260479467548757e-02 8.652744171432574793e-02 1.048395752789797741e-01
1.186925900862941946e-01 9.281727400859361710e-02 1.024464211337686309e-01 8.889923608540373223e-02 1.147430214004886151e-01 1.142741742627723378e-01 7.748536913758174993e-02 8.897611353515638699e-02 8.589636064808937876e-02 1.157694397018513843e-01
1.147082673332793512e-01 9.092182517465850766e-02 9.799502806016291423e-02 8.999294792729632675e-02 1.145252366428563262e-01 1.140366809731787473e-01 8.071125538205570216e-02 9.010402167050760025e-02 8.557730471789723459e-02 1.214274321181072619e-01
1.127629574407946755e-01 9.050406976265579218e-02 1.000231619876428557e-01 9.056797118917341016e-02 1.171497409895521646e-01 1.167255740611109482e-01 7.785181570684139574e-02 9.073472875021396100e-02 8.528522841262486942e-02 1.183947516993898996e-01
1.113061661066709479e-01 9.197900816768732335e-02 1.008944169168163180e-01 9.176292228470710188e-02 1.162677051297676123e-01 1.159785915156548858e-01 8.283455534084149807e-02 9.196083612800011464e-02 9.092108379727606438e-02 1.060947146125781893e-01
1.075281448276542290e-01 8.889713100324039829e-02 1.011105658850725147e-01 8.889476780124698496e-02 1.154264891594737885e-01 1.149580830606716370e-01 8.280909347976801727e-02 8.896591238118789491e-02 8.635380618679788789e-02 1.250560062148866058e-01
1.127197019548674267e-01 8.894200225492662759e-02 9.722869887676593992e-02 8.898797846040286397e-02 1.196079564757629027e-01 1.189082885824090802e-01 7.732589791487042008e-02 8.910351599912469389e-02 8.440780803287808998e-02 1.227681514479919550e-01
1.145678232341108549e-01 9.179314390072924879e-02 9.874451738622953834e-02 8.963166747902395759e-02 1.141246624847068458e-01 1.134918011303111124e-01 8.004627402335744157e-02 8.965103138907712377e-02 8.452320255033202168e-02 1.234258764221218829e-01
1.195086008661985638e-01 8.957700159756458447e-02 1.003438991579981426e-01 8.605425820232374956e-02 1.181069077665665296e-01 1.175933983503132246e-01 7.360276048947063388e-02 8.622057525764929842e-02 8.314437670911344058e-02 1.258482216028018463e-01
1.165161402940556173e-01 8.695252170576502071e-02 9.604462827818793791e-02 8.645550022974880788e-02 1.202139401727133072e-01 1.197472202756912629e-01 7.530235521332170889e-02 8.664815247710749846e-02 8.361740523476748899e-02 1.285021361186413635e-01
1.127752654795936005e-01 8.953483114906157780e-02 9.568107249966424643e-02 8.527790219135690519e-02 1.236070112500538276e-01 1.229505159189470537e-01 7.542582226590588412e-02 8.543178560595318660e-02 8.941830063920144789e-02 1.198974930002623396e-01
1.198889915557470043e-01 8.744286533705700193e-02 9.901294459822605754e-02 8.663199668632759476e-02 1.213389287508458980e-01 1.206871226391601354e-01 7.438447209948759187e-02 8.676043011496337165e-02 8.153287871621731075e-02 1.223193695019681171e-01
1.082606027220565509e-01 8.851950436031379155e-02 9.763878623348794250e-02 9.049790415227880469e-02 1.178769924477748865e-01 1.170524962017900628e-01 8.137497393562809211e-02 9.049644790947579398e-02 8.639875351178886997e-02 1.218835385254052328e-01
1.273218034785077168e-01 8.967415640776534025e-02 1.088872001026416209e-01 8.917187702374959613e-02 1.385761535241372688e-01 1.379125009979127181e-01 4.854893759343235221e-02 8.978918006971663146e-02 8.657180555899464391e-02 8.354638524314210446e-02
1.128733257594613376e-01 9.273223744408679026e-02 1.038181514975141662e-01 9.133708375946811286e-02 1.156440605046734627e-01 1.151071714611487107e-01 7.673228147173714875e-02 9.140395866970368877e-02 8.633377824775134712e-02 1.140179511844552629e-01
1.134980732677618731e-01 9.141890589513577969e-02 1.000915155792874989e-01 9.048814194492774132e-02 1.175924033176147382e-01 1.169555118252891684e-01 7.804302407150014165e-02 9.058461840747919491e-02 8.707662079129244170e-02 1.142511848997113527e-01
1.123879839822460175e-01 8.804305051027583318e-02 9.767908313117888708e-02 9.039332393413311573e-02 1.204245209886823653e-01 1.197493436433921532e-01 8.001655798105829220e-02 9.045776849209356818e-02 8.462933359253095589e-02 1.162190337444088117e-01
1.161748564931744249e-01 8.535292692764637201e-02 9.473319226794667258e-02 8.957902645013877951e-02 1.180253337076493658e-01 1.173935515775692551e-01 8.045954315431168291e-02 8.962496452361683186e-02 8.126873099266238021e-02 1.273878739052842490e-01
1.179277347693463290e-01 8.846822576242502345e-02 1.009132570928576028e-01 8.636408344887097632e-02 1.218707306529686202e-01 1.211547329995463912e-01 7.403328253896319933e-02 8.653376399993288615e-02 8.391415187214637528e-02 1.188200368629425824e-01
1.143600821940872481e-01 9.364754263575740534e-02 1.017323337936184569e-01 9.055408567555515986e-02 1.146532981145469282e-01 1.142193571336525271e-01 7.757437068047882966e-02 9.064961729795269207e-02 8.646091618778983801e-02 1.161483962865609287e-01
1.138521069409011849e-01 8.916820824586550731e-02 9.945700781347786845e-02 8.950616323196318447e-02 1.218122433162463353e-01 1.210490580547666506e-01 7.091183315787302766e-02 8.965877173988785753e-02 8.649784431928288220e-02 1.180867631797355571e-01
1.079938102086222679e-01 9.132023273115465190e-02 9.452157134396801941e-02 9.043296272002024350e-02 1.188498401836042828e-01 1.181007800811459257e-01 8.461411888917597102e-02 9.043770574536209861e-02 8.594819109441882710e-02 1.177807870025277398e-01
1.127849885249253836e-01 8.754951681473900627e-02 9.915307912932062873e-02 8.796649779668959390e-02 1.224751500589282283e-01 1.214239744757269618e-01 7.545957738127555270e-02 8.800348241951193307e-02 8.272019633810548389e-02 1.224635370607772694e-01
1.100738971470798105e-01 9.531759804300557470e-02 9.921689476811772213e-02 9.145693367943126539e-02 1.135914523059690234e-01 1.130743722599433232e-01 8.543980081438215524e-02 9.149908367886361304e-02 8.499813337306326433e-02 1.153318339301443174e-01
1.199892340493485393e-01 8.903357434176642493e-02 1.033571644701760384e-01 9.038328478981816350e-02 1.203362611617592587e-01 1.198044521961756786e-01 7.404656971980359825e-02 9.055122814151229937e-02 8.700920951089138877e-02 1.054890216187485408e-01
1.136029020763118930e-01 9.290571632022595616e-02 1.013393745132979279e-01 8.854186148821274749e-02 1.177600408942655330e-01 1.172868462993913452e-01 7.595057422377853029e-02 8.872760084051874163e-02 8.557370752093086674e-02 1.183113758230664309e-01
1.142792201916929956e-01 8.926518786444186115e-02 9.814628563003890971e-02 8.570029728272450520e-02 1.190309893513164935e-01 1.182458721395483192e-01 7.702732867413522588e-02 8.578266323456260056e-02 8.256863454008492309e-02 1.299535210914541938e-01
1.061609105840589928e-01 9.558465728423683194e-02 1.038520492941579637e-01 9.308853477056849846e-02 1.123865765384869098e-01 1.119754259176846678e-01 8.291226728146253167e-02 9.310639692262813460e-02 8.910391445028578716e-02 1.118292669564296959e-01
1.140032592386373278e-01 8.900888386641599148e-02 9.812250767226242398e-02 8.925688444045754011e-02 1.210280222804132472e-01 1.203002797697463044e-01 7.721531542919797542e-02 8.934166616841150710e-02 8.524423022305620268e-02 1.164789509114014798e-01
1.143008461199765818e-01 8.996894443332073554e-02 1.031390644425985437e-01 9.065958427875212000e-02 1.150087548791432907e-01 1.145511052728385853e-01 8.256142574331538919e-02 9.075558934636884789e-02 8.900719966288046792e-02 1.100474858208054518e-01
1.122914730798271199e-01 8.950159265551384247e-02 9.736893942405193403e-02 9.019791620068544347e-02 1.202816702112015218e-01 1.196425628517755468e-01 8.151681829612777985e-02 9.030208630190625363e-02 8.648236400496456255e-02 1.124145769739460510e-01
1.078229705449571807e-01 9.268819273169102979e-02 1.045743676478507744e-01 8.971655988316179497e-02 1.135648043323694983e-01 1.131333147974102199e-01 7.963225822089707584e-02 8.980812408610044928e-02 8.711713743788451758e-02 1.219422703176774175e-01
1.106726077991476015e-01 8.706406433053137661e-02 9.863813552656945649e-02 8.815849964000341266e-02 1.239599542998966047e-01 1.230656471574333860e-01 7.721068875617249916e-02 8.820689221469704688e-02 8.591012062667176263e-02 1.171133896488768256e-01
1.088278285676451684e-01 8.519810126393088934e-02 9.363049620104954562e-02 8.657011133931255542e-02 1.243921722118004752e-01 1.234866926371551848e-01 8.136290941148488498e-02 8.665050315368158507e-02 8.246605912410857886e-02 1.274151260898312155e-01
1.120175122129492690e-01 8.608499019877308145e-02 9.942465306005004999e-02 9.235214891121779068e-02 1.164891655610687388e-01 1.160384679063146546e-01 8.485096654545483397e-02 9.246008713866271655e-02 8.528738273106917234e-02 1.149946257344396650e-01
1.157556334276853977e-01 9.254972530940971942e-02 9.942136585817622219e-02 8.909567091733799904e-02 1.210199353954519580e-01 1.204049751041015304e-01 7.325270545226830743e-02 8.926219641388340176e-02 8.666364878805425664e-02 1.125741433336311936e-01
1.062849421267589994e-01 9.223656392143241012e-02 1.021601490079648150e-01 8.994518703081451350e-02 1.120352143182249544e-01 1.116671166699626239e-01 8.830889912797955377e-02 9.001219726730788628e-02 9.155886951434276388e-02 1.157908610152114659e-01
1.125838887209383854e-01 8.471169197370542747e-02 9.441243342941241234e-02 8.713706299710438641e-02 1.229692854750931430e-01 1.220340921626122122e-01 7.859252716380946135e-02 8.714794883869934894e-02 8.301510231181381816e-02 1.273959669268114880e-01
1.145853376246163957e-01 8.938589941564087371e-02 9.602581599313189664e-02 8.868454030417853573e-02 1.248721687863656726e-01 1.240431597628821742e-01 7.110296018146085306e-02 8.883762022697117011e-02 8.461463149354910007e-02 1.178478662112033420e-01
1.136608690005184996e-01 9.160969382027721319e-02 9.920302967296927565e-02 9.138245361920277476e-02 1.206134493170807342e-01 1.201600944521315911e-01 7.358291651723594673e-02 9.163406140383381637e-02 8.866755722422042796e-02 1.094858749725297481e-01
1.159391029536114698e-01 9.025384663477027669e-02 9.720758886526383036e-02 8.908194329986675319e-02 1.211558183100127500e-01 1.205010752968407733e-01 7.097302349861339676e-02 8.926572508048825905e-02 8.543360246088442522e-02 1.201882735996480378e-01
9.737728534764898691e-02 1.019078057172659729e-01 1.055026448326805838e-01 1.003443312151176131e-01 9.997377441124478958e-02 1.001437835615006933e-01 9.356164314531750792e-02 1.003903844732244033e-01 9.909220940627196106e-02 1.017061378897274743e-01
1.003507608638684184e-01 9.549455235784548579e-02 9.345020455038445528e-02 1.020809449284135750e-01 1.022523025255438478e-01 1.023733079448549271e-01 1.002577756544335980e-01 1.020968451734604876e-01 9.459139800522825547e-02 1.070519079959669356e-01
1.132475709267134201e-01 9.260749697231550337e-02 1.004927619210568140e-01 8.899161211933800941e-02 1.118733223019808681e-01 1.115166339875616475e-01 8.462118221645513472e-02 8.906383520067834292e-02 8.358191660465140449e-02 1.240036677492488137e-01
1.122940220290223334e-01 9.347560091461593057e-02 9.890368460668103046e-02 9.134190491097436693e-02 1.139584026678818196e-01 1.135419123853570605e-01 8.418941003147856206e-02 9.142202754659313479e-02 8.355674891159349527e-02 1.173162859958022664e-01
1.124038100262334250e-01 9.087242485305305206e-02 9.724217434506841895e-02 8.936082464664385494e-02 1.166423245302321554e-01 1.161039131173128708e-01 7.585317533075076890e-02 8.948700990050455217e-02 8.624355958930376986e-02 1.257907836608971597e-01
1.118181268175128529e-01 9.091929668296507006e-02 9.962466380709049385e-02 9.152421267331083132e-02 1.170552819396502436e-01 1.164099925436015426e-01 8.115092815059911369e-02 9.160952764614856136e-02 8.884651229749258861e-02 1.110414574416286881e-01
1.152367932427395408e-01 9.070313010907350704e-02 1.019353848928557654e-01 8.874405661820847224e-02 1.184537672896830152e-01 1.178640393946245868e-01 7.599785631709704559e-02 8.889675980593772509e-02 8.493327135679053230e-02 1.172349409729897957e-01
1.124558761658522865e-01 9.041586693294635657e-02 1.007136926843953673e-01 9.021614619706629090e-02 1.184150786996160387e-01 1.180394444173880619e-01 7.948752770024053449e-02 9.039935674552179723e-02 8.601189068098924473e-02 1.138451197759840772e-01
1.131595664257119827e-01 9.044057691701477830e-02 1.003506679745344438e-01 8.944071576017793845e-02 1.239103566468699319e-01 1.230663340705801106e-01 7.348603785073801187e-02 8.956856745074200099e-02 8.604136845395245203e-02 1.105358084496783494e-01
1.220097311850706634e-01 8.787363995790092863e-02 9.989146118658115414e-02 9.006215200468360715e-02 1.142831013439649795e-01 1.139709078603616255e-01 7.821668650259780420e-02 9.021030519163683592e-02 8.373553518313969768e-02 1.197464795840626622e-01
1.094932093111329052e-01 9.115552852863252620e-02 1.030900076712082530e-01 9.127162704930957826e-02 1.146817366685503464e-01 1.144488968670518969e-01 8.102318399916805247e-02 9.146798978606004993e-02 8.681739546104044747e-02 1.165504246578459441e-01
1.152632037917450392e-01 8.696852712362364290e-02 9.991739031966935525e-02 8.941604914499638734e-02 1.225624885093174604e-01 1.218978351163387125e-01 7.563898354996302642e-02 8.959132235795998211e-02 8.486498077561216435e-02 1.138792193107742434e-01
1.102931907626749780e-01 8.953714553139345556e-02 1.000617497973390752e-01 8.994209207336581469e-02 1.194860773297800605e-01 1.186685935226899913e-01 7.863480589457479131e-02 8.998672270189314593e-02 8.631714757641546776e-02 1.170724748098732337e-01
1.121532465702241715e-01 8.863632109277112814e-02 9.705029806827843164e-02 8.793926774326352169e-02 1.233979439687662855e-01 1.225268869376170550e-01 7.560179965136788749e-02 8.802022856770172488e-02 8.428015132610248983e-02 1.203938560739072905e-01
1.140332048009440047e-01 8.623417591219793843e-02 9.325772145779694100e-02 8.604682041487943245e-02 1.249223421866996059e-01 1.241432985147245399e-01 7.996866392915100152e-02 8.613880631859505144e-02 8.305523201134626388e-02 1.221997344536651653e-01
1.138698752438457168e-01 8.627303945734125790e-02 9.756044112073974928e-02 8.830840145908669392e-02 1.183943890074893174e-01 1.178149558884223347e-01 8.149586195066128858e-02 8.840033737960853455e-02 8.262914320229441945e-02 1.252535552905106597e-01
1.138451836070150519e-01 8.692966657969301847e-02 9.423095377336963840e-02 8.620830139170318485e-02 1.241338638180592008e-01 1.232565657560311806e-01 7.243536440994871595e-02 8.632834355779907265e-02 8.184868271479464608e-02 1.307830743915862903e-01
1.119846007321094183e-01 9.459375597846471362e-02 1.009575691708431561e-01 9.428561414550544473e-02 1.153630714636093013e-01 1.147167262731924042e-01 7.931198278583215244e-02 9.430445618006068342e-02 9.127021223283379725e-02 1.032120110375488869e-01
1.203884168277525729e-01 8.582111367838400617e-02 9.751139982541841278e-02 8.760792465666475404e-02 1.236285368618584429e-01 1.230404670411112816e-01 7.125104302681910251e-02 8.785398343659582554e-02 8.266278100883510394e-02 1.202343336365605114e-01
1.087362588372736555e-01 9.236403053228757487e-02 1.004582948638605144e-01 9.331426822838952140e-02 1.151068915757931799e-01 1.146945956078828099e-01 8.624709155286883200e-02 9.342652086210234685e-02 9.102955047063580885e-02 1.046224974689056730e-01
1.109632029210328441e-01 9.088529067662581840e-02 1.014721174636617207e-01 9.513339965661520015e-02 1.121686316145397155e-01 1.117892020513312629e-01 8.336441256244558895e-02 9.518930736559828854e-02 8.872804724091575002e-02 1.103063884472337969e-01
1.132605483245589656e-01 8.349365489289277409e-02 9.234713374190266222e-02 8.299502742000253175e-02 1.256257927352788795e-01 1.247107440684509794e-01 7.571340651426144985e-02 8.310933309000188840e-02 7.926851444944280067e-02 1.394758447632070131e-01
1.071749922221796741e-01 8.820427370198670458e-02 9.551696199795381426e-02 9.438689900473730410e-02 1.139007779778200141e-01 1.133484336566163847e-01 8.930525739269694341e-02 9.431007682638482825e-02 9.043335894655524232e-02 1.134189682730691040e-01
1.154325191489259245e-01 8.969435080073029365e-02 1.016060428159303447e-01 9.673332763794270650e-02 1.113022709443355351e-01 1.109490881402280388e-01 8.551885193682058628e-02 9.675880890650870314e-02 8.979376642361427963e-02 1.022109732449636155e-01
1.099986007681010153e-01 9.049446832464803914e-02 1.023407001435010510e-01 8.937810016660882595e-02 1.186946386660560904e-01 1.180522413103511775e-01 7.649660893490113633e-02 8.946932615777385134e-02 8.604041338811066475e-02 1.190349021399481483e-01
1.110134314266697231e-01 9.070839988587935110e-02 9.797302277131875181e-02 9.143762242635286586e-02 1.153639809282561712e-01 1.151471141533885884e-01 8.329604204004247003e-02 9.159603188226081438e-02 8.929361021723164482e-02 1.141707442685995499e-01
1.155032552354915837e-01 8.686912291661502694e-02 9.684892122915848833e-02 8.688304084583192699e-02 1.197048868285204570e-01 1.189945904390765641e-01 7.263146647694282421e-02 8.695824883656018411e-02 8.306294512700841681e-02 1.325435220647945278e-01
1.146554573840194852e-01 8.755743538813676174e-02 1.011769501753419925e-01 8.772476413932213390e-02 1.215442587107507244e-01 1.207538998614160752e-01 7.495486649133406565e-02 8.783115049391938822e-02 8.407671553771740858e-02 1.197245018180419091e-01
1.109014930595232512e-01 8.785418491869186053e-02 9.841433892407894235e-02 9.463389053353242486e-02 1.104078910817014730e-01 1.100188980497829316e-01 8.827800311903820363e-02 9.460011632640256962e-02 8.371671494956690884e-02 1.211744690376814065e-01
1.091157339912725566e-01 9.287085767465835806e-02 1.074859778524942383e-01 9.347805430156740092e-02 1.106930652069431364e-01 1.105380201747271640e-01 8.601393912883813220e-02 9.355028863713676923e-02 9.232903462365402159e-02 1.039250284087081672e-01
1.143156435645988206e-01 9.306183284187004301e-02 1.002973119156269771e-01 9.391321556334381038e-02 1.136548320672882556e-01 1.133609474878957690e-01 8.420075039684753182e-02 9.402079752332334617e-02 8.854091796895088851e-02 1.046337506702545439e-01
1.082652999399503213e-01 9.272467720096320976e-02 9.982980416052103512e-02 8.931067981539055067e-02 1.172359498101624709e-01 1.166126368286289766e-01 7.700726835340018783e-02 8.940035464793712194e-02 8.833142379030833879e-02 1.212819054527377732e-01
1.160759877426650322e-01 8.671582008658680618e-02 9.897759950613187196e-02 8.904684452527000804e-02 1.203214413986899711e-01 1.195011708230407921e-01 7.826577295675440915e-02 8.908284832744160775e-02 8.444492743231078735e-02 1.175675872011087142e-01
1.137516167310605314e-01 9.113634312810363347e-02 9.931739055255407733e-02 9.170920987186394202e-02 1.159907820268753498e-01 1.152335586887466151e-01 7.307250246068851263e-02 9.174005972501418638e-02 8.808646307377354656e-02 1.199620737413196053e-01
1.103041830630744069e-01 9.204505864451127672e-02 1.003785504730850958e-01 9.185301054022668166e-02 1.172596065935836707e-01 1.167650354601099116e-01 8.072416418451223985e-02 9.197948033691769054e-02 8.893357992659900457e-02 1.097573307773800771e-01
1.184793203121584648e-01 9.173390494792554861e-02 1.009080709570514683e-01 9.129415004141921974e-02 1.173808901865499993e-01 1.167773259261642438e-01 7.776846319939142993e-02 9.136837748897977396e-02 8.878897368677969582e-02 1.055005232535801141e-01
1.136561696522601084e-01 9.369303705781548142e-02 1.005542273937375386e-01 9.061928178904507525e-02 1.142714234939962298e-01 1.136396235316606135e-01 8.199474473831369625e-02 9.061333827829970433e-02 8.645936193364513189e-02 1.144987921312264623e-01
1.080780474573944522e-01 9.253680404039323071e-02 1.010061698217168541e-01 9.144627539971376951e-02 1.167379902225530730e-01 1.161726830425557216e-01 8.436330778463980995e-02 9.153948889921702248e-02 8.779093107617443048e-02 1.103283022556415666e-01
1.104988123536697064e-01 9.296893937598717239e-02 9.945234839500453894e-02 9.221157438167529308e-02 1.167963908042727317e-01 1.164019086561237926e-01 7.942079535396015522e-02 9.238298667552510834e-02 8.849843602735120440e-02 1.113678079764302692e-01
1.100035535085652078e-01 8.978469536608410517e-02 9.728847899777449959e-02 9.139852381164793871e-02 1.187824141809085965e-01 1.184330976127166424e-01 8.399222307915779617e-02 9.154269427451125485e-02 8.648413883624211929e-02 1.122901803323918396e-01
1.146778546841951268e-01 9.195891557936351768e-02 9.987554502885195862e-02 9.162302788104188800e-02 1.179891982047223536e-01 1.177417581859492163e-01 7.998181686295871562e-02 9.184469341611314896e-02 8.831094212717081893e-02 1.059962480296332693e-01
1.166829894277449930e-01 8.721522920686992919e-02 9.471924806706173705e-02 8.876347699714808026e-02 1.173231288554373586e-01 1.166798334896561595e-01 8.197523648551564845e-02 8.882413544521844395e-02 8.391333771942399711e-02 1.239033843059236806e-01
1.147754486031902360e-01 8.567989948174334347e-02 9.617146188163239184e-02 8.538945191417018910e-02 1.168305069878251140e-01 1.161967746369017424e-01 7.890528900606577634e-02 8.547350676799363167e-02 8.088521886218148771e-02 1.396924418582960459e-01
1.100576036362030663e-01 9.725088134393308770e-02 1.019282867118883745e-01 9.261156499075544335e-02 1.149556485424574198e-01 1.146813594892382160e-01 7.925472744710337913e-02 9.277244871830858663e-02 8.970402552602668722e-02 1.067834535940857255e-01
1.184636125961589098e-01 8.883009253688407825e-02 9.728529749337316845e-02 8.789019918707725865e-02 1.210691605490702288e-01 1.206768013848478760e-01 7.611071143762533631e-02 8.813234267187375348e-02 8.391489370307138318e-02 1.176268884400179793e-01
1.113696862737638404e-01 9.076217924503178491e-02 9.934063385491952169e-02 8.972047903815337511e-02 1.170095004966539981e-01 1.165393863637043947e-01 7.809362933554767072e-02 8.989206542369052033e-02 8.728460395878472056e-02 1.199878360097502428e-01
1.196516216207973299e-01 9.093882378446049852e-02 1.012417863824667391e-01 9.106781466246942347e-02 1.133580015718868989e-01 1.131971040535950102e-01 8.078162762961467458e-02 9.127645867408659686e-02 8.554128613053907371e-02 1.129454754900837271e-01
1.151022851033316891e-01 9.196113329716903984e-02 1.028033979954419974e-01 9.141247998625115501e-02 1.211031922736197503e-01 1.203683904941655475e-01 7.307386579002779492e-02 9.154728772635377376e-02 8.891976449276017824e-02 1.037082028408790324e-01
1.191761137009884342e-01 8.846474681497620840e-02 9.820832701065931869e-02 8.885251746017373831e-02 1.211861041455692956e-01 1.208394875772893923e-01 7.474095724340594493e-02 8.910489655724357361e-02 8.528459536719418255e-02 1.141422541224998422e-01
1.089456017425147333e-01 8.788266645510239838e-02 9.431281678059452722e-02 8.708806476461437851e-02 1.201172623232397707e-01 1.193588776941741231e-01 8.275371798372092857e-02 8.712539786705708611e-02 8.372474858159693889e-02 1.286908458073851014e-01
1.133700183707861964e-01 9.269894989502963645e-02 1.013477046121241398e-01 9.282572745683785598e-02 1.143814237013948826e-01 1.138322305347445190e-01 8.019507454500263144e-02 9.286917126570493064e-02 8.973363879569958013e-02 1.087460608226756137e-01
1.111023213667324261e-01 8.812110209878630529e-02 9.423855344371155629e-02 8.752138061586491047e-02 1.192976583069077084e-01 1.186110432159079436e-01 7.630883842752345103e-02 8.762488624531797332e-02 8.283188673104151245e-02 1.343423295482061852e-01
1.053391724733778456e-01 9.256032533979856314e-02 9.494711134918475126e-02 9.719506743977263108e-02 1.100620461310626713e-01 1.097702579789936184e-01 9.479675790436060956e-02 9.715748062278464769e-02 8.947908917322258682e-02 1.086926915874421307e-01
1.163155054775572017e-01 9.250538761981712266e-02 1.007590254662902723e-01 9.072938353178819360e-02 1.151139453137361990e-01 1.145392293813477791e-01 7.612181940417347970e-02 9.075525102086644258e-02 8.715321899145453410e-02 1.160072337929687336e-01
