1.350217483621889147e-01 1.003346922836420851e-01 9.185832180019064264e-02 1.170897434972620471e-01 1.168823876026612724e-01 9.469542952478580966e-02 9.303667717863302322e-02 8.801777503889934851e-02 8.802725867332054921e-02 7.503596603841633517e-02
1.460731390021274834e-01 9.530361187262217926e-02 8.963632553554745641e-02 1.168463084679512154e-01 1.164950772164961984e-01 9.091149648439789122e-02 9.292335153310415929e-02 8.567924912865255982e-02 8.579939475283988870e-02 8.033204600626098202e-02
1.284505039010762351e-01 9.928243322174587493e-02 9.191658893615743675e-02 1.161819128277793156e-01 1.159396696144459477e-01 9.314885456104193828e-02 9.596995620752446499e-02 8.839892895738177270e-02 8.845321568528551059e-02 8.225793608756151731e-02
1.431344770053403770e-01 9.830615196346631501e-02 8.826919387898200797e-02 1.144391221397047659e-01 1.141337952809927114e-01 1.042281507256802991e-01 9.399759446546787633e-02 8.418699089822156978e-02 8.426738786924597990e-02 7.503713577289812531e-02
1.427170430977481030e-01 9.578923252127066745e-02 8.958484504608779653e-02 1.207254466233698142e-01 1.204945113294681736e-01 9.253626033923785521e-02 9.123033303411597073e-02 8.566889774831286386e-02 8.567500067741914971e-02 7.557842958296957792e-02
1.358340274524719726e-01 9.278686202188965448e-02 9.085298358869636770e-02 1.107046793582848604e-01 1.107142781127247316e-01 9.508941927805618366e-02 9.511068589538156093e-02 8.866638316512033546e-02 8.854580390874049189e-02 9.169487721863388285e-02
1.364087642496041308e-01 1.004804265487158066e-01 8.932966181869252120e-02 1.196038080081567728e-01 1.194112554406561583e-01 9.621664390079204265e-02 9.246074729312449281e-02 8.673192780311310413e-02 8.670963047402366342e-02 7.264713446312130729e-02
1.241301640884747981e-01 9.794480312023962076e-02 9.291717916556981038e-02 1.172772722526163325e-01 1.170025098912029493e-01 1.038039971501538844e-01 9.461288031101400264e-02 8.612673360118727750e-02 8.618003392986257893e-02 8.000442648967871773e-02
1.333150452849612144e-01 9.876502363220536485e-02 9.259878295643536594e-02 1.146531057057699060e-01 1.144084166693256632e-01 9.302076345070625640e-02 9.209376285645531901e-02 8.972321470252468678e-02 8.979147900116747627e-02 8.163040574044869158e-02
1.484264567095264498e-01 9.778277277810155932e-02 8.952174128220077853e-02 1.156771032885382522e-01 1.153444180000567643e-01 9.473569805094894658e-02 8.949302386917309948e-02 8.489917637886748580e-02 8.500484462365560934e-02 7.911476501893106861e-02
1.459418295067576588e-01 9.532593855021855023e-02 8.748188342943966078e-02 1.181355283116615473e-01 1.177657301378178950e-01 9.689764002804733545e-02 9.078232175658916547e-02 8.408509456624324585e-02 8.420034033148046659e-02 7.938369338174450229e-02
1.412515091607177142e-01 9.873275013933228983e-02 8.799611451299110820e-02 1.211890184288115513e-01 1.207500913804540610e-01 9.564129304023695488e-02 9.223223749185778531e-02 8.321512394454361194e-02 8.334213225290200422e-02 7.564972964815291911e-02
1.517156962047455648e-01 9.701411817063690379e-02 8.857230140764045523e-02 1.121143207376571749e-01 1.120310738432011288e-01 9.900889358018089004e-02 9.088140462342696180e-02 8.420496155596104981e-02 8.412173762687119583e-02 8.033549224967868885e-02
1.572748891358369538e-01 9.565261218124629372e-02 8.541205685660284430e-02 1.184429821967200175e-01 1.180349600523881853e-01 1.052148029527345541e-01 8.698991189475868691e-02 7.981935953663273076e-02 7.991795727260835036e-02 7.324046792047139709e-02
1.535924623103719355e-01 9.636571449508216092e-02 8.697596105651017595e-02 1.176786863744359452e-01 1.173812398867332685e-01 1.016262721570121014e-01 8.935167496350240879e-02 8.268889242193175337e-02 8.273471450235153624e-02 7.160438183206870033e-02
1.476619879974020999e-01 9.612877836417378641e-02 8.717861987647876343e-02 1.201574268574826659e-01 1.198180384818049726e-01 9.568514036537602296e-02 9.179457186255512990e-02 8.297657005931799445e-02 8.304599326311318253e-02 7.555287287229538185e-02
1.394631426038137334e-01 9.752094560661765665e-02 9.109529773620651805e-02 1.145814072213843376e-01 1.142461943875657526e-01 9.736846183428382595e-02 9.304506514969929087e-02 8.425774484771486605e-02 8.436861911221506249e-02 8.405312150049892850e-02
1.268178662941680801e-01 1.007412543207594352e-01 9.334427892731511633e-02 1.146147034884118926e-01 1.142595422899155971e-01 9.568536103361656442e-02 9.463587043513783936e-02 9.118480141703153019e-02 9.135869599453612377e-02 7.735762579910782089e-02
1.572244600561413519e-01 9.929105328217738280e-02 8.871360509633631486e-02 1.193446995982533898e-01 1.189847437542983499e-01 8.742466317327955705e-02 9.090762509087155219e-02 8.355464507599458246e-02 8.363482533216462511e-02 7.091967954048288003e-02
1.524595960126597372e-01 9.681469802131582869e-02 8.853258607914105127e-02 1.153570489387198694e-01 1.151113981545223985e-01 1.009289352088609260e-01 9.033533100430370111e-02 8.186601587998530716e-02 8.187881430694735063e-02 7.671557639354384395e-02
1.451396405866272332e-01 9.747555767258374304e-02 8.970898975140631504e-02 1.207131709949897241e-01 1.204036537318353001e-01 9.098909693962078937e-02 9.180427896976540991e-02 8.463788501536581577e-02 8.468951986949616040e-02 7.443820646830946741e-02
1.241775244728226396e-01 9.869756376141144982e-02 9.197414820914720512e-02 1.150595244931938016e-01 1.146958617917715889e-01 1.012186733152452556e-01 9.550355320492172340e-02 8.769204002238677187e-02 8.785151625640559570e-02 8.312959447269392677e-02
1.370315145702521720e-01 9.666180645647634573e-02 9.067258448710542595e-02 1.176395576863592252e-01 1.173528757703796999e-01 9.694154318852267471e-02 9.160163172149193844e-02 8.607384182185640054e-02 8.614048384591189989e-02 7.988416045164421775e-02
1.421622372219180919e-01 9.553559948960498038e-02 8.990001500220461128e-02 1.170310750593374638e-01 1.167182630476153865e-01 1.048987301045829212e-01 9.060260540141752694e-02 8.329396528580419734e-02 8.335786658657116932e-02 7.649964280094367908e-02
1.584654196427510153e-01 9.498068746886835501e-02 8.853292243455393451e-02 1.163420739946476601e-01 1.161566730074286152e-01 8.742001913572323979e-02 8.902282235442661451e-02 8.456047659349191781e-02 8.454392889346482032e-02 7.997497647464391068e-02
1.613516818715981793e-01 9.115949258756504692e-02 8.165556865565033740e-02 1.116718253235764041e-01 1.113356700251795367e-01 1.409455109399653516e-01 8.228669187482259839e-02 7.772417942596220042e-02 7.779409105855732143e-02 6.407528823712296817e-02
1.220064233478171806e-01 1.002738056412501022e-01 9.385562945948204561e-02 1.169552123918841807e-01 1.166830167410637387e-01 9.248458304870059432e-02 9.497987840505048296e-02 9.024085364618356087e-02 9.032652732445532739e-02 8.219406999411277281e-02
1.317799021269450976e-01 1.018325430687606892e-01 9.044251973140973733e-02 1.139483638873332871e-01 1.138127076182823133e-01 1.007213374561817254e-01 9.362197333380584130e-02 8.710618728889946150e-02 8.707918249482396456e-02 7.965528299355784103e-02
1.429284121384306605e-01 9.808406331563000735e-02 8.887403193396131718e-02 1.159693406157853712e-01 1.156785773608282886e-01 9.723217141771337002e-02 9.038044152960045263e-02 8.584814317329769739e-02 8.592762890512567475e-02 7.907718960962721588e-02
1.330292883832596140e-01 9.790934320554166292e-02 8.941991607530319630e-02 1.124052721660157711e-01 1.121762699807277303e-01 1.038099312635611254e-01 9.408591781193334502e-02 8.616565443414185566e-02 8.621458761100861401e-02 8.478381906850707139e-02
1.529319232124951022e-01 9.775268078097293367e-02 8.692380507345791318e-02 1.190275036685687488e-01 1.187564505860610464e-01 9.266345216141086416e-02 9.000644841230168169e-02 8.365067091949547617e-02 8.367889710262756131e-02 7.460816808260864463e-02
1.383036701286724235e-01 9.932968819406294558e-02 9.026445145687754523e-02 1.167021761069387681e-01 1.163289036290872103e-01 9.685666559009317722e-02 9.114909582011375411e-02 8.539477533587890024e-02 8.552948183885397682e-02 8.014109189942127121e-02
1.452449740246004040e-01 9.792085050953461267e-02 9.049178898884890909e-02 1.163687524244662458e-01 1.160115324856196423e-01 9.614729856038800593e-02 9.136341661329709651e-02 8.479191648300279938e-02 8.491196782234496088e-02 7.674750208789729577e-02
1.222958631216667508e-01 1.048122786133660334e-01 9.256706029034303396e-02 1.043839960218870960e-01 1.042743032865930952e-01 1.035412730745236959e-01 1.009857968185959021e-01 9.165260207317753316e-02 9.168293139198441244e-02 8.380389530786250263e-02
1.332670020660412236e-01 9.442418620058799783e-02 9.261782896811568411e-02 1.116634922495220034e-01 1.115871040709117273e-01 9.535014189194537804e-02 9.518720405851982536e-02 8.943908728825269994e-02 8.938636451357483137e-02 8.707758869252867073e-02
1.506767947332641189e-01 9.720283209019536796e-02 8.379724783787093068e-02 1.177372786862239812e-01 1.174515624622587129e-01 1.088094962795830983e-01 8.727938085075616359e-02 7.992748045460359996e-02 7.994720503256164124e-02 7.717072157268230204e-02
1.607521615330070319e-01 9.732487379910068070e-02 8.553150104924264752e-02 1.152382609850916562e-01 1.150108875221025478e-01 1.056713605130244205e-01 9.018075450051839248e-02 8.227421460990817781e-02 8.227569337595209975e-02 6.574029211205238699e-02
1.496796888163745842e-01 9.750589686592953109e-02 8.891327071325701159e-02 1.195148560102983343e-01 1.192148089791592452e-01 8.742921141928157447e-02 8.984097287538157783e-02 8.544530573011323293e-02 8.550145484717328048e-02 7.695453374303162786e-02
1.577671656349343143e-01 9.243968434387404842e-02 8.562901723874957738e-02 1.223399545986630921e-01 1.220928204747593615e-01 9.552935883553941021e-02 8.708745918483241921e-02 8.111289623036153917e-02 8.109070240414302522e-02 7.491094105414328186e-02
1.506997499868002188e-01 9.572155406234073016e-02 8.710094924203341804e-02 1.207939761648859078e-01 1.205324509025323815e-01 9.961858273200525915e-02 8.837945401013459767e-02 8.152664938851851562e-02 8.152709659266899056e-02 7.409953691808000842e-02
1.418317782394342697e-01 9.699024404527240018e-02 8.974507663990399786e-02 1.196772474249277740e-01 1.193708616702766623e-01 9.659914008445040501e-02 8.916932735098159757e-02 8.354274714683504466e-02 8.359074468187784046e-02 7.948283271604003608e-02
1.427713925842688525e-01 9.785476031024176180e-02 8.950189557966042875e-02 1.144696692878026389e-01 1.141815920345572583e-01 1.022626033626307107e-01 9.214968424419751891e-02 8.311264572258679484e-02 8.318027943004029090e-02 8.051547744401377216e-02
1.587009069210909007e-01 9.583958629685085384e-02 8.745364762402280112e-02 1.183275488818795601e-01 1.181082425133432312e-01 8.996810934137840221e-02 9.030161505805314737e-02 8.144417606242289331e-02 8.141986264166276022e-02 7.843630465929542217e-02
1.390970426576728647e-01 9.952645095815361442e-02 8.968614929649797174e-02 1.177574565737933981e-01 1.173740507089466867e-01 9.868496774095240898e-02 9.085441716345390994e-02 8.534240656701091998e-02 8.547222717694616390e-02 7.620483115657203377e-02
1.336859252642423057e-01 1.035443926431211803e-01 9.092880770301922655e-02 1.161940365453397739e-01 1.159433286711081812e-01 1.018658366335757764e-01 9.332273871816328115e-02 8.581185809745928150e-02 8.585151889875640430e-02 7.285155682521460285e-02
1.391908303433743166e-01 1.002722690385553089e-01 8.811780262728034774e-02 1.143526624047354057e-01 1.142260015640584742e-01 9.668310062829447993e-02 9.262462605237817281e-02 8.702861199945712001e-02 8.698992355019249945e-02 8.051417179167387472e-02
1.536827786526117900e-01 9.890947757789533834e-02 8.848466793754808379e-02 1.171271195285431277e-01 1.169618284035843225e-01 1.000845610112520295e-01 8.803061810460813263e-02 8.258835368269122623e-02 8.253273835927779634e-02 7.159785674198813898e-02
1.590481840102842270e-01 9.832091661305690511e-02 8.580869857411675683e-02 1.183989673244735252e-01 1.181216199524158517e-01 9.105582382836151234e-02 8.965488566686735661e-02 8.310769924321691204e-02 8.313799662229187648e-02 7.334520816491511830e-02
1.394193227709349392e-01 9.932578577401075803e-02 9.088747808224618974e-02 1.145999096861392841e-01 1.144207739321718709e-01 9.948353246325203347e-02 9.119278403859498727e-02 8.553401008712767373e-02 8.552843364863049747e-02 7.960796951689180778e-02
1.184023104716779851e-01 1.038283052136820678e-01 9.055081783997333267e-02 1.149647482625139883e-01 1.147586425456363773e-01 1.046979601500128004e-01 9.632840720628856046e-02 8.871073698625706050e-02 8.874473584944685134e-02 7.901333547451094841e-02
1.234943202001305279e-01 1.017983875488848861e-01 9.467579930839832569e-02 1.015071930009465440e-01 1.015016738015921821e-01 1.053363341919750229e-01 9.809953707406661449e-02 9.027677959815350039e-02 9.021505833556585363e-02 9.309491694028657061e-02
1.393461899837727114e-01 9.903856354010059926e-02 8.890429805027241783e-02 1.143708286233472843e-01 1.140438611217454851e-01 9.706047949615083381e-02 9.389873183656818889e-02 8.665603754713173401e-02 8.677538208891308336e-02 7.990562771199763437e-02
1.168151069595056019e-01 1.042082780749665621e-01 9.372627075250485051e-02 1.111068013189104725e-01 1.108266050735596669e-01 9.841088839165128277e-02 9.897373289796969342e-02 9.056025343582674303e-02 9.070106017386787844e-02 8.467100292123727612e-02
1.244005390653765419e-01 9.880171803579632095e-02 9.411240182112839969e-02 1.112395491705609890e-01 1.108485718451639040e-01 1.005665168249018498e-01 9.750550689946606286e-02 8.698807636637871654e-02 8.719646763645357013e-02 8.834065233477364498e-02
1.492227465587058211e-01 9.662117435147095368e-02 8.520048403634919443e-02 1.198218024711268093e-01 1.195241088916898509e-01 1.012371379215402240e-01 9.006607047520316656e-02 8.230529283045534550e-02 8.234008734452505363e-02 7.366109511893351169e-02
1.553663003248856589e-01 9.842257191257564042e-02 8.652908614167435786e-02 1.189528656883706431e-01 1.186950939220970808e-01 9.983925799719794991e-02 8.733640166950598638e-02 8.211780021854232781e-02 8.211991077169281117e-02 7.062071135345757145e-02
1.513985250030457641e-01 9.655133295681084249e-02 8.371167581727866069e-02 1.210101036870369628e-01 1.207748962657975711e-01 1.031513567937547698e-01 8.873858135038226180e-02 8.002732281436528150e-02 8.000294636309719654e-02 7.463325894843074459e-02
1.538702492675588507e-01 9.704977952752430470e-02 8.637633155590886125e-02 1.179146299082688559e-01 1.177644787693413325e-01 1.051310208961734743e-01 8.677668085367731821e-02 8.201961493230698619e-02 8.195134445400889533e-02 7.114586983523117636e-02
1.368377028495836589e-01 9.988534500240414671e-02 9.096104149003395034e-02 1.174536746202470561e-01 1.172131671381005519e-01 9.634972416272123696e-02 9.258356523978701624e-02 8.737297738525409696e-02 8.740813609331024581e-02 7.393466601855805398e-02
1.191769304288409770e-01 1.036899934193910161e-01 9.234683093927377462e-02 1.135101584063808039e-01 1.133544213878193707e-01 1.048622576596215661e-01 9.438196045507377119e-02 8.949549761805043746e-02 8.950208358408928699e-02 7.967986610145902371e-02
1.449059561876699931e-01 9.425317824220036389e-02 8.561758511608365263e-02 1.213410022911265151e-01 1.210567036322479778e-01 9.379550506977549218e-02 8.999570789705109430e-02 8.472050068381223320e-02 8.475683181269658140e-02 7.955702906733609636e-02
1.276035861059309495e-01 1.035406313818593993e-01 9.225082170229174927e-02 1.070830950073618504e-01 1.070322055734649336e-01 1.048083238742262141e-01 9.535194856029800825e-02 8.859632117294645448e-02 8.854190944217280035e-02 8.519115717944758526e-02
1.316234987732481931e-01 9.732732923267824188e-02 9.189716495389745055e-02 1.186195553785379248e-01 1.182200831440282651e-01 9.715082638403028936e-02 9.249011950792374037e-02 8.585041854450682630e-02 8.599489818597463864e-02 8.082610589517441602e-02
1.262620669314329647e-01 1.008145411468760605e-01 9.058847877772938095e-02 1.179701969332189460e-01 1.175962902962012085e-01 9.668240636992099513e-02 9.471748612613026252e-02 8.917115007252816861e-02 8.932678427572417201e-02 7.687059907023782723e-02
1.340457718299676027e-01 9.446167596597884741e-02 9.300171972666053388e-02 1.101026869397064845e-01 1.100367249406917908e-01 9.793708050645819063e-02 9.431954316413856954e-02 8.864556352601947464e-02 8.859156210001503662e-02 8.885767130036335837e-02
1.393811010757924906e-01 1.007167866337038975e-01 9.022612431906715247e-02 1.191044184134619072e-01 1.189511913591492359e-01 8.919202104013043697e-02 9.343049244891049598e-02 8.612813840139950383e-02 8.607783370136122547e-02 7.679189260702368180e-02
1.392153307548506525e-01 1.017924508201947797e-01 8.849991362809896123e-02 1.132751665919208423e-01 1.131379313879511822e-01 1.031435245056225997e-01 8.941939336668236482e-02 8.542193712092852054e-02 8.539424876152608423e-02 8.070010306222402674e-02
1.297878151186123152e-01 9.842009642324360541e-02 9.065170105979943049e-02 1.141379328580828245e-01 1.138837527447841697e-01 1.045322169926242301e-01 9.193190044585859699e-02 8.595183613569025438e-02 8.600899804027049844e-02 8.469375018103404706e-02
1.319300698690708817e-01 1.001644713332382336e-01 9.095462314571683970e-02 1.165178322445477449e-01 1.162920624488302246e-01 1.017035765548694043e-01 9.245927294505083827e-02 8.538546453266727954e-02 8.539952003029067928e-02 7.919310689571791573e-02
1.375697818241966852e-01 9.953081914187918156e-02 9.074139543878610714e-02 1.141175300719445007e-01 1.139507556229753665e-01 9.177868995384187711e-02 9.273963305559515535e-02 8.964835207563218167e-02 8.965535186120791866e-02 8.026769095394102604e-02
1.316399041151944671e-01 1.000201997391628184e-01 8.805452261384162649e-02 1.134421696440276600e-01 1.133333848350107365e-01 1.082357358439435535e-01 9.352872992296731858e-02 8.548778750357931278e-02 8.543860992254602438e-02 8.081895585972642682e-02
1.444883042118828564e-01 9.650647566673041522e-02 8.865103048635834815e-02 1.174715751859997104e-01 1.171209469330178471e-01 9.963289171540996858e-02 9.101402581330153563e-02 8.378466128224444642e-02 8.387785721305154873e-02 7.745223149200329560e-02
1.361834737822204544e-01 9.879654524000042182e-02 8.993443940037086637e-02 1.131438378914948473e-01 1.128771943764415447e-01 1.070365894774193555e-01 9.032875661985148574e-02 8.464018543048948406e-02 8.471009317413606687e-02 8.234888460757545936e-02
1.451278726292190568e-01 9.992998749395304303e-02 8.592639169914799424e-02 1.167350275038318841e-01 1.165432978506551892e-01 1.064981550332797511e-01 9.080775059634831059e-02 8.282268998239357416e-02 8.279983886737155019e-02 7.280898834379963269e-02
1.333692842571242709e-01 9.796784220794405029e-02 8.833000624027573244e-02 1.217179344536711422e-01 1.215688086880767904e-01 1.043654911745602321e-01 8.903648727170447585e-02 8.525223270456146196e-02 8.518647500948006712e-02 7.320543799260177675e-02
1.524515263669207199e-01 9.393851309326206600e-02 8.384982293148915411e-02 1.202090894676048766e-01 1.200434825486664386e-01 9.200717197392910274e-02 8.762791590614557591e-02 8.778863132048697615e-02 8.776341311371758935e-02 7.432043327777751451e-02
1.544064286779781303e-01 9.816678678565628202e-02 8.608775170008893529e-02 1.191946637748503429e-01 1.189844983939174899e-01 9.951131852884366469e-02 8.826922071579126894e-02 8.086377039135383971e-02 8.083300220904100775e-02 7.368255882247910782e-02
1.372280484087656238e-01 9.632486063820766553e-02 8.959858286725645715e-02 1.149207630948844844e-01 1.145489433602812218e-01 1.002607988704234815e-01 9.421110721205695759e-02 8.530465587927280047e-02 8.545071261054781875e-02 8.215152705830351676e-02
1.858949464720173472e-01 1.034108509304985518e-01 8.561693944020409841e-02 1.300426101460933070e-01 1.291587727529358853e-01 6.671190225376683047e-02 8.933644660272431481e-02 8.201468441206390125e-02 8.230746526449773948e-02 4.550538172519803803e-02
1.404826120800739264e-01 1.022792067095420060e-01 9.026233070739000941e-02 1.130716042138511790e-01 1.128331202703686115e-01 1.015899134377509921e-01 9.227840909214893306e-02 8.512575511890134450e-02 8.517447040330115848e-02 7.690257796667182566e-02
1.434832285864143242e-01 9.895266582696952973e-02 8.980305043684719268e-02 1.151550644899491244e-01 1.148213187707841781e-01 9.717099426187730815e-02 9.100392644640574458e-02 8.611536174270079114e-02 8.623083903873368650e-02 7.726355039931813440e-02
1.411267022107446922e-01 9.742636361683858215e-02 9.035350632333781495e-02 1.189440221504025202e-01 1.186952863594398083e-01 9.505087494821597149e-02 9.191150931429513393e-02 8.443489002659265719e-02 8.445384807168990204e-02 7.760299697844298683e-02
1.534551979875123928e-01 9.370196532726121630e-02 8.873460530831379922e-02 1.156482369462166343e-01 1.154438664930173275e-01 1.008807415680934849e-01 9.093680915399589282e-02 8.039775146494140823e-02 8.037955646383559971e-02 8.042126928681224418e-02
1.508831687946243783e-01 9.969149789761125313e-02 8.567297464770005921e-02 1.191582267995211636e-01 1.188161304734062368e-01 9.826490976216310791e-02 8.851636658346510866e-02 8.292410301500506564e-02 8.299338224707750178e-02 7.307923977942612503e-02
1.325534036065610932e-01 1.022522414339371438e-01 9.122509730531112859e-02 1.145074420233852946e-01 1.143321027436459136e-01 1.040311632796393354e-01 8.985556784879818182e-02 8.694385625475899160e-02 8.694482720815449595e-02 7.735429829580842132e-02
1.499027880546263403e-01 9.764369403151534899e-02 8.831216259063580376e-02 1.182283115856294364e-01 1.177838093598699010e-01 9.592333873417176193e-02 9.109628550535819880e-02 8.491880045704136570e-02 8.508208657377042128e-02 7.110872310738142188e-02
1.285548528031042748e-01 9.551584767414986188e-02 9.155893596668014667e-02 1.187929824148556274e-01 1.185182038681732164e-01 9.550098302089631008e-02 9.175027711378680451e-02 8.688603813900848405e-02 8.694482793338829951e-02 8.597705106595704416e-02
1.428324719449655389e-01 9.882417962297689040e-02 8.811210475361327954e-02 1.203077202128061823e-01 1.198058003061337612e-01 1.000396614608753398e-01 9.090427508065458684e-02 8.253110651849480950e-02 8.270431904576415472e-02 7.393836105371545675e-02
1.205272231582286274e-01 1.007293169009089856e-01 9.308764800143838614e-02 1.144348824262654829e-01 1.141990297558227591e-01 1.028268374235056098e-01 9.718786821303083967e-02 8.633786651948649471e-02 8.638399269143436088e-02 8.428533490987841215e-02
1.490050910623719194e-01 1.013248181106616991e-01 8.891640025033041572e-02 1.170434320447206883e-01 1.167763040115945422e-01 9.029937362567747039e-02 9.209611903293095370e-02 8.530996833725064399e-02 8.535326977735498144e-02 7.387522374710664419e-02
1.395844848368827384e-01 1.009777249039595648e-01 8.853038188548874310e-02 1.164829066576957978e-01 1.162309902156182795e-01 1.020439133912458690e-01 9.068849790297436875e-02 8.526633006640943480e-02 8.530019650579673263e-02 7.489457363392847122e-02
1.474848243109141976e-01 9.734236491702412397e-02 8.528362415777084038e-02 1.167533129903464695e-01 1.164431054387650155e-01 1.062509798950952017e-01 8.992846523667677450e-02 8.195604637610552634e-02 8.201660319383487219e-02 7.654067348346693667e-02
1.365326042248565797e-01 1.013173092690626692e-01 9.098086904829819077e-02 1.090267443466341468e-01 1.088880727631271611e-01 1.012996479843802922e-01 9.507390579922612994e-02 8.701501820881718530e-02 8.702078226310770714e-02 8.284504609248997953e-02
1.463063205933249900e-01 9.720053703152022051e-02 8.867152772303017738e-02 1.186381735310793606e-01 1.183416244220017732e-01 9.468179777279658871e-02 9.016368750327900805e-02 8.447138204211054879e-02 8.452654695876750390e-02 7.699840242208984276e-02
1.353605966366436819e-01 1.016861969284918871e-01 8.962244024532121933e-02 1.126439662792219493e-01 1.124497988894948564e-01 9.806980889193879503e-02 9.379591404616272055e-02 8.780838618937829299e-02 8.784213179466979216e-02 8.072076009867679147e-02
1.478281847091566237e-01 9.601402624035168532e-02 8.917833672025157754e-02 1.174750911616455479e-01 1.172011289202847251e-01 9.104131485593219830e-02 8.995983324592880803e-02 8.527876704648205963e-02 8.532847189580376746e-02 8.069484520416296547e-02
1.428754079930660836e-01 1.012694595756846033e-01 8.711073761459639520e-02 1.093208261420896138e-01 1.091559782833109449e-01 1.089866588757913285e-01 9.454827013049163509e-02 8.444015247890949982e-02 8.444854243622811063e-02 7.784396646983184065e-02
1.466602980210664209e-01 9.722852917265174810e-02 8.712940031891538983e-02 1.207143866762026702e-01 1.204102484980075632e-01 9.327870079743735832e-02 8.917535266061263344e-02 8.475026102398004746e-02 8.480525893358770162e-02 7.584756389753848083e-02
1.462434109929802994e-01 9.332860814284449358e-02 8.650152633341769148e-02 1.224038153929909306e-01 1.220815306617124701e-01 9.609746696836868329e-02 8.973282366379850550e-02 8.221381736319836875e-02 8.225156669009005272e-02 7.914543379059850448e-02
1.442248259976453006e-01 9.740934880822106623e-02 9.069509083179745634e-02 1.133238662693317883e-01 1.131127102550077562e-01 9.680018080620471366e-02 9.464933622061377783e-02 8.355376738316877550e-02 8.356616930662505438e-02 8.266470412138435253e-02
1.322284530446047324e-01 1.002651393138380559e-01 9.017425970356361675e-02 1.209114064791094317e-01 1.205919599259687863e-01 9.465301362567736521e-02 9.341223108789963037e-02 8.738836341307384958e-02 8.746118905286355549e-02 7.291398435340096240e-02
1.156101441272232300e-01 1.024717209109093641e-01 9.035179262012556223e-02 1.118009137595066121e-01 1.117021249560732066e-01 1.061385565658019142e-01 9.173313870274130144e-02 9.191433664398615533e-02 9.189934411143274584e-02 8.637792760219989430e-02
1.467074065029685959e-01 9.355474848571766755e-02 8.650100058589019203e-02 1.202957257365370458e-01 1.200199740104920115e-01 9.727998975311669128e-02 9.070458819357164748e-02 8.232029253670858360e-02 8.234423117752504018e-02 8.027204301747252468e-02
1.579795668079738424e-01 9.489575089083862602e-02 8.799576657069473062e-02 1.218821180928310738e-01 1.214583063821631365e-01 9.112661929393871263e-02 8.719406911246040115e-02 8.359087878936624638e-02 8.370284745470189802e-02 7.017407660503130473e-02
1.506178455525047089e-01 9.750951261221937894e-02 9.020447424965259697e-02 1.176165712049141721e-01 1.172737826151953600e-01 8.999062509166784463e-02 9.079241983434525876e-02 8.706625695108044516e-02 8.716902040271941321e-02 7.175949148570083536e-02
1.387757444358536096e-01 9.770836538170168950e-02 8.992219081504269906e-02 1.205263942195934357e-01 1.201333091567310107e-01 9.786021961626936716e-02 9.331536516655858371e-02 8.583262094981944368e-02 8.594723852305866107e-02 6.997855173537151363e-02
1.035696653080438734e-01 1.034801418421847641e-01 9.836039486424907885e-02 9.834292233029121033e-02 9.842071190514496692e-02 1.050120972424998522e-01 1.034104672077745951e-01 9.721165579902382725e-02 9.709358091257346002e-02 9.509836258821434407e-02
1.101758465289795347e-01 9.351206681835029511e-02 1.019580838085216989e-01 1.024091971794905270e-01 1.024747487541440016e-01 9.749160324358004115e-02 9.849170623697331428e-02 9.455900942039378865e-02 9.442749343536192830e-02 1.045002445742048980e-01
1.357348816683212056e-01 1.004570571169381837e-01 8.905373922687570554e-02 1.112693915483633361e-01 1.111962129806115390e-01 1.110761418677805729e-01 8.977129937623394562e-02 8.360594925977096747e-02 8.352745107290281135e-02 8.430787588220169104e-02
1.581778702415136961e-01 9.680661742843282846e-02 8.956795498325649529e-02 1.108290738492240246e-01 1.106673580576225807e-01 9.992998010257912733e-02 8.732840289759495611e-02 8.179968776465908198e-02 8.177957342471590951e-02 8.311348125040128598e-02
1.460039712817911284e-01 9.679016207694599028e-02 8.921197909687263172e-02 1.151216390644556054e-01 1.148532349058487556e-01 1.043396156742509573e-01 8.896246126357805484e-02 8.583530616041218364e-02 8.589716465823048208e-02 7.298446581761423857e-02
1.323715374713679283e-01 9.941713625351387973e-02 9.171113792963957179e-02 1.156749380165108115e-01 1.153073045323982776e-01 9.555006154031173149e-02 9.406988373816267679e-02 8.868486447188780875e-02 8.884487170160743075e-02 7.836826434459993884e-02
1.369451477295231534e-01 1.016656574656185363e-01 8.886764710782654730e-02 1.171107188796668003e-01 1.167950603225827583e-01 1.014788856687005164e-01 9.277274730722807894e-02 8.473374820005512287e-02 8.480876696606010068e-02 7.482162035273846878e-02
1.365409714145658371e-01 9.998869756084326210e-02 8.975831982704349232e-02 1.168590714790975343e-01 1.167005117335826458e-01 9.685878672419524771e-02 9.394721281516389688e-02 8.536930093606406866e-02 8.533199073207013707e-02 7.864513677737386410e-02
1.460233028189963367e-01 9.891660875860527891e-02 8.857225240214162965e-02 1.206685323841233115e-01 1.202312806744157553e-01 9.021852589969839298e-02 9.108712415831618503e-02 8.483435921977991456e-02 8.497578636231253868e-02 7.447222732161062897e-02
1.385167663394452076e-01 1.000293051819169249e-01 9.033818150874216302e-02 1.138671609946569213e-01 1.137494584690157962e-01 1.048367447233484462e-01 9.174508532870881417e-02 8.384260916816942133e-02 8.378181986503892287e-02 7.929286842095735477e-02
1.368862211493401815e-01 1.017309487076519248e-01 9.026851508046389305e-02 1.127227391306564325e-01 1.125998325077166573e-01 1.036193387336397792e-01 9.315928593081823639e-02 8.565224872854590443e-02 8.560727380257421304e-02 7.775359622859279174e-02
1.560197802825191160e-01 9.765976555055864983e-02 8.774711629931802870e-02 1.185981453079261033e-01 1.182456865302582844e-01 9.219068339360628195e-02 9.096881322106936674e-02 8.293399406674702157e-02 8.301160026327125685e-02 7.262441508472589069e-02
1.406694839528438712e-01 9.886389389274342909e-02 8.922735266864338655e-02 1.166955124708640851e-01 1.163095399571139887e-01 9.801079693582678831e-02 9.440789081600237109e-02 8.535252270857668355e-02 8.549442149601088614e-02 7.496858510137449638e-02
1.321965712203347354e-01 9.813794013945514871e-02 8.920879070730337868e-02 1.232538584487517797e-01 1.228952021142267897e-01 9.692606037385990969e-02 9.328383822833667682e-02 8.525902182151426367e-02 8.533581516750700369e-02 7.350290177871030006e-02
1.655576357821234856e-01 9.187384587254550372e-02 8.483873463523960989e-02 1.217272376947891449e-01 1.215608502683950404e-01 9.073102972194237170e-02 8.439356018323589115e-02 8.182859374567946764e-02 8.176760840950739184e-02 7.572090368654212089e-02
1.301259331899823624e-01 9.807763792723835083e-02 8.893309045303135485e-02 1.180187050750594879e-01 1.178342302574433564e-01 1.037655750716682534e-01 9.321070922644261736e-02 8.309064993818041089e-02 8.306034028079035958e-02 8.388312858016337692e-02
1.575973567961390653e-01 9.372838071377319336e-02 8.602399917934965001e-02 1.219060929819097555e-01 1.215403358496703334e-01 9.891585694344201540e-02 8.657945371784461774e-02 8.141014634968379848e-02 8.147049840881294414e-02 7.082787905937466821e-02
1.259692334061080776e-01 1.011603975342191403e-01 9.486642081287485762e-02 1.144877602424150126e-01 1.141126296698006942e-01 9.199166505408996886e-02 9.549183045620375510e-02 9.150664060253582699e-02 9.171032980184222472e-02 7.870309241991046978e-02
1.633542097408439420e-01 9.559387510991800008e-02 8.621304788974507027e-02 1.200559356790832921e-01 1.197252649040536909e-01 9.397759535368396810e-02 9.016295789615329237e-02 8.097276506612693936e-02 8.100913631479543520e-02 6.893521204559641125e-02
1.349285190955915315e-01 9.911750753332913833e-02 9.232711728753464908e-02 1.128229688308814843e-01 1.125922494901514526e-01 9.118798008244985431e-02 9.507277564874619391e-02 8.980954507590482860e-02 8.988330000357921956e-02 8.225803695183160624e-02
1.284970598216422510e-01 1.009702721873027009e-01 9.491467596066757717e-02 1.109525773191587378e-01 1.107347148709235812e-01 9.992355522430181047e-02 9.503855044905180904e-02 8.831117551748268735e-02 8.837525922469065265e-02 8.228215942477817846e-02
1.495508036434134158e-01 9.329274560114066139e-02 8.400002890869778804e-02 1.252979774546578995e-01 1.250382273393033927e-01 1.026328268328971227e-01 8.617198032994033419e-02 8.009126610580238892e-02 8.006247663991518382e-02 7.386166714423179902e-02
1.306017055926139703e-01 9.442384277150106531e-02 9.335213405201873982e-02 1.116867003907384415e-01 1.115330232149460005e-01 9.457905531123524112e-02 9.461297471311282126e-02 8.945391476460839986e-02 8.947820938125594648e-02 9.027843980796937395e-02
1.332316476021867535e-01 1.006214707563522770e-01 9.601838536769133348e-02 1.096168315604275217e-01 1.094175882339001732e-01 9.321703239407382047e-02 9.335664704082480281e-02 8.894998758416951257e-02 8.901192174386457490e-02 8.655848771650921647e-02
1.385741079653328434e-01 1.011383602034981177e-01 8.861928117367992574e-02 1.162443758367748825e-01 1.159705332905430486e-01 1.021699136621545129e-01 9.287460959850661613e-02 8.509184528758717558e-02 8.514868823614318849e-02 7.416828474577967512e-02
2.063070943045499372e-01 8.929082555516865138e-02 8.336304891249912696e-02 1.047331970374035803e-01 1.047051900428311311e-01 8.859493603796783634e-02 8.282659836634834183e-02 8.134090815281933007e-02 8.124224781282932129e-02 7.759595377758279899e-02
1.666730056362591139e-01 9.441118414146389137e-02 8.487364383111603572e-02 1.155196341119848896e-01 1.152969272686923674e-01 1.040733799261706893e-01 8.605362242001381168e-02 8.101418430175796881e-02 8.101524538881056670e-02 7.106917297373067932e-02
1.429020868454201343e-01 1.003803955259909425e-01 8.737898455534269526e-02 1.192616579345026212e-01 1.189091074049850177e-01 9.992173271193045825e-02 9.026845610953236620e-02 8.347290221105437003e-02 8.355572974744618353e-02 7.394894695379519711e-02
1.238954598126946888e-01 9.897486419713165395e-02 9.525590279693117723e-02 1.103944468147829011e-01 1.102679312882350604e-01 1.084913670750673742e-01 9.583099853056421813e-02 8.423969738530902307e-02 8.421018947970865254e-02 8.843914261957527834e-02
1.181903286455713159e-01 1.061298234391076512e-01 9.232708770997631598e-02 1.091090511068545932e-01 1.091335963554870697e-01 9.974497033624953046e-02 1.001204043081019290e-01 9.124452045421473090e-02 9.112368845479752733e-02 8.287652918963936410e-02
1.399538534846038740e-01 1.000009404968952992e-01 9.378811593374766775e-02 1.127704562738563732e-01 1.126351427931362448e-01 9.287654500202960350e-02 9.108119756899048236e-02 8.826769200497239232e-02 8.825014366839580016e-02 8.037591277337223505e-02
1.267608589728400903e-01 9.958531215213471677e-02 8.938402847343496216e-02 1.158850315508395401e-01 1.155979604584663617e-01 1.035163896502064029e-01 9.658401706112543228e-02 8.815842214044705694e-02 8.825063453359460741e-02 7.627734500691084329e-02
1.477282881216621657e-01 9.764106775937884952e-02 8.812124417442153412e-02 1.173457066636601070e-01 1.170208773236335598e-01 9.648905987736702827e-02 8.976138536119641909e-02 8.337404722610097796e-02 8.345242095813419636e-02 7.906590253444514826e-02
1.342424279640151430e-01 9.945566641547831654e-02 9.227953978625254294e-02 1.148515539576255851e-01 1.144131527950858901e-01 1.036825597087266543e-01 9.350443419244983123e-02 8.826441570350504473e-02 8.848676036835367853e-02 7.081948910850735524e-02
1.426737991870129785e-01 9.877377772430488700e-02 9.066823019036364395e-02 1.145006223770258930e-01 1.142379446543183297e-01 9.353946993303165203e-02 9.270804864687152980e-02 8.751055517038058840e-02 8.758310555728722469e-02 7.780444655940324528e-02
1.427829801602595872e-01 9.983792741093010237e-02 9.061666311550774233e-02 1.151157299404439310e-01 1.148315823170448363e-01 9.112676463948356231e-02 8.957900592681569685e-02 8.789107295835689448e-02 8.798351032529275195e-02 8.023476320586482580e-02
1.348674544890271776e-01 1.000267731563711515e-01 9.038114073101087553e-02 1.126706626258418137e-01 1.124253665652277523e-01 1.009532161784880838e-01 9.267324678885521805e-02 8.610288804919276340e-02 8.617147906117594847e-02 8.372777235480925728e-02
1.362689158614409368e-01 1.003713138031982893e-01 9.118630495620622112e-02 1.150280000167983596e-01 1.147347619621084114e-01 9.595438148439823511e-02 9.132463140307266192e-02 8.726971888438279923e-02 8.736287982365760485e-02 8.049909180473652226e-02
1.267501025666361303e-01 9.992440813623955365e-02 9.292831834765033494e-02 1.165707474001256572e-01 1.163238786534925850e-01 9.619048722521950090e-02 9.204656129772124940e-02 8.887546325228852517e-02 8.892754998401233846e-02 8.146248313661412499e-02
1.419909692243291055e-01 9.670967470626404272e-02 9.090953657575595592e-02 1.174026491845083509e-01 1.173229824775392366e-01 9.223582779158168155e-02 9.150020996448349209e-02 8.592911317830730089e-02 8.583580417575052690e-02 8.016323272148025147e-02
1.447272929794122809e-01 9.882801237325898602e-02 9.081775134352335077e-02 1.162156277713356084e-01 1.160971496804386466e-01 8.985634415205957792e-02 9.157932590982355292e-02 8.731656874385776423e-02 8.725913745072896854e-02 7.730278959556118046e-02
1.470648552940959086e-01 9.413638509832533696e-02 8.839802196688349711e-02 1.154780813398622735e-01 1.152376191222248131e-01 9.949727032513476510e-02 8.933046035975314436e-02 8.341212611142180544e-02 8.343904246244358835e-02 8.400613791985483969e-02
1.436796819758616173e-01 9.608749812566430570e-02 8.547959422235212879e-02 1.156651474357106996e-01 1.154740107319795206e-01 1.134540214197498481e-01 8.869892815235173866e-02 8.085760170844394357e-02 8.083385636369089244e-02 7.976965986419527754e-02
1.234690079450629085e-01 1.028284908068766712e-01 9.361976717905402812e-02 1.154410482105188707e-01 1.153011164806735100e-01 9.627948567218437559e-02 9.528212534166832781e-02 9.047742854147775016e-02 9.046012838638499420e-02 7.684140143609849427e-02
1.634137655723197635e-01 9.518301339719283105e-02 8.617296553418765659e-02 1.176631779617628992e-01 1.174969075592112722e-01 9.318566049998378009e-02 8.734603455751624446e-02 8.203110668998335464e-02 8.197669985910983892e-02 7.553066836873233159e-02
1.315942170380899057e-01 9.945120622212082206e-02 9.012484646151326662e-02 1.162566326906308428e-01 1.159861717909947826e-01 1.024218835868711680e-01 9.298814905404699516e-02 8.736085209837252119e-02 8.742476878971479348e-02 7.639127226764493017e-02
1.440038700256827953e-01 1.001492678226127003e-01 9.023779371901462232e-02 1.117846445114656501e-01 1.117009078201087607e-01 1.000154730945639336e-01 9.025450441999018081e-02 8.457442884494197066e-02 8.449650870754810139e-02 8.278260103407138193e-02
1.367145869221190468e-01 1.022621878509245158e-01 9.141346605732716957e-02 1.191701897533331694e-01 1.187177024747374937e-01 8.956132677535454112e-02 9.445282691626594174e-02 8.847593082422477995e-02 8.867055804188234136e-02 7.056122438383100048e-02
1.586973203992863568e-01 9.656548552378001193e-02 8.754463191008426959e-02 1.184357019680330608e-01 1.182823518309981947e-01 9.190365359701055392e-02 8.847408613306168013e-02 8.377998603364067431e-02 8.372056702540535411e-02 7.259621557869981590e-02
1.390844468712223447e-01 9.425496944763447904e-02 8.715162757295816243e-02 1.187599046735742514e-01 1.185535877829117235e-01 1.007927422015461733e-01 9.113569863076181887e-02 8.371575771138324573e-02 8.370663549918873347e-02 8.284462960881909532e-02
1.424820656021782150e-01 9.960436925205964909e-02 9.153520108945641109e-02 1.115034362977202348e-01 1.112207730100027714e-01 9.568749189556156887e-02 9.228659055827213853e-02 8.824323447486084881e-02 8.836252622127203915e-02 7.907431159861622039e-02
1.412533269637839262e-01 9.460582307618158049e-02 8.808840622418386002e-02 1.185210571639079280e-01 1.182362444251050804e-01 1.057531346457064036e-01 9.126552682834017383e-02 8.315029224612696668e-02 8.318750830786411643e-02 7.593868011879990887e-02
1.216303786770388251e-01 9.472595488293322763e-02 9.694872512515599616e-02 1.092704413726802437e-01 1.091916329382461304e-01 9.391248643428289078e-02 9.766402496953111023e-02 8.926589378633777161e-02 8.922928045023716115e-02 9.816118136355658774e-02
1.437266803118753544e-01 9.942992427648174314e-02 8.974018250387155726e-02 1.126774628398579253e-01 1.124658794176500165e-01 1.008001906173849049e-01 9.210748299418310137e-02 8.608010141115735037e-02 8.612027291656300376e-02 7.685182271097500128e-02
