9.969992295279837824e-02 9.179039678825218207e-02 1.090928124087390955e-01 1.165043741640052338e-01 1.169343888836324452e-01 1.151721525053881340e-01 9.108709686551014206e-02 9.108210909264166655e-02 9.249071002365547023e-02 7.614603631537718298e-02
9.652288683254700574e-02 8.990508845392711224e-02 1.117792487750326608e-01 1.183548383371076373e-01 1.194569754151284940e-01 1.091449015599003369e-01 9.043539282249114797e-02 9.036799029487838086e-02 9.395415777538074220e-02 8.007851973360649578e-02
9.877901397085146751e-02 9.315967975093709941e-02 1.075476267030980038e-01 1.156315206842315063e-01 1.163383926266365470e-01 1.079167333370528725e-01 9.120363856953847548e-02 9.117206291134780094e-02 9.540220400737971229e-02 8.284912743892651477e-02
9.865062928520489105e-02 8.776804928201002720e-02 1.219673180739308804e-01 1.149084081215484138e-01 1.156336592826675003e-01 1.154972635612482590e-01 8.823631322480171568e-02 8.819504267550484777e-02 9.424195867729405485e-02 7.490135781578945162e-02
9.588004126071802968e-02 8.825710101910129446e-02 1.159379462138902944e-01 1.208979751419080040e-01 1.218378092840033539e-01 1.105493194782328353e-01 8.951856086137097157e-02 8.950541250722512943e-02 9.126115430130908590e-02 7.635467993224098748e-02
9.402902877755001110e-02 9.000756624413593088e-02 1.153987890181460418e-01 1.122422911990284405e-01 1.126013132184628257e-01 1.030434696316535337e-01 9.221582604820649509e-02 9.226094755596520036e-02 9.643532323978118437e-02 9.176544506707035032e-02
1.003429715573617292e-01 8.916958038986848301e-02 1.137402999918309676e-01 1.195978527667007768e-01 1.200809530230131511e-01 1.124881063666364200e-01 8.905079688772252200e-02 8.906461225455836184e-02 9.238386248512454879e-02 7.408096427718303956e-02
9.578645587439282849e-02 8.799818779549987979e-02 1.219988424325049586e-01 1.147993543925635435e-01 1.154919838303762880e-01 1.108796667903699379e-01 9.061846144224136590e-02 9.057869254691444660e-02 9.249359527026096428e-02 7.935475962487582857e-02
9.883965497217468699e-02 9.232084404072420092e-02 1.072888628909406394e-01 1.148799376441990983e-01 1.153715494840431705e-01 1.103138408037827867e-01 9.241934526668757477e-02 9.238897772712936773e-02 9.217428713021351416e-02 8.400270004010489122e-02
9.916657990658939159e-02 8.914740088508996130e-02 1.128248626828575740e-01 1.172979099854911250e-01 1.182944019202882280e-01 1.129395529309680235e-01 9.041652738334275685e-02 9.035452430937808421e-02 9.059558892574606781e-02 7.896265107024882934e-02
9.659136418315804329e-02 8.606914237257426437e-02 1.213677368744756901e-01 1.196666990991718527e-01 1.209439260243498765e-01 1.078196608281414837e-01 8.827963469033109356e-02 8.821544497529761053e-02 9.178453443697161263e-02 7.926185651552843103e-02
9.777870706393401723e-02 8.839490347124691338e-02 1.152262890134697765e-01 1.200589076492998286e-01 1.212405394076503801e-01 1.183503113437115034e-01 8.670490617216351781e-02 8.663839196762752881e-02 9.117799455809788567e-02 7.442904935279866241e-02
9.825297052199732928e-02 8.710903245664962380e-02 1.161149871123269006e-01 1.137125617980543069e-01 1.139070252439218639e-01 1.188970809845481397e-01 8.967268505963353620e-02 8.970935381229096228e-02 9.215391901424162258e-02 8.047038399633567318e-02
9.586729348009948026e-02 8.485699038907437708e-02 1.316002758170405629e-01 1.187415843139432436e-01 1.199265085222308985e-01 1.194373271673517117e-01 8.520362056546602891e-02 8.514503834358586043e-02 8.703374272371956766e-02 7.218761867748826888e-02
9.714517604202171919e-02 8.660975733520678843e-02 1.255380810569619587e-01 1.187181199600591125e-01 1.195797601255916415e-01 1.156940160583919130e-01 8.740467520929717793e-02 8.737734875870611928e-02 9.001375018232453395e-02 7.191931527143899383e-02
9.613307073549333392e-02 8.817966889704700884e-02 1.190641789562325858e-01 1.201598297021633371e-01 1.213514805808374591e-01 1.129808997432278361e-01 8.687624702096757856e-02 8.683296790080703709e-02 9.164107861597969862e-02 7.678057784724411083e-02
9.746275790799516225e-02 8.991743767031840084e-02 1.138015923594040829e-01 1.144766105128491446e-01 1.154724541938765975e-01 1.130160782839618044e-01 9.065939361689943909e-02 9.058465927702558096e-02 9.279844032114728525e-02 8.181057585652255770e-02
1.009505085833855981e-01 9.407622371781029780e-02 1.082518660996180382e-01 1.149646080774901769e-01 1.156013514611156090e-01 1.094017084453015598e-01 9.310020600587681772e-02 9.302674841098000635e-02 9.476477873866337442e-02 7.586200045975860506e-02
1.012012332181943808e-01 8.868859628333251865e-02 1.053152801962463775e-01 1.217773171767398827e-01 1.226016298586602993e-01 1.157264866839029099e-01 9.004923809993557737e-02 9.000660970029195074e-02 9.260656824934751508e-02 7.202704053334857415e-02
9.757496572020146752e-02 8.552299799510237888e-02 1.214632863689038139e-01 1.163857126103544776e-01 1.170062803278233976e-01 1.140668539242780111e-01 8.899846927081148107e-02 8.898061106530372188e-02 9.103781295301441312e-02 7.896300976420682349e-02
9.762760911376433537e-02 8.770077289363907569e-02 1.115350749899473304e-01 1.209728033108592449e-01 1.219435870152051765e-01 1.126902900403767976e-01 8.957868768477868227e-02 8.954365759732203778e-02 9.186699394471370406e-02 7.654052340939358767e-02
9.798062041226703045e-02 9.023842477366106340e-02 1.168195039459603707e-01 1.141786668182901421e-01 1.151997704727890787e-01 1.081674943021967011e-01 9.087648489719540867e-02 9.079052763332488840e-02 9.459351373226942972e-02 8.115499301204592841e-02
9.571812146903731222e-02 9.048352578090591847e-02 1.164982096352439600e-01 1.165250803206129143e-01 1.174437697142827475e-01 1.113112651319714819e-01 8.952651351198848140e-02 8.948366682550559781e-02 9.060615775416439033e-02 8.240368985628716836e-02
9.498308325174237288e-02 8.659972305487560751e-02 1.288658360999444807e-01 1.164709085208157219e-01 1.172929060957632191e-01 1.120882648319377339e-01 8.909858160829824125e-02 8.905415906790094260e-02 9.003417103138104671e-02 7.551236643734061948e-02
9.652406986154006552e-02 8.993026553918903598e-02 1.076273624500937304e-01 1.183583641880563975e-01 1.189875131854122720e-01 1.150253207165920777e-01 8.985264631066493257e-02 8.985432260625240974e-02 9.049135890883111544e-02 8.334877623336788000e-02
9.127003411433133595e-02 8.248452159025206065e-02 1.832149596265203739e-01 1.119818523683134281e-01 1.127076905115588223e-01 1.089360857622648088e-01 8.144075025143807101e-02 8.140887504008773035e-02 8.238072313360025878e-02 6.417450760163311008e-02
9.885419348457347155e-02 9.337279945124504765e-02 1.052831409237659221e-01 1.153511327339176579e-01 1.160608004316997510e-01 1.114602576410612944e-01 9.224038568387973869e-02 9.219518676930764378e-02 9.355538094540352678e-02 8.162672193514598773e-02
1.019480047559303965e-01 9.115926584295509782e-02 1.125696536758564459e-01 1.140602577451671762e-01 1.145696720146797964e-01 1.092945368818969420e-01 9.038615759404325378e-02 9.039183551911728065e-02 9.365472678764953651e-02 8.196588918270406032e-02
9.905965032701101458e-02 8.856956008202039599e-02 1.155804157044660468e-01 1.171051854449722679e-01 1.180373736809243873e-01 1.124929448876264976e-01 8.944329891842124625e-02 8.939986230158809832e-02 9.113338991060615513e-02 7.917831874236390399e-02
9.798471220707230533e-02 9.043567745510747158e-02 1.195300291792315978e-01 1.125513777257161618e-01 1.131279006942154525e-01 1.106068422242396931e-01 8.923646613966575158e-02 8.921067818006751804e-02 9.410264446379397463e-02 8.321367173089007363e-02
9.941856532735288132e-02 8.836652608122065600e-02 1.137217631739366047e-01 1.210971029027118340e-01 1.220134393378514426e-01 1.134673258992982825e-01 8.815291172572363443e-02 8.813524409467010656e-02 9.145399591185952859e-02 7.417312554537504321e-02
9.927697607644109246e-02 9.035924342054406366e-02 1.128933172980827737e-01 1.165818530083529703e-01 1.176830344817750423e-01 1.147518433473304761e-01 8.978241023827468470e-02 8.970571195618215476e-02 9.088287764317565243e-02 7.808273252984110346e-02
9.831125035249788091e-02 8.801090628090459111e-02 1.139663117005194487e-01 1.167946047267473253e-01 1.178787204274239775e-01 1.161670441832949319e-01 9.045475064462052406e-02 9.038048969557407886e-02 9.153104474198500706e-02 7.650487724643226239e-02
1.056972968503662180e-01 1.028245125551175698e-01 1.037572113541756769e-01 1.051640881229986141e-01 1.054271157152454758e-01 1.038830210715272345e-01 9.310351516290495122e-02 9.308856172794187367e-02 1.016780464558682817e-01 8.537663098385406268e-02
9.509320848749100441e-02 9.091549676523502654e-02 1.136816922192394191e-01 1.125627212192107929e-01 1.129222896073386051e-01 1.057949329120342202e-01 9.329420093130658120e-02 9.331017782857603526e-02 9.592072424200759340e-02 8.650455578756068020e-02
9.750001106964562014e-02 8.379937734255224480e-02 1.335577748253622965e-01 1.181419406970830727e-01 1.190348014343954597e-01 1.149625791871208003e-01 8.377777790946357162e-02 8.376475173572328625e-02 8.746115022781300596e-02 7.799983557084062824e-02
9.844735097870295493e-02 8.907064128979540196e-02 1.273864806253114379e-01 1.167043801388848862e-01 1.172523497493508093e-01 1.185125245987598552e-01 8.630192889047683114e-02 8.630307619173473166e-02 9.123519169273543172e-02 6.878607584424771548e-02
9.866696566190741313e-02 8.981357634868911144e-02 1.067454036193159345e-01 1.210302352888456140e-01 1.219133348574719528e-01 1.135620829223448203e-01 8.969983316538701623e-02 8.966989486201992765e-02 9.085312236688104781e-02 7.804555090713709287e-02
9.258608740898920109e-02 8.474926644391575503e-02 1.271842717465225259e-01 1.227090459189735111e-01 1.236299491352611801e-01 1.139699836890188805e-01 8.564679359178910267e-02 8.565053195477626002e-02 8.725538230743216939e-02 7.661868780332140028e-02
9.548305502687616519e-02 8.464330833647133734e-02 1.258052082035032715e-01 1.205458471073570376e-01 1.215443867953695523e-01 1.175170481026619473e-01 8.668982564651334100e-02 8.667620114753536720e-02 8.809015532543749971e-02 7.300496430827446703e-02
9.678609809879919201e-02 8.712611501815038795e-02 1.185093078727487564e-01 1.194913906660879238e-01 1.204450222125393599e-01 1.111037963183736238e-01 8.928606594876316305e-02 8.924842508462987878e-02 8.890217579656405078e-02 7.910160298334360796e-02
9.806816225729972358e-02 8.833503786377924771e-02 1.199007322783000873e-01 1.146671701695666096e-01 1.156104639854375477e-01 1.137058324758931649e-01 8.937205953474090803e-02 8.931993436462012936e-02 9.217094698890312965e-02 7.884966008145949390e-02
9.743016656169906087e-02 8.673389662012927215e-02 1.118847579776962864e-01 1.204634339703187645e-01 1.210924325330620527e-01 1.122410730636313886e-01 8.875006749489587621e-02 8.875347753826369479e-02 9.184369194125403812e-02 8.080700229904955179e-02
9.940402601380396441e-02 8.938457812178887685e-02 1.159668467080297860e-01 1.176233690873161319e-01 1.186371958889048950e-01 1.145341787092106073e-01 8.914662609397901172e-02 8.907868506373174677e-02 9.058044503506423872e-02 7.564404927817068580e-02
1.025675476378425516e-01 9.286391284176789829e-02 1.127541170208321147e-01 1.150940535839440060e-01 1.157476206654395462e-01 1.143546519175972220e-01 8.975695170588145200e-02 8.972964042559651576e-02 9.233019237112380373e-02 7.480131182997487582e-02
1.016364903392213692e-01 9.003768510964536842e-02 1.113360172226158240e-01 1.159497328681345640e-01 1.164064970003156341e-01 1.105522055513954299e-01 8.918930867022333009e-02 8.920962737539128717e-02 9.386671252792715137e-02 8.181572333513004169e-02
9.914924134917836585e-02 9.060340343421703635e-02 1.188790207029360030e-01 1.176144367456597589e-01 1.179466429389930821e-01 1.202851464872949222e-01 8.857781510751303045e-02 8.860057439927465639e-02 8.834394271715438618e-02 6.999977611777875863e-02
9.991633814443089123e-02 8.959801203320005847e-02 1.101956739200954244e-01 1.203795548561056306e-01 1.212264953550845070e-01 1.191677208945492866e-01 8.692914523083737632e-02 8.691492824928227778e-02 9.103640147288370732e-02 7.463572984353086803e-02
9.971154251770325549e-02 9.139270213768967144e-02 1.150217947962125231e-01 1.150713007261420923e-01 1.156642373331656509e-01 1.086615133216543710e-01 9.106089889634547130e-02 9.105089221599382832e-02 9.149178990370508691e-02 8.087332815138804920e-02
1.034696537805973732e-01 9.202088723747268995e-02 1.152550650476915073e-01 1.145293231101039283e-01 1.151406748725103818e-01 1.072674730066188326e-01 8.996440353608853302e-02 8.994839732116413633e-02 9.586704670932146011e-02 7.653707537843118525e-02
1.041243314244282153e-01 9.546429833722124003e-02 1.073129212579309599e-01 1.036934632033944814e-01 1.038834896726323620e-01 1.017524103955787657e-01 9.679154483093060923e-02 9.680014740808265405e-02 1.002014780901221147e-01 8.997591537967862541e-02
1.000706584695915530e-01 9.024744106788550047e-02 1.126125166014116802e-01 1.155985425572407244e-01 1.163942626964570570e-01 1.102110719530911137e-01 8.944290865814788494e-02 8.938925995031406224e-02 9.475270117281633930e-02 8.128063687304407092e-02
1.040086735359248282e-01 9.377244995740581512e-02 1.040501350511823381e-01 1.107786075057749925e-01 1.114996166974102643e-01 1.091579650974455612e-01 9.310893579265080988e-02 9.303620946935849123e-02 9.853488185327580196e-02 8.205252503957111143e-02
9.877549546732118657e-02 9.120074072586438485e-02 1.126336856531650055e-01 1.110960255111079903e-01 1.121556797315066967e-01 1.062134004283543376e-01 9.355194540349993926e-02 9.342524934221141386e-02 9.717196779449047139e-02 8.377580994247856017e-02
9.642419462645659967e-02 8.742745591799065685e-02 1.256621900992268559e-01 1.196124770716301827e-01 1.206325971604433195e-01 1.145459083568297204e-01 8.476440062119625085e-02 8.474515514971378560e-02 8.977990971789819030e-02 7.640571127861443823e-02
9.917316576682837226e-02 8.859582461256383656e-02 1.215199747628916416e-01 1.199990878736349742e-01 1.206710126478494072e-01 1.181105074814490230e-01 8.695765148758990981e-02 8.695470663068197159e-02 8.800605581686045398e-02 7.001201291965038209e-02
9.639231189115665677e-02 8.463676414830254013e-02 1.299516717706524493e-01 1.208071786199052255e-01 1.218532132435095477e-01 1.155017427163475136e-01 8.338883455536504063e-02 8.339260796825763433e-02 8.849104487465643543e-02 7.558463021184698427e-02
9.691581125997618396e-02 8.644770882279882718e-02 1.287247776487780160e-01 1.179235873431745407e-01 1.183775198912756788e-01 1.196562810985872805e-01 8.617202979932718498e-02 8.620205286849996762e-02 8.673573003765454315e-02 7.284450122992779109e-02
9.938918967836374296e-02 9.025717488598546112e-02 1.120869126957189377e-01 1.169447567180065956e-01 1.176027509318205017e-01 1.146825538141204859e-01 9.027203848303771982e-02 9.025188512167520161e-02 9.208056381806008217e-02 7.643217385321127155e-02
1.024205950271893512e-01 9.418265589415825145e-02 1.131971722086139581e-01 1.120694245171160869e-01 1.125911141638126778e-01 1.089642827909638595e-01 9.100674578682949045e-02 9.099736521052811944e-02 9.311441532382171149e-02 8.145622907696650761e-02
9.513627041394344397e-02 8.470997521210056613e-02 1.214622879032287439e-01 1.225350337390235383e-01 1.236519906608968128e-01 1.100496753571296588e-01 8.621560170455157268e-02 8.619967652440664596e-02 9.075705877454635917e-02 7.928242971017264440e-02
1.046609392680728917e-01 9.374561108268016085e-02 1.094391422352387483e-01 1.081234672394618401e-01 1.084502100676164732e-01 1.083419938815306516e-01 9.313631919700761375e-02 9.314818539330703417e-02 9.625144355117920547e-02 8.470268808390540860e-02
9.588147619996864601e-02 8.944162696898677600e-02 1.160456148677990462e-01 1.168529366941477854e-01 1.180179377426213150e-01 1.107619190103227153e-01 9.012298253742845322e-02 9.003717585018286562e-02 9.092991855462560780e-02 8.190841157391676175e-02
1.003166557741899945e-01 9.193339805107050844e-02 1.116177533784365045e-01 1.173741364602309406e-01 1.183766835399600592e-01 1.103496444837262086e-01 8.970915551420464984e-02 8.964094287679248707e-02 9.406436309855945033e-02 7.661726682282919698e-02
9.541097433157480490e-02 8.670886690219013759e-02 1.156547372393347262e-01 1.112467524708170286e-01 1.116754443444896716e-01 1.074359252667506370e-01 9.395592020040495485e-02 9.396501539763424393e-02 9.526713483704811469e-02 8.867922900975572231e-02
1.004144609673181948e-01 9.124234650562867976e-02 1.038714492266545331e-01 1.188688161555760403e-01 1.193375572549421615e-01 1.160480585263107822e-01 8.984193941639033454e-02 8.986204921342035024e-02 9.318837306158110623e-02 7.732494967217784509e-02
1.021306421948791898e-01 9.249483358899215912e-02 1.150060378154689478e-01 1.135653390379330885e-01 1.141851069663206569e-01 1.185812963929867292e-01 8.861328888373683210e-02 8.861777378248297810e-02 8.959025787790819706e-02 7.721542345929120754e-02
9.748212147395872440e-02 9.044318036340118216e-02 1.203579822760319079e-01 1.131046293696228860e-01 1.137579738466446277e-01 1.146120116457241128e-01 8.951528991541150837e-02 8.948028686015754851e-02 9.098816979953741613e-02 8.025835444951004427e-02
9.937109620376172181e-02 8.993207497929647798e-02 1.172741632249880706e-01 1.156819086876767488e-01 1.162532643675926597e-01 1.124221858193380635e-01 9.000692183750658160e-02 8.999144733584300837e-02 9.170238577591864615e-02 7.736455176807803535e-02
1.005993256079765474e-01 9.174436133045339725e-02 1.055710092570114333e-01 1.154527626751677971e-01 1.158536519195756814e-01 1.112707716776910744e-01 9.155443607710095355e-02 9.155633003592408836e-02 9.375757489188935034e-02 8.263977652720973233e-02
1.003980749985702026e-01 8.825027780089839124e-02 1.237479794856352483e-01 1.137998232602627224e-01 1.144142383075929525e-01 1.068483860613169134e-01 8.826791831430456925e-02 8.828261118626036519e-02 9.377107173232129833e-02 8.221961885283733673e-02
9.662640212707604426e-02 8.838689036949298750e-02 1.214261044962597069e-01 1.177047740088257716e-01 1.186276589470722925e-01 1.126181515841884889e-01 8.841698490217769768e-02 8.836526913895167978e-02 9.103972362177056854e-02 7.678804080418480393e-02
9.831110530474036768e-02 9.134270555410761716e-02 1.222922083007757926e-01 1.125337890935277224e-01 1.133664357137930262e-01 1.145591402017063221e-01 8.917355931654166734e-02 8.912538036570387401e-02 8.971938665698259152e-02 7.957628949212097735e-02
9.962137716361807449e-02 8.892901653478481327e-02 1.244930351209965341e-01 1.163886496017371985e-01 1.170667188600403030e-01 1.190197785116257484e-01 8.546404025719585296e-02 8.547169195766093908e-02 9.045827012545838708e-02 7.308742186688216291e-02
9.573015211774807409e-02 8.670424552529248929e-02 1.277126162128185138e-01 1.190620277560119206e-01 1.196814696559129199e-01 1.163843046691188376e-01 8.624936030282892574e-02 8.627673268628772985e-02 8.704405157676467497e-02 7.515503949721603905e-02
9.578274440804415701e-02 8.964121256749445210e-02 1.195567531042514703e-01 1.226517944852261732e-01 1.235120737456697343e-01 1.130878529629843199e-01 8.542272268714078132e-02 8.544805535939781205e-02 8.934376817911292290e-02 7.555302250067817693e-02
9.837375260210531880e-02 8.687356181325533999e-02 1.210119670388954960e-01 1.194611451014205988e-01 1.203123986721615357e-01 1.194820509240514528e-01 8.608850356532446457e-02 8.609193177739539460e-02 8.838156710642935954e-02 7.392312139896101142e-02
9.692433307661164898e-02 8.782888308649902664e-02 1.202797637098263067e-01 1.156188314810950302e-01 1.166951287070046167e-01 1.080277489261595864e-01 8.974341192161340575e-02 8.966338133125127674e-02 9.459982928895380172e-02 8.061868847098527247e-02
1.079829789977248961e-01 8.904780148798435713e-02 8.256654587861853023e-02 1.364373374373278880e-01 1.373729450511508854e-01 1.280677742210047376e-01 8.854933525466646138e-02 8.843991104108725465e-02 9.337079871286278754e-02 4.816457191757219508e-02
1.031833854100117354e-01 9.212593375792246797e-02 1.128587135478361370e-01 1.140014661734061602e-01 1.147127778131383780e-01 1.125796259595641391e-01 9.073206279466550228e-02 9.069606544904990075e-02 9.292625573743337752e-02 7.618371335697222968e-02
9.970211399324682700e-02 9.104257126463308203e-02 1.132911745168213441e-01 1.160562544420848941e-01 1.169018533220046313e-01 1.136555489818241033e-01 9.009608693667862933e-02 9.003744351556175474e-02 9.156573223312020060e-02 7.765122079402453359e-02
9.705751270116866336e-02 8.747597595894684996e-02 1.149709965007321838e-01 1.185288181952122710e-01 1.194120803363513117e-01 1.120350768047183310e-01 8.980170013558773368e-02 8.977688818476316224e-02 9.148133156699360391e-02 7.945961961552584774e-02
9.382773420316921353e-02 8.453877334937895394e-02 1.256339963082281075e-01 1.158488256431128849e-01 1.166716308046238243e-01 1.154251292147698144e-01 8.871440901807986501e-02 8.869849604058838155e-02 9.100173672683085913e-02 7.963926869121805419e-02
1.004480393187453663e-01 8.805052243838294712e-02 1.177052702004972307e-01 1.201049823762533469e-01 1.210492677013597501e-01 1.180020409141490784e-01 8.596281320862113329e-02 8.593184671725331847e-02 8.907586634012119864e-02 7.366935078461665787e-02
1.015175984268718162e-01 9.342904690543329949e-02 1.155258708511407023e-01 1.136585873557984933e-01 1.142391568409375224e-01 1.144257140897217973e-01 9.035699613744944958e-02 9.034685919489968131e-02 8.911815343732573669e-02 7.738201676042148758e-02
9.894104974992513901e-02 8.870245022311798455e-02 1.168735328048365052e-01 1.199130060586250934e-01 1.209246753668484359e-01 1.140416717696763893e-01 8.901195371470943529e-02 8.893655489707411044e-02 9.219609809471158990e-02 7.045900732047528925e-02
9.419113915253181368e-02 9.097530325735672663e-02 1.167873683506806259e-01 1.171800162483936231e-01 1.181584615802187821e-01 1.079801616175352363e-01 9.007286372797140839e-02 9.003115743209856581e-02 9.038199014087686112e-02 8.424153849233637081e-02
9.851758112660956301e-02 8.693378283531034978e-02 1.208095760519520140e-01 1.199141218451253571e-01 1.212818325399434433e-01 1.128531940633608621e-01 8.729791503858748414e-02 8.720360821662312412e-02 9.038114136644453955e-02 7.480724691604322130e-02
9.826457213051659201e-02 9.436740850036966222e-02 1.137802629479001126e-01 1.116179993254675373e-01 1.123012371093876083e-01 1.093993562630032612e-01 9.053759895847789119e-02 9.049737825553236248e-02 9.468226219148381806e-02 8.455192431786116847e-02
1.027149324561894839e-01 8.848528243131136006e-02 1.044561956425865273e-01 1.186915979719206926e-01 1.194007236922955267e-01 1.197731934145976618e-01 8.983107232834053324e-02 8.980818331391467180e-02 9.327665294306576593e-02 7.356216580577774888e-02
1.008550783576164511e-01 9.246432999517353868e-02 1.173505503384499882e-01 1.164018199547056931e-01 1.170372833608616381e-01 1.135029455378399887e-01 8.814277543912540924e-02 8.812656343487278165e-02 9.052111802808929242e-02 7.559753555326520491e-02
9.750475010874254389e-02 8.864320835292942291e-02 1.283853272443488680e-01 1.169225061704222274e-01 1.179458045506176916e-01 1.140424107446744578e-01 8.510226953704015662e-02 8.506826082619146912e-02 8.991861070133749800e-02 7.646685176369572012e-02
1.031087900400198543e-01 9.485244539821752197e-02 1.106616695042260401e-01 1.108493866483322848e-01 1.113953725663392319e-01 1.055517054209008515e-01 9.237713109198218697e-02 9.236081460648382091e-02 9.659015572816984085e-02 8.225252899532826956e-02
9.767306287189066183e-02 8.858793518467499017e-02 1.153925186528873409e-01 1.192536666946352047e-01 1.202079175745845718e-01 1.139539356789991409e-01 8.882601319482645585e-02 8.879143630067215520e-02 9.050207451513696266e-02 7.681143933169247429e-02
1.026001664396800905e-01 8.947995104942131628e-02 1.090943362153566909e-01 1.136113535250913020e-01 1.142214422992759437e-01 1.140452991977718711e-01 9.016867991298897766e-02 9.015132442321928397e-02 9.451002687737604380e-02 8.211742005981848003e-02
9.699341590364356225e-02 8.915920930533069444e-02 1.115188990778302608e-01 1.187559295812525700e-01 1.195996412259845015e-01 1.122934542974387967e-01 8.984776481937481463e-02 8.981749121117985069e-02 9.082219118506806854e-02 8.119200339289686652e-02
1.036021408306018465e-01 9.178932662869750125e-02 1.203890851784940458e-01 1.117459787897267798e-01 1.123186030101433058e-01 1.070332865836024772e-01 8.886032978280429540e-02 8.885094837132834211e-02 9.656086678459836758e-02 7.884943404000302469e-02
9.835281773067909572e-02 8.678202467162048073e-02 1.161135945886462295e-01 1.220896965947919632e-01 1.232520565124299028e-01 1.107293819310411626e-01 8.786083605663107254e-02 8.782990065011073155e-02 9.005797515144069176e-02 7.693171611260868348e-02
9.306244995759588301e-02 8.467815107569644228e-02 1.259302660948041497e-01 1.221443128483157836e-01 1.233184723122595639e-01 1.085682777769498841e-01 8.603453679785855179e-02 8.600738422526095495e-02 8.940472819305694818e-02 8.085142071820186627e-02
9.837407894998792535e-02 8.519212189874132701e-02 1.134199574620725903e-01 1.145074723320254478e-01 1.151079696107128181e-01 1.111961282249542271e-01 9.138184528210598068e-02 9.135839350818697469e-02 9.553892152452778119e-02 8.392311120668491387e-02
9.890576082510449396e-02 9.207322144353657922e-02 1.115404499344145317e-01 1.193732284216883904e-01 1.201898565418495629e-01 1.157148608769144882e-01 8.864531146542856122e-02 8.861327001216820487e-02 9.208860138331091683e-02 7.285543909558425679e-02
1.022621628711987557e-01 9.229966725561608576e-02 1.155697400497611854e-01 1.114891130559659410e-01 1.119821138978737141e-01 1.064707797894374475e-01 9.002867872895534140e-02 9.003879108836938816e-02 9.143454555171130760e-02 8.842440771111086117e-02
9.377867641022312462e-02 8.411783996063512681e-02 1.257823987370326746e-01 1.205798612895747357e-01 1.217848465417716297e-01 1.121882633392983220e-01 8.651090514233505946e-02 8.648594944240962923e-02 9.079240741350988464e-02 7.797885172320988267e-02
9.577341486424383044e-02 8.916156027397258155e-02 1.169403179090376388e-01 1.231863910553439856e-01 1.242805522969007564e-01 1.149923481075939558e-01 8.844873357936507141e-02 8.839213961789459117e-02 8.795322758274953800e-02 7.087131471289809248e-02
9.885136366957276988e-02 9.133330407103625037e-02 1.087783470970588029e-01 1.194634615632565733e-01 1.200849012936475724e-01 1.139023253253328566e-01 9.111106549038699987e-02 9.106867147911598681e-02 9.207579602686703779e-02 7.333076398372515015e-02
9.655619049887671779e-02 8.966728047921504463e-02 1.188699178590914840e-01 1.192767544620746828e-01 1.201480192339360875e-01 1.158912455128528335e-01 8.849556521621394778e-02 8.844213382820789726e-02 9.217920979865415476e-02 7.047368311087716386e-02
1.048209722374978670e-01 1.012527613332464549e-01 1.011480699180625914e-01 9.957935131243489391e-02 9.938406739680959168e-02 9.655082577894001650e-02 9.973927456594056107e-02 9.978465858085926177e-02 1.047532876843725730e-01 9.298673119183618885e-02
9.303096135316193949e-02 9.513057756367930551e-02 1.066958528184285965e-01 1.020172702482371602e-01 1.018842711207427199e-01 9.978144753369508346e-02 1.017050473313525910e-01 1.017418103984813194e-01 9.815543915294351607e-02 9.985732247927774086e-02
9.995093410147103119e-02 9.208376072498940246e-02 1.229955152486277153e-01 1.106417217354830063e-01 1.111151984934691528e-01 1.127346128020054183e-01 8.852003078030640237e-02 8.854096192884525207e-02 8.923606931057234681e-02 8.418119487423031400e-02
9.841262285900527484e-02 9.300226222124367836e-02 1.163785140573749266e-01 1.126841517331766407e-01 1.132405910901379958e-01 1.120207430020465217e-01 9.088911673019887949e-02 9.087748138040473156e-02 8.872293682609068421e-02 8.377158010032062507e-02
9.701149471471617880e-02 9.065959302437226475e-02 1.250146606866992527e-01 1.154674641200407054e-01 1.161864034815414948e-01 1.126168039061177240e-01 8.915199089621456130e-02 8.911971599454679427e-02 8.911630893308247758e-02 7.565556424266856039e-02
9.919392062496401596e-02 9.050748572185264573e-02 1.100526004782070161e-01 1.154595075919915559e-01 1.163177971370627645e-01 1.119813857858902861e-01 9.107588987347536857e-02 9.100068062122362855e-02 9.372457098134551190e-02 8.068616118398712345e-02
1.012122774247453533e-01 9.004736576853163144e-02 1.159129166798525401e-01 1.166157674475036266e-01 1.173989896461444249e-01 1.149894314667758710e-01 8.810242824803296569e-02 8.806377196421116826e-02 9.224152450472031251e-02 7.541552684948209240e-02
9.989197437228619636e-02 8.970400541732367894e-02 1.126335678888241432e-01 1.168284752598478526e-01 1.173334994639583795e-01 1.117829958476588975e-01 8.953553838490378725e-02 8.954702745950020304e-02 9.385764984363013930e-02 7.888526606206663905e-02
9.984296931786899865e-02 8.996566758728608004e-02 1.093844495717530840e-01 1.218736335354226596e-01 1.229843727875825909e-01 1.132833100826413225e-01 8.894878407015446853e-02 8.888037202110034285e-02 9.180443432246022939e-02 7.303200670373020953e-02
9.913801851647721652e-02 8.723194817493382103e-02 1.185774707306341824e-01 1.128954128665904805e-01 1.133177312441926432e-01 1.213930940475927700e-01 8.942763998122052471e-02 8.944241361812822755e-02 9.091710464749347409e-02 7.765916617273666001e-02
1.023369996877916965e-01 9.051653095041134467e-02 1.154967056587119928e-01 1.134503547499595560e-01 1.137755879627927319e-01 1.088792695309388353e-01 9.066439362256333012e-02 9.067948535650699471e-02 9.371315864216642200e-02 8.048751383815701266e-02
9.918413002903836428e-02 8.634500882163670399e-02 1.125588919868659998e-01 1.205665932797570922e-01 1.214469196683405777e-01 1.150326806261332407e-01 8.876647679917679112e-02 8.872462393418606430e-02 9.232489006391522701e-02 7.504978479094999433e-02
9.930689192627713269e-02 8.881960448322565038e-02 1.155257899155350820e-01 1.171983672678962030e-01 1.182675163590478917e-01 1.100540157005724662e-01 8.918467915010151736e-02 8.911099797249970311e-02 9.462911638318666219e-02 7.790302084165760810e-02
9.642317262867169947e-02 8.804382371589589140e-02 1.189506172724829614e-01 1.211487213344359659e-01 1.222826927653679896e-01 1.119387400483791428e-01 8.733949049127828768e-02 8.729709192337660462e-02 9.153394818100188401e-02 7.504170163910954539e-02
9.311611879331320452e-02 8.611166103690519324e-02 1.214616415414561668e-01 1.234469608099283411e-01 1.244566333518301315e-01 1.140421589327963309e-01 8.595038771293316004e-02 8.597074571074274363e-02 8.552514189917527487e-02 7.991855021091943956e-02
9.667899199477680838e-02 8.549334040588670025e-02 1.236345396008268621e-01 1.163539309408457845e-01 1.171109180238248670e-01 1.131167762630626988e-01 8.751876962392239612e-02 8.751817337005544928e-02 9.181443699224967059e-02 8.076012278454873516e-02
9.386309128725771334e-02 8.659087841829053722e-02 1.295485428222654389e-01 1.222046784101266242e-01 1.233508598196415285e-01 1.139729910757649872e-01 8.586812339146175643e-02 8.583212216297982089e-02 8.664264072231672720e-02 7.212607188989493545e-02
1.006757896273705183e-01 9.428577730874508622e-02 1.024356592096653251e-01 1.139327606473626159e-01 1.147936643541523777e-01 1.123497798420838023e-01 9.392605314067729860e-02 9.382727023831129165e-02 9.485003568076140479e-02 7.892320995087032109e-02
9.664320273163154451e-02 8.510285888947860533e-02 1.187332158830169265e-01 1.215875445785456754e-01 1.223708658333428068e-01 1.199841155162425232e-01 8.688750783509353870e-02 8.686714733769940189e-02 9.117674016597203390e-02 7.064680122897691594e-02
9.998507498509372204e-02 9.193398569100283413e-02 1.038183076261269822e-01 1.138699954714655765e-01 1.144279596944491606e-01 1.086019178467549640e-01 9.287181877164564503e-02 9.283607125737934618e-02 9.584776639828719580e-02 8.580710225779455969e-02
1.008592019562212921e-01 9.032932093097667536e-02 1.093097563037509767e-01 1.108364927556077795e-01 1.113510412406538974e-01 1.106966347242272913e-01 9.452330198889009882e-02 9.447517191690395222e-02 9.483700294735022962e-02 8.278207523541782076e-02
9.192559735433841750e-02 8.311598313656011483e-02 1.380560018776080533e-01 1.235453122995918696e-01 1.247272647159346493e-01 1.130662337493510555e-01 8.263905825444645137e-02 8.264432522362080702e-02 8.486800805898064848e-02 7.541221532956794704e-02
9.512724925535337439e-02 8.782392640088469704e-02 1.125162367238385364e-01 1.124949909898504269e-01 1.132186066975468808e-01 1.069237496576952301e-01 9.394422284787659616e-02 9.391446910318596020e-02 9.521599550298051606e-02 8.882055282078786529e-02
1.012160827418366882e-01 8.934450275274682940e-02 1.015291035013397847e-01 1.102602521496252597e-01 1.107416570246363002e-01 1.154280468291614126e-01 9.631692341818348657e-02 9.626602610183648823e-02 9.381237101530610911e-02 8.508503446532768300e-02
1.016689469748149749e-01 8.986966100990480266e-02 1.177110858919567238e-01 1.168151728184418509e-01 1.176598856890099382e-01 1.096639536507477419e-01 8.875683775413353849e-02 8.872409928318819583e-02 9.320428403871437728e-02 7.592607288908784224e-02
9.781999162936275138e-02 9.060928594861142327e-02 1.138420506695933254e-01 1.148337208129024400e-01 1.151327155021875104e-01 1.108593598159419852e-01 9.138362942724277682e-02 9.142922260718827632e-02 9.081314067589321692e-02 8.327688291107626650e-02
9.647108233091476748e-02 8.651423986118847442e-02 1.313857211203977027e-01 1.180400426271318859e-01 1.189665581082077067e-01 1.154112576590872047e-01 8.653333314850478186e-02 8.652294788789217928e-02 8.783549774038344748e-02 7.231931951629180788e-02
1.006264481269769639e-01 8.705389121319478951e-02 1.184329153508742183e-01 1.195427365191483182e-01 1.205782015601240126e-01 1.145991008405879141e-01 8.720791521135787261e-02 8.716362421153618645e-02 9.032699217777069578e-02 7.446817478842900073e-02
9.737541041665769004e-02 8.691213492886215586e-02 1.195289876913188110e-01 1.085686173341343513e-01 1.090836978051818451e-01 1.099388928980822300e-01 9.359101067681183106e-02 9.356834046655064518e-02 9.418204764311524646e-02 8.725086013928523565e-02
1.065863271148604491e-01 9.207618739180406520e-02 1.029020480212283345e-01 1.094584235767107200e-01 1.096729065225475891e-01 1.080686855339095670e-01 9.271717612022989385e-02 9.276526216426977944e-02 1.004494610073062427e-01 8.530352254713334526e-02
1.000461251824040776e-01 9.284240259190761069e-02 1.041465895413160314e-01 1.128728297611160392e-01 1.132761061213314741e-01 1.142980943965205137e-01 9.370212837916043480e-02 9.369726285717573655e-02 9.111125941622950919e-02 8.400720175283862834e-02
9.910990907701248964e-02 9.202763466839541939e-02 1.198665253959294436e-01 1.153334160530992414e-01 1.161548350087110298e-01 1.079007222583853592e-01 8.863544223101080255e-02 8.859559552168848329e-02 9.598536650002056914e-02 7.639055328574721748e-02
9.848284280468140583e-02 8.624864060258428944e-02 1.163293171153191863e-01 1.183276373599652515e-01 1.193975350365194948e-01 1.160450819209357526e-01 8.853983644443584600e-02 8.849009271431013124e-02 9.036545027761141990e-02 7.777356572363719467e-02
9.893578271624743625e-02 9.074210621059526638e-02 1.188226367059862509e-01 1.142558316648791400e-01 1.152583230407055181e-01 1.141440753797832858e-01 9.125306751194547927e-02 9.114421528326875632e-02 9.281350167153154529e-02 7.263045981505730775e-02
9.992300410741287997e-02 9.162911938933764044e-02 1.088805592255109450e-01 1.158971798899142841e-01 1.165603478127265336e-01 1.102350961060084844e-01 9.143318267286491829e-02 9.139658468395306379e-02 9.372054561655210336e-02 8.032438049571913319e-02
1.008296185845426601e-01 9.163780586584960308e-02 1.049725595730936489e-01 1.162566234402531845e-01 1.170589237214244016e-01 1.189562880718170734e-01 9.118302475115880323e-02 9.113636168046847230e-02 9.034196626690040033e-02 7.762682804449172469e-02
1.000295456059469151e-01 9.314155419478353792e-02 1.133577740332535194e-01 1.125763907905328598e-01 1.134051627673613588e-01 1.134846724150759961e-01 9.006856466444494724e-02 9.002270190866158706e-02 9.247628389469624011e-02 8.143734972524306615e-02
1.006953169121536096e-01 9.223216866487543575e-02 1.095415146844947174e-01 1.154154214833411629e-01 1.161692651114037411e-01 1.081894455990739384e-01 9.113113952246311433e-02 9.108144128048831223e-02 9.150204168667311344e-02 8.404224505503281317e-02
9.917710382564881577e-02 9.273624113277731396e-02 1.107561303598403463e-01 1.158246798515914361e-01 1.163632689574034262e-01 1.106166229597313061e-01 9.198730867314343362e-02 9.196002882624544628e-02 9.135692429474552567e-02 7.922169111887299164e-02
9.677580722037104621e-02 8.935006954168621396e-02 1.114645780999851815e-01 1.175915812233533086e-01 1.180585042576800109e-01 1.094966394896578488e-01 9.099093942891692266e-02 9.102373629613673411e-02 9.162167317561120683e-02 8.362647126660151253e-02
9.944730830952672185e-02 9.161633444770637957e-02 1.053772090830244201e-01 1.170922729141078977e-01 1.174369963391109217e-01 1.144085188850228474e-01 9.132363876279644965e-02 9.134842353616469401e-02 9.223050874512474240e-02 7.971878897741489778e-02
9.424901735604301889e-02 8.677763019148142243e-02 1.227472842301918915e-01 1.156675461676335698e-01 1.165113853012121892e-01 1.165590954424969017e-01 8.830936312709053437e-02 8.828351648741915303e-02 8.937117409380515576e-02 8.152398760262614952e-02
9.553410712786235270e-02 8.509767127833534062e-02 1.381349362953769033e-01 1.149851656782026610e-01 1.158109728567324470e-01 1.143236787343380467e-01 8.482170724472892775e-02 8.482104365694248527e-02 8.809498395589976383e-02 7.837573317158104402e-02
1.014757024104247646e-01 9.683136298261781072e-02 1.060954499566540976e-01 1.139830544440007393e-01 1.143618848266100968e-01 1.097850861864458072e-01 9.224467263778575454e-02 9.224924860192143528e-02 9.402312759199402126e-02 7.895041036154548664e-02
9.677142084150824886e-02 8.841437311077553207e-02 1.167340336103923071e-01 1.198089286347611276e-01 1.203377678731516742e-01 1.181712826430862256e-01 8.752307311415040425e-02 8.754655918839014672e-02 8.888053354606348377e-02 7.581202743772087749e-02
9.884623485288675238e-02 9.032443647005061749e-02 1.189941646512213680e-01 1.156466601205632244e-01 1.162796560402321183e-01 1.112831671533597716e-01 8.929414776588813496e-02 8.926592962429809319e-02 9.238394925389387113e-02 7.768165406760604852e-02
1.006543316545276123e-01 9.045213262629148154e-02 1.121586787451106376e-01 1.124359476493526633e-01 1.126687913877634784e-01 1.191949860562431796e-01 9.062213071573041456e-02 9.065036193360292982e-02 9.075612536708711764e-02 8.040651386429045755e-02
1.022974748477854245e-01 9.148817467584122176e-02 1.026865462971072451e-01 1.192690114830403519e-01 1.202459054500022023e-01 1.153434250429743180e-01 9.090886632921767185e-02 9.082207051572739609e-02 9.432642692106602000e-02 7.261209843723813451e-02
9.774386122439472635e-02 8.810639162220097742e-02 1.133726929626353436e-01 1.200692234679244935e-01 1.205405745656277228e-01 1.189290070046580133e-01 8.853739520052952838e-02 8.856449017951015246e-02 8.964272660378588831e-02 7.449363716873316776e-02
9.374423883333568575e-02 8.733366624069197059e-02 1.272768291098228255e-01 1.181243392901739075e-01 1.191060532514519044e-01 1.085188471750015010e-01 8.654943436608211749e-02 8.654271466034678395e-02 9.055446178769890886e-02 8.224941528539439495e-02
1.010332964573388281e-01 9.237780268392423166e-02 1.079589951392507519e-01 1.130784301758468585e-01 1.138110094558393987e-01 1.135518429156772979e-01 9.247494445929896334e-02 9.241254854279026820e-02 9.345552218883307338e-02 7.984560798120023117e-02
9.358193625722543985e-02 8.750952152977577170e-02 1.327869761484111455e-01 1.173350710911629791e-01 1.182348214867443709e-01 1.107714319317061324e-01 8.691307414189473890e-02 8.688569275534613334e-02 9.022845611363049245e-02 7.575301854410278202e-02
9.420218003811814400e-02 9.184130575162972876e-02 1.076154334976755222e-01 1.087105747436047376e-01 1.091031593622485835e-01 1.046052666107305518e-01 9.642374164101499834e-02 9.641315203979397563e-02 9.712109077752845154e-02 9.396409553765522338e-02
1.002621102236533751e-01 9.200565012744371662e-02 1.149426892139097378e-01 1.135504486891784209e-01 1.143065540155719373e-01 1.161304096547084441e-01 9.023188381450111817e-02 9.020202987718838050e-02 9.271962482014092788e-02 7.564859956370396932e-02
