9.203121389957671927e-02 1.181366506030056829e-01 9.181340994581967119e-02 1.102035474829390072e-01 9.247512029443806514e-02 1.178975968281149173e-01 9.260092727287200232e-02 7.526822985178391323e-02 9.189216447791166698e-02 1.176811393435382991e-01
9.037224075949362723e-02 1.195547601557932493e-01 9.020320266415310373e-02 1.118678752068600069e-01 8.964164849974269600e-02 1.189478484516275497e-01 8.970712759715630813e-02 8.104574650910449651e-02 9.020115815260934533e-02 1.184583920034596172e-01
9.148410864967274070e-02 1.167860057048078076e-01 9.132919350266693881e-02 1.079748275834235688e-01 9.326786596117986328e-02 1.164030989848773151e-01 9.333316678991664117e-02 8.197788313661220905e-02 9.135762438978081712e-02 1.160862252970620984e-01
8.982401373702054992e-02 1.177687333208822240e-01 8.958297428957386066e-02 1.241512447720981710e-01 8.905372932755420412e-02 1.173519039059455898e-01 8.917703095002731117e-02 7.646218666590658131e-02 8.963337357824403828e-02 1.169948094527474280e-01
8.942177410944744664e-02 1.218835855892024533e-01 8.933080388062705768e-02 1.160430646394551291e-01 8.804720277690500363e-02 1.213926351776442314e-01 8.810013760158982854e-02 7.541755330942674640e-02 8.935373169090837786e-02 1.210095112247937255e-01
9.190842787927140656e-02 1.123338837712120203e-01 9.197687786700285695e-02 1.152497221337881322e-01 8.977475475522822546e-02 1.121920627557899675e-01 8.977084041029013972e-02 9.269961434407693324e-02 9.199817041157166975e-02 1.120956456717686622e-01
8.989505920575421860e-02 1.212296387529341740e-01 8.969708028200790162e-02 1.148354252297669187e-01 8.976889626562876978e-02 1.209694872931594833e-01 8.989584471839254243e-02 7.317816007884611618e-02 8.978736151494193241e-02 1.207430466585679707e-01
9.127028110734845823e-02 1.163900846725693106e-01 9.107437013371197376e-02 1.229051928557415713e-01 8.838717597167559947e-02 1.160044395415997104e-01 8.849342308721933059e-02 7.868704507354189193e-02 9.110980606651108982e-02 1.156781814900809946e-01
9.286014306326867418e-02 1.159201471074275541e-01 9.262461531130802839e-02 1.077701010273631466e-01 9.247380303526465950e-02 1.156407964326644916e-01 9.259886189859430072e-02 8.203820752097164271e-02 9.268452936964845235e-02 1.153887952334890915e-01
9.081855497603080751e-02 1.189706283403008796e-01 9.063781288528510727e-02 1.134582062385275647e-01 8.932537418292352260e-02 1.184176953048189790e-01 8.940431594525878600e-02 8.035520712277177680e-02 9.064526734449285250e-02 1.179669376595897518e-01
8.830141704609696662e-02 1.212108948901535754e-01 8.815622244764657889e-02 1.216434203356303451e-01 8.591232525721337332e-02 1.205122158439482505e-01 8.597360097477546592e-02 8.018216725296925529e-02 8.814832301451493157e-02 1.199594129370512852e-01
8.773752736471290836e-02 1.228449785312797360e-01 8.748387011357688925e-02 1.167001888818954419e-01 8.914624897828925254e-02 1.221686160435258295e-01 8.925397769040596674e-02 7.553847278395102449e-02 8.751363158754831006e-02 1.216124880248146550e-01
9.134614168296584236e-02 1.159996059599803925e-01 9.120117115497912430e-02 1.182618694871490767e-01 8.854232553415511409e-02 1.159093959055898237e-01 8.866133213531190993e-02 8.296261613913227806e-02 9.129503217041196050e-02 1.158205098303244918e-01
8.625668675039915856e-02 1.215854876499158216e-01 8.603340264660107317e-02 1.333613158160312784e-01 8.563688565750597614e-02 1.209142065501060126e-01 8.573906612213316736e-02 7.404494245318207768e-02 8.605973239856565260e-02 1.203682739555597403e-01
8.828282633160908222e-02 1.208877478843831121e-01 8.808473951203985020e-02 1.268832974750269682e-01 8.723686297371373299e-02 1.204097029227704785e-01 8.734374935563833653e-02 7.272185907306180641e-02 8.813340662669899572e-02 1.200158078450576232e-01
8.740194255565754411e-02 1.223040735445694860e-01 8.726062208678053711e-02 1.200207075224271613e-01 8.855116968653736764e-02 1.216540294814134754e-01 8.860429528686181166e-02 7.579047236495210782e-02 8.727196023166167160e-02 1.211407272391388512e-01
9.119290045261146949e-02 1.163100318659124749e-01 9.102605647809633438e-02 1.146101188097731205e-01 9.024894040603492762e-02 1.157564557070670935e-01 9.030969453128691316e-02 8.422439781178456264e-02 9.101536702847884408e-02 1.153060369089542042e-01
9.335021329550316493e-02 1.159034234564207400e-01 9.302365118747382700e-02 1.084467485186251662e-01 9.393465254923803742e-02 1.155221284980550295e-01 9.408666669437037999e-02 7.748206143632536957e-02 9.307456204749037232e-02 1.151758923164978715e-01
9.091569097458190862e-02 1.238313876430037763e-01 9.062410012039676110e-02 1.063331094353613671e-01 8.918450916593073652e-02 1.233536252770224689e-01 8.934074735077052187e-02 7.278258070887301534e-02 9.069248028364032543e-02 1.229417690404191049e-01
9.024566666710205631e-02 1.186891387478854476e-01 9.003859508686858082e-02 1.231750394466938764e-01 8.645919896433321150e-02 1.183431073327755878e-01 8.658725530207106447e-02 7.831473905799479773e-02 9.010018918284348755e-02 1.180470702114319176e-01
9.008856047336932793e-02 1.227835402249543989e-01 8.991512391050450470e-02 1.123163023062782873e-01 8.798491121125447123e-02 1.222514978065566416e-01 8.807743018534998358e-02 7.481491353268714117e-02 8.994692304591518639e-02 1.218207973031300850e-01
9.124551643055173189e-02 1.158210146758175130e-01 9.105632388091869367e-02 1.174108923432480717e-01 9.038138493319143596e-02 1.152484690529868155e-01 9.044876776422172693e-02 8.256542567962547874e-02 9.104288529724249845e-02 1.147793199421960481e-01
8.988670425187171575e-02 1.180653316096404032e-01 8.974426564290889641e-02 1.171234018367920265e-01 9.068271199130756299e-02 1.175659722893167697e-01 9.073854533175419734e-02 7.927294973395733468e-02 8.975659963179241640e-02 1.171635176806586354e-01
8.951378510911893460e-02 1.179300709115127660e-01 8.930194353136024221e-02 1.295057161897902320e-01 8.674111968847501852e-02 1.174702134050979868e-01 8.685354802676956143e-02 7.625929731272175494e-02 8.933874549379244856e-02 1.170855603313611104e-01
9.037575032911313033e-02 1.197594417043512244e-01 9.024131370333099422e-02 1.083691970836454244e-01 9.028913840277270897e-02 1.194293923448171146e-01 9.037030449472473193e-02 8.171029077133123986e-02 9.029545639844897831e-02 1.191597147674644808e-01
8.207885554269109263e-02 1.136215012496311766e-01 8.179955817814668628e-02 1.843719862668911913e-01 8.278964562308034625e-02 1.131990145419891486e-01 8.293694020473439676e-02 6.449708456387014122e-02 8.187405441143029428e-02 1.128313594175354428e-01
9.258209728102009817e-02 1.165674953874328568e-01 9.239727202825741281e-02 1.057399612570585762e-01 9.350108581680006969e-02 1.161751106826243718e-01 9.358098123019419068e-02 8.118782351429548738e-02 9.242324697874615413e-02 1.158449258235707824e-01
9.141744439439064562e-02 1.159493350869468253e-01 9.132740087873356116e-02 1.139713295794697878e-01 9.209332667962685792e-02 1.156904098957950155e-01 9.214604338762132085e-02 8.055557628313905760e-02 9.136894724865116113e-02 1.154801865656257392e-01
9.003948352649662756e-02 1.189720523985469958e-01 8.988686414147789572e-02 1.165016123194208553e-01 8.897510908045305755e-02 1.184621315195165808e-01 8.904582671802199756e-02 8.016447141531707343e-02 8.990232099706971236e-02 1.180501278836791901e-01
9.006255775253305118e-02 1.142191470089502364e-01 8.987761145302343435e-02 1.206477753566043698e-01 9.105231706573760353e-02 1.139006576501281759e-01 9.114342089756391485e-02 8.554579122538556735e-02 8.992295680540569880e-02 1.136277647846679756e-01
8.857102956399127980e-02 1.227313135711665809e-01 8.841374407330163110e-02 1.144172453670338624e-01 8.859542897882569101e-02 1.222364688983360592e-01 8.867877421823472384e-02 7.606041619674550058e-02 8.845695521870750033e-02 1.218386239136571708e-01
9.032465578654989835e-02 1.185678988046348914e-01 9.013712350863986589e-02 1.137211333050960477e-01 9.068641696399558361e-02 1.179519168313155897e-01 9.075211774856815905e-02 8.027492815086884059e-02 9.013220626616370856e-02 1.174516026341673597e-01
9.136518308868941951e-02 1.192422461148792828e-01 9.119033699655959557e-02 1.152703888696109680e-01 8.868316740288986755e-02 1.186364680536920735e-01 8.875711612819280061e-02 7.752626187240971301e-02 9.118282747860582960e-02 1.181460039944704915e-01
9.417011139322706281e-02 1.066429579331912569e-01 9.407113344071847683e-02 1.049662150805687200e-01 1.039366234186252097e-01 1.065100409122161362e-01 1.039308342951099084e-01 8.528918071319838146e-02 9.409517699363138810e-02 1.063877258195134595e-01
9.315166818818410022e-02 1.128049047370369151e-01 9.310660258830666391e-02 1.136204821125704340e-01 9.070879955230530534e-02 1.126382490077745685e-01 9.075653447240206173e-02 8.756814069223052555e-02 9.314151177073504151e-02 1.125031068784543842e-01
8.502365380621222657e-02 1.209265534928446739e-01 8.484075727568755887e-02 1.356557535757204613e-01 8.482174154264307542e-02 1.204344069420497931e-01 8.492428433737717053e-02 7.844003660439817505e-02 8.489805498321553734e-02 1.200347574398513140e-01
8.797516022545062708e-02 1.195422700613932993e-01 8.775440702839289175e-02 1.298231857622896002e-01 9.053109779627464826e-02 1.192356855848527020e-01 9.065452212869379300e-02 6.767416687561056410e-02 8.784039797339958378e-02 1.189691065636422906e-01
8.994377891896845889e-02 1.223571187788369263e-01 8.974905771300847879e-02 1.071437030450486938e-01 8.982200733541546855e-02 1.218715833894191414e-01 8.992161327671589766e-02 7.792467905044661580e-02 8.979407272466717604e-02 1.214723857674731566e-01
8.579394023896957933e-02 1.239884490143750156e-01 8.565307609171390890e-02 1.275887474095189766e-01 8.471803886739955047e-02 1.235012753731405816e-01 8.480870458335305895e-02 7.512035891778180707e-02 8.571159839965167282e-02 1.231158111040958486e-01
8.735274119348261646e-02 1.226542370014409855e-01 8.723462597546807751e-02 1.269942529817000565e-01 8.513945622559071502e-02 1.221214047227459215e-01 8.521207474100631063e-02 7.432091795986325855e-02 8.726712022050787942e-02 1.217031689781942205e-01
8.932352141170590842e-02 1.206386289894284675e-01 8.915471244880239510e-02 1.187004837003839686e-01 8.695269571060276759e-02 1.201185686713749229e-01 8.704232162770066117e-02 7.918952418317684594e-02 8.918232365062345179e-02 1.196972196062006111e-01
9.021644550429853970e-02 1.168643364850606992e-01 9.008349639826281063e-02 1.212029551402230981e-01 8.900967083305183492e-02 1.163482080566594912e-01 8.906435518031668996e-02 8.119431854811351434e-02 9.008264653330341765e-02 1.159335673207099321e-01
8.935869194894761891e-02 1.219741887130137287e-01 8.917069687222009544e-02 1.127154858836524193e-01 8.709049920002601142e-02 1.216345999568844288e-01 8.721365355209052816e-02 8.024608155906280682e-02 8.924668695404978924e-02 1.213494153600526565e-01
8.987790652201403663e-02 1.197381046519729875e-01 8.964160576539904890e-02 1.169940032834012461e-01 8.983547747426950947e-02 1.191615550531540529e-01 8.993777725945759083e-02 7.646663104717406345e-02 8.966369582697518437e-02 1.186832431161822660e-01
9.107591917197215003e-02 1.175099457754374133e-01 9.088683897428792569e-02 1.144580554694708263e-01 9.400956007697039429e-02 1.171468160555628885e-01 9.409340244469414916e-02 7.304759187871118220e-02 9.093207015172703744e-02 1.168398000011660470e-01
9.018441093926865548e-02 1.177516235571756942e-01 9.006961310209427030e-02 1.126699435893267071e-01 9.090292643754802060e-02 1.175213149224088871e-01 9.097931288638971825e-02 8.245439081993537200e-02 9.013527384466636649e-02 1.173311899011863224e-01
8.947319856682954542e-02 1.191041841777916444e-01 8.925978391694025516e-02 1.200261822600184880e-01 9.125727485230158975e-02 1.189250403559820451e-01 9.139194713019782590e-02 7.243994266511227798e-02 8.936490637250457669e-02 1.187575397023217377e-01
8.810167079877559426e-02 1.229680082347229531e-01 8.791165828301986118e-02 1.117919805122360860e-01 9.058233688632476299e-02 1.225013278524624549e-01 9.067708543647885755e-02 7.537636647176784721e-02 8.797050456856862766e-02 1.221190609556429274e-01
9.134847828855929830e-02 1.161091808833337180e-01 9.123188079312719023e-02 1.154897522446108049e-01 9.154185921817797889e-02 1.157992918299198259e-01 9.160405938882726362e-02 8.006272092679685148e-02 9.126758838319780354e-02 1.155451880434492651e-01
9.068581118118285156e-02 1.161349776348277463e-01 9.054027164996567012e-02 1.162574336037237865e-01 9.259063246960055893e-02 1.158071273298579423e-01 9.265876570628218956e-02 7.920967257817558560e-02 9.058073383183197491e-02 1.155345740145516664e-01
9.721030755386918243e-02 1.043948456622089960e-01 9.727912497632153210e-02 1.079128099494367637e-01 9.595653288531399983e-02 1.043277039387707633e-01 9.592640447397095260e-02 9.545275634758021432e-02 9.726393024437472723e-02 1.042755839681528823e-01
9.041775109480139350e-02 1.177333237230128032e-01 9.017468460459916735e-02 1.138597469398009432e-01 9.093953841653856784e-02 1.172778687489710314e-01 9.105190821212948149e-02 8.144116247253886665e-02 9.021361797192979648e-02 1.168903978156779350e-01
9.423265609348366323e-02 1.129314033997200067e-01 9.405541450270712978e-02 1.053689828737944811e-01 9.469870609696795505e-02 1.125256790994323963e-01 9.475957121849104547e-02 8.519353142583482863e-02 9.405027324909071007e-02 1.121837820404777974e-01
9.373099533677442530e-02 1.125312850665028674e-01 9.353592279968418743e-02 1.129565017690109946e-01 9.114420733013638143e-02 1.119315388837937020e-01 9.120076110609484643e-02 8.804698088353199448e-02 9.348402172798191134e-02 1.114377850964887035e-01
8.573745047688330345e-02 1.221848221911397969e-01 8.558169085663455689e-02 1.272917943715116407e-01 8.825203754661110900e-02 1.216285892009219827e-01 8.832196020130127223e-02 7.419351005869620486e-02 8.562254951904998967e-02 1.211855955772501714e-01
8.775253800407790961e-02 1.218197742855925830e-01 8.753253211853215254e-02 1.226523520511697690e-01 8.913787225202071673e-02 1.214476425914877145e-01 8.926284580849756789e-02 7.164854409828783077e-02 8.761408999770398109e-02 1.211318087926297610e-01
8.436593771153697019e-02 1.234869557105417459e-01 8.427396944843994209e-02 1.317653035813459717e-01 8.552215550264385957e-02 1.229360159550286768e-01 8.557268818776089803e-02 7.524986646389605904e-02 8.431415973533769315e-02 1.225129477034682529e-01
8.746670072115256267e-02 1.201760200807768658e-01 8.730373164315921586e-02 1.306793591537646348e-01 8.754250349701418743e-02 1.199405564185186540e-01 8.765698284243597649e-02 7.209575803082612921e-02 8.739737264099249614e-02 1.197410149713593747e-01
9.134383597612477645e-02 1.190646589450880533e-01 9.116319342557283045e-02 1.134810322163861546e-01 9.110894325220460221e-02 1.187034128851486431e-01 9.120602618357838420e-02 7.431627304669612133e-02 9.121259418321300827e-02 1.184000298859873845e-01
9.191794394641701615e-02 1.137912885348438263e-01 9.182165048165749632e-02 1.144325840130190480e-01 9.502600543681630207e-02 1.135209995857099918e-01 9.506069800052305285e-02 7.927957561961905542e-02 9.185030167038882309e-02 1.132989527110053601e-01
8.626238071892808335e-02 1.239266384804816323e-01 8.614297058360526060e-02 1.217819370902783055e-01 8.460579923615083042e-02 1.233325583860254149e-01 8.467532357820192757e-02 8.022973867390162384e-02 8.617371819471426886e-02 1.228689350577126110e-01
9.430228171514951074e-02 1.098778050899495012e-01 9.430534635664095111e-02 1.109494682617327421e-01 9.492944014912685358e-02 1.097310741984971194e-01 9.492900729588184261e-02 8.704191857268794852e-02 9.431822624468476357e-02 1.096154321156487810e-01
9.040840851327230920e-02 1.185802170282474338e-01 9.021858967039013411e-02 1.165695401866827935e-01 8.950044628087849841e-02 1.179286580448194593e-01 8.956855214452927316e-02 7.961938792228126505e-02 9.020559774725690760e-02 1.174006024616418981e-01
9.025191840669359589e-02 1.192235216390546276e-01 9.002768944194561307e-02 1.123811851938764095e-01 9.222806752323126078e-02 1.186568308010780559e-01 9.231396268729348542e-02 7.668375074138647496e-02 9.004512261942408669e-02 1.181879509460164179e-01
9.436526122415572759e-02 1.122598986094118512e-01 9.437497780039726114e-02 1.163354326853980186e-01 8.705627320691128324e-02 1.120610699539941746e-01 8.709553228574735961e-02 9.016104587911663582e-02 9.438246691038724989e-02 1.119080414444804661e-01
9.080173327908157288e-02 1.206435032021346831e-01 9.065140717467866371e-02 1.050575455622767967e-01 9.203480325123852834e-02 1.204012140084223803e-01 9.213064873711027114e-02 7.735222545287773199e-02 9.073020551015666124e-02 1.201967138220226550e-01
8.963049723691582371e-02 1.156116692110644578e-01 8.957248080479907060e-02 1.165060736296023025e-01 9.350902462226286238e-02 1.152976461566612987e-01 9.352343559982402577e-02 8.169659262896754315e-02 8.960073813251284713e-02 1.150518419773897821e-01
9.012069700913585835e-02 1.145897289335193192e-01 8.993464980607532300e-02 1.212006184443716467e-01 9.083334097382088357e-02 1.142279757319497185e-01 9.092095539589867270e-02 8.427921266819474178e-02 8.997117891825981428e-02 1.139216421187739942e-01
9.064870125202982576e-02 1.171218681504646586e-01 9.046034344949134554e-02 1.181322672526566586e-01 9.034291063674054767e-02 1.168089232311560199e-01 9.044773804604419598e-02 7.897896350653568764e-02 9.051744491926334846e-02 1.165408395556177118e-01
9.236660953102816818e-02 1.168855544427782334e-01 9.219183580379915199e-02 1.065278850153230095e-01 9.234333306662227681e-02 1.166715751224030040e-01 9.244878789488669701e-02 8.182171787105400884e-02 9.226140053375032901e-02 1.164813007183550381e-01
8.924849008118311555e-02 1.158145282617066701e-01 8.922128006340680761e-02 1.253387492658492308e-01 8.919815582865465997e-02 1.155114601329379487e-01 8.922181964850048330e-02 8.191699423194728769e-02 8.924829250453873708e-02 1.152802299812751008e-01
8.888561241800348178e-02 1.193624573758637619e-01 8.865474588121570465e-02 1.221258915378281573e-01 8.857683301731238135e-02 1.188415336108464143e-01 8.868647833053032448e-02 7.776786306084031153e-02 8.869130994700015480e-02 1.184072748205593217e-01
8.979841600037642702e-02 1.142930643093162391e-01 8.966314660842443496e-02 1.232802189100293266e-01 9.183317046513012061e-02 1.138388844027338753e-01 9.187487712873598777e-02 8.228073638615490681e-02 8.966727188376298618e-02 1.134702139053356956e-01
8.708582965988952151e-02 1.193820914190584365e-01 8.695340116321646773e-02 1.269771629771854760e-01 9.046751232527107389e-02 1.190221209835716082e-01 9.053483210729586228e-02 7.383213057504502130e-02 8.701284271918524604e-02 1.187320760702813005e-01
8.715427382151123836e-02 1.210264474341204294e-01 8.704700129915259044e-02 1.291958045073456907e-01 8.748121231201942682e-02 1.207120839141961055e-01 8.755903913041930553e-02 7.224376342102228898e-02 8.711689970714761588e-02 1.204634744530652668e-01
8.536195506077309814e-02 1.235872038731493233e-01 8.528533437866091249e-02 1.197235656236198265e-01 8.950289966425600818e-02 1.231532125956917162e-01 8.954104296767008420e-02 7.568087133358694651e-02 8.534132724897836031e-02 1.228225872536137103e-01
8.725002958164986000e-02 1.220847977810771978e-01 8.714233681514481356e-02 1.228490780166368174e-01 8.791737932777984876e-02 1.216362109069238223e-01 8.797976226586769199e-02 7.466761952457240392e-02 8.718815481864113093e-02 1.212846309617064272e-01
9.012294046302969652e-02 1.173528932197818869e-01 8.992852082259952806e-02 1.209171178586876672e-01 8.796548863355821424e-02 1.167496756570614719e-01 8.804540099770918893e-02 8.273756521328985702e-02 8.992297539442052623e-02 1.162574217398619769e-01
9.039772876581164684e-02 1.400161873495951725e-01 8.956171091427193864e-02 8.394504529587722141e-02 8.987457132651256730e-02 1.393188181034571149e-01 9.031843136581695075e-02 4.818827631322621791e-02 8.976536937918128123e-02 1.386138611862498815e-01
9.169473556462028052e-02 1.160253965331552312e-01 9.154590674467595612e-02 1.141524566467606305e-01 9.293139589940124790e-02 1.156371407658286360e-01 9.299281273322332342e-02 7.813620259809293811e-02 9.156733679756624833e-02 1.153166157166755357e-01
9.081625978640758823e-02 1.179246483885091484e-01 9.058480429427082092e-02 1.142389747612749806e-01 9.149462479016456928e-02 1.174443150955908066e-01 9.159633852992053737e-02 7.824583904372291177e-02 9.061449600309130770e-02 1.170396993070473152e-01
9.037926875778838631e-02 1.203318720461221680e-01 9.026082780075864176e-02 1.158924371134942982e-01 8.788733667191687970e-02 1.198596978582973094e-01 8.795528254663853573e-02 7.766728638906260362e-02 9.028223874302390706e-02 1.194837520728972563e-01
8.956786260218506379e-02 1.179503954129796639e-01 8.948803420323139801e-02 1.270528821423920485e-01 8.523756885705552344e-02 1.175181923484597546e-01 8.529724891884878091e-02 8.120482794785324754e-02 8.950383522961755101e-02 1.171791523373769128e-01
8.715234479548036872e-02 1.228347340679173255e-01 8.692133554387740380e-02 1.194115391126133463e-01 8.899223470201263197e-02 1.223013615426247480e-01 8.910545003807657238e-02 7.444259261136723649e-02 8.697854466058288492e-02 1.218598629254474819e-01
9.109372334329170207e-02 1.152507190640707641e-01 9.098269832744486363e-02 1.165727209187260721e-01 9.407131911143064296e-02 1.149466435324463243e-01 9.411570885399439534e-02 7.725271714121853539e-02 9.101612386757397533e-02 1.146976258398026693e-01
8.962132777020634378e-02 1.218347033920529482e-01 8.929803217717417751e-02 1.176538713645800260e-01 8.891853237858858561e-02 1.212412645225057761e-01 8.907168004247908999e-02 7.228109751665336147e-02 8.934537306622628017e-02 1.207341177695334111e-01
8.945225859088103137e-02 1.175244884831390668e-01 8.934774398171689558e-02 1.161924178697821136e-01 9.023130285188203648e-02 1.170052594637695231e-01 9.026484905564237382e-02 8.403982326914512246e-02 8.934740862930579119e-02 1.165944478047360594e-01
8.806472417493718674e-02 1.225493992653497177e-01 8.779917887941442178e-02 1.219956068288618883e-01 8.738077607896786725e-02 1.217636333963800221e-01 8.748812360232878504e-02 7.403185390222727369e-02 8.780554118629334270e-02 1.211211626852395362e-01
9.127582731617001066e-02 1.133114583171170447e-01 9.113952889983448213e-02 1.148017861332093770e-01 9.499242349093819926e-02 1.129402742182112201e-01 9.503055623621162185e-02 8.272233246946213148e-02 9.115205924832153750e-02 1.126337536705243197e-01
9.145869682457291594e-02 1.216283886154295585e-01 9.124870213466437785e-02 1.064093338116397780e-01 8.982865919339574901e-02 1.212309181201011443e-01 8.994740342597143390e-02 7.604625575718856889e-02 9.130621609085176615e-02 1.208954260261846658e-01
8.895269322417811986e-02 1.181579803079949725e-01 8.874458527614872971e-02 1.184486397033063243e-01 9.307151871983358749e-02 1.178051507745643406e-01 9.316951405082062043e-02 7.533752532046267270e-02 8.880829104551909992e-02 1.175041015771715602e-01
8.597943233354490844e-02 1.193296654066776791e-01 8.582141887363659016e-02 1.298845883858356920e-01 8.938067992953122043e-02 1.187677959464538552e-01 8.943862148333593665e-02 7.723163571965634133e-02 8.584820558312461491e-02 1.183179563382032312e-01
9.281993166860898203e-02 1.120270170589168363e-01 9.276489520992083071e-02 1.113348608198336115e-01 9.525856188047071571e-02 1.117494996924280615e-01 9.526663334111461212e-02 8.448091716079164648e-02 9.277110901067191218e-02 1.115265741572427638e-01
8.923780646551597584e-02 1.209132828310955504e-01 8.907697780062874549e-02 1.160805593536316793e-01 8.880471655998527225e-02 1.203928887760605804e-01 8.888251619209142085e-02 7.753369672863602569e-02 8.910451301739701069e-02 1.199730422749577391e-01
9.187516208562797326e-02 1.164629429687909362e-01 9.174478035907115969e-02 1.112587172508442412e-01 9.101334444682510072e-02 1.161346470183852175e-01 9.108459888482701994e-02 8.278404522773502583e-02 9.177801729973687761e-02 1.158637444581564341e-01
9.001876811299146242e-02 1.199439019916923171e-01 8.985133160963641730e-02 1.118510594220867432e-01 8.912458912849462178e-02 1.194850747154849735e-01 8.921096598300694291e-02 8.151828720716816634e-02 8.988578251986389933e-02 1.191102393095744699e-01
9.011404722448304594e-02 1.139850089971489455e-01 9.000848683731266231e-02 1.221890678557625981e-01 9.297120340013936834e-02 1.136841284187790763e-01 9.301322138128551020e-02 8.055583861950683933e-02 9.004054471217309841e-02 1.134384525534088139e-01
8.801641710143283392e-02 1.236909307126717039e-01 8.789782728268347167e-02 1.165729097464214131e-01 8.679036868664162518e-02 1.230677537534082405e-01 8.684885921042258261e-02 7.662155236262600810e-02 8.791321106711148803e-02 1.225801700765806190e-01
8.597000160072919284e-02 1.234385750860732822e-01 8.583223300933093269e-02 1.260821275083525705e-01 8.444406398289690252e-02 1.228072269898002056e-01 8.451751439622919027e-02 7.873861360803541265e-02 8.585865190248695433e-02 1.223109919160652731e-01
9.273214015184859382e-02 1.168737108784803774e-01 9.257673280211366207e-02 1.151616111637752404e-01 8.624151532587268076e-02 1.165467183385169719e-01 8.634860420023852956e-02 8.463356590588955175e-02 9.261326693180269021e-02 1.162721343014616743e-01
8.935072021505711948e-02 1.212256640361612375e-01 8.912135168903884130e-02 1.124806273988478572e-01 9.253526369410268460e-02 1.207666375982943130e-01 9.264118528790905860e-02 7.232056748057191786e-02 8.917708934133870835e-02 1.203808932586782759e-01
9.075800712242038104e-02 1.129836178093996946e-01 9.072285737254857929e-02 1.166669785719808422e-01 9.301932333593443403e-02 1.127435057525418977e-01 9.303191006808160524e-02 8.677004811721848732e-02 9.074821248470911483e-02 1.125555393651649916e-01
8.666124493216130487e-02 1.222529476320444730e-01 8.659137197215674431e-02 1.263388624006307470e-01 8.417127387524743487e-02 1.216171968549543819e-01 8.421103835012964944e-02 8.043159771494740040e-02 8.659440964130769858e-02 1.211300566264201517e-01
8.829884181903860374e-02 1.241923534111245703e-01 8.802342128633128260e-02 1.168000825947195648e-01 8.867788297730352931e-02 1.235708667243907016e-01 8.880941318003821028e-02 7.050225872922998016e-02 8.807219505502081325e-02 1.230526842228027301e-01
9.154848512079148681e-02 1.206420812088142974e-01 9.121700341590190109e-02 1.092111799355049845e-01 9.136617023490430090e-02 1.202710623163337489e-01 9.154176737184095691e-02 7.296848677556801166e-02 9.130081260345224159e-02 1.199329510168880286e-01
8.932577385737380804e-02 1.213346219843804835e-01 8.902780904398063799e-02 1.199593254477898940e-01 9.014764656420973243e-02 1.208268017145221057e-01 9.029293990793609004e-02 6.960717106506765506e-02 8.908763999213627216e-02 1.203902704226032794e-01
9.993798287323947538e-02 9.954871726836964085e-02 1.000092115061336495e-01 1.013746685697950178e-01 1.015532772750383228e-01 9.969092471179545611e-02 1.015242221269726935e-01 9.653513418305102733e-02 1.000301315209234237e-01 9.979572996468123736e-02
1.004506079672798369e-01 1.006117598012762071e-01 1.005268724100302907e-01 1.054174359086711837e-01 9.400494210809776097e-02 1.007192030946480465e-01 9.401748052946469481e-02 1.029171987775783642e-01 1.005367111293034993e-01 1.007977882736501574e-01
8.943757260438330026e-02 1.123673519504963803e-01 8.942473264096012509e-02 1.244510806160329802e-01 9.304589678141257647e-02 1.121434251599391363e-01 9.304294009276574406e-02 8.466170949892461162e-02 8.945265487633433099e-02 1.119726357787508564e-01
9.104278372974297651e-02 1.135108555509678069e-01 9.094297990637201234e-02 1.166791735182002576e-01 9.305004890977122689e-02 1.132229713651164704e-01 9.309161422401480979e-02 8.450157961739974966e-02 9.097074648831826593e-02 1.129872466900964517e-01
8.971070955579496520e-02 1.169888017632710747e-01 8.951742315376111370e-02 1.258366745552133570e-01 9.099844392511108326e-02 1.165906925566160129e-01 9.108960926523025636e-02 7.345175940261920722e-02 8.955943193336138308e-02 1.162564538890216020e-01
9.208193414766925600e-02 1.176804512062206431e-01 9.181898797154867953e-02 1.112823264509293919e-01 9.119091116171255951e-02 1.171834083477081151e-01 9.130841261859079516e-02 7.885023843608275629e-02 9.184358417962186494e-02 1.167597454799160078e-01
8.945054501241112010e-02 1.192663115437851695e-01 8.921600476153437875e-02 1.177139550307974569e-01 9.114512205768217357e-02 1.188200467738265292e-01 9.125630604049467243e-02 7.542273683773735582e-02 8.926672449335827653e-02 1.184422474483728255e-01
9.042281382675988743e-02 1.185437240496846623e-01 9.028585995262677910e-02 1.138283090805950054e-01 9.042407726163713411e-02 1.182816256819086420e-01 9.051209002998318598e-02 7.928742963464516236e-02 9.035088765023659152e-02 1.180631828319229637e-01
8.916588585831299041e-02 1.234100306413827425e-01 8.888348252543375183e-02 1.097097992764284879e-01 8.984612053271615051e-02 1.227735973153046001e-01 8.997373055516344476e-02 7.507254041961390623e-02 8.892279993477872346e-02 1.222420129408652439e-01
9.133750372125939987e-02 1.157853941890629873e-01 9.123935105937587553e-02 1.211898916074795191e-01 8.896350732589250465e-02 1.155724250256156826e-01 8.904126177058610536e-02 8.018102261039665446e-02 9.129331303394704056e-02 1.153963296563843000e-01
9.184907592104392393e-02 1.152644753402976424e-01 9.170850033249365596e-02 1.170183571445275461e-01 9.152417279944810580e-02 1.150991972260187318e-01 9.161792327742643294e-02 7.918769102089472101e-02 9.177861311931469201e-02 1.149519938185345480e-01
8.990118434443437889e-02 1.230789205781952084e-01 8.963877246286393319e-02 1.140302861747964358e-01 8.712535172951615947e-02 1.225741035768665027e-01 8.726831465307162417e-02 7.453903461884657522e-02 8.969682546392100664e-02 1.221472063974881339e-01
9.021630488985168950e-02 1.197855346921579273e-01 8.999425493641813323e-02 1.169665524368282833e-01 8.958181644453259984e-02 1.191780699014163419e-01 8.967457203115765385e-02 7.591939158978769364e-02 9.000494892080665443e-02 1.186785541570430647e-01
8.784283039957579975e-02 1.231726060680893575e-01 8.766614512194102760e-02 1.198178540788068236e-01 8.834173276456741553e-02 1.225478540035937897e-01 8.842031747407985698e-02 7.245194250614384046e-02 8.769168904175873858e-02 1.220470285414434058e-01
8.585324008841249688e-02 1.245398624677612892e-01 8.582092253455488040e-02 1.216662650090910014e-01 8.597554730734788264e-02 1.240332287724819765e-01 8.600456990428581583e-02 7.659463483680846452e-02 8.585527883228402657e-02 1.236564502469721938e-01
8.837531989575173053e-02 1.183944701968551866e-01 8.829153645381487836e-02 1.250393978450640431e-01 8.621903108149689410e-02 1.180014179949217812e-01 8.627865798838436906e-02 8.338253163569084303e-02 8.832430403073265879e-02 1.176933328772876292e-01
8.592505281366279168e-02 1.236086487510437149e-01 8.572940563646273826e-02 1.297994679024818965e-01 8.641372169966483885e-02 1.229773798273884472e-01 8.650789868576473640e-02 7.080063580105724896e-02 8.576866597649944468e-02 1.224691229059741149e-01
9.458642110029666372e-02 1.156819671168093505e-01 9.432675604589618734e-02 1.031774609690042782e-01 9.464185709555167358e-02 1.151833159475406099e-01 9.473991583451468745e-02 7.857812479127923577e-02 9.432669318843814321e-02 1.147574879106691009e-01
8.828322222580170520e-02 1.243834982703539843e-01 8.800902954463368788e-02 1.206338733088721943e-01 8.613041176161698176e-02 1.239323821769721667e-01 8.629014069128899955e-02 7.069873520431899094e-02 8.809319902803330882e-02 1.235455077881080083e-01
9.371295237281551671e-02 1.155022529609187887e-01 9.352355173218740436e-02 1.047895675242651869e-01 9.253508421665561368e-02 1.151922968305912759e-01 9.263255211947857282e-02 8.362735178098636146e-02 9.356058446093998282e-02 1.149238060011612689e-01
9.564592698148645378e-02 1.127116985455638987e-01 9.547687204743311729e-02 1.106258094593906977e-01 9.118597313561284390e-02 1.124258099415125223e-01 9.127913191757051903e-02 8.297837090650710123e-02 9.549364009734831460e-02 1.121767669675745732e-01
8.279432316512026768e-02 1.252001889174914617e-01 8.270488311242554791e-02 1.386619570270531121e-01 8.316499185825204643e-02 1.245824787393870897e-01 8.321883158661162738e-02 7.281490754341427007e-02 8.274555246057867242e-02 1.241118855896658907e-01
9.393282442015910005e-02 1.133705546756516441e-01 9.393080116720303741e-02 1.127384842436931212e-01 8.778060782759014580e-02 1.130041836961166862e-01 8.779990907448313731e-02 9.081784816964899587e-02 9.390368834434657808e-02 1.127210983811075123e-01
9.757668723675091971e-02 1.122298191783028531e-01 9.742833663622608997e-02 1.028962624354395755e-01 9.031135871925538572e-02 1.119647242579656782e-01 9.040411276937532215e-02 8.802069522696059911e-02 9.743449116062623261e-02 1.117335123790973717e-01
8.968703281035331210e-02 1.190141885078513651e-01 8.952411891068233485e-02 1.190652349275393984e-01 9.061977152868139207e-02 1.185508789877931235e-01 9.069339166120851670e-02 7.511816329824522187e-02 8.955410666376381612e-02 1.181731127038815471e-01
9.142713604101930513e-02 1.152343166472118152e-01 9.139635069974405557e-02 1.140284631676786037e-01 9.060694006733165107e-02 1.151104176818653207e-01 9.065446142199910795e-02 8.507172450691623256e-02 9.145559913020460951e-02 1.150145906360293263e-01
8.719401948388744161e-02 1.200501530921849469e-01 8.710105852855232200e-02 1.326257308427777337e-01 8.706327635542718268e-02 1.195617331189445659e-01 8.711260218979606507e-02 7.298323851534886664e-02 8.712736427387580973e-02 1.191808235992051074e-01
8.826977621950574115e-02 1.221938594492275459e-01 8.806400949559109459e-02 1.199988107286430322e-01 8.786542742709378684e-02 1.216134004502786442e-01 8.796442431086631819e-02 7.479206864900340979e-02 8.809830100406122744e-02 1.211399222657292135e-01
9.474084672770118065e-02 1.105284751372159618e-01 9.471671032101376675e-02 1.211462654234416875e-01 8.791763493621644610e-02 1.102682404764751545e-01 8.795606900844969711e-02 8.796040153827516805e-02 9.470476264160093693e-02 1.100605937896100006e-01
9.481680626496689912e-02 1.122229419856294735e-01 9.487210796798802026e-02 1.054139448462159817e-01 9.422314070804853336e-02 1.121526995894332468e-01 9.421990761468260200e-02 8.506968109599626071e-02 9.490262650373877673e-02 1.121061434233002335e-01
9.461825724636316326e-02 1.144207656441966064e-01 9.450912844896795784e-02 1.052368861264786210e-01 9.361403558215071474e-02 1.142142027395175452e-01 9.368052284763729587e-02 8.112130029420748512e-02 9.454723525255362415e-02 1.140376658179269725e-01
8.930817345872821278e-02 1.171440098308968308e-01 8.912963600868255287e-02 1.208656925992036557e-01 9.252362673335781662e-02 1.166900852003247557e-01 9.259192488162118484e-02 7.627259913190258256e-02 8.915840607132163864e-02 1.163158460839608110e-01
8.937883875578893356e-02 1.207111900830173945e-01 8.922420409159326216e-02 1.176165586542356617e-01 8.687423610457893630e-02 1.201222156577640837e-01 8.694928856365687075e-02 8.023895125063301714e-02 8.923390115544596601e-02 1.196506156832858325e-01
9.241563511500421046e-02 1.168259916307514967e-01 9.211851659596316522e-02 1.203273873935099547e-01 9.154412994599074593e-02 1.162361185263417612e-01 9.166253703653842733e-02 7.101307641518442293e-02 9.212171005325385520e-02 1.157348972874619464e-01
9.206998911054818657e-02 1.174279782541221284e-01 9.186593329957426501e-02 1.096764257376889734e-01 9.202104804827045126e-02 1.170581054223315959e-01 9.212202300300095792e-02 7.910819958480484748e-02 9.190765525537837599e-02 1.167426422842802597e-01
9.189850587326568732e-02 1.180791224687519070e-01 9.171670692435722472e-02 1.058892135964945580e-01 9.214092072428872737e-02 1.176344123740968028e-01 9.222115997735325088e-02 8.141449593946728513e-02 9.173986345692973499e-02 1.172655986649947524e-01
9.075138200015314682e-02 1.144100351782844499e-01 9.064480942831093513e-02 1.143812319098347074e-01 9.373957488468410981e-02 1.139632600275577584e-01 9.375921101905883293e-02 8.410542194941768301e-02 9.064047142974406002e-02 1.136046021729543859e-01
9.160733572205397024e-02 1.168539488277176713e-01 9.140143924615569404e-02 1.101651439265845106e-01 9.247013520617146376e-02 1.164319309383564788e-01 9.256062945875301318e-02 8.100280442278312565e-02 9.143071306104647022e-02 1.160759191903776161e-01
9.195472430014355048e-02 1.163379273131052577e-01 9.173412536276223661e-02 1.107060530162409240e-01 9.243644883714240146e-02 1.160373362488067300e-01 9.255087019190934294e-02 8.067879865340576995e-02 9.179165999694832712e-02 1.157720560795354320e-01
9.124239378878050422e-02 1.184647297463080756e-01 9.119356485556671943e-02 1.119367539024034991e-01 8.952623547023087769e-02 1.182455685560940967e-01 8.958186183191228780e-02 8.048641350838155184e-02 9.124682977271246498e-02 1.180756485676099227e-01
9.207572433312184723e-02 1.184101827456531253e-01 9.193610767670076789e-02 1.062970365497621500e-01 9.219728534801589770e-02 1.182383469545134208e-01 9.229408281330836461e-02 7.844762107588222622e-02 9.201558524003619621e-02 1.180880272630060734e-01
8.887477139375295210e-02 1.173999596106856808e-01 8.875711837024816142e-02 1.237016498942754422e-01 8.718644118243225327e-02 1.169484114392905227e-01 8.724944931823029604e-02 8.451735858964913584e-02 8.877715816767443868e-02 1.165876820337611169e-01
8.579461354447955046e-02 1.172979093875602119e-01 8.571748028761469462e-02 1.399478041034535325e-01 8.598214881842231039e-02 1.168674257374464343e-01 8.602590712633505221e-02 8.008571831444695477e-02 8.574762358448310973e-02 1.165333690957581908e-01
9.276257148557970345e-02 1.150226129488830934e-01 9.262887916814561973e-02 1.067388207468105421e-01 9.723039291342393253e-02 1.148283886151354044e-01 9.729074657095773682e-02 7.615275704146513835e-02 9.268571534477654250e-02 1.146591151648222312e-01
8.815805765125633853e-02 1.212497602137077718e-01 8.799692931201177903e-02 1.176471626267264620e-01 8.885719857322968429e-02 1.209744232431591848e-01 8.896405298941058304e-02 7.732477230866688367e-02 8.808306441678730170e-02 1.207445786650439695e-01
9.015338533292423240e-02 1.174361218888311242e-01 8.992844381773879014e-02 1.201311298471416794e-01 9.092191953363128187e-02 1.170791923349204372e-01 9.103720721789641812e-02 7.655530455374179311e-02 8.998634906027075386e-02 1.167709464129034341e-01
9.196509019745552349e-02 1.143277194166913702e-01 9.184535507678791288e-02 1.138379809439879348e-01 9.164159253492518142e-02 1.142186856647136178e-01 9.173041885041192944e-02 8.439411125294361826e-02 9.192103105271468011e-02 1.141180150093682871e-01
9.213466282585017209e-02 1.219371411186057769e-01 9.179720387207519761e-02 1.040558478086453936e-01 9.231535488169194392e-02 1.213563111725054905e-01 9.246714182623681777e-02 7.124266233699819151e-02 9.183785293002735828e-02 1.208558212273636995e-01
8.950410621211131457e-02 1.218812799249577722e-01 8.934185663037282066e-02 1.146685620344283507e-01 8.886346438616848920e-02 1.216372579590455083e-01 8.897854404643901205e-02 7.426187183337870645e-02 8.943218354621235155e-02 1.214308734268856466e-01
8.650266500020548088e-02 1.192512926272737139e-01 8.645375008885101964e-02 1.275126421975056878e-01 8.723416912312620397e-02 1.187461290910605399e-01 8.725419430618246153e-02 8.221686625180274488e-02 8.646723449827160846e-02 1.183610568157205389e-01
9.341855470323412458e-02 1.150529775954607092e-01 9.322568057029143040e-02 1.091143079355769985e-01 9.309100996948919959e-02 1.146408645783016655e-01 9.317134915453249844e-02 8.075533106441898368e-02 9.323699600429798118e-02 1.142929284243964227e-01
8.719109355710025211e-02 1.187475257830481468e-01 8.703140181740828818e-02 1.333444781245219368e-01 8.759887748761928383e-02 1.182587313864229689e-01 8.767633336138175304e-02 7.522228019045862357e-02 8.706574995677507367e-02 1.178635283352637009e-01
9.590254028766954930e-02 1.086000264342739108e-01 9.591185549852171421e-02 1.071834785642543364e-01 9.133269147365218055e-02 1.084166204871392786e-01 9.134673675083687661e-02 9.713545350209196183e-02 9.589979666219397569e-02 1.082708003393662438e-01
9.124389559287968132e-02 1.157206859152764694e-01 9.114756678623862907e-02 1.163943408391625439e-01 9.293376628334618084e-02 1.153177033013539493e-01 9.296382705011775605e-02 7.812769932551938412e-02 9.115544929951509279e-02 1.149950656065903271e-01
