9.258597517294113455e-02 1.181199229151831259e-01 9.347319990072242013e-02 9.353925746637258010e-02 1.097436828411190723e-01 9.255428256617385940e-02 9.402188618146828381e-02 7.941110337156259691e-02 1.097217083241428248e-01 1.168289812603140604e-01
9.330513934199044512e-02 1.215118234021036192e-01 9.301805760504111564e-02 9.306816100668420522e-02 1.067812486684691364e-01 9.328438559723863099e-02 9.682062827774075287e-02 8.318086496374864358e-02 1.067426171592723155e-01 1.122870739777111354e-01
9.347440327738103238e-02 1.181281351455637368e-01 9.635571212329042956e-02 9.639814081967489068e-02 1.032541843637546641e-01 9.345349339044894954e-02 9.772358734329612828e-02 8.759117540038943717e-02 1.032325508571566020e-01 1.103886172790441295e-01
8.834123046956564307e-02 1.145594456680282397e-01 8.854893177792512449e-02 8.861944592357712258e-02 1.230059785865543209e-01 8.830936879237355486e-02 9.428633027147649559e-02 7.610905927047789676e-02 1.229475074232747045e-01 1.152727018167469392e-01
9.230890513145877108e-02 1.243277150977151746e-01 9.191381099877106442e-02 9.194216042834139901e-02 1.097298862446249579e-01 9.229614675579023153e-02 9.408701780292115513e-02 7.974862485392553157e-02 1.097063319472485476e-01 1.139394007392031810e-01
9.404616936281147421e-02 1.145642711778088185e-01 9.111673144738267893e-02 9.110408646199190386e-02 1.080442817451109649e-01 9.405333804601274938e-02 9.840938635497481490e-02 9.525974140632226250e-02 1.080488939959363404e-01 1.053531000016479924e-01
9.170796384049439975e-02 1.229099159346387637e-01 9.197272666277411801e-02 9.203513615781507007e-02 1.104706966166803805e-01 9.167747148821421554e-02 9.517591059248141361e-02 7.791543140832170311e-02 1.104544994969782201e-01 1.156802478016017433e-01
9.130695578399176948e-02 1.152420488198774573e-01 8.912177528065647059e-02 8.918228916473189272e-02 1.187846107177656790e-01 9.128103961191522120e-02 9.314170796013296338e-02 8.176735138183625906e-02 1.187394805599941427e-01 1.114327407190981167e-01
9.455615701469703704e-02 1.171419843739558708e-01 9.397157052557930657e-02 9.404420063970608812e-02 1.056262998429090549e-01 9.452319861331150153e-02 9.427762733862783684e-02 8.772867987084218000e-02 1.056030448969176166e-01 1.125272368834534104e-01
9.224979946404894549e-02 1.191165169133640150e-01 9.149136485120462625e-02 9.154521504993146097e-02 1.110968567742102869e-01 9.222728566410222373e-02 9.234374666247167907e-02 8.396640747112908698e-02 1.110525768141108621e-01 1.149102303354268134e-01
9.124919560442473765e-02 1.230707297851336562e-01 8.952802895492102675e-02 8.957280694100790142e-02 1.131770945998472611e-01 9.123181260466262099e-02 9.476002014831721998e-02 8.311057546546481156e-02 1.131287877995124785e-01 1.111709480967082719e-01
8.834532644124859502e-02 1.216185385341012198e-01 9.030395641860564093e-02 9.037723941644716652e-02 1.159973454949552729e-01 8.831257358996549844e-02 9.279569209106298955e-02 7.618873524939048791e-02 1.159351825320420470e-01 1.201254102321810679e-01
8.914571891982070451e-02 1.129770069349329137e-01 8.673115073469028768e-02 8.677955663115199947e-02 1.209145447317114958e-01 8.912257968472327152e-02 9.168266811330823274e-02 8.354004437771428426e-02 1.208949323850242313e-01 1.182117974869225513e-01
8.487107311659675135e-02 1.176310982580490438e-01 8.501796574438848231e-02 8.508225456831433609e-02 1.323372891142165775e-01 8.484291695822794577e-02 8.661040507620000606e-02 7.276666869688062922e-02 1.322468674516928400e-01 1.185934610154333740e-01
8.830021176514414594e-02 1.194765397578980565e-01 8.762471155847889603e-02 8.768479865766577730e-02 1.237633815497882483e-01 8.827312894207690885e-02 9.090047537277259893e-02 7.364266738547037283e-02 1.237101030074924807e-01 1.166239820032125146e-01
8.897266641035733725e-02 1.225226640574329784e-01 9.056097894779815971e-02 9.060017081957982832e-02 1.149407598471021419e-01 8.895468357550660732e-02 9.377335419112008130e-02 7.927601220088871525e-02 1.148935166896049020e-01 1.155051932606092624e-01
9.161168136977183851e-02 1.151138378437152748e-01 9.115685092872870265e-02 9.120474109174801780e-02 1.137342464338462616e-01 9.159234839785107551e-02 9.365356328992484325e-02 8.437093229189407406e-02 1.136812348937611683e-01 1.138805634587587573e-01
9.546273481065448152e-02 1.172643136186679175e-01 9.651964277482653898e-02 9.661805065071306375e-02 1.058518822934150366e-01 9.541897144924851859e-02 9.706871571990555170e-02 7.838175972839102335e-02 1.058149425903919666e-01 1.115989863637858737e-01
9.345783508260274708e-02 1.257896269890493857e-01 9.318039364905263133e-02 9.327059837303942891e-02 1.043581286652090073e-01 9.341697627202949494e-02 9.605789945242296235e-02 7.650425656066603408e-02 1.043278906944591355e-01 1.196363942614691173e-01
9.015853522247622986e-02 1.175283664855361482e-01 8.626767906576524036e-02 8.633426803619420609e-02 1.207382072552334734e-01 9.012952306279774228e-02 9.220816154596829517e-02 8.063504651544541046e-02 1.206966514637055898e-01 1.153035613468776366e-01
9.262508997513686781e-02 1.245956896565071775e-01 9.113000340253446518e-02 9.118458866622448922e-02 1.079218602861795051e-01 9.260150456558931265e-02 9.493975760832071287e-02 8.083198205040661999e-02 1.078911629650971676e-01 1.162783608240036265e-01
9.241275283222810666e-02 1.154868537335347056e-01 9.223023301436937549e-02 9.228454970538581270e-02 1.126537851825274716e-01 9.239071156217369685e-02 9.604736596611519739e-02 8.428758292556635945e-02 1.126004929128579940e-01 1.096056721652412524e-01
9.095442033083496469e-02 1.179303940272907469e-01 9.232482956905131710e-02 9.236444234186180768e-02 1.132600369212750785e-01 9.093634558228823328e-02 9.198862585688731552e-02 8.414413891819419455e-02 1.132194365333859115e-01 1.128773299189303747e-01
8.950466196179217293e-02 1.165065263031567072e-01 8.734982556188887470e-02 8.741477867617825082e-02 1.245721231079925939e-01 8.947673155682397961e-02 9.038704696396199223e-02 7.800168043141625374e-02 1.245137036552889515e-01 1.122729217815002095e-01
9.206832740018512651e-02 1.210161693767930896e-01 9.238726405110171680e-02 9.242862975946763981e-02 1.074470723830484864e-01 9.204821934993752397e-02 9.273786593375675513e-02 8.465220377749652081e-02 1.074292350541813240e-01 1.177850129140317892e-01
7.745876748767913100e-02 1.060124231727089528e-01 7.892108257138358285e-02 7.899987667513612422e-02 1.688960794801422083e-01 7.742224631118541089e-02 7.832462468833906177e-02 6.201881350879145244e-02 1.687412174810481169e-01 1.032048686235859936e-01
9.423138069318505450e-02 1.174005558825554352e-01 9.522505608207250394e-02 9.527894397792201209e-02 1.041884267913734119e-01 9.420703885398833133e-02 9.551096768571785967e-02 8.621872980288115829e-02 1.041612814685093091e-01 1.135776187617948962e-01
9.199894693499138798e-02 1.159191175183813122e-01 9.421173029879791050e-02 9.423548862440797591e-02 1.099625219946938764e-01 9.198535129667226307e-02 9.533514660041930711e-02 8.517685930538108907e-02 1.099462901360492573e-01 1.112285472902055788e-01
9.135059363043807057e-02 1.191312719158849759e-01 9.075319862007459604e-02 9.079899899174879996e-02 1.136247208962076066e-01 9.133100552814420181e-02 9.301126866709640006e-02 8.174976521065334401e-02 1.135833253673687870e-01 1.146658511723832180e-01
8.958314849235311794e-02 1.126346416120732746e-01 9.070784289342080642e-02 9.076143675582644399e-02 1.180445862141182994e-01 8.955802769730936141e-02 9.442640127278754958e-02 8.548056794743431885e-02 1.180037033122441625e-01 1.107996438024326513e-01
9.084105555016309952e-02 1.243752064916755634e-01 9.181796749040417593e-02 9.186498064296841348e-02 1.102249525526278751e-01 9.081873323831006484e-02 9.421727617501227114e-02 7.888487048420252112e-02 1.101957881699870412e-01 1.167591692046489882e-01
9.096641766784704930e-02 1.174933713736479590e-01 9.273562220271386325e-02 9.278708485541165008e-02 1.128164531721591729e-01 9.094411532891245875e-02 9.196469131561829657e-02 8.162819839460669358e-02 1.127617996822676688e-01 1.159022460068151877e-01
9.159867104038435515e-02 1.176710861469569269e-01 8.998672376163269204e-02 9.003851889311548229e-02 1.150057869281093659e-01 9.157818919869535612e-02 9.257497274117058861e-02 7.929153802491441250e-02 1.149499262828681673e-01 1.173045869821526949e-01
9.344500749774291293e-02 1.053825938621574254e-01 1.046484866426866112e-01 1.046560096279613300e-01 1.029369522888932548e-01 9.343171777418526891e-02 1.020052824554240622e-01 8.641110204658500327e-02 1.029235138754209244e-01 1.041593339289431375e-01
9.459365149206694356e-02 1.140537494983045741e-01 9.336182623837153971e-02 9.337853211946320342e-02 1.084109368689875341e-01 9.458591506960696560e-02 9.728167142975789605e-02 8.861634020053794913e-02 1.084042089353415422e-01 1.073131681475618521e-01
8.431353061565817486e-02 1.184812379886794054e-01 8.425116042249790327e-02 8.430615394488281955e-02 1.309130447961678045e-01 8.428791348598459188e-02 8.800495122846108131e-02 7.908036536890634960e-02 1.308503775509250733e-01 1.155112645978368519e-01
8.565643864964242460e-02 1.155133085240675345e-01 8.911047055804897921e-02 8.917299159010377840e-02 1.287810772693415429e-01 8.562492881011539436e-02 9.056263918761008058e-02 6.943214723255713983e-02 1.287303514514288594e-01 1.174156467270842247e-01
9.297007690434154481e-02 1.249643915309553155e-01 9.363274864716017443e-02 9.369203775864010098e-02 1.043708624307330413e-01 9.294277108173248925e-02 9.412925743187966487e-02 8.151929288235043591e-02 1.043455612725218279e-01 1.174330000596854745e-01
8.749071183086437609e-02 1.250120540223701449e-01 8.712259877678965592e-02 8.716718588912621135e-02 1.207553197964934683e-01 8.746947512108307898e-02 8.915031457794167502e-02 7.876446222085216331e-02 1.207194370014226942e-01 1.163484407630565459e-01
8.753341899851638241e-02 1.213426119628836369e-01 8.594959886745073829e-02 8.598732273375535307e-02 1.240730773586814079e-01 8.751708728112851665e-02 8.893186881480497075e-02 7.604434483153757474e-02 1.240246163294659032e-01 1.185960528217755022e-01
9.158320228189087420e-02 1.220811543027884444e-01 9.034693419651004809e-02 9.039947150985937208e-02 1.132560036678130072e-01 9.156054724577075699e-02 9.114333021018330983e-02 8.269426488625948590e-02 1.132178191487371727e-01 1.137172725501875564e-01
8.978270189514138411e-02 1.147285192708270007e-01 8.937373694346262276e-02 8.941190861669520706e-02 1.196818986141620633e-01 8.976696238547965390e-02 9.250849949984928100e-02 8.109641707425113699e-02 1.196271886327311129e-01 1.140221670674005511e-01
9.199374027476392435e-02 1.245507665159807514e-01 9.019716383698901663e-02 9.025874840989349390e-02 1.084875766396590502e-01 9.196521282479803994e-02 9.521689004440404835e-02 8.269191509758916370e-02 1.084694603365042587e-01 1.161685260194183084e-01
9.070315437787634938e-02 1.190405878913022020e-01 9.129856967182012339e-02 9.136762594621003486e-02 1.151139835715147969e-01 9.067298517577444816e-02 9.206331498389601353e-02 7.857609494281292406e-02 1.150585827886943524e-01 1.161051006500987554e-01
9.055358771625202086e-02 1.157312072448614254e-01 9.499328720433172779e-02 9.504369941904336483e-02 1.131816394569657852e-01 9.052798982762462476e-02 9.311335024473958721e-02 7.858079119958347181e-02 1.131456165631891525e-01 1.151288311234088257e-01
9.150821518530947996e-02 1.188151505966797139e-01 9.299057075916573878e-02 9.302470544409775777e-02 1.091521398074406513e-01 9.148980288553121287e-02 9.634145336036090135e-02 8.412286920913965294e-02 1.091405576639057906e-01 1.134145350883691283e-01
8.851728797667590687e-02 1.173314964041767133e-01 9.095608154274520407e-02 9.101953258159226068e-02 1.216746495101202613e-01 8.848486894154958260e-02 8.834325181676272454e-02 7.196694767543075633e-02 1.216460386344515310e-01 1.200598449164950732e-01
8.893617843913956267e-02 1.227401916533385207e-01 9.186114273658654850e-02 9.191562877870038117e-02 1.118152612024041759e-01 8.890913239216195751e-02 9.311975074602003855e-02 7.720219587092649882e-02 1.117813048913751384e-01 1.217192132893471779e-01
9.260153246885759193e-02 1.167569027181470792e-01 9.437898284054750675e-02 9.441146257080577919e-02 1.105969953130515882e-01 9.258498467597711667e-02 9.303356157942445359e-02 8.466158089004005571e-02 1.105752387949886922e-01 1.103987581481601643e-01
9.172889976660338063e-02 1.164669636957572640e-01 9.448134475293894219e-02 9.452131162546327514e-02 1.101806865760674575e-01 9.170851733620698221e-02 9.771452779770602171e-02 8.383220941772259738e-02 1.101560903188102819e-01 1.092094487127237834e-01
9.698912596270103936e-02 1.039277601828589026e-01 9.775830974483752656e-02 9.773478194312847089e-02 1.055721508745227355e-01 9.699864933603008499e-02 1.004034916349273859e-01 9.294319413606480507e-02 1.055699725136572675e-01 1.021025636712717122e-01
9.150568491584837316e-02 1.177178598330653608e-01 9.266395103819270729e-02 9.273557560721039372e-02 1.100518122236558705e-01 9.147344139542912256e-02 9.684915852449908769e-02 8.464376708088967860e-02 1.100110254683533545e-01 1.123477239128560373e-01
9.466395014163292432e-02 1.121425015708102935e-01 9.699007324329887714e-02 9.703738864327336733e-02 1.043753531197544882e-01 9.464298065933919590e-02 1.000498426460814660e-01 8.511381566381159836e-02 1.043406621998930334e-01 1.106434321121048253e-01
9.536507806256387665e-02 1.125359050358722274e-01 9.217302062950891162e-02 9.223100665703318213e-02 1.098918080456961072e-01 9.534488711834189500e-02 9.883809440448719508e-02 8.600047855540540742e-02 1.098336075430117464e-01 1.077861139480794650e-01
8.592782704148362038e-02 1.208142188265987488e-01 8.969346182342972928e-02 8.973486611096477550e-02 1.221461859342587164e-01 8.590635282148594010e-02 9.097789200248465602e-02 7.674198742796932426e-02 1.220950745313736652e-01 1.159621334799508519e-01
8.805923663278215907e-02 1.211481402865392520e-01 9.044742434650065999e-02 9.051265699164606771e-02 1.213215676834147466e-01 8.802715333475903681e-02 8.913483579341099916e-02 7.069072927015021546e-02 1.212810501074642333e-01 1.193772055533325882e-01
8.441964280274853738e-02 1.219876777278834923e-01 8.671455480173752284e-02 8.673866758307553770e-02 1.259041027947544467e-01 8.440596816614157061e-02 8.958498983421546435e-02 7.742027430799061638e-02 1.258575452124056637e-01 1.169665767690471203e-01
8.568032987729654049e-02 1.170870716930123429e-01 8.621923878058967983e-02 8.626898227097321015e-02 1.302579190526221842e-01 8.565497501355694154e-02 8.630588746595876937e-02 7.335316391768845201e-02 1.302207451445744346e-01 1.189516867837274311e-01
9.180984214094588258e-02 1.185724477353034129e-01 9.201527417822084887e-02 9.206953532419998032e-02 1.119781025425631571e-01 9.178470784467683552e-02 9.362696523073049670e-02 7.977047712357263065e-02 1.119475997678521795e-01 1.164250481119345482e-01
9.228173522933315331e-02 1.134180116777677716e-01 9.704418161324328274e-02 9.706435857509189413e-02 1.117316211648625018e-01 9.226829534476153893e-02 9.440620836728728926e-02 7.965068349644648105e-02 1.117087808610127408e-01 1.104261236701933047e-01
8.926185439880242323e-02 1.264382646427652801e-01 8.840819180038947400e-02 8.844624640489713585e-02 1.132367000824981706e-01 8.924494796413851017e-02 9.393268972764602653e-02 8.399277185881097452e-02 1.132039770571670462e-01 1.138343560628849033e-01
9.326210664957838847e-02 1.082276147425818291e-01 9.606729662595021868e-02 9.605986195789205373e-02 1.099392392017943670e-01 9.326180507700987388e-02 9.639237315321012856e-02 8.825059499935682117e-02 1.099282972221200527e-01 1.086108103705062805e-01
9.195057269026382651e-02 1.185508614954571133e-01 9.171317147202254216e-02 9.176800101036644564e-02 1.124558410426980265e-01 9.192832832206056237e-02 9.264214723761347858e-02 8.397562484486451040e-02 1.124008380324327677e-01 1.126146138522206991e-01
9.210293232354195558e-02 1.198805287667250030e-01 9.491509184696966805e-02 9.497858091492722421e-02 1.080690025150575911e-01 9.207424229005989336e-02 9.646064545747078112e-02 8.060991044202871214e-02 1.080261049923338657e-01 1.128829604508852780e-01
9.457939999514718143e-02 1.119197295996876840e-01 8.772537237011347744e-02 8.773675861718001345e-02 1.125040033924778055e-01 9.458026697141151684e-02 9.591092592723664267e-02 9.428653759495828068e-02 1.124918025099466978e-01 1.082652030218407280e-01
9.232892788372597248e-02 1.219722771558080648e-01 9.352371079296785406e-02 9.356981376737334710e-02 1.044660622550891010e-01 9.230519885806345859e-02 9.580951902026507705e-02 8.236085534405174213e-02 1.044568951779156069e-01 1.192067397447397759e-01
8.786602880827601436e-02 1.124352352521658382e-01 9.377593165050743251e-02 9.378121647637675806e-02 1.193444472169467030e-01 8.785746249791566431e-02 8.884582197122040115e-02 7.910969186597396896e-02 1.193112567569492577e-01 1.176729075036679756e-01
8.920280952387600604e-02 1.123154267951446406e-01 9.036300581870354565e-02 9.041613589776033300e-02 1.218320145016425354e-01 8.917827353626971154e-02 9.062514060534394844e-02 8.032778176645159751e-02 1.217806936260874967e-01 1.139587179287201713e-01
9.108362987408122335e-02 1.167296225744842708e-01 9.270795832806753844e-02 9.276312736341633947e-02 1.154652958925941747e-01 9.105703622439059730e-02 9.278662516891482415e-02 7.842468616619045763e-02 1.154328418428526154e-01 1.135491765650079865e-01
9.387061637651630819e-02 1.181356794996332588e-01 9.422282369097199906e-02 9.427683727760749477e-02 1.045701443304156986e-01 9.384453362304111257e-02 9.614426152880073406e-02 8.645239866949523677e-02 1.045577450705300060e-01 1.139249599329881374e-01
8.949059605009428153e-02 1.152564468928952840e-01 9.080042414246963789e-02 9.080624227755358657e-02 1.176724831198547594e-01 8.948564984353504781e-02 9.508125393242335133e-02 8.532305371714114794e-02 1.176514401810699467e-01 1.084324098429630401e-01
8.969436061632249380e-02 1.188370883141450646e-01 9.039226007400490148e-02 9.046039416443799053e-02 1.179850857515591378e-01 8.966386126834402504e-02 9.227975281658523654e-02 7.889083209901831539e-02 1.179316049255219739e-01 1.138647599700608748e-01
8.817552231148234609e-02 1.108530627398409962e-01 9.149113902404945597e-02 9.152385647787776579e-02 1.235139002105421768e-01 8.815938316951096865e-02 8.864663934419667046e-02 8.110180109511541668e-02 1.234532797084200439e-01 1.130814159189642010e-01
8.491325719468588440e-02 1.153909938686740605e-01 8.907207295958005644e-02 8.910545315009610334e-02 1.269122813896709223e-01 8.489388934467387293e-02 8.988694425206571192e-02 7.472755959498336709e-02 1.268664726254401520e-01 1.182310756201299662e-01
8.670913644538427723e-02 1.195394128500081310e-01 8.796901079600517870e-02 8.800085356168332873e-02 1.256694620674626561e-01 8.669169548259389457e-02 8.756358948665445008e-02 7.515300886855470763e-02 1.256386635748874547e-01 1.170651668667659073e-01
8.759760394266796757e-02 1.255836204367742348e-01 9.234419030694895891e-02 9.236050904176720810e-02 1.133954495329539125e-01 8.758438390975743781e-02 9.165995694837489327e-02 8.003159229053991019e-02 1.133772035794234911e-01 1.160654900107919996e-01
8.686761097418720101e-02 1.202610601027188225e-01 8.831143408180225363e-02 8.834181813239821990e-02 1.224075733052421427e-01 8.685173690980428629e-02 8.919154614672795967e-02 7.482283996621362510e-02 1.223675484427646232e-01 1.205768319381408799e-01
9.151935970078854676e-02 1.172703149154913915e-01 9.020775272501882491e-02 9.026555088144462557e-02 1.146494055800346135e-01 9.149606750449879033e-02 9.633199359508740067e-02 8.388779795676613860e-02 1.145937944805451303e-01 1.097779626603245101e-01
9.660008454374220677e-02 1.472120610203965785e-01 9.758402366889862289e-02 9.785824937046445904e-02 8.570986907949965095e-02 9.647685234363281848e-02 1.017284333798316037e-01 5.335477766489776785e-02 8.567751581913998771e-02 1.377981331094963180e-01
9.174262621145735930e-02 1.148898159475283953e-01 9.475270107919106510e-02 9.479170026631059121e-02 1.128617049442876968e-01 9.172336521033078172e-02 9.390706548083943561e-02 7.887206229824364478e-02 1.128252855045874248e-01 1.136336730572236053e-01
9.136001395312916273e-02 1.171289588488176187e-01 9.338570593085636362e-02 9.345198615142435994e-02 1.126920616520393215e-01 9.133001289947581536e-02 9.276747353709305366e-02 8.038290232101075183e-02 1.126453166354417640e-01 1.148555680707117888e-01
9.207852960921766861e-02 1.211546820662427193e-01 8.977074505098742163e-02 8.980968652199267099e-02 1.117155443884581961e-01 9.206266068831374383e-02 9.376444186767222966e-02 8.320774707702198458e-02 1.116848594666148553e-01 1.147511032634784961e-01
8.844589324838952882e-02 1.152040251944023153e-01 8.470248470856871215e-02 8.473185585630782501e-02 1.250902174448295379e-01 8.843549821042913373e-02 9.070025515285065620e-02 8.258701968413435790e-02 1.250428517660752969e-01 1.150598987340126222e-01
8.757210781755482565e-02 1.218205611794594412e-01 9.037164652521145758e-02 9.043858430180132246e-02 1.180552175580012880e-01 8.754030400362543263e-02 9.070270420479234486e-02 7.560859210946467568e-02 1.180047172377556852e-01 1.198855650623335545e-01
9.043509831097398810e-02 1.135079986605018604e-01 9.470215583863952902e-02 9.472780273502334758e-02 1.166011354534990940e-01 9.041971518201312452e-02 8.919368085426986059e-02 7.938538295479483087e-02 1.165690849049257766e-01 1.144579451053585883e-01
9.108201846932330314e-02 1.219459663913502051e-01 9.170370465947881577e-02 9.180066954600998863e-02 1.139828034624267433e-01 9.103916334029929502e-02 9.422949138129603497e-02 7.420130778536876415e-02 1.139257825769587756e-01 1.160890923874880881e-01
9.218760867521959279e-02 1.194982802788538134e-01 9.313864401441962482e-02 9.316742528556590242e-02 1.103535745300255333e-01 9.217481610697869643e-02 9.244236431668519105e-02 8.635905646204980468e-02 1.103197068514879670e-01 1.103585234787138880e-01
8.951239645984702953e-02 1.221069506640169861e-01 8.967993723121725491e-02 8.975778665510206200e-02 1.168075451400737708e-01 8.947949009030506384e-02 9.252317734053115694e-02 7.823546954686805277e-02 1.167359241832843786e-01 1.151613226887542168e-01
9.126949316235834220e-02 1.121504842092881371e-01 9.482292970794978237e-02 9.485669631628863840e-02 1.125647760803359931e-01 9.125236467489428183e-02 9.537733945720087980e-02 8.509086799306833648e-02 1.125276788233039310e-01 1.100873695753117332e-01
9.212129430838764121e-02 1.212992661212028839e-01 9.116377040042612789e-02 9.122849021861821617e-02 1.081074051213576082e-01 9.209196973957234356e-02 9.562479592630974967e-02 7.771828812587376623e-02 1.080782246559373050e-01 1.225664953823143444e-01
8.919411636419523337e-02 1.174128379406591399e-01 9.445641602966806105e-02 9.451347564386257394e-02 1.159529354148575025e-01 8.916472401860806030e-02 9.158654415688984030e-02 7.719594141793942321e-02 1.159162024929100143e-01 1.146068065204101649e-01
8.540589857052946487e-02 1.168644127430574775e-01 8.967916170298406708e-02 8.971928565833457714e-02 1.258522439646644620e-01 8.538529571481692781e-02 9.017999054395588188e-02 7.687490043071705526e-02 1.257885252967298750e-01 1.142502853742102392e-01
9.367694732126898016e-02 1.122008430043606453e-01 9.838956725216430055e-02 9.839559510736539671e-02 1.069875752434817223e-01 9.367001299859221974e-02 9.791237171663436101e-02 8.479684133180873107e-02 1.069698192440078355e-01 1.070004267803158077e-01
9.095526891359151378e-02 1.216447114429925758e-01 9.064830793590818170e-02 9.069698093150228846e-02 1.131937766899147463e-01 9.093373737870646956e-02 9.262235408460418873e-02 7.967994122864381634e-02 1.131550585215847227e-01 1.164698628725515245e-01
9.179400661789709204e-02 1.153642236784055142e-01 9.157196040595930175e-02 9.161103844196365198e-02 1.116108706507745740e-01 9.177620031618141661e-02 9.618220446550601599e-02 8.252367599889788574e-02 1.115823195993537603e-01 1.159834998250607457e-01
9.244215634228117318e-02 1.217506134466849743e-01 9.214626767826783471e-02 9.219762118237805060e-02 1.088491807656618016e-01 9.241915974873857187e-02 9.340619650039332089e-02 8.265664912627775085e-02 1.088193776393771434e-01 1.153127775699393925e-01
8.971297823571530716e-02 1.125762636925924931e-01 9.412964180859621777e-02 9.415336573510384166e-02 1.164047557012219958e-01 8.969830044088480947e-02 9.745578954056713372e-02 8.151273402566953930e-02 1.163745275332184609e-01 1.079816432864302289e-01
9.144176534997634775e-02 1.265860490973749475e-01 9.081751172035552877e-02 9.085427122366479535e-02 1.101063041548187987e-01 9.142598503703365520e-02 9.367868023454005433e-02 7.991550303308139758e-02 1.100737548967553325e-01 1.151001752523991145e-01
8.910761631266043981e-02 1.260131944482054400e-01 8.811373849961262605e-02 8.815726593163988878e-02 1.159561791747215631e-01 8.908868392975505257e-02 9.255299706206371324e-02 8.281744624349954287e-02 1.159157972388546176e-01 1.122770811589871298e-01
9.314549546247302692e-02 1.163869621872226090e-01 8.709094673772536932e-02 8.714533527727402751e-02 1.124215125775602231e-01 9.312432878056836616e-02 9.734382498936686168e-02 8.779284706086064316e-02 1.123924749658683636e-01 1.131562719610805234e-01
9.043452475772414956e-02 1.212891249663303334e-01 9.476654380033550096e-02 9.483161343428114787e-02 1.105718687657339661e-01 9.040279826719753442e-02 9.390344915403504855e-02 7.554195067695969323e-02 1.105354447993008582e-01 1.177226813781017539e-01
9.149005510554970855e-02 1.131857122738890165e-01 9.514085089995166777e-02 9.514402681372892412e-02 1.122224997023020809e-01 9.148423271950735514e-02 9.293626252480802208e-02 8.792193173398267503e-02 1.122068710645834633e-01 1.082675571616970450e-01
8.829045561383552787e-02 1.226467716514011708e-01 8.606871850978636829e-02 8.609275404548272226e-02 1.195419821772711610e-01 8.828183560672776820e-02 9.260850578423451829e-02 8.250412050126383623e-02 1.194969347318749486e-01 1.144679213781220201e-01
9.095783081531877423e-02 1.259835820521964800e-01 9.222246078328198704e-02 9.230582459614503077e-02 1.126564488046741808e-01 9.092027317886734739e-02 9.037983144560760018e-02 7.419345753272435506e-02 1.126081880168897237e-01 1.177721027742945348e-01
9.375919089216608326e-02 1.223668287319947118e-01 9.380130381018446373e-02 9.390371660483136373e-02 1.070489229101640183e-01 9.371245251741083804e-02 9.470831986200413388e-02 7.700208916647867385e-02 1.070169935922410109e-01 1.166801819125247164e-01
8.982831840619871777e-02 1.204426844893558557e-01 9.115300993283405318e-02 9.124165876504515549e-02 1.174270179793858448e-01 8.978814941396404126e-02 9.349202600510699013e-02 7.212255875766572510e-02 1.173720632594356938e-01 1.171325129910079643e-01
9.979155855306931500e-02 9.980886840969462048e-02 1.025429896796984652e-01 1.025155045684705418e-01 9.810077855674656511e-02 9.979893137704920481e-02 1.048647602621970570e-01 9.769796055246461608e-02 9.811720123407126348e-02 9.676144680653832320e-02
1.011389323759747522e-01 1.015991274256580756e-01 9.310941721818660755e-02 9.310624563673071397e-02 1.037475739831566490e-01 1.011477382301087802e-01 9.767519474483625508e-02 1.053306146760782658e-01 1.037595194503948270e-01 9.938563625887508746e-02
8.744602819132479832e-02 1.092403889461874694e-01 9.169125958813224841e-02 9.168615453994284625e-02 1.242389843839542818e-01 8.744284176732035341e-02 8.818857487544295992e-02 8.431339922810318632e-02 1.242104481812260214e-01 1.115419202983658209e-01
9.126837261937412182e-02 1.129170222975490606e-01 9.332958242158603812e-02 9.335569870337451226e-02 1.163491664017705790e-01 9.125458540528480489e-02 8.909121262064023661e-02 8.369133265443090552e-02 1.163187976437442539e-01 1.124242292322454734e-01
8.935011160435694932e-02 1.153062106805534115e-01 9.167060302377945391e-02 9.172507493157877612e-02 1.223027450335900379e-01 8.932417704667362790e-02 8.927925638130090880e-02 7.618571689070728625e-02 1.222526876963156567e-01 1.126034167111438361e-01
9.300147522810967016e-02 1.172737212144659702e-01 9.245554283478607527e-02 9.253367394070872998e-02 1.092005963194937757e-01 9.296785342379762507e-02 9.559188897075822366e-02 8.395746076248544743e-02 1.091548132698806350e-01 1.138629740355138475e-01
8.924537946998933879e-02 1.176305294044595884e-01 9.241598234278301793e-02 9.248263703960298010e-02 1.159677112771536345e-01 8.921382055111237719e-02 9.338069667776706384e-02 7.761067771701860019e-02 1.159208211930482096e-01 1.161317443270651756e-01
9.157369629474162998e-02 1.192827425253586149e-01 9.193248831491904194e-02 9.197488053646281358e-02 1.104490610572372022e-01 9.155264876059786283e-02 9.601579040438569523e-02 8.252561771106263488e-02 1.104327362947174762e-01 1.142603381005170282e-01
9.248422830276600837e-02 1.259764948924816386e-01 9.339811084083959880e-02 9.348391846889234080e-02 1.062966870032118899e-01 9.244620352297280852e-02 9.535067970594304776e-02 7.704780941308111974e-02 1.062544457300611395e-01 1.172614221197504775e-01
8.807593041403716239e-02 1.110549624269425578e-01 8.639939914655191122e-02 8.643158912273102290e-02 1.260941960547490859e-01 8.806114320158967002e-02 8.957335386228662544e-02 7.863696706474682108e-02 1.260578194372458938e-01 1.196146392691192772e-01
9.207484072384236606e-02 1.150630928298440325e-01 9.323006658686992798e-02 9.327216158812370872e-02 1.126398900207215420e-01 9.205322407422486530e-02 9.520292003962990690e-02 8.334356140734683338e-02 1.126249384077709775e-01 1.104953043216258257e-01
9.154316670958474733e-02 1.237611576345320763e-01 8.919204429477102514e-02 8.927384735400266391e-02 1.110876967094123341e-01 9.150700972857160609e-02 9.515379949877666999e-02 7.921673118198443997e-02 1.110480557236304955e-01 1.182164911647339139e-01
9.141514536332595586e-02 1.194754438148900172e-01 9.193892885520064950e-02 9.200347207839662533e-02 1.114354343162253930e-01 9.138739097696149671e-02 9.686696426853780295e-02 8.170438180458547417e-02 1.113851977497515855e-01 1.123876407721249859e-01
8.973773424661299347e-02 1.239160464908725806e-01 9.125739476630104208e-02 9.130841023893029873e-02 1.132375284177392222e-01 8.971432726384442891e-02 9.397589533921646421e-02 7.891311288919462819e-02 1.131939848743019617e-01 1.147455654729863661e-01
8.846177491256670966e-02 1.268597605744398449e-01 8.921427577026749822e-02 8.922348963749469897e-02 1.158322181293861275e-01 8.845553430540220585e-02 8.806502717959260873e-02 8.053035673344036138e-02 1.158107021700125472e-01 1.175468605873973976e-01
8.839159528385263920e-02 1.172685318716316788e-01 8.664518032189252872e-02 8.667344374212844482e-02 1.215437988060366903e-01 8.837943066425528460e-02 9.272413765521043960e-02 8.261180700659652432e-02 1.215077863044069506e-01 1.142542883439888329e-01
8.745473391774336025e-02 1.238953390051988485e-01 8.859323380604006148e-02 8.865108727118632681e-02 1.230742460056506865e-01 8.742812038341429837e-02 8.819891810426158663e-02 7.389059738261867516e-02 1.230162818712607631e-01 1.157974422526254071e-01
9.590953625697444529e-02 1.156753246964778298e-01 9.615669569959514607e-02 9.623209893648848601e-02 1.032834230253501240e-01 9.587789554818494653e-02 9.670490056392845590e-02 8.272544369335459169e-02 1.032418795095889352e-01 1.141928020700570673e-01
8.843076063728426417e-02 1.232398388208415657e-01 8.661841809366374600e-02 8.670314777294639563e-02 1.194614755619134994e-01 8.839197761174236168e-02 9.277518258384419292e-02 7.322649203208070334e-02 1.194145059168030681e-01 1.217382009688802308e-01
9.552173017391192567e-02 1.167384036938547698e-01 9.444438244307404307e-02 9.450291438166941171e-02 1.021395103754595968e-01 9.549602366888310101e-02 9.852921560746819019e-02 8.908575175518249067e-02 1.021196047676642960e-01 1.114224631328321474e-01
9.553426188278001108e-02 1.116566049518449566e-01 9.191829083313741988e-02 9.197216262280820398e-02 1.104365832712292661e-01 9.551291484225309103e-02 9.578539317324395730e-02 8.516561448271735280e-02 1.104046847751678079e-01 1.116134891648180028e-01
8.428522512913826092e-02 1.256646583783350979e-01 8.558834577506121977e-02 8.561397048487101591e-02 1.285258222953878648e-01 8.427158757721538163e-02 8.657048196730252054e-02 7.564867997003105193e-02 1.284773338178136215e-01 1.153538946048439512e-01
9.537262900930700005e-02 1.139665668993802838e-01 8.955124207389072999e-02 8.956193605185368278e-02 1.087297133323811976e-01 9.537446045852587817e-02 9.660944456440929973e-02 9.356407666280622260e-02 1.087077936791540772e-01 1.085621372682916280e-01
9.716379330944244219e-02 1.108886727266739924e-01 9.062987401985041214e-02 9.068141679050073511e-02 1.070317431196380342e-01 9.714573122902891988e-02 9.457570810040534515e-02 8.867044975234096571e-02 1.070035361305281957e-01 1.162090748215910130e-01
9.070529580232661315e-02 1.189475772050938573e-01 9.344600749408718543e-02 9.349078657388903979e-02 1.130874352283066236e-01 9.068350796679401638e-02 9.519424351180913457e-02 7.954483365292187858e-02 1.130507476211974754e-01 1.118495649435741202e-01
9.264638706480143870e-02 1.164498371004203808e-01 9.237093791431054413e-02 9.238289694835878640e-02 1.115704940186157124e-01 9.263873423213658809e-02 9.215141098799048414e-02 8.565447205573371858e-02 1.115685831756241392e-01 1.125662465020082353e-01
8.656515703129841199e-02 1.177632207034065986e-01 8.730838875562818568e-02 8.733448988115877221e-02 1.286930978149631311e-01 8.655241466409135942e-02 8.785587467792493888e-02 7.385057557767867042e-02 1.286402574379426900e-01 1.154365234559072279e-01
8.920528534302131496e-02 1.217173090151729004e-01 8.992005895722469944e-02 8.998068652092627850e-02 1.163862021089681759e-01 8.917796922522662484e-02 9.232844444394636141e-02 7.804141291939810376e-02 1.163360954233581684e-01 1.169065360427573447e-01
9.295341241553387035e-02 1.076432399927471362e-01 8.646028070281192024e-02 8.647865896602982549e-02 1.205355835421745708e-01 9.295155074700510445e-02 9.350398157015432643e-02 8.977090146029359508e-02 1.205008368316673878e-01 1.092015537715822771e-01
9.427560538746000696e-02 1.114132714297422500e-01 9.454108111372634682e-02 9.452528425105627408e-02 1.034320957353380144e-01 9.428037693416994880e-02 1.021938647525737626e-01 9.172950259737340517e-02 1.034385680308196886e-01 1.101703497677403165e-01
9.487902684547191989e-02 1.140993505435098643e-01 9.450931439731469208e-02 9.454284698976087031e-02 1.067893765506216508e-01 9.486340756489775039e-02 9.226697326874711003e-02 8.560533410722921677e-02 1.067739998699403225e-01 1.156703698625066307e-01
8.996949817448009201e-02 1.166143037605042732e-01 9.528923850568327136e-02 9.533495194904152703e-02 1.138566111876598563e-01 8.994597230694863221e-02 9.735170131411206851e-02 7.856358352853463900e-02 1.138158771277171522e-01 1.092582621453184882e-01
9.018396009940397862e-02 1.199982216497047782e-01 8.820195465344946029e-02 8.824969149328829032e-02 1.164589633651403749e-01 9.016462729304033918e-02 9.196674701029247667e-02 8.040287866881061507e-02 1.164083821253748124e-01 1.179645736414948604e-01
9.160189363708672039e-02 1.139343286811986128e-01 9.139258092917379450e-02 9.147769304982082683e-02 1.193800134068558616e-01 9.156623577423922411e-02 9.300582625649668478e-02 7.437293124291216584e-02 1.193038689544646952e-01 1.139646280677514417e-01
9.386744008753983293e-02 1.185529761206281923e-01 9.401270799340805118e-02 9.407436588341810957e-02 1.065972920888755698e-01 9.383958866107638963e-02 9.616498146248259049e-02 8.345212374218075047e-02 1.065701003855048651e-01 1.128684235748856346e-01
9.250524174128232913e-02 1.174772013788970282e-01 9.357100074400039047e-02 9.362314486365491684e-02 1.089266550354388574e-01 9.248172835125458013e-02 9.159387360994114546e-02 8.052269036612220987e-02 1.088894817703626866e-01 1.204089821390457865e-01
9.012166454988825015e-02 1.122504981548500813e-01 9.443645044690621160e-02 9.445850483193883596e-02 1.145532386471171532e-01 9.010936426351183470e-02 9.245507953631511289e-02 8.370228519806223455e-02 1.145088742536089499e-01 1.134040401178013219e-01
9.371708939643662306e-02 1.182020576982985155e-01 9.577643654948587992e-02 9.583590482506838815e-02 1.058991061588269306e-01 9.368977963816117749e-02 9.403206434630309585e-02 8.605716795680455611e-02 1.058684905120381436e-01 1.109219029185766620e-01
9.400067603912824754e-02 1.179715030309958501e-01 9.545357819658678578e-02 9.551977661894026084e-02 1.083012786234527625e-01 9.396960106451499040e-02 9.333396981131479586e-02 8.044352475368597710e-02 1.082757852660552605e-01 1.127303065953250139e-01
9.345362217518120296e-02 1.207172443118484789e-01 9.175576221558111312e-02 9.177554806828193412e-02 1.069485861597808257e-01 9.344407060245613073e-02 9.416245233326882291e-02 8.822521218486374661e-02 1.069458568553551120e-01 1.125716450933827162e-01
9.339041268536234230e-02 1.196092947734555823e-01 9.346843766949017307e-02 9.351285511472151590e-02 1.054956774505351053e-01 9.336801382006773564e-02 9.437270292236736580e-02 8.433133310252501069e-02 1.054891189527447370e-01 1.169621535087304459e-01
8.807788885567532922e-02 1.150034286486223134e-01 8.678708500003680382e-02 8.682320658518385970e-02 1.237005051006651452e-01 8.806263597062122250e-02 8.910194779316397973e-02 8.264393332627255340e-02 1.236487148035767675e-01 1.161506539161820395e-01
8.380541767624152816e-02 1.133565317050605065e-01 8.433967620080219663e-02 8.436138316359090283e-02 1.360751563253097263e-01 8.379449143264103284e-02 8.703617907349354976e-02 7.822370127704240950e-02 1.360139580672929394e-01 1.129935050785252221e-01
9.369962310671087202e-02 1.155951707314800264e-01 1.009021431782573391e-01 1.009318241785953224e-01 1.040213463314461906e-01 9.367959689617891272e-02 9.552264047501378419e-02 8.021393819716375606e-02 1.040111002200177770e-01 1.114226166851360472e-01
8.876558951480134629e-02 1.213073522286210182e-01 8.981519727776378359e-02 8.986471236227756842e-02 1.169646014366469700e-01 8.874026713405490374e-02 9.019550211023345809e-02 7.760534094893462020e-02 1.169418053778686628e-01 1.197996316087976826e-01
9.038361703994381158e-02 1.166381560568198750e-01 9.171675692841967098e-02 9.178314902938171371e-02 1.159962258667880663e-01 9.035258303018829651e-02 9.347508858340580762e-02 8.136714601427962046e-02 1.159570021844923277e-01 1.123302752662808240e-01
9.022694173744059964e-02 1.118690328948663132e-01 9.026689476054597372e-02 9.030404381839926553e-02 1.185080233207141120e-01 9.020788889588521320e-02 9.041955862470824057e-02 8.100026237708896071e-02 1.184882805549520163e-01 1.187090730153993190e-01
9.402155823737001761e-02 1.225703499454213613e-01 9.549377423624356986e-02 9.559453722212590820e-02 1.030408337263308410e-01 9.397724573881016674e-02 9.742395194375831624e-02 7.624137577354882234e-02 1.029982756046316367e-01 1.186380975717593461e-01
9.018241657291191371e-02 1.221208078859487289e-01 8.956554479076482556e-02 8.961780977650123103e-02 1.145500717981789846e-01 9.015665644571328741e-02 9.136863288377886083e-02 7.680824736510231954e-02 1.145323219338446746e-01 1.210974905472551599e-01
8.825780348463808933e-02 1.201703814452816377e-01 8.967539146291156338e-02 8.968699722998176027e-02 1.190920214643715475e-01 8.825102876390029938e-02 9.232208888823285886e-02 8.279050701745449548e-02 1.190572954446186549e-01 1.106964847986090655e-01
9.363382467137985887e-02 1.140113264271887805e-01 9.424475446908617271e-02 9.429987083339497200e-02 1.098709192405357415e-01 9.360987958168184853e-02 9.453575290076100812e-02 8.132333178950636177e-02 1.098304667844835630e-01 1.146398733019816513e-01
8.739147757793244709e-02 1.175536688877249630e-01 8.848735931038664848e-02 8.853336909043442449e-02 1.258406958086897287e-01 8.736997218884540173e-02 9.068329953768895779e-02 7.717099061485492573e-02 1.257855300782025343e-01 1.111836369052399687e-01
9.721902098331178244e-02 1.095009672287140662e-01 9.117067910630759220e-02 9.117955580598331722e-02 1.045210253138740136e-01 9.722120141905654656e-02 9.790224530531514702e-02 1.012606602706032921e-01 1.045122663798740970e-01 1.055123781869601179e-01
8.995670190806824562e-02 1.128786386747969994e-01 9.265178312312752351e-02 9.267414135902160566e-02 1.174363493382665075e-01 8.994489205749846283e-02 9.238767965722625986e-02 7.898084907907497454e-02 1.173941557625455684e-01 1.156948090403738666e-01
