1.190968088561587396e-01 9.724662916870431550e-02 8.127811268104179199e-02 9.519622910712702279e-02 8.081461228506801875e-02 1.190590139892138272e-01 9.444115348233736440e-02 1.190835098765067601e-01 8.077983396670267158e-02 1.130040965871395020e-01
1.145103110518887052e-01 9.622438548706470363e-02 8.416918974185862157e-02 9.463443892482076292e-02 8.472410916198257202e-02 1.142480611160867215e-01 9.488098934766263370e-02 1.144202391430967081e-01 8.471961630113433728e-02 1.174686597244042618e-01
1.115442839409453712e-01 9.560394923569234815e-02 9.018127322193875139e-02 9.723406618703550608e-02 8.843919108244246985e-02 1.114208459415258479e-01 9.436116130349685160e-02 1.115028732783754500e-01 8.840236254177567810e-02 1.113099932667717673e-01
1.181510630882699198e-01 1.066084076518712398e-01 7.737461269254132523e-02 9.056693216632524801e-02 7.786648638521571908e-02 1.179633471352365820e-01 9.042532063024827371e-02 1.180847836158326891e-01 7.783333415559214041e-02 1.251257124788668906e-01
1.165729065292297195e-01 9.737287745841553821e-02 8.026356795043616821e-02 9.383776851826192145e-02 8.136813827322078585e-02 1.162378985044718316e-01 9.427773587686302803e-02 1.164628754329045668e-01 8.139005046545136346e-02 1.222161809907451602e-01
1.053715570178824085e-01 9.843268420822519349e-02 9.281657737091099369e-02 9.104792442693798726e-02 9.506799277622812738e-02 1.051178536217934889e-01 9.404123450850515598e-02 1.052945970892297800e-01 9.507789090675541899e-02 1.177316880735314875e-01
1.180389060704316317e-01 1.008069528947953264e-01 7.935032968902264172e-02 9.379060976941523686e-02 7.935075449488714072e-02 1.180343430980107244e-01 9.370559046785378876e-02 1.180380630857410379e-01 7.931966249918506739e-02 1.195647879306574041e-01
1.135127998743239164e-01 1.036500741882660781e-01 8.084579139933341374e-02 9.063844881182124558e-02 8.319958911929845047e-02 1.133803725911213117e-01 9.290549739085626757e-02 1.134668527855278858e-01 8.316891866623481178e-02 1.252316551732166328e-01
1.132397526353256800e-01 9.552431163708410833e-02 8.806565997783583066e-02 9.450497827940425311e-02 8.827462639668114119e-02 1.132921777812725128e-01 9.519040310462634213e-02 1.132553544318505440e-01 8.820175940322191876e-02 1.104509763526976690e-01
1.160546654575200787e-01 9.829066526470051079e-02 8.346210817036914253e-02 9.215931144390530905e-02 8.468119872481626176e-02 1.157476685631639440e-01 9.290049170634846754e-02 1.159493763918272163e-01 8.465964763743073773e-02 1.160948666399183316e-01
1.127152872949215290e-01 1.021194450949104299e-01 8.206671539488756550e-02 9.052419188946653206e-02 8.414257087456696038e-02 1.123805817675200824e-01 9.221008562330779146e-02 1.126014741859314022e-01 8.413806069944852750e-02 1.271015871750391935e-01
1.225651200593301099e-01 9.759355442269843084e-02 7.882113224269174379e-02 9.183702141463763458e-02 7.756142609735384996e-02 1.222021882956837030e-01 8.986166572917707318e-02 1.224377364072480878e-01 7.753049753494058172e-02 1.195896577962387575e-01
1.190716111059496735e-01 1.003148448672254583e-01 8.155399393837113597e-02 8.725102076154396535e-02 8.393071901969670345e-02 1.188754323651510514e-01 8.987478471372943589e-02 1.190091847078160459e-01 8.386959467602374263e-02 1.162488138444928154e-01
1.214304315742359419e-01 1.065125756813998237e-01 7.389956902393184091e-02 8.672180009262997480e-02 7.428164164814814174e-02 1.209446340599903830e-01 8.658697354066913210e-02 1.212628478605638355e-01 7.426317974905562169e-02 1.340963467693752909e-01
1.196886532654506397e-01 1.055850645821296840e-01 7.466275416186381186e-02 8.971609042253839150e-02 7.537308811439033529e-02 1.194104880939822477e-01 9.048511860146966901e-02 1.195937716611506912e-01 7.536557627264325876e-02 1.301193948243813125e-01
1.175955799010246494e-01 9.908118312380531645e-02 8.155062575378117795e-02 9.191048200130150225e-02 8.049918388264730440e-02 1.171475216986144069e-01 9.029327532348883911e-02 1.174444734109608007e-01 8.049639473967597214e-02 1.239812801647000445e-01
1.153109551641027380e-01 9.875880008762405460e-02 8.455280515491959969e-02 9.201772231513086209e-02 8.530632015349909336e-02 1.149271342113672295e-01 9.241184851199343853e-02 1.151796857666258916e-01 8.529235333911588945e-02 1.162423752956212308e-01
1.148864082986239266e-01 1.006063717080407927e-01 8.130176353920207100e-02 9.930504386794469784e-02 8.070229535452727587e-02 1.150531207897402541e-01 9.827346053993006592e-02 1.149361770667233495e-01 8.066747539647044218e-02 1.142678834387971382e-01
1.227563531551038034e-01 9.440115772578513975e-02 7.720198074459767856e-02 9.547924678890387651e-02 7.838841101600968475e-02 1.227446840420039487e-01 9.587334359443017151e-02 1.227476333242151219e-01 7.835611722607105367e-02 1.120510723828795491e-01
1.169361883353165765e-01 1.040387848275440286e-01 7.855371245406062020e-02 8.735089167428831958e-02 8.164150728980062999e-02 1.167981885371439515e-01 9.139842598143388397e-02 1.168888304276464452e-01 8.159634840504245701e-02 1.247971220677230875e-01
1.185012976884705360e-01 9.555212698379074443e-02 8.053493709518524946e-02 9.267620359628234161e-02 8.221513723680549945e-02 1.182527849252212743e-01 9.423792059750708827e-02 1.184170075679913392e-01 8.220380852493308632e-02 1.174087757838128687e-01
1.113104220185277687e-01 1.029061840781297227e-01 8.488020483641947611e-02 9.343623552473659388e-02 8.554910747813190830e-02 1.110735367221119402e-01 9.354342382201527584e-02 1.112277193288545990e-01 8.553335379998734667e-02 1.205398123910854102e-01
1.141318597803307189e-01 9.803701078930604496e-02 8.572755074537856401e-02 9.312148419761856477e-02 8.493613939155475467e-02 1.138130219905721385e-01 9.173635477690132711e-02 1.140244733861015547e-01 8.491709109473261075e-02 1.195550138475036384e-01
1.147673181562047368e-01 1.064244328210432466e-01 7.745050032654721139e-02 8.911686029790130692e-02 7.961437086082619186e-02 1.145971791560227299e-01 9.136015780472611647e-02 1.147078336642236157e-01 7.958975001603135757e-02 1.323715968964735146e-01
1.187897953927975064e-01 9.158586955081463032e-02 8.517751146858933142e-02 9.300714199496587509e-02 8.517738677658116819e-02 1.185254541282770857e-01 9.279079682923414840e-02 1.187030421490198051e-01 8.514497313659735722e-02 1.110980285731230921e-01
1.074869111096757729e-01 1.385293830036304630e-01 6.507172622409601592e-02 8.206914466097881000e-02 6.446761345539515908e-02 1.074572336845240339e-01 8.066773424883656729e-02 1.074724425821469154e-01 6.444015979487927037e-02 1.823376512358370061e-01
1.148288947489684991e-01 9.371671526024369370e-02 8.800569758792040065e-02 9.611175820682159310e-02 8.708779554240955734e-02 1.146742595980674989e-01 9.513119912426236391e-02 1.147756687247139112e-01 8.705467300030701738e-02 1.086133382062854508e-01
1.121236961875636123e-01 1.032045100777970736e-01 8.634233906387411839e-02 9.483945289580783533e-02 8.569117545021109894e-02 1.119129004055236104e-01 9.269298399024253343e-02 1.120562057098904024e-01 8.567664958666969255e-02 1.154600866324200642e-01
1.162109798506574115e-01 1.010057139261031495e-01 8.184877060978990038e-02 9.174200319292762085e-02 8.268524842450168666e-02 1.158805343899097506e-01 9.234933959149513316e-02 1.160993591283726034e-01 8.267660958802793003e-02 1.195014412982147861e-01
1.115516637226622865e-01 1.044914994527270796e-01 8.701160715912882593e-02 9.118394669148234544e-02 8.598181512777673674e-02 1.114162597421395062e-01 9.012284477031792806e-02 1.115055263449658413e-01 8.591811039470953482e-02 1.208167265940898599e-01
1.188800558232989413e-01 9.843182996303166676e-02 8.021428008836135881e-02 9.328723019291727814e-02 8.011731853104837875e-02 1.185980931009337214e-01 9.236786037060715215e-02 1.187856849698493561e-01 8.010739471497606290e-02 1.192102522449760421e-01
1.174977851807015583e-01 9.856076255445921086e-02 8.300444996736476566e-02 9.370388732773522744e-02 8.260334490761031545e-02 1.170899889967958463e-01 9.186005833610687288e-02 1.173575710603704941e-01 8.259146889482130161e-02 1.157306827740343935e-01
1.197512100634378768e-01 9.893870703265521260e-02 7.865861034492260817e-02 9.154704109104300214e-02 8.075487149117724361e-02 1.192927888812556764e-01 9.312827224742492582e-02 1.195944580548699704e-01 8.076392022184961106e-02 1.175701205713638731e-01
1.055813808770749290e-01 1.059174515815376055e-01 9.615824214948667792e-02 1.060048397478639270e-01 8.752246376609459921e-02 1.055163629095469402e-01 9.468879528259553646e-02 1.055616731484577825e-01 8.751458757699977220e-02 1.055342029603422160e-01
1.088882779601936940e-01 9.876902771152056004e-02 8.754663096809466027e-02 9.466391274371378783e-02 8.977577801113781342e-02 1.087594278046285917e-01 9.598906053022930596e-02 1.088496877500605559e-01 8.977453002310047114e-02 1.169836664973205737e-01
1.161570006358472185e-01 1.097604751704726184e-01 7.925870793168747486e-02 8.450354535830777170e-02 7.932959827533971053e-02 1.158240250043971881e-01 8.466550922591531414e-02 1.160445794394661667e-01 7.926907010206921123e-02 1.351874888564973398e-01
1.212756849116717606e-01 1.090846689684130399e-01 7.340613602071487109e-02 9.187440341756690498e-02 7.149257617320585456e-02 1.210835302339990927e-01 8.847530761303160074e-02 1.212103251492351180e-01 7.147611881621242225e-02 1.306212486959493768e-01
1.193087977062124855e-01 9.274778750012030448e-02 8.267254203263425805e-02 9.495440113916406299e-02 8.267493926928433379e-02 1.191214413432988006e-01 9.435238186264843785e-02 1.192446478676696398e-01 8.264892395897535660e-02 1.122741373199922926e-01
1.181147055196109796e-01 9.888139914837758282e-02 7.887544860809481140e-02 8.825498523627786640e-02 7.973244671935776628e-02 1.177970817207358023e-01 8.874345443699155345e-02 1.180097162730007893e-01 7.970367137563087734e-02 1.318870909619219989e-01
1.209745873469342814e-01 1.017849277464216023e-01 7.553998917903036181e-02 8.739225294348498818e-02 7.728150869222261132e-02 1.204492834971822163e-01 8.905658504453164981e-02 1.207996493425533974e-01 7.728714708829462210e-02 1.294340691193442971e-01
1.151016697632258196e-01 9.954063293102037580e-02 8.157686878658697294e-02 9.125871074377962799e-02 8.356911735973500399e-02 1.148695879150358340e-01 9.253859658661772736e-02 1.150229082804067882e-01 8.354525959189748607e-02 1.229766480416943919e-01
1.158427131677582239e-01 1.038210315849754095e-01 8.123005872130160954e-02 9.051396900062898265e-02 8.219921995237487733e-02 1.153965504588846808e-01 9.089523267088858716e-02 1.156923002740691681e-01 8.220012584517838450e-02 1.222087983239400905e-01
1.177099905044170780e-01 9.585935488034345864e-02 8.177323605402678219e-02 9.130227590216197231e-02 8.365127812099477922e-02 1.176386752559564625e-01 9.327228583591504196e-02 1.176865238096857780e-01 8.360157988264539652e-02 1.175047997538531952e-01
1.182035521220109048e-01 1.012694095463926441e-01 7.994937205836033511e-02 9.270604749758307173e-02 7.986952911340729211e-02 1.179490704803153323e-01 9.210293635963383296e-02 1.181137991449840996e-01 7.984637464174154653e-02 1.199899090355709269e-01
1.171288159808720475e-01 1.030185074056808175e-01 8.222049122963877299e-02 9.645785812236444545e-02 7.978322670067664046e-02 1.169167108404011446e-01 9.201753537956416928e-02 1.170567153346603190e-01 7.976511535927076346e-02 1.156350236468708659e-01
1.143760575178280753e-01 1.012479599290574683e-01 8.536238479098710863e-02 9.367894037509104377e-02 8.465723948334384630e-02 1.142198607889848005e-01 9.232294070954696896e-02 1.143269341089452884e-01 8.462626016299563958e-02 1.151814221332197324e-01
1.231447025529796846e-01 1.026233942994702331e-01 7.497756622256450398e-02 9.318418166068208330e-02 7.359439314714882885e-02 1.230360905673853616e-01 9.089904539900618696e-02 1.231088598202526724e-01 7.357277044935786603e-02 1.218589958811526069e-01
1.235924002869922406e-01 9.564127640781977524e-02 8.026036045760483184e-02 9.303521919915952454e-02 7.815528940024409066e-02 1.232394318549646373e-01 9.017632579028549145e-02 1.234731759489880593e-01 7.812900434503465552e-02 1.142975163089066382e-01
1.115395847950792080e-01 1.022904560429263449e-01 8.563485551417093777e-02 9.522909874710748512e-02 8.540216628447075409e-02 1.113747185845556376e-01 9.349709716883160271e-02 1.114861449752560935e-01 8.538718805188678929e-02 1.181586898357151194e-01
1.103192515836069476e-01 1.070386837576719624e-01 8.633622511848622338e-02 9.533194948399344171e-02 8.458173644033957495e-02 1.102106611993323437e-01 9.262142046683326246e-02 1.102836578177486815e-01 8.455502668010825285e-02 1.187213874518792678e-01
1.028030173950694598e-01 1.086030941386036536e-01 9.221652334667988782e-02 9.833834781565924110e-02 9.343645915964100823e-02 1.025946558072940440e-01 9.753914032833721492e-02 1.027394940040440990e-01 9.348894252205919297e-02 1.082403254826121847e-01
1.134702476516401132e-01 1.006959674740355304e-01 8.606876138324363879e-02 9.344334045274499401e-02 8.545808567560052305e-02 1.133959790655933997e-01 9.231748532129296914e-02 1.134418345002846107e-01 8.539326265161885365e-02 1.163150358239453674e-01
1.125217331259717179e-01 1.008446242025911738e-01 8.698332942449729654e-02 9.843787667546026465e-02 8.649714402639473165e-02 1.123274584239277590e-01 9.602215671786458462e-02 1.124544454306609931e-01 8.648971743970301773e-02 1.074215145329284332e-01
1.097714171370065134e-01 1.033232781016442253e-01 8.541309716815723152e-02 9.362102038961486739e-02 8.759422023503665722e-02 1.095320615125110336e-01 9.668719102242084862e-02 1.096865638437144186e-01 8.760018621526137472e-02 1.167709643746328296e-01
1.179284135923178573e-01 1.035197839470296116e-01 8.001410698851188497e-02 9.095434993859333184e-02 7.781290585382556746e-02 1.175198564597745715e-01 8.720075955263401069e-02 1.177911770475736225e-01 7.779102446446262142e-02 1.294676221552769346e-01
1.226643308790931336e-01 1.042350351072658249e-01 7.350846173107812576e-02 9.277382698439846920e-02 7.241768394843216272e-02 1.224813780245289224e-01 9.047968259996315432e-02 1.226018651153750055e-01 7.240633098131243894e-02 1.264314046285527626e-01
1.183452600509075359e-01 1.049351755786398221e-01 7.908513163594833861e-02 8.744902428284095919e-02 7.802635416485877162e-02 1.177751192667728375e-01 8.521180385247252576e-02 1.181567793068598049e-01 7.801330762181904466e-02 1.330020442388803736e-01
1.214017535857823682e-01 1.062730597278809669e-01 7.473915323535935962e-02 8.783827922520730247e-02 7.459969173776576090e-02 1.211292770714062217e-01 8.748229879913368978e-02 1.213127373343751148e-01 7.457367242153574438e-02 1.306500768615534158e-01
1.185264488370074143e-01 9.884285771137182874e-02 8.093830598870266346e-02 9.350759065303106132e-02 8.104065181882452729e-02 1.183223818252245596e-01 9.338123424144956219e-02 1.184576427249925124e-01 8.102277544737004900e-02 1.159601107520258217e-01
1.126386251288724605e-01 1.067532270453897120e-01 8.358984239488254087e-02 9.883529357140453941e-02 8.106127052593944948e-02 1.124136781188257439e-01 9.403222087047499733e-02 1.125655971819053552e-01 8.108055480448204955e-02 1.170296903578231518e-01
1.148050365610526480e-01 9.840412847714227751e-02 8.303585554591202955e-02 8.895253195389594969e-02 8.452422870733895810e-02 1.144645768827995264e-01 8.986160198100916208e-02 1.146920499448571551e-01 8.449460200563144174e-02 1.267653879403608519e-01
1.092076104299371797e-01 1.064472292638275475e-01 8.908340227696273650e-02 9.643793218817009461e-02 8.852577461404202708e-02 1.088923199247735785e-01 9.365091253943058636e-02 1.091074440720515154e-01 8.854669347154109360e-02 1.101006812192635853e-01
1.141575661482364112e-01 9.814256617030014951e-02 8.432998132133678881e-02 9.269968286254699763e-02 8.503990337473454897e-02 1.138368735697029566e-01 9.286280879047413561e-02 1.140464166505306964e-01 8.502272488981132970e-02 1.198614762223259994e-01
1.150853397537505152e-01 9.995694791210799068e-02 8.386392100260099680e-02 9.656398058343411417e-02 8.209940123543886525e-02 1.149135298708237607e-01 9.369427934732781071e-02 1.150240041782263495e-01 8.207720873882173862e-02 1.167213873774678584e-01
1.085486942182398856e-01 9.971560075621917207e-02 8.709909299605560207e-02 8.781963531976570703e-02 9.436271701353275698e-02 1.082532169382602744e-01 9.470034878148281265e-02 1.084551658710573574e-01 9.436507791248469057e-02 1.166804501929017274e-01
1.205758222114099582e-01 9.232401259935577031e-02 8.423136500578468078e-02 9.447694270713817566e-02 8.310034873525407040e-02 1.203983423418687332e-01 9.343356321855895985e-02 1.205187161693392073e-01 8.306675110426792186e-02 1.078741359070225503e-01
1.189914928793350812e-01 1.032909622606100891e-01 8.290996671391183404e-02 9.452508534701642429e-02 7.967473816905268347e-02 1.184025087497523610e-01 8.862065360808432657e-02 1.187978845834694736e-01 7.968754454593436620e-02 1.150991631428333190e-01
1.157657736403383542e-01 1.041882223434200394e-01 8.215245110684102348e-02 9.159202145147721241e-02 8.145257911301477527e-02 1.155116108599988228e-01 9.046372259228668833e-02 1.156792130157714843e-01 8.142178312592496248e-02 1.217726227509266235e-01
1.159618557188951682e-01 1.038641919511910511e-01 7.979223779805011407e-02 9.455111535525705102e-02 7.994591103944623245e-02 1.158463728414135252e-01 9.299449419761732227e-02 1.159227809675466569e-01 7.992607403060146554e-02 1.211949660999814132e-01
1.148338660394684074e-01 9.570582172439902335e-02 8.712549148115764086e-02 9.490843197926801533e-02 8.704226982452399619e-02 1.148049207734582883e-01 9.468829746049796381e-02 1.148250938708651192e-01 8.698941290968974227e-02 1.090763939366718727e-01
1.089222453228039789e-01 1.103493622725503082e-01 8.545919648568250926e-02 9.104733279511829924e-02 8.549182000778983437e-02 1.085952668033369622e-01 8.979216801922922098e-02 1.088175800209780220e-01 8.549136200624615767e-02 1.260336662662647211e-01
1.160764442534074209e-01 1.024628773412484539e-01 8.017420336140178294e-02 9.195512628136519317e-02 8.031344942592955061e-02 1.159003961963565171e-01 9.128445947379644487e-02 1.160139649662376010e-01 8.027822565890881112e-02 1.255408530413481827e-01
1.145040099161164920e-01 1.058384621169027456e-01 8.375885283872479270e-02 9.234970850097078132e-02 8.193365063698322681e-02 1.140593277391405008e-01 8.898096995933518771e-02 1.143541751924977840e-01 8.192368572516550707e-02 1.222971573741629542e-01
1.203618519327127601e-01 1.068708931378087174e-01 7.855566282763910835e-02 9.042274986043050133e-02 7.578488615642861581e-02 1.198976159736224040e-01 8.631434115533699603e-02 1.202081004514068824e-01 7.576989412127937973e-02 1.258140043833346489e-01
1.193628380349616852e-01 1.042868960830626024e-01 7.665412611238285601e-02 8.950873703829506645e-02 7.634114488290923151e-02 1.189947399121687038e-01 8.837512881960869759e-02 1.192432144025069168e-01 7.633547462869694211e-02 1.308977000854073258e-01
1.173809507606199259e-01 9.709201948822444861e-02 8.437686355426407547e-02 9.318708830095524809e-02 8.065691805586992780e-02 1.169782612272653316e-01 8.851948129862932668e-02 1.172503947214733472e-01 8.064353785796665730e-02 1.239144847347317391e-01
1.228028740612909647e-01 1.019928066900260832e-01 7.645641976445576027e-02 8.965584149906778710e-02 7.588173697366797088e-02 1.222425327435285869e-01 8.827805297447062494e-02 1.226173968039751955e-01 7.588822945812830068e-02 1.241841090313887258e-01
1.114977899346728946e-01 1.036356097353835354e-01 8.331923964953480422e-02 9.140026702859085916e-02 8.514911324373053425e-02 1.112684372267659927e-01 9.267063403551890899e-02 1.114175854537171745e-01 8.512513667382100302e-02 1.245161870182642794e-01
1.473441307406924417e-01 8.065529100139721963e-02 5.705070468901243114e-02 1.044699850873413577e-01 5.705816182757046662e-02 1.486360448763676123e-01 1.037886574462171946e-01 1.477432828991414315e-01 5.702175331426266591e-02 9.623198811799718588e-02
1.158597773683069376e-01 1.050452784714003968e-01 8.128755130754904135e-02 9.639683567084805782e-02 8.023987095189952234e-02 1.155776174567505754e-01 9.335245261598065780e-02 1.157649589358327458e-01 8.024779203336732114e-02 1.162278651880647717e-01
1.167792753637575121e-01 1.002401448860717054e-01 8.230502425855905357e-02 9.474565869593340461e-02 8.162526476918000040e-02 1.165926214450722503e-01 9.271151329024231169e-02 1.167130985458942893e-01 8.159393789408062037e-02 1.166934608512088523e-01
1.163028900554843453e-01 9.795493671960948945e-02 8.202668131988583022e-02 9.077465225761721657e-02 8.414460491411909770e-02 1.159697520121481945e-01 9.313475636511979461e-02 1.161922097907275575e-01 8.414020535045672877e-02 1.193593112148317731e-01
1.167314431687870302e-01 1.016531851509891310e-01 7.970667006969939239e-02 8.566617726349523565e-02 8.353074105497643176e-02 1.162136101196234866e-01 8.947265366840741196e-02 1.165600776687034795e-01 8.352694560153350878e-02 1.269384962337849199e-01
1.217602817938538279e-01 1.017514892858179948e-01 7.818542614409575153e-02 9.154796525559893983e-02 7.659607705447155079e-02 1.214690923859049199e-01 8.880201121928234242e-02 1.216595523716730159e-01 7.656003219111388869e-02 1.216680722981878654e-01
1.160741158074385104e-01 1.043771148823413458e-01 8.274226116065161452e-02 9.582742994523388291e-02 8.028289766999638366e-02 1.157346095793363033e-01 9.156488095411145778e-02 1.159621924247811880e-01 8.028833703158028134e-02 1.171461605445290322e-01
1.195684888265614587e-01 1.016150118888597825e-01 7.596503261354281555e-02 9.427979053931344333e-02 7.634720179058829270e-02 1.195365790838449349e-01 9.368791482107895197e-02 1.195504603212529798e-01 7.631534010854305883e-02 1.231341800064142955e-01
1.114361216867681414e-01 9.682942165413822855e-02 8.785357806949556370e-02 9.383334589014113991e-02 8.707248336463219163e-02 1.111262712765731520e-01 9.284847643826893426e-02 1.113328618923720564e-01 8.706612068454552822e-02 1.206013190430650917e-01
1.171992920968795565e-01 1.029785931416831446e-01 7.908806080301560015e-02 9.098501480528170537e-02 7.952540496820616200e-02 1.169184954912274310e-01 9.077034415401968870e-02 1.170983564562481649e-01 7.949448187774658947e-02 1.259419562056919850e-01
1.112989494525234435e-01 1.016748096072300905e-01 8.932580412887862475e-02 9.567070573896725716e-02 8.591494799336182875e-02 1.110491289498695827e-01 9.208368441539024896e-02 1.112151617821891120e-01 8.589494381609581730e-02 1.158718641154939805e-01
1.248119322007595067e-01 9.511969096985256611e-02 7.776172145708074024e-02 9.262377379516499587e-02 7.893121127400601345e-02 1.245371157744063761e-01 9.369371796838259214e-02 1.247182153244743297e-01 7.891437645708988813e-02 1.088882447787829361e-01
1.165915592894428143e-01 1.044328991348794505e-01 8.179131261156524779e-02 9.594528994640513786e-02 7.838182500828519417e-02 1.164588826506895436e-01 9.071055731913932330e-02 1.165459353094894512e-01 7.835005902398513300e-02 1.207916797061186487e-01
1.160608501446439150e-01 1.076874148573851581e-01 8.083523356150339179e-02 9.081572698124915077e-02 7.787850064537611694e-02 1.156268586979658508e-01 8.651701233091575738e-02 1.159142684406137130e-01 7.785889937989871890e-02 1.308052349604482412e-01
1.086405316416889644e-01 1.057755808508508005e-01 8.808043384769927153e-02 9.975023341890364159e-02 8.594782325238868592e-02 1.084153735921566525e-01 9.497232074171631233e-02 1.085680884946862435e-01 8.597115240732933206e-02 1.138784617525800957e-01
1.184548928676087964e-01 9.852098284955924934e-02 8.056363498635868425e-02 9.196236459588121026e-02 8.084717101077834589e-02 1.181245609797917789e-01 9.230609709883344505e-02 1.183433924300404672e-01 8.083950399722759916e-02 1.200373991839203819e-01
1.173862273940057127e-01 1.014827998561062122e-01 8.265915035023110868e-02 9.247556014817220893e-02 8.332442942319231993e-02 1.170684124995688136e-01 9.275189464215218005e-02 1.172807726088311991e-01 8.331418374565607854e-02 1.122565693320841940e-01
1.169996504860646713e-01 9.557312000897802418e-02 8.303126162865460957e-02 9.331220935043772757e-02 8.371862456873621627e-02 1.167733691752625841e-01 9.366057076860273556e-02 1.169232419107547605e-01 8.369703176894485730e-02 1.163109203335637998e-01
1.093505046552600557e-01 1.135013827482316551e-01 8.489676948794300237e-02 9.517771382423066695e-02 8.239275099670015368e-02 1.091444172816773139e-01 9.076497880910430749e-02 1.092834412939666100e-01 8.238542330035582284e-02 1.231026176025304258e-01
1.170734799264050302e-01 9.933674846237278144e-02 8.008943309990818049e-02 9.213491685676143683e-02 8.107447696154582162e-02 1.166948390299990118e-01 9.277922691189799398e-02 1.169470874139305339e-01 8.108554701468081993e-02 1.227842443224983482e-01
1.135164712484650618e-01 9.982179349892790488e-02 8.223957543151942662e-02 8.888291292910120711e-02 8.357564141948611858e-02 1.132184692208463295e-01 8.992070119144600360e-02 1.134166807221506507e-01 8.354739137772747293e-02 1.318603629603298799e-01
1.141538324551670813e-01 1.001259447633082167e-01 8.258831659089387045e-02 8.772035418248867733e-02 8.846387305494311792e-02 1.139825920276364424e-01 9.387562617377767649e-02 1.140967333475972345e-01 8.842118052242675663e-02 1.165715468817609263e-01
1.207507834478200176e-01 9.718749487060514280e-02 7.988253225495270393e-02 9.701667799302658712e-02 7.731824985648004522e-02 1.205736942557746327e-01 9.266940714634476495e-02 1.206887899956266413e-01 7.729898015981297166e-02 1.166133900195564649e-01
1.081579394305595826e-01 1.072692743394683262e-01 8.979213045759547318e-02 9.490154526365740528e-02 8.765327254031472781e-02 1.078918627365613447e-01 9.131183184319444091e-02 1.080732861737338096e-01 8.764760357264518575e-02 1.173012536422696622e-01
1.158463009840914187e-01 1.001243849077309706e-01 8.098539706276929040e-02 8.680937450808837164e-02 8.324003662653083058e-02 1.152836613312135244e-01 8.904087826503427616e-02 1.156595778154065196e-01 8.324420137258088659e-02 1.297661871265539113e-01
1.210719681649941037e-01 9.658303426553065119e-02 7.655439201719033138e-02 9.461561971922423375e-02 7.614109255798889864e-02 1.209492377990274009e-01 9.338023639369225082e-02 1.210255180274921599e-01 7.612025600183069951e-02 1.235586450530292701e-01
1.197832683947345489e-01 9.595438090074931425e-02 7.902471616257472631e-02 9.624076862412690725e-02 7.900503820274240585e-02 1.199469812565809451e-01 9.633814549671704253e-02 1.198324934825488047e-01 7.895441360901862826e-02 1.149197938702067184e-01
1.211493012734237151e-01 1.008460800722845024e-01 7.519681710666942243e-02 9.410740517524077142e-02 7.446802664181781384e-02 1.210766269563850056e-01 9.282404862141482860e-02 1.211191806298307500e-01 7.444472379188923905e-02 1.247677897310439654e-01
9.720257749907887379e-02 1.072202942332032144e-01 9.959987678141313250e-02 1.031024683714446277e-01 9.809320540424770751e-02 9.726510545681678332e-02 1.003997123050299339e-01 9.723048049512425517e-02 9.812024175597500175e-02 1.017660376976664977e-01
9.894074372525488159e-02 9.631903718387711810e-02 9.794634515017397458e-02 9.273772598621519980e-02 1.048341028099013666e-01 9.894589880964922701e-02 1.007739880710003394e-01 9.894938813217372953e-02 1.048378813110524971e-01 1.057148888207016940e-01
1.117223083410480017e-01 1.090174738542700472e-01 8.747156625695232113e-02 9.160985526956455516e-02 8.416610317023959231e-02 1.112408214517703331e-01 8.742958334806863463e-02 1.115665484351560655e-01 8.416528339700357630e-02 1.216104564759268730e-01
1.133456220653860924e-01 1.024534974638190155e-01 8.599561894445516275e-02 9.390838046888072554e-02 8.419255929235090752e-02 1.130494394705418015e-01 9.187881490407913410e-02 1.132484548691999188e-01 8.418531466451932566e-02 1.177422978567679163e-01
1.152536879415156923e-01 1.066782633640283723e-01 7.892535756340569864e-02 9.365302873332087552e-02 7.782562780353410870e-02 1.150664610322086334e-01 9.134248308479409051e-02 1.151895386389285431e-01 7.781413726156342914e-02 1.282514145767005287e-01
1.154123538204699928e-01 9.795275133228720232e-02 8.443966210098031999e-02 9.353489795951695773e-02 8.507086961779106171e-02 1.153082114778450906e-01 9.408964601871175337e-02 1.153725361756735152e-01 8.501957968961862400e-02 1.137994918071055100e-01
1.182166492588932749e-01 1.035012797301124582e-01 8.034900638760066049e-02 9.388103437730467571e-02 7.886324200831165698e-02 1.180307787571840406e-01 9.073258400495769205e-02 1.181512840940406872e-01 7.882709281088517983e-02 1.194470485707096741e-01
1.157578485540572549e-01 1.000676394379202139e-01 8.351007673351883154e-02 9.302832476582682808e-02 8.343314549336823538e-02 1.156070148992337787e-01 9.279681772822122310e-02 1.157095547741772840e-01 8.340480951240239471e-02 1.166847681012739557e-01
1.201087571517897995e-01 9.627247440925081057e-02 7.949463332846146146e-02 9.547676351453733556e-02 7.882318018864881148e-02 1.200072802909015052e-01 9.457861296264000184e-02 1.200688938906572661e-01 7.879541259965087974e-02 1.163739916634621424e-01
1.215503202389972837e-01 1.036211142327860962e-01 7.772699107367962712e-02 8.755985453518982942e-02 7.960479519045299268e-02 1.210621585316871557e-01 8.936620751400123353e-02 1.213901241895322530e-01 7.959874843012976209e-02 1.185196860635438082e-01
1.116953531598043337e-01 1.068390978062312702e-01 8.392117783056431135e-02 9.419198302180559201e-02 8.412148461866844618e-02 1.116584243884399946e-01 9.316651371195772136e-02 1.116853081069549281e-01 8.408867560923774520e-02 1.186319817463356158e-01
1.203615006114316377e-01 9.774243839541597867e-02 7.839703703829570269e-02 9.064930337466013677e-02 8.054118796298477545e-02 1.202556257388380095e-01 9.312761865215482548e-02 1.203220209060252011e-01 8.049529704222185833e-02 1.181079702779719021e-01
1.143714099165822756e-01 1.018689724266082092e-01 8.264091887474822595e-02 9.334394187774439078e-02 8.307193258379570733e-02 1.141659236954241652e-01 9.278789028084583057e-02 1.142985690960739431e-01 8.304373561266496784e-02 1.204067056355123400e-01
1.170301342368383762e-01 9.916285696181723064e-02 8.082489997400960080e-02 9.284072600855869384e-02 8.031641758980928580e-02 1.167254608209098293e-01 9.131796942897101033e-02 1.169263229181911473e-01 8.030208275100166049e-02 1.245531293098931513e-01
1.188371775027351751e-01 9.544352440641337698e-02 8.120142366980409587e-02 8.993372202628596712e-02 8.107999466555065871e-02 1.182690041413657633e-01 8.925314405034792675e-02 1.186521023113604051e-01 8.109286298158711881e-02 1.262370442445495677e-01
1.154365656025527070e-01 1.039467719354317393e-01 8.132862326217790705e-02 8.732010736239809168e-02 8.322433493426831252e-02 1.150142519504923494e-01 8.914143147001786505e-02 1.152978997835192032e-01 8.321057442692628148e-02 1.260794392722155433e-01
1.186057670247148560e-01 1.026582718818608297e-01 7.596088777658926983e-02 9.050512257948531425e-02 7.548377783497733917e-02 1.182939491326603365e-01 8.939648059914159783e-02 1.184990276932824382e-01 7.547353963434794144e-02 1.351231758429400909e-01
1.166005608459140114e-01 9.469067862867919239e-02 8.460032454557570025e-02 9.797539678512401373e-02 8.443267306980133113e-02 1.164642573013487115e-01 9.766350834930907776e-02 1.165493849237621143e-01 8.441652389202321249e-02 1.066066916584627045e-01
1.249197997278572586e-01 9.871642223904138203e-02 7.345804493079961806e-02 8.871183621896290561e-02 7.495846691057596323e-02 1.247778643225885553e-01 9.071936407492800503e-02 1.248683801401099525e-01 7.491858815640428659e-02 1.239512332787320315e-01
1.124119486771743004e-01 9.510178444203377934e-02 8.888042235548088144e-02 9.519016630154801539e-02 8.984932647263706162e-02 1.123779119679172711e-01 9.632608542066334323e-02 1.123996301340446230e-01 8.980000726006766298e-02 1.076627169684329921e-01
1.134011150100148468e-01 1.019871961444372144e-01 8.277164139736221948e-02 9.324883857786445129e-02 8.644908856338506808e-02 1.132669115787995756e-01 9.692121832621095057e-02 1.133553013732751108e-01 8.643946914651487456e-02 1.121592198821356745e-01
1.171490183710304223e-01 1.042582280497015568e-01 7.689134310390033367e-02 8.665418075459863090e-02 7.652676577939734881e-02 1.166226872443735102e-01 8.541568943297897509e-02 1.169753632565445761e-01 7.652233130007449202e-02 1.429843927074001819e-01
1.091811070609820800e-01 9.693084061770461390e-02 8.788205590969060121e-02 8.985700698795309749e-02 9.394827578953263147e-02 1.088004315201273331e-01 9.562893446804872355e-02 1.090571575943332927e-01 9.397147887608327255e-02 1.147427111755443124e-01
1.172079728644432883e-01 9.492773828567979688e-02 8.309306450652342857e-02 9.121447316146238937e-02 8.931454938407804023e-02 1.169453164511490284e-01 9.777374647279654662e-02 1.171194844028731197e-01 8.930617946869090495e-02 1.030974750023034292e-01
1.138108325329748732e-01 1.061987051699816997e-01 8.164692131586860635e-02 9.490512822148340633e-02 8.079500504675790618e-02 1.135989173507431227e-01 9.215841977709922361e-02 1.137392594289832470e-01 8.078552085013664119e-02 1.223612903059713153e-01
1.135016160077244318e-01 9.927971888558406732e-02 8.540957580937784399e-02 9.304241962026277291e-02 8.612463898756847480e-02 1.132682886958674418e-01 9.345930936586190063e-02 1.134298888421333834e-01 8.612238805148225707e-02 1.163621557341374402e-01
1.181830097276467123e-01 1.083011607296102130e-01 7.524491695289395321e-02 8.910434231604519306e-02 7.531204603295112154e-02 1.176547197641642228e-01 8.838875055478494225e-02 1.180079542704516732e-01 7.533424085893064559e-02 1.344688587925212675e-01
1.186704972573041500e-01 1.032545382486762670e-01 7.881769699924809358e-02 9.103733046270312546e-02 7.904855803744094411e-02 1.183680019025957764e-01 9.035258551205838096e-02 1.185663905806372403e-01 7.902428019450659369e-02 1.228601208048293869e-01
1.100010367631323732e-01 1.063315563201415320e-01 8.391490277354091143e-02 8.688817652167458994e-02 9.025159294237007634e-02 1.096107440085049706e-01 9.337860869867906088e-02 1.098736563220313323e-01 9.026600531953594964e-02 1.194837203303892176e-01
1.102794969169099554e-01 1.020079731223866026e-01 9.096182020760609777e-02 9.451263437371650034e-02 9.155634762682822447e-02 1.099529379708728966e-01 9.433077884091602139e-02 1.101783312324208092e-01 9.157494268546974292e-02 1.046447370228731771e-01
1.167792583507527709e-01 9.476047136359271039e-02 8.544095252235150983e-02 9.526184639045552627e-02 8.624343748103953378e-02 1.165398505794933148e-01 9.570330189980741364e-02 1.167014107677007279e-01 8.623752155611805192e-02 1.063319490886883989e-01
1.119212695961877835e-01 1.064999695399976992e-01 8.310307444405627686e-02 9.744783793932175475e-02 8.036478178553908835e-02 1.117658491662543718e-01 9.203702518433792834e-02 1.118679478886595718e-01 8.035256698181736379e-02 1.246396774738281754e-01
1.196052901921368095e-01 9.975901899312472620e-02 7.925969697879346743e-02 8.913236778768428292e-02 8.130827130670484348e-02 1.191345771175028739e-01 9.112433058080786352e-02 1.194459583861823965e-01 8.130282782394621099e-02 1.199276608331165256e-01
1.177223320612321988e-01 1.058406597777324237e-01 7.622185938479274225e-02 9.415389870442877895e-02 7.673729777705066979e-02 1.175372093007070601e-01 9.431049356899909308e-02 1.176527065383361770e-01 7.673366163938429019e-02 1.230898812473365800e-01
1.146081565946983627e-01 9.820881456049408709e-02 8.472694166238840807e-02 9.534271142617203876e-02 8.466119440347379121e-02 1.145396037995272259e-01 9.525412212374004262e-02 1.145836455184000430e-01 8.462863815652575672e-02 1.134461717545802301e-01
1.220516977623448684e-01 9.403760663161253586e-02 8.170198943290642168e-02 9.457543856907350832e-02 8.141997639767178940e-02 1.216670327624756742e-01 9.351397226816547670e-02 1.219208590940040055e-01 8.141221526952306664e-02 1.076992118122225978e-01
1.145156926927114321e-01 1.013042468879585267e-01 8.702450537785522133e-02 9.506583782219721335e-02 8.432996385541714768e-02 1.140530247952804693e-01 9.068512883996873719e-02 1.143607926138128922e-01 8.432920228190493583e-02 1.143316048328934659e-01
1.118256790449286275e-01 9.926781825046991636e-02 8.761524211707008569e-02 9.642885871105590090e-02 8.672573311044533273e-02 1.117574832834001969e-01 9.438128142863409786e-02 1.118007294800270335e-01 8.668171077659599100e-02 1.135154637973728176e-01
1.150836715119102766e-01 9.924563617338044708e-02 8.254028861565405883e-02 9.736833555838908527e-02 8.204121206245645892e-02 1.150973125640231409e-01 9.598204094286580390e-02 1.150866871988485696e-01 8.201473623473475028e-02 1.155400791377373532e-01
1.132131540413366111e-01 9.535467024666728630e-02 8.695359521649723145e-02 9.218118616102949359e-02 8.852253941128049308e-02 1.130026163159844471e-01 9.400873290190735199e-02 1.131480264401266145e-01 8.850706658731245791e-02 1.151084126778580408e-01
1.181032786394241446e-01 9.332878722068715938e-02 8.515800540575692301e-02 9.429707227102752942e-02 8.497319661784018263e-02 1.179892431720571955e-01 9.438557607869742239e-02 1.180679766835018296e-01 8.493753506351527094e-02 1.087593288474923287e-01
1.174454187763891294e-01 9.987544248542117031e-02 8.188091293889404598e-02 8.747689190789705027e-02 8.333502319952225401e-02 1.169545074388090439e-01 8.880020961859470818e-02 1.172815133322628045e-01 8.331422886763537039e-02 1.236358514345744369e-01
1.144561129706925945e-01 1.122592998502350836e-01 7.915773493387766313e-02 8.515833124060467885e-02 7.895207124228466322e-02 1.139127060925303886e-01 8.467339245047529606e-02 1.142767828279025732e-01 7.894168536886297938e-02 1.382118830225340933e-01
1.140954392368267456e-01 9.867267196755688530e-02 8.561235872029854255e-02 1.032454131800911029e-01 8.198514002904386255e-02 1.140217906133207254e-01 9.598623990223956182e-02 1.140728855053269458e-01 8.198565419151813971e-02 1.103224066537774467e-01
1.216820363579815129e-01 9.741183166118613790e-02 7.924203429941951982e-02 9.107873217232043128e-02 7.858474793470150710e-02 1.214457597851113374e-01 9.019322348599054240e-02 1.216049278436354408e-01 7.855281566702344842e-02 1.202038907926301359e-01
1.138696910864795547e-01 1.039511061963670213e-01 8.318184606741076126e-02 9.285772022677245274e-02 8.240062379811530224e-02 1.138138696261593724e-01 9.160128076787965590e-02 1.138490317373002936e-01 8.234786430256900436e-02 1.221269661909465953e-01
1.199531538966986388e-01 1.009624064638612873e-01 8.139469573881531750e-02 9.106079459641157337e-02 8.159800235482989050e-02 1.196688206518090325e-01 9.117711156966235020e-02 1.198614738506093014e-01 8.157399682800481333e-02 1.127495440492977952e-01
1.220840483823461692e-01 9.458179451437477570e-02 7.867393602281584630e-02 9.808247287036422901e-02 7.838746476234431659e-02 1.220527628813446036e-01 9.659678003287840153e-02 1.220655159070120066e-01 7.835835949338777751e-02 1.091168651331318878e-01
1.233193628227634564e-01 9.635979909258504672e-02 7.754633840068875239e-02 9.107437687674625748e-02 7.797023428245065946e-02 1.231036788412785687e-01 9.189185243605410558e-02 1.232494161512250053e-01 7.794874325333969733e-02 1.175361978428684367e-01
1.119397157438423995e-01 1.029386765078582344e-01 8.418190336748290759e-02 9.044543816836810024e-02 8.348299110780070531e-02 1.114961316687698156e-01 8.903633354773851649e-02 1.117944223405595155e-01 8.348776108347996661e-02 1.311966264640998803e-01
1.168337943175592752e-01 9.948480207881073289e-02 8.257828668972057307e-02 9.582940809130791049e-02 8.275554380975194690e-02 1.165910150658191619e-01 9.519195572311042741e-02 1.167499789193939125e-01 8.275124674845775463e-02 1.112339685560683050e-01
1.136491887946706331e-01 1.069074355128454418e-01 7.913107317786571837e-02 9.025069115838035838e-02 7.871145805162488296e-02 1.133803875384645221e-01 8.918190429212874415e-02 1.135586310999658621e-01 7.869673181166329801e-02 1.365324985623905252e-01
1.049336944183006798e-01 9.353104782097876324e-02 9.574956647680343824e-02 9.055705150904443113e-02 1.006409982473286946e-01 1.047150303596450227e-01 9.653561574457839023e-02 1.048649708822088911e-01 1.006309893557192914e-01 1.078410351853924115e-01
1.179171477843582311e-01 1.026554368211443496e-01 8.164557391025514810e-02 9.413643266495221040e-02 8.024159359531470026e-02 1.174133834157634615e-01 9.139378849792603732e-02 1.177494780870719099e-01 8.026205041192455147e-02 1.165851148112893448e-01
