7.727470175812081732e-02 9.258966456485050178e-02 1.186406734380452688e-01 1.011924924212250082e-01 1.012725182596271450e-01 1.167490863402781132e-01 1.186447476389464739e-01 7.723258299285981621e-02 1.166113485378965642e-01 7.979218404815027754e-02
8.175419094745262072e-02 9.237456230892715503e-02 1.216672776294198538e-01 9.833279818410670114e-02 9.852063239580148568e-02 1.111888116105086560e-01 1.217396255776202890e-01 8.171153311212316084e-02 1.109030953970739364e-01 8.180747283696615524e-02
8.375863654227738708e-02 9.225847300426397168e-02 1.174391456249488375e-01 9.973762305607221379e-02 9.985973643492446206e-02 1.089322176771779782e-01 1.174822456960921274e-01 8.367767195293665528e-02 1.087642027832209785e-01 8.809004722808541632e-02
7.704430069359922972e-02 9.089173721743221135e-02 1.188002815902982900e-01 1.013469502542287820e-01 1.015271692591757785e-01 1.185566484383798469e-01 1.188196821628709071e-01 7.697779599883826374e-02 1.182781839717763350e-01 7.775725041340032784e-02
7.833327705942952357e-02 9.190184260440079078e-02 1.248271120250080551e-01 9.832412254772696092e-02 9.839308770823294858e-02 1.134216479331230515e-01 1.249213730785310866e-01 7.837962422723643297e-02 1.131746050767433592e-01 7.832330773956773518e-02
9.298366091380992626e-02 9.343811661965957527e-02 1.140799859865310045e-01 9.539047748070855759e-02 9.529879590910840526e-02 1.046470469672815679e-01 1.141604598348225780e-01 9.304048038619912309e-02 1.045599228856475271e-01 9.240105301623174894e-02
7.567621737590306263e-02 9.113704262817791391e-02 1.226709108058243042e-01 1.025685557719688834e-01 1.026249288197916831e-01 1.148574149220591839e-01 1.226914464555398931e-01 7.565634894396353061e-02 1.147646379428001878e-01 7.735249633397130176e-02
8.167567425423170879e-02 9.335768544287152693e-02 1.187085747144325937e-01 9.848653580401510454e-02 9.861254194240369475e-02 1.139085020214864463e-01 1.187376608779476816e-01 8.160642897965832143e-02 1.137000668649367635e-01 8.120632909801608901e-02
8.448957063468788553e-02 9.307721591763773450e-02 1.159450644443489331e-01 9.934797960062539957e-02 9.946556638179757104e-02 1.107103436648885914e-01 1.159446717178615749e-01 8.435670762502241182e-02 1.106048320823091319e-01 8.605804793082076631e-02
7.987638782335168552e-02 9.149232864481297856e-02 1.193709832866941822e-01 1.000674320360883246e-01 1.002678674508790668e-01 1.139783333620335154e-01 1.194298492705288262e-01 7.979744322371408460e-02 1.136590392779314868e-01 8.206033562396586323e-02
8.134842924446247792e-02 9.062653047775129367e-02 1.237831688155581478e-01 9.888723868762892832e-02 9.908834344274175532e-02 1.104415045310272042e-01 1.238824297830595222e-01 8.130093332212662283e-02 1.101247353567734732e-01 8.051668633887058835e-02
7.558819212029745105e-02 8.816937328190341261e-02 1.228592500129479376e-01 9.908390008540003679e-02 9.932727908724263421e-02 1.198741884506453609e-01 1.229131995217945944e-01 7.550923733881566291e-02 1.194580005194290362e-01 7.721737958152388726e-02
8.089508754854853045e-02 9.027152442688132772e-02 1.145529907714232104e-01 9.888425054676737436e-02 9.886629356756422571e-02 1.195947651760133484e-01 1.145620751816271710e-01 8.082691009929378334e-02 1.194370090641804355e-01 8.210909361770062087e-02
7.432837806599913721e-02 8.782993968108669669e-02 1.232098792875825077e-01 9.850667949481431429e-02 9.872847677562690549e-02 1.227205565619087085e-01 1.232762722874150702e-01 7.427350496971550642e-02 1.222408408223614601e-01 7.488547205348965174e-02
7.432149910053900688e-02 9.045105559766475345e-02 1.234300268065152972e-01 1.003144786448687542e-01 1.004537268019032731e-01 1.194202198414398286e-01 1.234796387134317885e-01 7.431305185572421868e-02 1.191227554603803418e-01 7.469354717753272366e-02
7.845563402576657963e-02 8.882833737512758898e-02 1.237283878056827102e-01 9.806399223482950567e-02 9.822706081890388019e-02 1.153242200434445031e-01 1.238255447587308933e-01 7.843431076850276851e-02 1.149533701027205257e-01 8.015914206629103089e-02
8.287604039089802033e-02 9.185626881268381394e-02 1.166744201895694583e-01 9.846738699222348790e-02 9.867529692272845876e-02 1.142203279309858266e-01 1.167340799198572504e-01 8.280097359106844412e-02 1.138518830021269246e-01 8.384332224785831511e-02
7.800037746073686107e-02 9.589523874282462890e-02 1.187201377808096009e-01 1.036300713470227064e-01 1.038646573757399383e-01 1.120631141667459835e-01 1.187008236631030555e-01 7.792019180513085064e-02 1.119458258949110191e-01 7.925956176297535571e-02
7.313565650817073494e-02 9.160283188654064213e-02 1.243458596471248984e-01 1.026487673293551700e-01 1.028414525686116437e-01 1.171950320032482395e-01 1.243590506683597968e-01 7.307853284411580663e-02 1.169970326082415274e-01 7.379578393623158206e-02
8.054440156019267161e-02 9.091690891352170734e-02 1.192666081157845032e-01 9.949778077628899930e-02 9.960524479821258881e-02 1.162117693468810165e-01 1.192904035846152622e-01 8.047330614815634275e-02 1.160076600949734860e-01 7.818591666137343632e-02
7.787415586120879918e-02 9.122374627115670265e-02 1.238629560579476152e-01 9.921543100129255610e-02 9.935197774089749023e-02 1.144969793305659622e-01 1.239289748186151174e-01 7.784578744278178308e-02 1.142381098019379371e-01 7.796188167359609233e-02
8.313441918992584001e-02 9.311230334312371737e-02 1.176857546475665178e-01 1.000677592903188584e-01 1.003070629280663761e-01 1.104721540361108534e-01 1.177398945057174101e-01 8.304861988058073741e-02 1.101761588522709584e-01 8.425587332631875870e-02
8.358832645005916107e-02 9.086662376361416549e-02 1.189154493555392711e-01 9.695818329587289897e-02 9.709215527692968695e-02 1.127709136767209297e-01 1.189819130065124936e-01 8.353511163597529543e-02 1.124796217052118630e-01 8.481170183356422088e-02
7.838634912043054848e-02 9.258594988514046165e-02 1.215635756918405502e-01 9.847883652979487479e-02 9.862390169069533419e-02 1.161102290813875171e-01 1.216004694415845772e-01 7.832592750631016398e-02 1.158599516721779965e-01 7.846480938063790656e-02
8.332582296765214669e-02 8.994686742924383471e-02 1.189043639324150609e-01 9.653677068853161458e-02 9.657973578914241797e-02 1.150167015505315082e-01 1.189540663845824325e-01 8.329498357750406146e-02 1.148001832514229659e-01 8.264050442897397097e-02
7.124323380463887245e-02 9.060807123632132198e-02 1.250189894510007060e-01 1.012641103153650024e-01 1.014375933442795141e-01 1.206386049456477649e-01 1.250257146061355129e-01 7.119588209565019810e-02 1.204155270663616051e-01 7.315227313459948810e-02
8.225667435456893162e-02 9.301151300949535294e-02 1.167656481211409997e-01 9.946549792023144654e-02 9.961058930799929212e-02 1.120925740475864490e-01 1.167976550117397483e-01 8.217446021624530417e-02 1.118792357180070779e-01 8.594615229298539771e-02
8.278190067257296114e-02 9.135363139323843251e-02 1.156431322494276964e-01 1.029300279386608924e-01 1.029940704209008628e-01 1.104081775215357136e-01 1.156919465672578556e-01 8.277242500254196333e-02 1.102484138102874656e-01 8.517627442357622591e-02
8.037068580257215877e-02 9.085174133555949660e-02 1.195996456512706668e-01 1.003845166822591728e-01 1.005503316912029765e-01 1.140391398875087725e-01 1.196647413189579068e-01 8.033866447717595560e-02 1.137351897273992385e-01 8.046534342609362733e-02
8.453313222368787072e-02 9.073719656067463779e-02 1.147945446377929418e-01 9.943908578601631798e-02 9.956241919908788429e-02 1.121865482407665565e-01 1.148172315375733249e-01 8.440983656131843815e-02 1.119930180501784028e-01 8.752698720290365275e-02
7.551105173389670300e-02 8.983063503011028128e-02 1.240403056296998929e-01 1.011197075970600295e-01 1.012431727172568713e-01 1.154216920944182989e-01 1.241103511947548171e-01 7.549525880247323628e-02 1.151634694181828400e-01 7.806435578214696025e-02
7.900107296226269171e-02 9.086430959063676593e-02 1.187404609683147955e-01 1.001468193520559380e-01 1.003874042080929035e-01 1.158030591098644368e-01 1.188045726549743913e-01 7.893106428243967798e-02 1.154043940176653488e-01 8.191684285369303653e-02
7.784676004403721927e-02 9.207561062979850719e-02 1.196418170433019013e-01 9.977545827434596004e-02 9.999429444946887624e-02 1.179499515288300049e-01 1.197091054870685900e-01 7.782184883404642817e-02 1.175295944515068469e-01 7.765555925759566602e-02
8.640581027560684246e-02 9.428285108652813273e-02 1.066548438035013063e-01 1.068615304240459751e-01 1.069808245139105551e-01 1.050738781202773531e-01 1.066659144566181744e-01 8.639462200535830139e-02 1.049814219151781886e-01 9.569830339897515692e-02
8.831917159046685784e-02 9.530918535982496609e-02 1.152694578146775256e-01 9.716097197810669162e-02 9.713587249872782103e-02 1.080890731219274203e-01 1.153141288731809044e-01 8.834341612433535551e-02 1.080044488488842297e-01 8.705427378986822784e-02
7.954287424983008670e-02 8.555230055328007233e-02 1.212465904532244315e-01 9.934976503582708396e-02 9.948711350643049678e-02 1.171506991636985795e-01 1.213073243818896113e-01 7.944098592903706124e-02 1.168378258660555530e-01 8.008452086072700982e-02
7.134512211541944871e-02 8.969232183493515420e-02 1.215996671292672165e-01 1.021381409161034454e-01 1.022343687500812809e-01 1.228481754064743858e-01 1.216170154853178920e-01 7.134375228360954890e-02 1.226075647484064640e-01 7.457387133038513582e-02
7.867301506408101719e-02 9.053640644292421102e-02 1.227378356740920634e-01 9.937910196447027888e-02 9.951332585536144804e-02 1.143198181662504753e-01 1.227889429594720277e-01 7.862876141728206147e-02 1.140893609563342903e-01 7.933343149973212660e-02
7.854791174110802021e-02 8.792293289202740558e-02 1.266301659186895578e-01 9.495536468467864755e-02 9.499818967270094727e-02 1.168605018176897270e-01 1.267136685612788582e-01 7.852104599370085536e-02 1.166029622528431536e-01 7.824725646528288281e-02
7.489149225022714851e-02 8.899553316817283843e-02 1.244900785419364303e-01 9.787939695281207275e-02 9.797103535904634619e-02 1.205531440491870165e-01 1.245831761303211327e-01 7.490328063200976660e-02 1.201689329306440679e-01 7.556392998564324948e-02
8.056265784422225740e-02 9.100857736696919831e-02 1.224546203578074643e-01 9.844884048041355196e-02 9.858619442518665177e-02 1.129865269841903858e-01 1.225190622528704865e-01 8.050659486007989696e-02 1.127361348039046807e-01 8.019079062435541250e-02
8.043630026986157977e-02 9.119439610313244404e-02 1.176803297135726456e-01 9.982759203497247602e-02 1.000029558168694099e-01 1.158370581273131666e-01 1.177498904179875849e-01 8.040683396955980444e-02 1.154627304263960014e-01 8.140191312033488724e-02
8.162126458989661659e-02 8.981152594447611159e-02 1.222925502419800886e-01 9.847331965026784317e-02 9.853270326160684656e-02 1.133302680394792372e-01 1.223283365147855295e-01 8.156745786040975332e-02 1.131968728300446481e-01 7.884570106705332537e-02
7.708617008503831913e-02 9.093414413097068716e-02 1.206388506314444026e-01 1.010634469941801700e-01 1.012995639035439432e-01 1.163964477093532984e-01 1.206821358999115579e-01 7.701446893071398070e-02 1.160653898760204555e-01 7.881938183882322702e-02
7.600989820737248659e-02 9.129643726916568391e-02 1.174769606679652995e-01 1.040847721814545657e-01 1.042459147205897357e-01 1.160339843806192373e-01 1.175067991650695504e-01 7.597128661926809412e-02 1.157900928930592904e-01 8.158385389543608424e-02
8.239071908927760035e-02 8.993739361910060848e-02 1.172273435201974939e-01 1.024004112148399065e-01 1.024399921139691194e-01 1.113965696215191981e-01 1.172690235066116415e-01 8.237430561506985105e-02 1.112682467571024236e-01 8.329599494231214318e-02
7.163780075376693923e-02 9.084085961850973945e-02 1.207609361968871725e-01 1.015809441025249393e-01 1.016137935928752983e-01 1.230835552551145240e-01 1.207630071804683403e-01 7.163950979610880787e-02 1.229210106716960016e-01 7.515858283204822354e-02
7.510079602097168017e-02 8.760014713337908876e-02 1.218631035827575232e-01 1.004783096057136199e-01 1.006103108511986755e-01 1.198324247948438365e-01 1.219162754093965489e-01 7.506757109362087454e-02 1.195122024578348235e-01 7.801885905028328738e-02
8.219509236036698363e-02 9.261088042405940524e-02 1.174405986518109457e-01 1.012783952671041793e-01 1.013592124712306974e-01 1.103780166986385591e-01 1.174875130629060571e-01 8.217079248571045047e-02 1.102188854469062507e-01 8.486061313126647132e-02
7.827740368446711727e-02 9.204979761380109593e-02 1.175919075423728227e-01 1.056617658263271503e-01 1.057983927424395176e-01 1.095547112920937927e-01 1.176318805368720688e-01 7.821750402178716255e-02 1.094091924285086337e-01 8.580744431133065231e-02
9.109128077332406814e-02 9.793558519789898054e-02 1.051179460440589547e-01 1.053458478339169696e-01 1.053577927161192529e-01 1.031146533878185001e-01 1.051584831426059241e-01 9.118463083249027379e-02 1.030215021605723619e-01 9.267227791119471425e-02
8.232656168450663836e-02 9.069283954213551435e-02 1.176935134519034865e-01 1.011666194738836677e-01 1.013735527297411343e-01 1.113210832014787932e-01 1.177162482574345415e-01 8.218716979147452917e-02 1.111140009695656961e-01 8.440841089787595730e-02
8.295065139035943946e-02 9.415939700123378275e-02 1.124930437438353276e-01 1.048539970027945745e-01 1.050967645362480829e-01 1.100774431892160288e-01 1.125224568544983123e-01 8.289401642052181274e-02 1.098292012797384698e-01 8.512302858155416929e-02
8.590284916185522701e-02 9.591016762371804005e-02 1.146190229643394010e-01 1.008689605617859308e-01 1.011734389951354923e-01 1.084841427351799364e-01 1.146678424529585932e-01 8.582555497400007338e-02 1.081648218367162045e-01 8.438319869431110121e-02
7.811797399755365801e-02 8.677559304051497835e-02 1.231751216024663809e-01 9.851168210381916479e-02 9.864338320831610163e-02 1.170714844143617289e-01 1.232566669988130748e-01 7.808889375352934259e-02 1.167294256047244488e-01 7.962977527590112126e-02
7.189276774454274321e-02 8.948580399636472948e-02 1.238923534754430567e-01 1.018696798619540128e-01 1.019750983672636779e-01 1.212184174223800287e-01 1.239214713218391023e-01 7.190504334518407759e-02 1.209841090828399912e-01 7.285525538218856623e-02
7.718400344915773981e-02 8.522931072160706834e-02 1.242676806032818743e-01 9.838823259998125126e-02 9.846960469929647020e-02 1.180517599292503911e-01 1.243809070750512835e-01 7.717860641713873704e-02 1.176728543346746148e-01 7.917704017056055588e-02
7.461663356132167135e-02 8.843846851321920943e-02 1.212998020691701678e-01 9.939802406729673911e-02 9.941011438830534008e-02 1.226665316658783894e-01 1.213325506199027237e-01 7.461692304502325068e-02 1.224423409066322521e-01 7.577861116325031177e-02
7.765440916540750083e-02 9.182011275889938318e-02 1.193685728903602361e-01 1.009119771499529389e-01 1.010252571123103210e-01 1.163923925924169045e-01 1.194031406673245477e-01 7.762594632657038307e-02 1.161650049346244912e-01 7.963318640213336297e-02
8.285685270295958804e-02 9.268525827405138529e-02 1.145046211301282424e-01 1.041605975212646223e-01 1.042588459731188660e-01 1.108856680851743465e-01 1.145485113791848558e-01 8.292493455048220719e-02 1.107027839859144602e-01 8.247192639772141232e-02
8.078757813528750220e-02 8.790874676124948994e-02 1.257669646228575799e-01 9.685452575669487030e-02 9.695192298355839733e-02 1.120849978076617071e-01 1.258716766437296131e-01 8.073233684295043344e-02 1.118149470357778508e-01 8.122630341023259759e-02
8.521404123454211221e-02 9.368897219196352377e-02 1.090380123305704219e-01 1.052214775246078926e-01 1.052606967335660282e-01 1.090991093316541760e-01 1.090860424668586293e-01 8.525626279255392459e-02 1.089247031517150965e-01 8.921068224196820884e-02
8.332642893875845391e-02 9.171523852906375562e-02 1.197231193639517466e-01 9.727055575378765195e-02 9.749488196066725954e-02 1.123652716260469808e-01 1.197912728044498165e-01 8.324250337228324137e-02 1.120158797748330992e-01 8.305484787615800835e-02
7.821051429413725109e-02 9.164904328982542703e-02 1.205699087544024189e-01 1.021509377502239774e-01 1.023899939356329170e-01 1.123259383351646740e-01 1.206157152409750855e-01 7.813760298041717844e-02 1.120595478974652642e-01 8.189079752175580651e-02
8.989282097469863952e-02 9.520138836276466343e-02 1.130823845151076590e-01 9.669548759603822929e-02 9.667669492189326363e-02 1.089738281246523666e-01 1.131444332546848036e-01 8.988909566042865840e-02 1.088103585031135467e-01 8.763350808661814206e-02
7.752316044962724584e-02 9.019327794660524089e-02 1.196227159923924227e-01 1.007230005687969054e-01 1.007541873678866051e-01 1.163615405895891686e-01 1.196565144100280309e-01 7.749491457007848250e-02 1.162017382657566655e-01 8.146894983923914924e-02
7.755706564609528286e-02 8.904336600403552071e-02 1.145840725858600778e-01 1.025067686385967708e-01 1.025840393086849961e-01 1.192293527915705281e-01 1.146531564156384186e-01 7.758951349127707342e-02 1.188601202220201242e-01 8.339254489622124900e-02
8.170899125889476144e-02 9.123402375225819760e-02 1.156863884097971001e-01 9.914525943860066914e-02 9.928247410248379479e-02 1.165260689366859614e-01 1.157146152028765002e-01 8.164700021165670341e-02 1.162485218867816278e-01 8.280665679996467021e-02
7.910837418610022764e-02 9.217496402186446669e-02 1.188152522669597005e-01 1.015878398181089409e-01 1.016945011602660986e-01 1.148529041060404182e-01 1.188394725049141815e-01 7.908887225549261768e-02 1.146769360650498615e-01 7.916088361520343120e-02
8.292629227071428299e-02 9.199502358180891570e-02 1.162271886429924878e-01 1.009602208277650404e-01 1.010231664007087832e-01 1.115761244407167119e-01 1.162411714713377786e-01 8.285384681197047185e-02 1.114769420724421867e-01 8.472002347954334101e-02
8.388919349723591989e-02 9.008951395372823134e-02 1.166412118893379590e-01 1.023991486746426982e-01 1.024404883551778833e-01 1.091334418483533714e-01 1.167223968125443295e-01 8.390546136624194018e-02 1.089411866366323117e-01 8.583795696610536929e-02
7.882427816922081554e-02 9.087114141262450651e-02 1.215654621183401146e-01 9.903848381653462818e-02 9.922047017059028307e-02 1.153327823237624422e-01 1.216047564639727019e-01 7.874377204015477194e-02 1.150634739570363108e-01 7.973537952776345306e-02
8.092986823507515581e-02 9.071231207033826627e-02 1.150595048971801843e-01 9.977175122104542382e-02 9.994225567315920267e-02 1.163506059913876067e-01 1.151170061353843643e-01 8.088019757119481457e-02 1.159739125671279680e-01 8.526258563810706903e-02
7.451536326968695445e-02 8.723540251831721215e-02 1.192721996377859861e-01 1.015402570164424811e-01 1.016250053267550996e-01 1.214015421905947217e-01 1.193312721233195650e-01 7.450888907724412258e-02 1.210610911523096328e-01 7.950897768754426609e-02
7.701425702969746934e-02 8.852446204836236787e-02 1.226494661752793591e-01 9.821186939487860923e-02 9.821597100849413509e-02 1.194352618833580126e-01 1.227167510323431132e-01 7.705324722959007444e-02 1.191882325683534111e-01 7.699048162964354514e-02
7.685639770804340853e-02 8.697452079219683552e-02 1.255369648607256861e-01 9.747723238722738603e-02 9.748826774140027795e-02 1.151777996527807990e-01 1.256413666702798360e-01 7.686205475771371032e-02 1.149305386852117195e-01 8.305485674442032729e-02
7.505083016530700313e-02 8.750465120813734343e-02 1.220499454677441836e-01 9.986250445322145119e-02 9.994006074065707457e-02 1.214176875068669614e-01 1.221345838323433658e-01 7.508831871597956842e-02 1.210379794125984454e-01 7.591343849714457526e-02
8.286386887402266699e-02 9.227336023387025521e-02 1.196189269213352585e-01 9.934318846256376401e-02 9.957238534342245651e-02 1.107098678815787857e-01 1.196785662168296654e-01 8.276834537552363313e-02 1.104173188728316407e-01 8.275417181802187383e-02
4.920318236846904503e-02 9.100433397683073411e-02 1.403286148125353072e-01 1.101847412917836139e-01 1.107016038446309719e-01 1.295617022393366069e-01 1.401245777009784144e-01 4.915466471887540434e-02 1.295768151529859413e-01 5.015976389357397480e-02
7.756225014882089930e-02 9.243984380150943592e-02 1.166287111172367996e-01 1.048788500138752022e-01 1.050524720719844818e-01 1.144878061490431642e-01 1.166731618245573782e-01 7.756561145877971519e-02 1.142205144281916718e-01 8.049077898600127956e-02
7.887604391432892492e-02 9.161033604688895160e-02 1.185344219012046535e-01 1.010781891528746285e-01 1.012856962591988097e-01 1.151543328053790255e-01 1.185644751387465445e-01 7.879557012028133578e-02 1.148778035708922785e-01 8.122313109020480593e-02
8.074213593675810818e-02 9.130298601215533494e-02 1.211485236044389513e-01 9.852708349694784540e-02 9.862941478448175592e-02 1.137736596711001330e-01 1.212236183721686622e-01 8.072722781411775794e-02 1.135030326278182455e-01 8.042231768001320558e-02
8.141882144794305998e-02 9.071220648787392538e-02 1.190788168201078051e-01 9.584191110269844882e-02 9.590616257646153442e-02 1.180052886784759142e-01 1.191606683124996624e-01 8.140033913144424649e-02 1.176441384601615986e-01 8.083164698233383239e-02
7.462603426079186808e-02 8.722005638485504087e-02 1.224645654301851350e-01 1.016307360623268513e-01 1.018213736461798941e-01 1.193493539289504357e-01 1.225104425723193557e-01 7.456498109342689362e-02 1.190206897284270260e-01 7.679176689253748578e-02
7.841257302417357911e-02 9.162801273037440852e-02 1.156609025570626975e-01 1.027925202092940526e-01 1.028918750820698863e-01 1.159405755529389764e-01 1.157076409201851508e-01 7.842823119249962838e-02 1.156776485255040648e-01 8.286002020589758321e-02
7.276803296533752852e-02 9.207822248536269572e-02 1.246430628575340704e-01 1.019652728431930527e-01 1.022277819040477986e-01 1.173225390757514364e-01 1.246573244807241965e-01 7.268655833379400466e-02 1.170636618083588654e-01 7.458754324589637885e-02
8.566650926081328943e-02 9.162509661356064983e-02 1.199199298114415752e-01 9.565804047953375966e-02 9.576919163099480159e-02 1.097005314655587344e-01 1.200037660769420617e-01 8.563412862485349220e-02 1.094384051411681769e-01 8.658440089513344540e-02
7.666188585849856296e-02 8.953573217427750197e-02 1.239041957132716032e-01 1.006164318771442384e-01 1.009281500295585998e-01 1.152111465764969339e-01 1.239669881989810263e-01 7.655513546546122150e-02 1.148232601223642957e-01 7.779707398394597462e-02
8.571516847771198933e-02 9.183901964417807984e-02 1.136871956168368225e-01 9.947685409365589204e-02 9.961715939242339612e-02 1.107747674932142989e-01 1.137302240043948226e-01 8.566314428975302375e-02 1.105315363221432701e-01 8.896493066568844643e-02
7.395240286563496690e-02 9.042896158992863587e-02 1.199155290751097724e-01 1.031627272227042119e-01 1.033148532982167828e-01 1.202604719267089117e-01 1.199465713889858592e-01 7.392683707530615933e-02 1.199713016471212063e-01 7.512034391028350744e-02
7.703676068794547416e-02 8.996493897840004972e-02 1.191899233391137958e-01 1.027195813129806734e-01 1.028573814835507388e-01 1.155321422948259735e-01 1.192149598900034552e-01 7.699338135309870268e-02 1.153310278431046026e-01 8.115990281697653408e-02
7.838262196275981586e-02 8.731803029152562790e-02 1.206925426778383964e-01 9.979502052742554585e-02 9.996815366385114476e-02 1.167942660131758709e-01 1.207689386772605178e-01 7.834018039553176938e-02 1.164194739684841218e-01 8.152077182214717554e-02
8.373771934250005822e-02 9.406683054324833926e-02 1.132894085457298167e-01 1.048496678911229746e-01 1.049535209735613234e-01 1.074471602858428909e-01 1.133433704353705995e-01 8.377674038604455975e-02 1.072791321231949535e-01 8.725644947338451196e-02
7.815521308156199443e-02 9.046175163223225957e-02 1.221139785314396681e-01 9.926325814192507591e-02 9.940447151545342419e-02 1.158216754675284038e-01 1.221817974716395694e-01 7.813466775007829601e-02 1.155183741537438719e-01 7.894481225439743677e-02
8.242568276937843608e-02 9.060434021003951899e-02 1.145706109017864127e-01 1.029068121883488091e-01 1.030335048923975150e-01 1.144550173497512341e-01 1.146135279308857086e-01 8.242015737696083144e-02 1.141943855485985648e-01 8.077596083185288600e-02
8.208543146533335555e-02 9.094389168496413989e-02 1.207737606074742176e-01 9.799562939793764194e-02 9.811321096088343463e-02 1.134174949579821734e-01 1.208285666236072198e-01 8.205016825026782701e-02 1.131792194959746062e-01 8.061262655557546730e-02
8.085409417771349805e-02 9.117951450443533001e-02 1.150682555741328467e-01 1.061176714629895046e-01 1.062447275697330218e-01 1.097193742056257471e-01 1.151162219843236828e-01 8.084496112722470984e-02 1.095400043073038732e-01 8.531517508651781379e-02
7.837877137186514964e-02 8.958250484888871656e-02 1.253429274421330175e-01 1.000768727956104082e-01 1.002199409133768537e-01 1.127574698903695688e-01 1.254477742106676896e-01 7.839700161600766937e-02 1.124573288434160406e-01 7.733940806766489984e-02
8.287321445707848677e-02 8.826984614223605530e-02 1.261789197768522219e-01 9.531476796802992868e-02 9.542417007748581204e-02 1.112042064137043346e-01 1.262807366509825224e-01 8.282181784918841994e-02 1.109387760326561168e-01 8.069354463178611547e-02
8.492021397124728532e-02 9.253428415074116398e-02 1.163403089919863853e-01 9.945638046601774918e-02 9.955666239858639022e-02 1.123839041462213473e-01 1.163743805670502673e-01 8.483652338644730173e-02 1.121913894350389518e-01 8.140595248666307460e-02
7.436133124173835429e-02 9.061726191337245162e-02 1.225376046580858025e-01 1.008639122557962453e-01 1.010194800908836010e-01 1.179078916894225754e-01 1.225713064362601995e-01 7.432996737860612935e-02 1.176538699101004198e-01 7.813737442573427672e-02
8.867721806078790459e-02 9.035051597533719225e-02 1.122695137852904590e-01 1.025429679600128458e-01 1.025953792581254936e-01 1.068966440729559320e-01 1.123301653334865258e-01 8.869829121398344063e-02 1.067342513419065747e-01 8.890505299811360396e-02
7.993076763864108425e-02 8.867589702638975502e-02 1.245333243464434442e-01 9.598668444538280276e-02 9.608600105530275270e-02 1.149820312067637018e-01 1.246604587786841606e-01 7.991834556724511374e-02 1.145974063529142661e-01 8.062908358223294658e-02
7.294167552834811274e-02 9.118048032574402328e-02 1.276863511856682343e-01 9.844286336460711384e-02 9.863261842089474096e-02 1.180192635273071278e-01 1.277267954512900372e-01 7.289329973097607995e-02 1.177466832041194345e-01 7.472996926104512327e-02
7.501761653172897559e-02 9.340752076867431253e-02 1.227580954503977029e-01 1.010676605836519082e-01 1.012343924736580775e-01 1.161560569122515874e-01 1.227396276468640940e-01 7.493129566473771819e-02 1.160419015880898297e-01 7.664583237994571085e-02
7.300006549989961069e-02 9.184578057795646233e-02 1.243012474964480529e-01 9.991336515403131946e-02 1.001064786631248454e-01 1.197074738089314999e-01 1.243144501013607600e-01 7.295423928766829602e-02 1.194512837527850618e-01 7.440561565779403586e-02
9.422645361826929855e-02 1.010403045279999606e-01 1.007720822313145914e-01 1.062830258137553580e-01 1.062058922512419679e-01 9.794403226060008349e-02 1.007724737644877938e-01 9.429841736774971506e-02 9.802577325587190360e-02 1.004315449087092443e-01
1.008644091841347373e-01 1.026653074276687450e-01 1.029265338374909800e-01 9.407449612419233054e-02 9.395075355946523599e-02 1.008691312375702559e-01 1.029335824676348571e-01 1.008779634184788221e-01 1.009153607799969377e-01 9.992246196336705688e-02
8.474691808000664461e-02 8.914827303367039990e-02 1.118108162885508988e-01 1.006174227337425786e-01 1.006378549085679280e-01 1.136888175201403728e-01 1.118785817484436867e-01 8.477043578513060451e-02 1.134162506869429016e-01 8.928462921480397052e-02
8.455887402604624070e-02 9.181858458073774432e-02 1.142261505963705348e-01 9.930207338161158026e-02 9.937585541882096307e-02 1.130809657993285255e-01 1.142720016191287741e-01 8.455746796196572657e-02 1.128496816054291585e-01 8.595834501056075216e-02
7.810895146107038611e-02 9.216424289311739293e-02 1.198320027813222222e-01 1.000829513052757941e-01 1.002161287057949657e-01 1.161140834209352934e-01 1.198663388442858663e-01 7.809018243194364162e-02 1.158747284504379749e-01 7.965038970581647670e-02
8.172127282686823813e-02 9.233301945989913495e-02 1.175679983532700451e-01 1.002317727698462668e-01 1.004630492687440951e-01 1.130364144407178528e-01 1.175874430551786115e-01 8.159129127211331434e-02 1.127854229926603807e-01 8.268231556070207433e-02
7.670380350753040755e-02 8.973360148787370982e-02 1.192530313544560017e-01 1.027943001983448595e-01 1.029905659297234849e-01 1.167224277910146046e-01 1.192803537577223072e-01 7.663366701127601044e-02 1.164549043305921905e-01 7.943334463146638214e-02
7.999476104295075163e-02 9.090641035299824868e-02 1.189465004725829139e-01 1.013212007088919731e-01 1.013691711022366299e-01 1.133580130470709518e-01 1.189852832302881191e-01 7.997061738336808112e-02 1.132128881762193423e-01 8.193515448339301621e-02
7.448565007192421705e-02 9.085369630387744866e-02 1.251817890117557230e-01 1.016211033175219852e-01 1.018702587986079905e-01 1.151671355171726141e-01 1.252193308002994832e-01 7.441600487097366212e-02 1.149018860071626957e-01 7.628314530070420818e-02
7.840335187357334867e-02 9.036896123223676913e-02 1.143731441599643156e-01 1.001094341897671575e-01 1.001413364883222135e-01 1.226738745461140867e-01 1.144129534542493026e-01 7.841620940065248402e-02 1.223485605231908052e-01 7.875217413192953098e-02
8.182317067344986594e-02 9.228989226363144838e-02 1.156704951019186384e-01 1.040673563021642517e-01 1.041166228942841665e-01 1.106778764110457614e-01 1.156887126153020445e-01 8.179491272110181455e-02 1.106011843291803964e-01 8.326977668792161225e-02
7.627855197374662499e-02 9.035689772682616028e-02 1.232597646562081511e-01 1.006828135668891011e-01 1.008644527535402236e-01 1.166308792838030989e-01 1.232876102600676677e-01 7.619092236361076076e-02 1.163940373551857060e-01 7.605407006012240845e-02
7.967380689110091507e-02 9.127333071597103220e-02 1.206563637933056182e-01 1.012902245146882624e-01 1.015369982830222201e-01 1.122218056907651473e-01 1.207086212272324710e-01 7.958258732921551226e-02 1.119317422165089781e-01 8.112451933818984329e-02
7.697884243922294145e-02 8.966844836334550428e-02 1.251794009155122456e-01 9.875621548828560081e-02 9.892007263467268718e-02 1.146440474274170729e-01 1.252599793303441622e-01 7.693729278127311999e-02 1.143388547894625962e-01 7.931684583046404169e-02
8.090121227665562909e-02 8.709137441285859371e-02 1.258907868184132306e-01 9.433696935441776565e-02 9.433426903631199345e-02 1.156936954911828019e-01 1.260240451936873729e-01 8.096836200613373447e-02 1.153748062453545525e-01 7.938447916498438117e-02
8.219683360905337410e-02 8.913612580786604844e-02 1.190698466468959743e-01 9.836417131288965887e-02 9.842536224927232735e-02 1.151892005393904406e-01 1.191481866829907782e-01 8.218427281240756055e-02 1.148997919250112631e-01 8.138620841422260221e-02
7.476808253608006882e-02 8.913273617677398841e-02 1.276541220578563118e-01 9.721159801342989237e-02 9.735598167889791821e-02 1.179877922857883593e-01 1.277319569443478853e-01 7.474880497826463799e-02 1.176624319427724413e-01 7.574649338578856583e-02
7.999404018847797171e-02 9.526232527800550243e-02 1.160732807479947643e-01 1.017395298686234600e-01 1.020055907290435410e-01 1.134453430966556875e-01 1.160904390506493911e-01 7.991143861316950259e-02 1.131663818814278716e-01 8.231163054595233564e-02
7.237372175467526869e-02 8.919614553575277993e-02 1.252694860253838749e-01 9.898744571691689420e-02 9.911824476261975325e-02 1.226984921048506899e-01 1.252885868032609928e-01 7.231736976390756855e-02 1.224367238953395637e-01 7.231378363729255854e-02
8.620424255148383119e-02 9.339153832627376806e-02 1.148367705914818682e-01 1.003458899005382071e-01 1.004752657470692895e-01 1.089080940560874650e-01 1.148542272351326110e-01 8.610683559663824538e-02 1.087747744079109180e-01 8.610236158738376888e-02
8.398543851043965836e-02 9.595927524714764623e-02 1.128319305567248715e-01 1.021773751507566164e-01 1.023249160191070650e-01 1.121053964389477076e-01 1.128473306372855256e-01 8.394741807411466861e-02 1.119127305113195719e-01 8.190818885415662720e-02
7.794834232089326020e-02 8.552183936084750693e-02 1.287711163848279383e-01 9.503976944197979615e-02 9.509114100874727082e-02 1.170072784558996576e-01 1.289038346298005400e-01 7.797170720505337826e-02 1.166558624776201231e-01 7.708910871433057033e-02
8.995418610573560625e-02 9.507548970604405569e-02 1.144319393060608953e-01 9.620688648593342385e-02 9.626173843889780646e-02 1.082643348326201987e-01 1.145144756344554371e-01 8.995828032854437384e-02 1.080198524601333060e-01 8.731281670157493846e-02
8.492225829276402183e-02 9.615818807398356094e-02 1.103721279103002939e-01 1.008548016158298255e-01 1.009912041277961914e-01 1.150158125343026944e-01 1.103880243672675093e-01 8.487553425113453232e-02 1.147561937051434083e-01 8.166585512147798986e-02
7.776477009613144697e-02 9.098197311240062424e-02 1.203244642272320031e-01 1.039670659780402434e-01 1.041406296560124234e-01 1.121697795214207094e-01 1.203807910860857922e-01 7.773864618450108954e-02 1.119388228210248248e-01 8.059305731715078747e-02
8.410237221086616644e-02 9.237480013966621606e-02 1.163185833216743015e-01 9.893178481902926980e-02 9.887154943937560836e-02 1.121689157438330448e-01 1.163704457379012291e-01 8.414932444259420885e-02 1.120565242398938594e-01 8.465569990516609578e-02
7.484543851521822944e-02 8.961977904554145613e-02 1.229550740012525095e-01 9.977286169086949097e-02 9.986425646077247420e-02 1.194930846066613594e-01 1.230489268129402597e-01 7.489350351249812743e-02 1.191210933034596853e-01 7.638598205078643566e-02
7.578938873059248849e-02 8.884643245651734078e-02 1.224845327673840800e-01 1.022160337164052524e-01 1.024257858750710209e-01 1.164136002721534863e-01 1.225447394329195056e-01 7.573116569264605469e-02 1.160887854161926636e-01 7.745953564011813508e-02
8.865217129711967792e-02 9.505639153921016660e-02 1.106726577214536544e-01 9.881830239905996238e-02 9.888012270262640235e-02 1.116971110055900579e-01 1.107272894350035258e-01 8.865296579389186915e-02 1.114365394264238002e-01 8.540644867962086939e-02
8.513466790221374536e-02 9.251850283848028766e-02 1.094439782705695363e-01 1.063875212632793277e-01 1.063532243321970022e-01 1.080839832368843956e-01 1.095013992481377180e-01 8.519239100015327248e-02 1.079571003730111917e-01 8.942723153507353695e-02
8.395198291306901761e-02 9.372364139791233839e-02 1.131605287411280442e-01 9.997756440622748708e-02 1.000286603846363420e-01 1.142280165578811735e-01 1.131885252775250983e-01 8.395704832786578253e-02 1.140350654418383902e-01 8.374896655191635397e-02
7.900678591052237576e-02 9.176011160621384832e-02 1.199550716162450237e-01 1.023542638977018582e-01 1.025259536628781859e-01 1.114134722192881566e-01 1.200026902737495460e-01 7.897463073540474110e-02 1.112012224468102300e-01 8.280579763118604830e-02
7.874975486646225431e-02 8.970284138839160204e-02 1.206371918697283219e-01 9.952186305926251364e-02 9.970458785856302353e-02 1.173454992929234414e-01 1.207146416298273545e-01 7.871717854927773317e-02 1.169485984742022339e-01 7.795784301136149397e-02
7.528728751909113948e-02 9.468732185546072100e-02 1.191734655768158929e-01 1.022315531231062918e-01 1.025405131050485114e-01 1.178275747923114014e-01 1.191918993105093860e-01 7.523045985682841330e-02 1.174723425348496580e-01 7.635758232597864015e-02
8.145752848793917644e-02 9.283063892812623563e-02 1.180729546807540442e-01 1.012273977723592844e-01 1.013732460870902519e-01 1.115869139263538506e-01 1.180972541389076341e-01 8.139370677738272386e-02 1.114200802835765974e-01 8.254027891751014590e-02
7.773254704579880825e-02 9.138063012248431871e-02 1.170298872247472616e-01 1.007988408579129358e-01 1.009721377238148587e-01 1.189377061107663031e-01 1.170718421750422261e-01 7.770145019945236264e-02 1.185817239219271457e-01 7.979323461805372386e-02
8.211117280953249276e-02 9.081883623759674784e-02 1.141091837576207885e-01 1.006357457396542254e-01 1.008036151840945166e-01 1.143059033211784314e-01 1.141738939629478450e-01 8.207802796370496090e-02 1.139439444579936345e-01 8.701967656567635712e-02
8.464957985843304944e-02 9.188732138815997041e-02 1.168430176133554016e-01 1.012651012052498550e-01 1.014479432010246818e-01 1.087375273084532634e-01 1.168727529330222947e-01 8.455437404621793385e-02 1.085633001004155940e-01 8.517908234566796966e-02
8.070360300762401129e-02 9.386412133237258260e-02 1.184845454108082730e-01 1.010067925530623717e-01 1.011243306159397698e-01 1.125108920054551653e-01 1.184933343267062927e-01 8.066827034616645686e-02 1.123892312190526016e-01 8.075487918281248900e-02
8.432768471070348215e-02 9.182099298434502621e-02 1.190234476301862548e-01 9.767830576914836305e-02 9.764297739184070457e-02 1.105468365354761312e-01 1.190875293257576406e-01 8.433534676559062415e-02 1.104295732252722900e-01 8.510730566167952482e-02
8.001815409556935210e-02 9.178635050927302919e-02 1.178858269542449738e-01 9.990295335648759212e-02 9.990720340993361481e-02 1.148646846776339714e-01 1.179095795000625890e-01 7.998945522267397745e-02 1.147511932774240850e-01 8.298459899669684281e-02
8.263390171859491540e-02 8.955818067624175816e-02 1.179085807150358628e-01 9.543988027328594026e-02 9.553411518602471231e-02 1.180964775825475988e-01 1.179785814642624886e-01 8.258584472282556876e-02 1.177219894457546268e-01 8.254244821542650046e-02
8.063505433693551883e-02 8.732520872588070415e-02 1.190107488378100847e-01 9.823787877711150085e-02 9.831105965382887224e-02 1.177161217508373992e-01 1.191000066275840347e-01 8.062837406790178407e-02 1.173481675964277160e-01 8.168737962568238531e-02
8.022415203683029572e-02 9.386148941875042950e-02 1.162125250813654531e-01 1.031484688735043731e-01 1.032032995817585563e-01 1.115564548971626768e-01 1.162351492456045465e-01 8.025607031015491444e-02 1.114541349513827190e-01 8.384825560348599383e-02
7.678766717380840212e-02 8.880928416454138274e-02 1.219005724041942046e-01 9.812435458960608314e-02 9.814116399171368688e-02 1.197573665610009025e-01 1.219396134295423900e-01 7.677376136535851714e-02 1.195548378456364746e-01 7.821137847459790071e-02
7.944965745778395649e-02 9.143978606611602444e-02 1.187948976203868634e-01 1.009981455279641838e-01 1.011386316436437144e-01 1.135870099358472912e-01 1.188121241297591807e-01 7.935069184614447491e-02 1.134162803957337040e-01 8.301277537662059280e-02
8.055470738682631027e-02 9.091865464302160971e-02 1.129300316387213676e-01 1.009349311238792735e-01 1.009414214084255607e-01 1.195342729686190153e-01 1.129464840086784605e-01 8.055422368639429676e-02 1.193324061943238090e-01 8.135286694111032446e-02
7.377934550813662617e-02 9.252367740970206256e-02 1.219435985114543097e-01 1.036860703694753999e-01 1.039855229012398158e-01 1.167228761572358248e-01 1.219499515060120248e-01 7.370025797358942254e-02 1.164559848443451479e-01 7.525271481880935198e-02
7.543598376645863079e-02 8.982327597098567484e-02 1.220989454314600903e-01 9.910343415493230723e-02 9.911201527233111375e-02 1.205087342879665735e-01 1.221326123132868285e-01 7.544352657864644707e-02 1.203224675323805865e-01 7.601900469155176143e-02
8.432172210212332542e-02 8.877804644227008102e-02 1.219401854400417456e-01 9.607121372125861092e-02 9.612862210750160175e-02 1.113450459173233181e-01 1.220536319451585167e-01 8.434434633241134904e-02 1.110574321883920496e-01 8.395975380351938799e-02
8.082220639542930796e-02 9.368139960234787844e-02 1.150183726010832880e-01 1.020703240975466691e-01 1.022704330927404481e-01 1.147043089328368543e-01 1.150471596261829765e-01 8.079006665752715144e-02 1.144192123499499641e-01 8.117651664435547587e-02
7.890489752731712214e-02 9.062014141505370102e-02 1.229763294978662991e-01 9.740109006167479988e-02 9.751185519211758024e-02 1.152641158508558444e-01 1.230417321246122936e-01 7.887593604515799606e-02 1.149953656537596874e-01 8.040853663158469000e-02
9.444785401013039428e-02 9.683335742333591678e-02 1.094960722541868797e-01 9.460965313517208375e-02 9.460543397478125838e-02 1.051111173663117210e-01 1.095455689491226930e-01 9.439376572499640072e-02 1.049771967087534397e-01 9.597998045320925431e-02
7.699054612948486032e-02 9.184696458112824591e-02 1.161349748702615037e-01 1.018703560085988113e-01 1.020036744602166173e-01 1.181347444076302350e-01 1.161996527697480713e-01 7.700727353823083599e-02 1.177642861245402767e-01 8.204752711016052857e-02
