1.179612746371825338e-01 1.374257588383051287e-01 9.333252481911474829e-02 1.020700350085820690e-01 1.071221618735214293e-01 9.398237214167511067e-02 7.802809283412580343e-02 7.803900746037729930e-02 8.978038943699821750e-02 1.022583829501176739e-01
1.114373373403586692e-01 1.506293229176624560e-01 9.239173322816010558e-02 9.837537492133120731e-02 1.048370745840997986e-01 9.169638400233924569e-02 8.174893144049073801e-02 8.178363828141096969e-02 8.848492881011531253e-02 9.861527447403148350e-02
1.107772537693577225e-01 1.309566266897737030e-01 9.365799343622062401e-02 1.012985723121737763e-01 1.058364882378625138e-01 9.557515741873742754e-02 8.504815609119141528e-02 8.509253370614701384e-02 9.028292335981469297e-02 1.014742949787210413e-01
1.190334519135136798e-01 1.477539734219684431e-01 9.100040143757619215e-02 1.015336209785251825e-01 1.069116555610193364e-01 9.038141291496605556e-02 7.721272366181949898e-02 7.724477538909131635e-02 8.711538048449818383e-02 1.018126042370221251e-01
1.145284449274976829e-01 1.477883078990495092e-01 9.263527777099819782e-02 9.915403388853669120e-02 1.086231946678001548e-01 9.128311601934104014e-02 7.901792875528286519e-02 7.899631278842740578e-02 8.872975251753668913e-02 9.924363076552972229e-02
1.038352798215613076e-01 1.389904531619484684e-01 9.268368250859644608e-02 9.464819006435676307e-02 1.097856614331487041e-01 9.055263798509258222e-02 9.229404437787061544e-02 9.225464427093174602e-02 9.043609760964303745e-02 9.451930876685032956e-02
1.166425947425286797e-01 1.413207327029987748e-01 9.234894764291766422e-02 1.040250712003886191e-01 1.053405471835131557e-01 9.243577705420115420e-02 7.685007488859309233e-02 7.684416032944914321e-02 9.001780677653052620e-02 1.041742874788791767e-01
1.166632004898888464e-01 1.274757582975931114e-01 9.540986182315956687e-02 1.006810792710086527e-01 1.105666319448883744e-01 9.252740972768758176e-02 8.351441585058340389e-02 8.355225947268012099e-02 8.870786877652270253e-02 1.009015143459876668e-01
1.117662705022884478e-01 1.351551767657457048e-01 9.376978395622531659e-02 1.001284975372053326e-01 1.036229232973857745e-01 9.355386959727352014e-02 8.519468289985490661e-02 8.525476790633641777e-02 9.119036686620514420e-02 1.003636606714794904e-01
1.145945976231041719e-01 1.522833085449474266e-01 9.177360074533144618e-02 1.004200803441925860e-01 1.024514319007741592e-01 9.033757912001005863e-02 8.009094567429263234e-02 8.014534009760830580e-02 8.723301201098890290e-02 1.006701039387502966e-01
1.113960265897338819e-01 1.522336137235399123e-01 9.122216259641288683e-02 9.957856578093002287e-02 1.054251728356910695e-01 8.879472586112605037e-02 8.184281096673033662e-02 8.188217399745738312e-02 8.781966240645648625e-02 9.980508524192194253e-02
1.229854828656661708e-01 1.447231172345690708e-01 9.015937060241037415e-02 1.013816474281259289e-01 1.070181185594083623e-01 9.173438132202720030e-02 7.733074276056330076e-02 7.737638425682460963e-02 8.556603395867506956e-02 1.017247210117298711e-01
1.188569600210264282e-01 1.539524928243450053e-01 8.951194749542230877e-02 9.813005916110452420e-02 1.082565225527616359e-01 8.696384851817277883e-02 8.036719869980181452e-02 8.038042630674369082e-02 8.539712687761978616e-02 9.818341754300199953e-02
1.235287047741581989e-01 1.624133300796592183e-01 8.810928121318130357e-02 9.888096409763696970e-02 1.084551851450751142e-01 8.759238492804728715e-02 7.459810608629284523e-02 7.463185019245990870e-02 8.261102737271575069e-02 9.917916611077340350e-02
1.191379472873880380e-01 1.592272383982029360e-01 8.999316268579514444e-02 9.987218505679683334e-02 1.086936627335243072e-01 8.907335980436399681e-02 7.403600688116267203e-02 7.403844881846514958e-02 8.584066050398447834e-02 1.000873278303164582e-01
1.169949075153518953e-01 1.523991799254911794e-01 8.989516149201368100e-02 9.929792052121266810e-02 1.062108901567022923e-01 9.113656690879473610e-02 7.941286048134764408e-02 7.943054536028150425e-02 8.573260054032486033e-02 9.948936709847949755e-02
1.154371078394106770e-01 1.418084662152068187e-01 9.262178777452452494e-02 9.931457412581962130e-02 1.066479301789709927e-01 9.169990176448115926e-02 8.350727273704959541e-02 8.356342911943490104e-02 8.583319316205825777e-02 9.956633708304345187e-02
1.125234194934736920e-01 1.304865604639388887e-01 9.605679481457768398e-02 1.038418721971158254e-01 1.053036527888666085e-01 9.684797431732670991e-02 7.820767863367864003e-02 7.825071568569864910e-02 9.424412181882717288e-02 1.042372097864960739e-01
1.167377536997097065e-01 1.615206568801076659e-01 9.098525040263263919e-02 1.020256083500157701e-01 1.053135767661263350e-01 8.945893988411220132e-02 7.274623503658186885e-02 7.277240442225621497e-02 8.608892148821405133e-02 1.023506530702435330e-01
1.159050719911704358e-01 1.561360800638707802e-01 9.045457390162359168e-02 9.905180972455539246e-02 1.079105473077145716e-01 8.683215150692476236e-02 8.023968751185614479e-02 8.026548821744289297e-02 8.395393506049625421e-02 9.925065471434510456e-02
1.160241101850588569e-01 1.493797519562418685e-01 9.223143804569024218e-02 1.003618139381271812e-01 1.064137520660419084e-01 9.019147608683530937e-02 7.878255859823185547e-02 7.880009348080056764e-02 8.725336788181463354e-02 1.005616377611575768e-01
1.124842479782681426e-01 1.276096611960143012e-01 9.461251723044386552e-02 1.017054781108022721e-01 1.085750585174121846e-01 9.375631695567550328e-02 8.440425230495669784e-02 8.446890605724663437e-02 9.038214675743787285e-02 1.020014148917424701e-01
1.147242357591871792e-01 1.394900441713436967e-01 9.224712957530201152e-02 9.846500257947699009e-02 1.057954525606205065e-01 9.312652658428330343e-02 8.486583665560766543e-02 8.489813672365574548e-02 8.774259891433433545e-02 9.864503647618855231e-02
1.172837652619007492e-01 1.476691154007564177e-01 9.329381353016651113e-02 9.926472368729234719e-02 1.076169129168067923e-01 9.054208256228125917e-02 7.903091221033980984e-02 7.906553345006728239e-02 8.672418241465401634e-02 9.950895856573482856e-02
1.143768444215220864e-01 1.602563940183192315e-01 8.925721114365414710e-02 9.584820443893661557e-02 1.039295216643318365e-01 8.930068066626288548e-02 8.280228242029648300e-02 8.280309111074256323e-02 8.547897216363223305e-02 9.594679795230189046e-02
1.183763546875504225e-01 1.755776352836908305e-01 8.862723244501471975e-02 9.911808178467712560e-02 1.048095200038404035e-01 8.962083708218787637e-02 6.981687642208489475e-02 6.983382488950566624e-02 8.478309512766077360e-02 9.943654227378728727e-02
1.148170946114895619e-01 1.235809863468542019e-01 9.507927297509606579e-02 1.017135453207513307e-01 1.068595895198410500e-01 9.612244315915373372e-02 8.409643188409939019e-02 8.414533635088360108e-02 9.165118946137830458e-02 1.019341103704527185e-01
1.119073413722956462e-01 1.349467842634844428e-01 9.245121688467193566e-02 1.042576811039162971e-01 1.019713804221282494e-01 9.322943124186953978e-02 8.385412818677571989e-02 8.385231081475627568e-02 8.920955746201207626e-02 1.043201682480897896e-01
1.146408897129383847e-01 1.466989603694188182e-01 9.112891195958192081e-02 1.007487995664651526e-01 1.062086940586861872e-01 9.012774714198086567e-02 8.063419382360194343e-02 8.065642809205493535e-02 8.820786093089059976e-02 1.009475143443811229e-01
1.132671972284378520e-01 1.361664201984828793e-01 9.141274243098890251e-02 1.002380539312255625e-01 1.071042460882062342e-01 9.254861590889132406e-02 8.521125851570053589e-02 8.526899442931072659e-02 8.834887441509768624e-02 1.004335968536582968e-01
1.155236797834278684e-01 1.581428802213361573e-01 8.970162803805974139e-02 1.010539956710659881e-01 1.070040614936499379e-01 8.984728461743449190e-02 7.547136363220278976e-02 7.547915803135589463e-02 8.655715635896149562e-02 1.012187921525056350e-01
1.175498018280557444e-01 1.409329369678044008e-01 9.199760505045147252e-02 1.014413883764033325e-01 1.067855293562028213e-01 9.241461978826120971e-02 7.993792832371525436e-02 7.999201288602522664e-02 8.722031164685439819e-02 1.017278657762261673e-01
1.186759401022615540e-01 1.483544687323038458e-01 9.240640659175641813e-02 1.001682530577429758e-01 1.072434082901464053e-01 8.974438670326413681e-02 7.809435191085892236e-02 7.812493736375987485e-02 8.675767182479902917e-02 1.004301754231069210e-01
1.044033431220492136e-01 1.237985300869974548e-01 9.358059120562783884e-02 1.061555505174015673e-01 9.806880779646960644e-02 1.033206694201165982e-01 8.580725708570342836e-02 8.581176546436691810e-02 9.279231037570251361e-02 1.062611749255649302e-01
1.072775772052402821e-01 1.362847881657833216e-01 9.450733338999393884e-02 9.636506512594822382e-02 1.104151570791803288e-01 9.210794445145135956e-02 8.765821071221097105e-02 8.763762425337262574e-02 9.137991016635561847e-02 9.636638945046338556e-02
1.188525330808973962e-01 1.559551328508753665e-01 8.654492852072326325e-02 1.006033988479101277e-01 1.067677405390526635e-01 8.649354006961787467e-02 8.055870354247123000e-02 8.059840354967094667e-02 8.283053158402244043e-02 1.007950874147586912e-01
1.209582071432862699e-01 1.660489834977802448e-01 8.805351650287514265e-02 1.003644121426123387e-01 1.077551673142689986e-01 9.081918626510730730e-02 7.019794551499403124e-02 7.018696008896176119e-02 8.505938702609737445e-02 1.005562345040165034e-01
1.150382969521888954e-01 1.532449370565106550e-01 9.088982955751138959e-02 9.982519858143039382e-02 1.043130106269158780e-01 9.090269684103909065e-02 7.905796548050321448e-02 7.907708062165605400e-02 8.761535724560214067e-02 1.000356270366422745e-01
1.181367570248761378e-01 1.638086522232255204e-01 8.866711895326008508e-02 9.581554321287982789e-02 1.070418904872060817e-01 8.770200611495147791e-02 7.933144754361348694e-02 7.933224550914338979e-02 8.424172117725628461e-02 9.592261775358773557e-02
1.222173812202914933e-01 1.559983124223329465e-01 8.999405941468587022e-02 9.904129946484041547e-02 1.097778906450008057e-01 8.781229014521331477e-02 7.578932654314120276e-02 7.578525574617359095e-02 8.442363505611875929e-02 9.916054934220161488e-02
1.150770679093347099e-01 1.462989081121819079e-01 9.249035179227360626e-02 1.000974875865063979e-01 1.054219464956468455e-01 9.014274569438711360e-02 8.190710879500233410e-02 8.193888321855771761e-02 8.632771593863584891e-02 1.002977844574734489e-01
1.168562656956536883e-01 1.465360876205634988e-01 9.178895183688862147e-02 1.005267614347611776e-01 1.056772158674369744e-01 9.060478838372949817e-02 8.093793273725882753e-02 8.096613478911851569e-02 8.538504490140953751e-02 1.007208167331797022e-01
1.131745802240157889e-01 1.628935457857293989e-01 8.948875832997164881e-02 9.818715083719975478e-02 1.038844682475209003e-01 8.740468430222160523e-02 8.148514284444850764e-02 8.149155388923456922e-02 8.365538529132682255e-02 9.833473024833100373e-02
1.182972398831875216e-01 1.429557916347151403e-01 9.216420681616151189e-02 1.024853518891849502e-01 1.047489742527749068e-01 9.223274542815640409e-02 7.814305085461165090e-02 7.818911567345880609e-02 8.797612798071688389e-02 1.028073955870322242e-01
1.179720318894490333e-01 1.362832503601568157e-01 9.260099003767706394e-02 1.056607548507878663e-01 1.039004453474016570e-01 9.571144614723392507e-02 7.715590516453776915e-02 7.717771377382506848e-02 8.766038728231576038e-02 1.058770751466150267e-01
1.118832450165499343e-01 1.428161449397369887e-01 9.017139391616077471e-02 1.027686718661320608e-01 1.037407915578468787e-01 9.103158721693259403e-02 8.274451719230432878e-02 8.273450978936369715e-02 8.928021637710394087e-02 1.028289221278688020e-01
1.230437755640917535e-01 1.578482418170480961e-01 9.056410713794360579e-02 1.013607069025316693e-01 1.049530233297565063e-01 9.261128151711993384e-02 7.160663852342037672e-02 7.158935842545000039e-02 8.491818776441065197e-02 1.015046790182273784e-01
1.198560021941231096e-01 1.623439386859096834e-01 8.736505691251940375e-02 1.003008824864173726e-01 1.047522627364251835e-01 8.997438018148340433e-02 7.500430618508914515e-02 7.501335823469086617e-02 8.489778283520871272e-02 1.004920295481331327e-01
1.111926062239528556e-01 1.431399617863024776e-01 9.314551503749235462e-02 1.019261511717540480e-01 1.018132263323177494e-01 9.343818039656950902e-02 8.272405203959104503e-02 8.273521045447572442e-02 8.785000008494064927e-02 1.020350964726036425e-01
1.121456306815793863e-01 1.230524489090774887e-01 9.406487461900833735e-02 1.080748771322132956e-01 1.058296650542708134e-01 9.615069524392935718e-02 8.001914812087491946e-02 8.005510088624599729e-02 9.237265240475658890e-02 1.082349069480437881e-01
1.021003712212406600e-01 1.267181495758916143e-01 9.697174195668778474e-02 1.043652423522343359e-01 9.716748246661148503e-02 9.567871611922999786e-02 9.017392623025058396e-02 9.013740165862525744e-02 9.240313719590108332e-02 1.042838312233271836e-01
1.119200486876734679e-01 1.426778803035309018e-01 9.095983030172910544e-02 1.015261709234960702e-01 1.052365150805238542e-01 9.162367976161209238e-02 8.259854657465279248e-02 8.266993679672202111e-02 8.896152572121275581e-02 1.018258658488468971e-01
1.115565806021944495e-01 1.186185018752499154e-01 9.524843618488586239e-02 1.061240321731068276e-01 1.063035071198702997e-01 9.576359651401324113e-02 8.387063684882146986e-02 8.391614366445898643e-02 9.220102694744307381e-02 1.063975380699558881e-01
1.098072868899978155e-01 1.278671750451202127e-01 9.690379859986736344e-02 1.019111111023513205e-01 1.039676320432701695e-01 9.421337166083086634e-02 8.664870856930298459e-02 8.672279057072596054e-02 8.969331555233220343e-02 1.022648099662011312e-01
1.187175105151927618e-01 1.539692018862932055e-01 8.775856787172711670e-02 9.971089023435715515e-02 1.063251894588001928e-01 9.044366958502811360e-02 7.909001668790938133e-02 7.909757200613215522e-02 8.500555561191235066e-02 9.988182614264758119e-02
1.215560194609380668e-01 1.610942590267779306e-01 8.947737867012146851e-02 1.019524223060895851e-01 1.033097926995720783e-01 9.109501814295321853e-02 7.205307217699079281e-02 7.203367137433068501e-02 8.527397492146934765e-02 1.021543912207568683e-01
1.206714135040678204e-01 1.575420667986884571e-01 8.689810892798152664e-02 1.004185380329048749e-01 1.049984499092544293e-01 8.818257449050639907e-02 7.877844219673556247e-02 7.877352366686014851e-02 8.324550836859609393e-02 1.004913741044046599e-01
1.232956078269885070e-01 1.585044842637279294e-01 8.865328786723794541e-02 9.973316105082924432e-02 1.066027303358305783e-01 8.893790308527370347e-02 7.498390853318952221e-02 7.496308102724945355e-02 8.450595707822289304e-02 9.981987893145025104e-02
1.177982018441010581e-01 1.396580361189454222e-01 9.271576906125200690e-02 1.019598411648581365e-01 1.067862920776070368e-01 9.261701063794136601e-02 7.849220895644867801e-02 7.850461286837957797e-02 8.932502389350467642e-02 1.021430033769620549e-01
1.131392934535326855e-01 1.219343774668087688e-01 9.442330326756950831e-02 1.061993731187592660e-01 9.966614715423781357e-02 9.768407895556002751e-02 8.452028436857209059e-02 8.447706072513834485e-02 9.166128357426196749e-02 1.062947979155595274e-01
1.134761817543018247e-01 1.505301986617371413e-01 8.881049452270801947e-02 9.791136446611170552e-02 1.126463389002254206e-01 8.719928033444844517e-02 8.165555062668522490e-02 8.168211175851315675e-02 8.805254915015772732e-02 9.803592982511134812e-02
1.096249006903147055e-01 1.303507911892956839e-01 9.405405088521773260e-02 1.057235333633169683e-01 9.838047166266432331e-02 9.469595030287124293e-02 8.556632642308249770e-02 8.554825195578730224e-02 9.036518027316042811e-02 1.056905432542891016e-01
1.151523799637565182e-01 1.341924109860928027e-01 9.377273290557525121e-02 9.946863308996552189e-02 1.066674503542466290e-01 9.287194912123264423e-02 8.513549541511389318e-02 8.519698017518363697e-02 8.778354304051161350e-02 9.975842494832146135e-02
1.145854538507776466e-01 1.299262680242334878e-01 9.326911744565274942e-02 1.040142618841357752e-01 1.071677767619728799e-01 9.540628200492155819e-02 7.959507492740046375e-02 7.964357509724009909e-02 9.206276511742805813e-02 1.043294248862372542e-01
1.085217777245807147e-01 1.368200180198294036e-01 9.473217237943390434e-02 9.623336168314945704e-02 1.108659615224001221e-01 8.742971454110103069e-02 8.943287843256798875e-02 8.944069702413443013e-02 9.032103727037607555e-02 9.620238140242694247e-02
1.183089631225128779e-01 1.416972744831844766e-01 9.150422732796063829e-02 1.022750699133213731e-01 1.057192726954107598e-01 9.292235043784001502e-02 7.878574580678750217e-02 7.878647702809288278e-02 8.763486749004122112e-02 1.023657516948482393e-01
1.203870150250868076e-01 1.414340314635944007e-01 8.971359462332122170e-02 1.033839425511351301e-01 1.049325183037288084e-01 9.364628341065228678e-02 7.819489128717219129e-02 7.817862759291170638e-02 8.670832821513527189e-02 1.034207675272622307e-01
1.184196306050756958e-01 1.325166510100373451e-01 9.249099143016727143e-02 1.005613756441238738e-01 1.081309572223367599e-01 9.334097007993172324e-02 8.289340240655254655e-02 8.292306838618546116e-02 8.795046833876089820e-02 1.007724848768283971e-01
1.166462353802863589e-01 1.356579365742812127e-01 9.340886481461693758e-02 1.030155049363226105e-01 1.062681882633387809e-01 9.325135672657722252e-02 8.028295883276004297e-02 8.028450552420846043e-02 8.798323807255557794e-02 1.032012108750528234e-01
1.119261583115335051e-01 1.399466259978549842e-01 9.210925145363849098e-02 1.011552020582138223e-01 1.037166089111904582e-01 9.225431711052854700e-02 8.314515317234129343e-02 8.316810430774461416e-02 9.128547044167378832e-02 1.012931082352804268e-01
1.107934205858815829e-01 1.368203658392722344e-01 9.134126344839632594e-02 1.039224474709104229e-01 1.028979512991570894e-01 9.134293147929713197e-02 8.510974222111618304e-02 8.509671939755342196e-02 8.876312302024501333e-02 1.039120352381706497e-01
1.162682212294360584e-01 1.490397497089238077e-01 9.136745194794036740e-02 9.962555748463472471e-02 1.073132531655285327e-01 9.118602278915674542e-02 7.930145334896210318e-02 7.934436405948781801e-02 8.664819215564496802e-02 9.990573411028490225e-02
1.183051624972534521e-01 1.394341548104799933e-01 9.202139024224192942e-02 1.012649083763151603e-01 1.024224852222175852e-01 9.414794384770064362e-02 8.207450467064617006e-02 8.211200521329352353e-02 8.676028903330344766e-02 1.014571560865481364e-01
1.227597934620752868e-01 1.489600336824860594e-01 8.797273389062965077e-02 1.025109798874927619e-01 1.081287754303135312e-01 9.152111656360573111e-02 7.525250118484311246e-02 7.524756855504999287e-02 8.503155986497390462e-02 1.026149374785299689e-01
1.228455350094427162e-01 1.374476051590607650e-01 9.084235147514801989e-02 1.008686612381583525e-01 1.094728802449224242e-01 9.133679520306339783e-02 7.920038788698034737e-02 7.916134753299967908e-02 8.791494461056199861e-02 1.009094916396622299e-01
1.143163461846622847e-01 1.571249805658375687e-01 8.614502389729886134e-02 9.663512133741365695e-02 1.159056064275544029e-01 9.042963061389705515e-02 7.622929377294103415e-02 7.621577182950654838e-02 9.034622182118452749e-02 9.665200354970408803e-02
1.223597712665445564e-01 1.581788033323674181e-01 8.795306190518317746e-02 1.004699192885539077e-01 1.078785795296457600e-01 8.873316010842770274e-02 7.554305383394260831e-02 7.551664547228352509e-02 8.281241079851336950e-02 1.005545944645380302e-01
1.114859336607636753e-01 1.419781770037620849e-01 9.271941674935289812e-02 9.985144805057848127e-02 1.083126193694216449e-01 9.055879856459707333e-02 8.320980923392062856e-02 8.327555274807249552e-02 8.846735174120620715e-02 1.001408928783247554e-01
1.262036891806724292e-01 1.913424885602935110e-01 8.813040371663546924e-02 1.067868031961010655e-01 1.101954300600316711e-01 8.820773494465447562e-02 4.789019770236743745e-02 4.790685593323684016e-02 8.551417421557114262e-02 1.078222224904359788e-01
1.147461086884010439e-01 1.440828642894391998e-01 9.245702740830008537e-02 1.049804937715409503e-01 1.021631949929600325e-01 9.378136978906458088e-02 7.761173924771938570e-02 7.761674763431077040e-02 8.738932510203509252e-02 1.051711290762289142e-01
1.155948999183720599e-01 1.466681256632174635e-01 9.172516971196412183e-02 1.012576761626497179e-01 1.043861768754235503e-01 9.253003723066953456e-02 7.900144138514315906e-02 7.904806284338299072e-02 8.823748874698229827e-02 1.015509214621950762e-01
1.157280773572543359e-01 1.449441734899813983e-01 9.268868693399326397e-02 1.000702418463408488e-01 1.053538069718394365e-01 9.021375439166058607e-02 8.199896970394467133e-02 8.201019639678368278e-02 8.678876797988938074e-02 1.002033249283123678e-01
1.183703044611934402e-01 1.573859281364713703e-01 9.080084639928454049e-02 9.596994206604278488e-02 1.095137573384995372e-01 8.647557707550627970e-02 8.150604289819661508e-02 8.152121867740308447e-02 8.240539020417975147e-02 9.605099274322258240e-02
1.204669848836257551e-01 1.548105245446366185e-01 8.776263125637911999e-02 1.023612232437061814e-01 1.065218601310933683e-01 8.977905176764786055e-02 7.518630043709281785e-02 7.521142200231337172e-02 8.526886539123058883e-02 1.026311363422743456e-01
1.178294599523128511e-01 1.352258802912231217e-01 9.293504718321789204e-02 1.043413090313874275e-01 1.012290434315181453e-01 9.605412870134628911e-02 7.959490268739562169e-02 7.958719460739895057e-02 8.875239100959410321e-02 1.044506431046056533e-01
1.171894044385256572e-01 1.557111196821032717e-01 9.169070015617920844e-02 1.015859615911565150e-01 1.070232316513589771e-01 9.115565879190984377e-02 7.251742955938428326e-02 7.256484213313720011e-02 8.856494748727734845e-02 1.019967045089677365e-01
1.124619340601960976e-01 1.316622535271931571e-01 9.377313133568844494e-02 9.791941012684547696e-02 1.070455135982366079e-01 9.461886083359373478e-02 8.766200030853560365e-02 8.768658238604115640e-02 8.910806985188388096e-02 9.806224397178581187e-02
1.176308847157638421e-01 1.476396670745288020e-01 9.113909938533808208e-02 1.024706899190862691e-01 1.059869396945716663e-01 9.052870640115540102e-02 7.800506103952010994e-02 7.807606810416377330e-02 8.564635923987358457e-02 1.028765244259984835e-01
1.139619765511508814e-01 1.220976004782493157e-01 9.430701501772617568e-02 1.021963649842075189e-01 1.031286434579188199e-01 9.819787267562846145e-02 8.803104702639034940e-02 8.806136038598288973e-02 8.764541942596835999e-02 1.023726999967772416e-01
1.204728111739257340e-01 1.516794892379751125e-01 9.033917462662749420e-02 1.031486434595130924e-01 1.071761102498228063e-01 8.889007312301898389e-02 7.396908391303495811e-02 7.398001528328973508e-02 8.697411339127888996e-02 1.033704855415131796e-01
1.168421717912406926e-01 1.433339487096410847e-01 9.075808655851205775e-02 1.037166747362532199e-01 1.028861693586278908e-01 9.512527041865807831e-02 7.783185099342791735e-02 7.784486903637793942e-02 8.772867838908977867e-02 1.039322800081713544e-01
1.181392881438535492e-01 1.525417675408682061e-01 8.808501627732379102e-02 1.007552400457430164e-01 1.047562908885336097e-01 9.165406561038194622e-02 7.911643388550385070e-02 7.913804788484116171e-02 8.485672597966074926e-02 1.009571237432900642e-01
1.069118581252959249e-01 1.405519420923260487e-01 9.349704781837424317e-02 1.042902582971115127e-01 9.843491692489700351e-02 9.597024076739717191e-02 8.324905977148802649e-02 8.323559115110429341e-02 8.950194537326447430e-02 1.043571396787413424e-01
1.168051895950365099e-01 1.503588353079163553e-01 9.101430661716922166e-02 9.992553393342376578e-02 1.068214010385352686e-01 9.067025168035618143e-02 7.867918824169858882e-02 7.869229847092529262e-02 8.691724105382372945e-02 1.001157540611151003e-01
1.150744970209771068e-01 1.375065792945058263e-01 9.090567730718908390e-02 1.033369805044878770e-01 1.047488917938862452e-01 9.014876778321473383e-02 8.277862636671785845e-02 8.277546413138876791e-02 8.924889159755666768e-02 1.034756242000758331e-01
1.139937661607182684e-01 1.514256454258580409e-01 9.120700158668336444e-02 9.832414185880779256e-02 1.038804064677241457e-01 9.041291275850121822e-02 8.239426831861705602e-02 8.240782329732980471e-02 8.744826560745078137e-02 9.850576851830955549e-02
1.088495111889301592e-01 1.484743393857357319e-01 9.030973806066523724e-02 1.052155749171482940e-01 1.005961482741432184e-01 9.324924497319961314e-02 8.013665860722171685e-02 8.014027349662355970e-02 8.770460489102975543e-02 1.053239062053026864e-01
1.136873150955258482e-01 1.518926191884785726e-01 9.013373696491566722e-02 1.007622183071591182e-01 1.080421337643920343e-01 8.894482678249891749e-02 7.890345182297660298e-02 7.889744429099786183e-02 8.782203456781564888e-02 1.009142192152397421e-01
1.134801769252808540e-01 1.521338899114843268e-01 8.988220225997581303e-02 9.710185338447584191e-02 1.072398422335212181e-01 8.838075916642466889e-02 8.443882192295495970e-02 8.446098981113212001e-02 8.562260191855015912e-02 9.725886246620003839e-02
1.126253770584674380e-01 1.474561069492390242e-01 9.255655258028397392e-02 9.952644779789039664e-02 1.064556626543061574e-01 8.620181632806592220e-02 8.497885352120912450e-02 8.501969948955256928e-02 8.549559880669455048e-02 9.968388481429080183e-02
1.203651226728902207e-01 1.353572799395439119e-01 9.225390888455020644e-02 1.027540379099959877e-01 1.092098932590386956e-01 9.570350990711289085e-02 7.580127203648531764e-02 7.581476824804485315e-02 8.973018834141623101e-02 1.030100188009216711e-01
1.092551591165949881e-01 1.181251377840829703e-01 9.223524272817200387e-02 1.047805561175707001e-01 1.011453828015505679e-01 9.457778127065565033e-02 9.060980802309009929e-02 9.058645751518226708e-02 9.389890113088607271e-02 1.047855735122146942e-01
1.167118504831620163e-01 1.525343981403810001e-01 8.982140493045966123e-02 9.727404468746690680e-02 1.115325752593824965e-01 8.727635690024293513e-02 8.094712322938146798e-02 8.096340059044217219e-02 8.557176404838978678e-02 9.736708173069157091e-02
1.182712497353865105e-01 1.637355633528424781e-01 9.110460979821861927e-02 9.839972508393513007e-02 1.052570501129502650e-01 9.166615453836053640e-02 7.295660362280459443e-02 7.298352662765317245e-02 8.690249982782335958e-02 9.872301730002540354e-02
1.151692329515607849e-01 1.544547790237643659e-01 9.235556889310005124e-02 9.997641681832387939e-02 1.070697864398668236e-01 9.241589802169149215e-02 7.429962230187568684e-02 7.433607259377526810e-02 8.960372329117786971e-02 1.003188996648637782e-01
1.214771786796817049e-01 1.434620717163361814e-01 9.291747954880895388e-02 1.011251724968948162e-01 1.085517899778575407e-01 9.397016752837256126e-02 7.395488600859466410e-02 7.397712143863635625e-02 8.909320081564366112e-02 1.014709317891736434e-01
9.737575729705173766e-02 1.059805194131081679e-01 1.005113880436947355e-01 1.057789921318750270e-01 9.575077348598175220e-02 1.021403858106867263e-01 9.377455578643680012e-02 9.373608850511459811e-02 9.931077011735320315e-02 1.056407694086971966e-01
1.001421427632356170e-01 1.103413963504686068e-01 1.019758787304921727e-01 9.339748765614827586e-02 1.104933966742914497e-01 9.544872119621658491e-02 1.001761465107477433e-01 1.001706049611817140e-01 9.456285063606921504e-02 9.329137452114862061e-02
1.155610756806021433e-01 1.382445783526410898e-01 9.047316732276004803e-02 1.022086480298300126e-01 1.000307965378249980e-01 9.415980885309711834e-02 8.607207408957404104e-02 8.605203728502351657e-02 8.502349960181414257e-02 1.021743142468329313e-01
1.117605399463515309e-01 1.604662233655333170e-01 9.058611313054376613e-02 9.802171644044402332e-02 9.852911194004147777e-02 9.265239123229294937e-02 8.348860688214672365e-02 8.348461871272513934e-02 8.289628609870802745e-02 9.811439225121305896e-02
1.157432313678827956e-01 1.502393340216017226e-01 9.165345475377111029e-02 9.957848990656602284e-02 1.059246319751885185e-01 9.309744576265840954e-02 7.775709220191326376e-02 7.776483086075652862e-02 8.845129406674599737e-02 9.979019508291554763e-02
1.143428001224928436e-01 1.344446649109467262e-01 9.316400092823813595e-02 1.011708394020090079e-01 1.076008720987171874e-01 9.238786288960776361e-02 8.245706169137409502e-02 8.253167574177097676e-02 9.038879176355299472e-02 1.015114304512902271e-01
1.186451607770149380e-01 1.402905997362964285e-01 9.095957504490827239e-02 1.042850058544228242e-01 1.056779368501828548e-01 9.283804619465385599e-02 7.782769982047711699e-02 7.786140843895800190e-02 8.704759368882937498e-02 1.045669735942564155e-01
1.147245975146444497e-01 1.399844496315754694e-01 9.182598464358719681e-02 1.024300566854995653e-01 1.070936954477824943e-01 9.197887387658358616e-02 8.092406484633841990e-02 8.092416719898047617e-02 8.759017770957552851e-02 1.025239324454327444e-01
1.162527860477164526e-01 1.508064346205983675e-01 9.144711998506203920e-02 1.023437074329149044e-01 1.061139335603058093e-01 9.229953401027549131e-02 7.502478978077804783e-02 7.506522320961388217e-02 8.793453145787419323e-02 1.027119398948607848e-01
1.246852391562711104e-01 1.408513159961409800e-01 9.163433348877991769e-02 1.015912901566922294e-01 1.057734038852269354e-01 8.937749309858626645e-02 7.960436785469657273e-02 7.958974935416314456e-02 8.524992181273050029e-02 1.016428851967123570e-01
1.111041913658505076e-01 1.406148746487593526e-01 9.249256776876338404e-02 1.043906192505120178e-01 1.022943201238130928e-01 9.232600267849655484e-02 8.213407568547316517e-02 8.213371770983488029e-02 8.802712050199043570e-02 1.044825102665065675e-01
1.165530928949066874e-01 1.603622626667160767e-01 9.004216335869349996e-02 1.003963994846022029e-01 1.068297432496533445e-01 8.744414458366757403e-02 7.609181002866592658e-02 7.613363187685072420e-02 8.545514853448084314e-02 1.006916033217631623e-01
1.133197786933152346e-01 1.449586900590756899e-01 9.194280504968940781e-02 1.020847357665889549e-01 1.051764517859498371e-01 9.138544373940683807e-02 8.024020525413801119e-02 8.029932621577245966e-02 8.819116981964796043e-02 1.024013936164156063e-01
1.178603358929430911e-01 1.362721861682343882e-01 9.195783575168278712e-02 1.013340194896746177e-01 1.123437399572136952e-01 9.257937210599130606e-02 7.897506323254775695e-02 7.900212122487054733e-02 8.811651803751084644e-02 1.015588081393310055e-01
1.156296422505209420e-01 1.701421354900986005e-01 8.687352363955097578e-02 9.416232901700966051e-02 1.065100876327268464e-01 8.706329909433925540e-02 8.081233720011217481e-02 8.076526903797656698e-02 8.389358277866668101e-02 9.414779385899826880e-02
1.183643854621752312e-01 1.339125204460381580e-01 9.140802351321913877e-02 1.009428573064577728e-01 1.108195331590014071e-01 8.926603905044981635e-02 8.435640733660781931e-02 8.435739543430567644e-02 8.556309128815246801e-02 1.010097470035925260e-01
1.189337345323041861e-01 1.643983127600961158e-01 8.959819866736765115e-02 9.776967405526683363e-02 1.055252949631694664e-01 9.023691522140843413e-02 7.523419691969138179e-02 7.524362727002049944e-02 8.506412172249391834e-02 9.799592388818149924e-02
1.143558608253495701e-01 1.270874426211874297e-01 9.580094158856965192e-02 1.023339642054052756e-01 1.082415745378339372e-01 9.593745028018443866e-02 8.040892619310298362e-02 8.047027710357236574e-02 9.266349785214542112e-02 1.027000647926489124e-01
1.221782787363401707e-01 1.681647947286054878e-01 8.852953726426054937e-02 9.831527693381504618e-02 1.101168880021328594e-01 8.659801572070886799e-02 7.197118085101462948e-02 7.198953436135596684e-02 8.355336507723311323e-02 9.858312832453337837e-02
1.091795483197400968e-01 1.367324269115926527e-01 9.345790151703313453e-02 1.004600517218966899e-01 1.032762505558338789e-01 9.240510143597624459e-02 8.631004740197384395e-02 8.635679070623489273e-02 9.115689988605012173e-02 1.006649815436684581e-01
1.125988203555105122e-01 1.303259454612925583e-01 9.621463846677998089e-02 1.024823815036632613e-01 1.056656323590433044e-01 9.182103409802420957e-02 8.422362400066207844e-02 8.425058980385231877e-02 8.972870885639802618e-02 1.026886250947737639e-01
1.206152823096179882e-01 1.568976577045574639e-01 8.794273124696572186e-02 9.780627641442227183e-02 1.058926707877743401e-01 8.843528611943372864e-02 8.026823007528209597e-02 8.024384045493615503e-02 8.402660512958423644e-02 9.787141975742603972e-02
1.085168212554379480e-01 1.332977241658142575e-01 9.521249183667103433e-02 9.634425661914883254e-02 1.100635146829835598e-01 8.895760405387485859e-02 8.999933564987420975e-02 9.001626466600919085e-02 9.121334926239256513e-02 9.637863780779361289e-02
1.148401840729959822e-01 1.330852805779716153e-01 9.583675888575290958e-02 1.005388787637048753e-01 1.079725137996129791e-01 8.877767060227335916e-02 8.461873355751062253e-02 8.465473543423082670e-02 8.895246259660419264e-02 1.007227817093426930e-01
1.133091630741790007e-01 1.435647056236925567e-01 9.171403705865563416e-02 1.048915304079269667e-01 1.034922787338633660e-01 9.276667701351308526e-02 7.843362295811388829e-02 7.845058875454379022e-02 8.828246763236580197e-02 1.050949287431458962e-01
1.034211768927612990e-01 2.122371419931408099e-01 8.506607429255746977e-02 9.116412542569295174e-02 9.434849743702089508e-02 8.440385056782633011e-02 7.757696709701977777e-02 7.753892068471274213e-02 8.313103951889631860e-02 9.111220609037137819e-02
1.176386365924099175e-01 1.734099113272646875e-01 8.802361220983286050e-02 9.806800768152297565e-02 1.054432292517954173e-01 8.796395762153362552e-02 7.357324055263471385e-02 7.355156051686158325e-02 8.416845314559441571e-02 9.815939110054977546e-02
1.183071489359856510e-01 1.473755305443905372e-01 9.004357490837446021e-02 1.036802785454008086e-01 1.068688764031149596e-01 8.975442621608928362e-02 7.685230094682327096e-02 7.688578751255824295e-02 8.628419368614322071e-02 1.039478823011195097e-01
1.138408372676764785e-01 1.259359439148446946e-01 9.676680067565972265e-02 1.006174185714499569e-01 1.063216547203662404e-01 8.981142947724385373e-02 9.019868064550365383e-02 9.021201701068694290e-02 8.563369096131824565e-02 1.006615267552501969e-01
1.094702587425620127e-01 1.201145131285645123e-01 9.364437103103787075e-02 1.078072851135222221e-01 1.032431809104989717e-01 9.309147431833988962e-02 8.622541967020108666e-02 8.619151888586071286e-02 9.255063599372415073e-02 1.076613422056885844e-01
1.146280366321558303e-01 1.404019509322342318e-01 9.389282535932771956e-02 1.002050826711718134e-01 1.006747979565403434e-01 9.299415738857313984e-02 8.418439683023221098e-02 8.417635178035055843e-02 8.855035203712263714e-02 1.002920484122915568e-01
1.131268599172928907e-01 1.318944717727165150e-01 9.297859820459836167e-02 1.037810621063987720e-01 1.056318114308459760e-01 9.642301229634372972e-02 8.010219036145063698e-02 8.012178345659710932e-02 9.193353319377629840e-02 1.040066772599797379e-01
1.182214298484150633e-01 1.512566739125525139e-01 9.014131159111261893e-02 1.000664336708546737e-01 1.085827797738628392e-01 8.768683296905176172e-02 7.913839121895020756e-02 7.916386313395147589e-02 8.546365199339267527e-02 1.002786318878562122e-01
1.182016994907436336e-01 1.376625740256151864e-01 9.471434613510856804e-02 1.022832805594019179e-01 1.089761410886079113e-01 9.392285871623222426e-02 7.529356176803841949e-02 7.534155773012024548e-02 9.089290673725548830e-02 1.027110737488764192e-01
1.113604464753686490e-01 1.456819691968085917e-01 9.245155649479361304e-02 1.008664651419888120e-01 1.041042282475260483e-01 9.253471412845307165e-02 8.118716471655053335e-02 8.121787360464376160e-02 8.950340052571052751e-02 1.010921814681563780e-01
1.195429316163522937e-01 1.444931848979199018e-01 9.160835210154845420e-02 1.011065005377150272e-01 1.049729811132493612e-01 9.194278842318061307e-02 7.795393244417944678e-02 7.797649170094039794e-02 8.907048035925309304e-02 1.013323568056614665e-01
1.156011713539875640e-01 1.368591040931596559e-01 9.165810018394515701e-02 1.016252449530907070e-01 1.046488914741355858e-01 9.468929235556032553e-02 8.283509335470387591e-02 8.286536727551117865e-02 8.743009759875380871e-02 1.017876373571521553e-01
1.099603680984095472e-01 1.386737144145965828e-01 9.273486931402941114e-02 1.022547752129318865e-01 1.001573324398593728e-01 9.371883959692729749e-02 8.546708273688784219e-02 8.551522964480232081e-02 8.900773951379617466e-02 1.025100490277595644e-01
1.140873981195498627e-01 1.296445016522218829e-01 9.498202166851157924e-02 1.022579074821550194e-01 1.061623644399236760e-01 9.564713123607866685e-02 8.178129214248854029e-02 8.179104093155929733e-02 9.116274418145245417e-02 1.024835981460590351e-01
1.116683223673690245e-01 1.450959669618568648e-01 9.263387321526232732e-02 9.859933856497046789e-02 1.043616751176175000e-01 9.099977081353703701e-02 8.518199419838407005e-02 8.516476443009354802e-02 8.771602534364994486e-02 9.857826898725925713e-02
1.151645075736598689e-01 1.468157730322032783e-01 9.185133351888108422e-02 1.000446305880602904e-01 1.048532558705048273e-01 9.214605047500364077e-02 8.021349005229325146e-02 8.021273143225197966e-02 8.858472449841472973e-02 1.001135029587270353e-01
1.196081201079637751e-01 1.507959903670123558e-01 9.048770179170620431e-02 9.646796703609498980e-02 1.045993280039269058e-01 8.884385867546001903e-02 8.351192797653082811e-02 8.353837824488334618e-02 8.554835763562765316e-02 9.659837016079393657e-02
1.199134463835731662e-01 1.495017334656822683e-01 8.874947286562427651e-02 9.992417466514065538e-02 1.047860725547494903e-01 8.901805603308841908e-02 8.201251941417964098e-02 8.201070514660238620e-02 8.409604729521259758e-02 9.998777217614712720e-02
1.131615415348636577e-01 1.255253051579473533e-01 9.506053627718993870e-02 1.045395576107459035e-01 1.024653252827577715e-01 9.976561758140432834e-02 8.138076529480917087e-02 8.135401833617728062e-02 9.210685792253535398e-02 1.046404750015692414e-01
1.189859095422742402e-01 1.675711997158578770e-01 8.801578210360651300e-02 9.732614567992951826e-02 1.051568854231772210e-01 8.890447243916071995e-02 7.627152054513204604e-02 7.625881368777946701e-02 8.409078272170864010e-02 9.741848814137375745e-02
1.151836223741372622e-01 1.352001693151541062e-01 9.250655140380448227e-02 1.022408688477972755e-01 1.079839361159484618e-01 9.346310094073437269e-02 8.044994852244080619e-02 8.049683187207576363e-02 8.999355284455354265e-02 1.024814177633539131e-01
1.201157271577810159e-01 1.459722273492771727e-01 9.116459651256440810e-02 1.012938703069332230e-01 1.015757158416617095e-01 9.100465410010112610e-02 8.092679136324229527e-02 8.090865241894266979e-02 8.569626030194418820e-02 1.013415046475521775e-01
1.178601384173358635e-01 1.392428506335608440e-01 9.313945185238413360e-02 1.044316428455626250e-01 1.077214537821703649e-01 9.349548611202766757e-02 7.432041921363957693e-02 7.436820381258428536e-02 9.054141320478359400e-02 1.048789401259510173e-01
1.199283724756514125e-01 1.622544226804706891e-01 8.917121771078763415e-02 9.846368303323635440e-02 1.071404651406314412e-01 8.873242116246324307e-02 7.506632126733524257e-02 7.504375775303356866e-02 8.564904675250006871e-02 9.855029202389034571e-02
1.134581938233840265e-01 1.443351821575014071e-01 9.030893270609360868e-02 9.778149314584368146e-02 1.067141833788181060e-01 9.110768097436357238e-02 8.582392876238084667e-02 8.580867502880105968e-02 8.683557759131460552e-02 9.782615243149907214e-02
1.138831319090466004e-01 1.445830069514363880e-01 9.280467114618246027e-02 1.011582853144678135e-01 1.037421860803416362e-01 9.255732010049741443e-02 8.007816325143607417e-02 8.010355576067065830e-02 8.967591310968058005e-02 1.014137663762403885e-01
1.170270137319231324e-01 1.473704212260311952e-01 9.179439131480020275e-02 9.870740440054424913e-02 1.070113285326265706e-01 9.233366964648924424e-02 7.998793481367176550e-02 8.000237162756081155e-02 8.688143374036941258e-02 9.888403096598338826e-02
1.055709940929613899e-01 1.220521817127909886e-01 9.721127916124512602e-02 9.496110629622478427e-02 1.136583441025156987e-01 9.257373310142902323e-02 9.472572241040053131e-02 9.476866649624637873e-02 8.951984051906980433e-02 9.495813210711633034e-02
1.177478620995290048e-01 1.465363580413955591e-01 9.135108958281941416e-02 1.013858479527399575e-01 1.074913248352441925e-01 9.307856989218218913e-02 7.657517584205125738e-02 7.657881241921885018e-02 8.774369647806173900e-02 1.015112628567578501e-01
