7.860784941046432273e-02 9.295179839875546135e-02 1.157992894444511006e-01 7.652847745266347368e-02 9.459592487856804954e-02 1.155351466510960573e-01 1.170550653633186527e-01 9.173063898640491931e-02 1.002755925531370745e-01 1.169202168611408327e-01
8.172674026652197721e-02 9.509479624877539838e-02 1.104359251584556972e-01 8.105290492960053050e-02 9.311414518358319958e-02 1.101168323328801935e-01 1.196843098483786616e-01 9.165242485297975250e-02 9.772380979785064148e-02 1.193981113809739619e-01
8.615525965992540391e-02 9.606168963708217046e-02 1.086558079040409741e-01 8.341202267931810410e-02 9.327930334204294349e-02 1.084342554978072332e-01 1.163739104427256588e-01 9.194694680242501694e-02 9.949586554634171076e-02 1.161849384882908259e-01
7.637666675638239699e-02 9.453253091208739523e-02 1.158511221211021014e-01 7.511596546946668063e-02 1.048818477863122101e-01 1.154620680698352497e-01 1.151447692716036364e-01 8.868635192182784677e-02 9.901395004850577219e-02 1.149347276428767384e-01
7.847684345854119559e-02 9.258092956914204530e-02 1.121608585829973470e-01 7.747867995993529266e-02 9.394953889268096991e-02 1.120427536184834399e-01 1.226788954787744607e-01 9.088435834123261003e-02 9.729324635231406670e-02 1.224538957458985722e-01
9.375803247847258604e-02 9.692143829851501691e-02 1.035762044849055930e-01 9.221873198126082083e-02 9.686929286187338783e-02 1.037466556829189646e-01 1.129427909927380735e-01 9.261056513332839579e-02 9.447397618539191133e-02 1.128823119005952641e-01
7.633119030195473220e-02 9.313854604343833887e-02 1.134639785636436110e-01 7.468135390873593960e-02 9.691083806866689077e-02 1.132647998516854437e-01 1.205818024530316418e-01 8.994788325692509856e-02 1.012376938981649765e-01 1.204419136537533408e-01
8.193343200344949118e-02 9.324158183965776392e-02 1.117847402693650238e-01 7.999774403168810610e-02 1.023238734527541077e-01 1.114860198515513351e-01 1.156529268862931392e-01 9.150936532502713938e-02 9.661239717142798555e-02 1.154579191687858941e-01
8.621102169499200718e-02 9.249078407491510834e-02 1.107280547081201522e-01 8.428014666611222117e-02 9.342120740979253934e-02 1.104125299125241211e-01 1.152048495687443969e-01 9.294291847515891158e-02 9.925917527718056133e-02 1.150493122124599393e-01
8.265218904130335054e-02 9.082002213336071161e-02 1.132136821368823348e-01 7.917793799301425794e-02 9.625703004244712258e-02 1.128793757430732875e-01 1.175032520263793734e-01 9.078547589098712178e-02 9.946936046423175692e-02 1.172416745283207107e-01
8.143312723686708943e-02 9.282447869611830382e-02 1.090051517292804084e-01 8.016345144561957958e-02 9.921334397751871426e-02 1.087165798998688815e-01 1.209364576077499726e-01 8.937759713853379862e-02 9.771254960168250514e-02 1.206172626667607328e-01
7.526639579865704310e-02 9.158175769410302480e-02 1.188593223742876459e-01 7.474626117554077076e-02 9.506563590576677658e-02 1.183629519003688430e-01 1.204400492313495163e-01 8.727876237477646959e-02 9.827828673617669542e-02 1.201205768089732284e-01
8.319731824597997871e-02 9.119861201311789400e-02 1.177421717738838802e-01 7.962151726614637159e-02 9.930296820194080276e-02 1.176610448552627142e-01 1.125868631785117147e-01 8.887079410777487531e-02 9.729274372288251871e-02 1.125259666344993054e-01
7.359577484505955280e-02 8.751131390704337820e-02 1.200966541048680142e-01 7.258848337896074698e-02 1.059904513673226162e-01 1.196454067538710447e-01 1.192867521574148271e-01 8.584765123577760282e-02 9.646359265342902001e-02 1.189739195962532387e-01
7.369113244025604637e-02 9.088928835025553155e-02 1.168423021070912754e-01 7.262593259955212044e-02 1.034370319863025939e-01 1.165335778528824723e-01 1.198216716190807635e-01 8.841525612030276537e-02 9.815358236216327470e-02 1.195902245621131843e-01
7.825124719397126560e-02 9.254444629560101832e-02 1.140735818338430435e-01 7.753356102714299702e-02 9.656880491632764685e-02 1.138121334819416769e-01 1.212884990467014978e-01 8.782666042507647486e-02 9.710766236360288128e-02 1.209934034157914839e-01
8.382280455086650595e-02 9.299751604592089438e-02 1.132258373438485566e-01 8.199436510825022784e-02 9.743772081064012991e-02 1.128837582761725855e-01 1.146097691376578298e-01 9.097295952579458056e-02 9.770592926339824458e-02 1.143493399374504726e-01
7.778962664207268729e-02 9.618772219957442970e-02 1.110479859065813674e-01 7.700290679140887884e-02 9.728660021817624182e-02 1.105461355937568529e-01 1.165093735887510196e-01 9.477079369625236727e-02 1.025624703068755555e-01 1.162963850565505858e-01
7.435888621496287987e-02 9.323123297917407237e-02 1.165340125138142890e-01 7.251629356573743856e-02 8.968725345363244561e-02 1.160817440999929728e-01 1.224782076259975511e-01 9.089822838411842909e-02 1.019805067209331728e-01 1.222336344416366655e-01
7.981525929598951019e-02 9.115870548837563814e-02 1.142532405853633748e-01 7.905487353770061787e-02 1.018690807985058178e-01 1.139712253108087492e-01 1.164964677502056678e-01 8.928847232157474667e-02 9.777260024844554309e-02 1.163200746630303067e-01
7.890635895277607614e-02 9.261681512369432379e-02 1.136177389186818348e-01 7.717320991312076606e-02 9.184419855208103556e-02 1.133454878289964218e-01 1.219130752592394173e-01 9.044705196234806288e-02 9.847438870958032109e-02 1.216616747794817266e-01
8.373146046503976425e-02 9.536929709412822476e-02 1.090056515239513496e-01 8.182304286396126225e-02 1.012094312784197064e-01 1.086349008387297310e-01 1.149660392779145723e-01 9.175168350767680392e-02 9.881591056286052888e-02 1.146925825873180149e-01
8.356771194880918685e-02 9.129976673686107658e-02 1.121624371300897621e-01 8.303609900768188501e-02 9.669426011964475653e-02 1.119170442805129811e-01 1.173722215340465558e-01 9.032380188835417711e-02 9.648956192358569550e-02 1.171370954304139372e-01
7.869630284117384855e-02 9.109438280078828443e-02 1.134227083146271131e-01 7.641209163761783496e-02 1.055113231593591688e-01 1.130792126776802298e-01 1.177621883438815381e-01 9.032453181287582178e-02 9.616381137481673502e-02 1.175334470371794671e-01
8.279842183760427465e-02 9.062478161571724256e-02 1.152412539024687682e-01 8.345916906699864246e-02 8.899324116691867403e-02 1.150961786923885011e-01 1.185634153951956038e-01 9.010377432651070495e-02 9.671712841359560164e-02 1.184026355826019450e-01
6.755409913620231965e-02 8.517206125677388717e-02 1.126749347610596780e-01 6.635538567294890777e-02 1.459806751816763171e-01 1.122222734142932221e-01 1.156760264294124929e-01 8.444793029597065515e-02 9.446617612528852848e-02 1.154504377263739778e-01
8.494375442561964695e-02 9.401125972637580652e-02 1.120067103474384068e-01 8.203105509646463345e-02 9.158518357481962302e-02 1.117161883740643014e-01 1.158380498171896200e-01 9.283871220080580633e-02 9.938799430403998103e-02 1.156410921331820774e-01
8.376908513343589435e-02 9.373010256173698596e-02 1.094032515891210922e-01 8.202817757931317455e-02 1.009133693351509375e-01 1.093299172511490169e-01 1.141812210964394114e-01 9.052624858482100079e-02 1.020636422578302671e-01 1.140549846110021914e-01
8.047550760238150747e-02 9.151138637832857692e-02 1.129574357269321067e-01 7.951385352685264030e-02 9.856039767985295963e-02 1.126951924315516274e-01 1.175381968124395021e-01 8.993187582106697275e-02 9.951721270967080202e-02 1.172989413109232493e-01
8.530606590517114673e-02 9.414021935598536339e-02 1.106551254585464578e-01 8.321734176067667466e-02 1.039129498719325029e-01 1.103961082696645613e-01 1.125284470586452729e-01 8.940979288492642563e-02 9.806917018436461797e-02 1.123647792500869769e-01
7.716211992077609549e-02 9.210814658931142096e-02 1.142964093304735113e-01 7.471093537928079342e-02 9.489553432237984865e-02 1.140751920737426289e-01 1.219481151567662625e-01 8.890661747003753002e-02 1.001814099193979041e-01 1.217155198378339492e-01
8.093357687822262669e-02 9.111976150513030615e-02 1.150278476645004294e-01 7.830396147606732971e-02 9.697402048467633484e-02 1.146414935531702151e-01 1.167700949993561721e-01 9.015879951628751054e-02 9.958853045215920741e-02 1.164819134704298542e-01
7.867405394821491704e-02 9.181515512240386034e-02 1.165044625945608758e-01 7.676672805357981355e-02 9.675225002621301584e-02 1.161384812567522323e-01 1.170513871483948448e-01 9.086651605136163157e-02 9.866110122132482063e-02 1.167698645771939464e-01
8.662833330441832569e-02 1.022829360486122302e-01 1.044732715035161241e-01 8.585962075317191133e-02 1.049756594082155575e-01 1.043589248060173141e-01 1.057323673601844594e-01 9.370356856203825024e-02 1.063328159060502737e-01 1.056525023477756092e-01
8.817068170977102048e-02 9.678697798079842485e-02 1.067699606488135833e-01 8.728468480639760274e-02 9.691352124912223920e-02 1.067675725939844916e-01 1.136320725435617934e-01 9.416978340533654901e-02 9.595884073999641495e-02 1.135459043222179082e-01
7.864646552196567775e-02 8.741924976758175259e-02 1.149379526772409260e-01 7.793151942417358979e-02 1.090936684559778574e-01 1.146734392535276315e-01 1.180633446948062687e-01 8.388162736286401688e-02 9.751951909092076987e-02 1.178332137509415095e-01
7.058041008727020116e-02 9.197350239704181474e-02 1.195204954074293030e-01 6.934003457128878889e-02 1.077840515657192133e-01 1.192353430763280070e-01 1.176152110718509253e-01 8.717852150417176871e-02 9.931820220345093098e-02 1.174542281154490331e-01
7.929081620255157281e-02 9.146281274606443690e-02 1.143487194877171459e-01 7.857016147023743180e-02 8.904756163728197449e-02 1.140571185649872643e-01 1.217984428278447856e-01 9.046550600257184660e-02 9.939581704342091706e-02 1.215630440173225968e-01
7.807176062562184993e-02 8.828769493821371495e-02 1.153669321546993976e-01 7.751749282827019583e-02 9.684164945939377489e-02 1.152068243616565374e-01 1.242095077864489860e-01 8.678292186443264944e-02 9.373214512962237122e-02 1.239830708516405505e-01
7.581091501279932365e-02 8.862467138278569412e-02 1.182579599643800161e-01 7.346758943714733203e-02 9.996848104933016288e-02 1.180875707677790237e-01 1.213034666714800924e-01 8.731208108592519723e-02 9.610481088785709225e-02 1.210624537405160656e-01
8.138592334565591946e-02 8.961437813100775474e-02 1.120122605413181316e-01 7.974647787709214508e-02 9.715125410443350984e-02 1.117432394629642861e-01 1.204131334963684935e-01 9.014637942524111880e-02 9.762115957031118618e-02 1.201657940456074547e-01
8.098850252800106342e-02 9.236410640888464973e-02 1.139230515684882816e-01 7.902625961523296327e-02 1.026371981298789121e-01 1.136643061714525116e-01 1.148408059623891725e-01 8.965068753077161390e-02 9.830313000971367676e-02 1.146019520751871690e-01
8.021746389131163835e-02 9.226020666736735321e-02 1.127955208607818172e-01 8.114375223355663191e-02 9.190266231379547179e-02 1.125864363391107098e-01 1.210096951288042316e-01 8.931067533843958794e-02 9.793532158547574307e-02 1.208382656413568706e-01
7.783651142185757377e-02 9.110138269615976336e-02 1.151876596613134740e-01 7.608755561825947256e-02 9.907212520260186284e-02 1.147523813505024748e-01 1.181722309013285982e-01 8.984759112068121945e-02 1.000487096582303864e-01 1.178938523690651885e-01
7.822422635260700696e-02 9.261613743376363728e-02 1.147267713809173306e-01 7.504358907196734263e-02 1.011935249432986267e-01 1.144497158085336086e-01 1.153951905466839706e-01 9.018535490012154210e-02 1.029522461826693769e-01 1.152132433794375299e-01
8.203866864366836376e-02 9.390440909343142351e-02 1.106319147971649985e-01 8.182391186239081071e-02 9.805477446230788374e-02 1.105565017844527126e-01 1.160364330443568043e-01 8.931362922981327113e-02 1.017191976211171411e-01 1.159205594612966461e-01
7.246322356221621130e-02 8.882464992237570911e-02 1.210385418272055258e-01 7.039644843875945968e-02 1.009537102994082780e-01 1.208193743095060252e-01 1.182826298759749595e-01 8.926035002852435174e-02 9.978619858150893085e-02 1.181748731545205627e-01
7.558621402203451189e-02 9.109381193555796119e-02 1.192720923116755843e-01 7.467271874084470407e-02 9.257605659385215180e-02 1.189952732416927478e-01 1.204248167953902715e-01 8.713255297744255945e-02 1.000435998317111691e-01 1.202028635497983250e-01
8.383688886922688321e-02 9.206884092411073139e-02 1.093725632431641892e-01 8.139610218443307788e-02 1.005018614042325481e-01 1.092364730913879811e-01 1.158085117061609381e-01 9.173585231468216195e-02 1.003874524749054642e-01 1.156554537876960248e-01
8.263447823279668203e-02 9.627807283765695001e-02 1.077247002904696965e-01 7.686816181027182615e-02 1.047484092014438622e-01 1.075436526946490501e-01 1.149809556895779739e-01 9.045084169491995896e-02 1.039527416855063058e-01 1.148179858627076805e-01
9.244292298929755736e-02 9.996403052668288713e-02 1.014935393336383745e-01 8.978950358086092154e-02 1.074526790894613920e-01 1.015858494304455600e-01 1.034877895423619437e-01 9.648504032439372824e-02 1.038481686479299781e-01 1.034504765349276573e-01
8.312473139164898439e-02 9.500001485006119573e-02 1.104853153431111928e-01 8.146376996721993446e-02 9.827234845783495987e-02 1.100992235777093764e-01 1.157667075325470724e-01 8.985670197518690061e-02 1.003924387460555095e-01 1.155387481586249016e-01
8.394535814272618968e-02 9.865461320323788696e-02 1.092424902098034084e-01 8.215072854177769834e-02 9.823244670847859628e-02 1.089232325495130271e-01 1.107756895020673149e-01 9.333495988990558878e-02 1.041655827849435612e-01 1.105748984675466728e-01
8.527058481222622721e-02 9.798403472074945775e-02 1.070162433325271972e-01 8.448689222646524333e-02 1.012316750485925676e-01 1.065894892312155701e-01 1.118163034971802750e-01 9.445733277726192645e-02 9.961896946977509548e-02 1.115284748840064399e-01
7.637609422751999444e-02 9.049647982390264522e-02 1.154686457214441075e-01 7.699381891332035543e-02 1.018116686231184953e-01 1.152309602731334953e-01 1.205432937870788979e-01 8.555396754789915126e-02 9.723705872391547045e-02 1.202880123586673733e-01
7.052715420543080593e-02 8.882321536934525974e-02 1.192730485857294576e-01 7.066864025735070109e-02 1.015706841915071934e-01 1.189799884769576627e-01 1.211004545077726952e-01 8.795983687496947145e-02 1.001862902748268946e-01 1.209106872561098722e-01
7.680840707235961351e-02 8.886173907510183656e-02 1.160050089722474004e-01 7.588722924378621393e-02 1.034019070323630163e-01 1.159121034597552780e-01 1.213702081707561664e-01 8.379917879074103015e-02 9.682448666804532866e-02 1.211297315148440745e-01
7.402839773664707246e-02 8.699703652347991201e-02 1.201095661338235920e-01 7.306514489871990259e-02 1.053798508553990543e-01 1.199782655884935878e-01 1.183472030653474893e-01 8.658386729991768282e-02 9.728566135455177233e-02 1.182250065436199343e-01
7.886727917289833301e-02 9.248853379047762557e-02 1.152181923533458219e-01 7.677896381638493750e-02 9.629118921468615699e-02 1.149678199614408008e-01 1.174286400222014359e-01 9.082087318899087491e-02 9.989031483819457713e-02 1.172481936413794501e-01
7.919335983859211725e-02 9.385609361562216590e-02 1.098454199685307692e-01 8.210442699505796083e-02 1.043870298863340540e-01 1.097348058341180710e-01 1.129667181009476190e-01 9.180582641188984871e-02 1.032737998384436473e-01 1.128325195104637330e-01
8.183593403492864238e-02 9.148113700413737504e-02 1.109303093677688618e-01 7.990099957081052418e-02 9.540274378304956782e-02 1.107639194046939751e-01 1.235213079647338452e-01 8.698727864967872869e-02 9.592290283842483389e-02 1.232534673817736876e-01
8.757810668406804111e-02 9.569865116551730388e-02 1.077247210210838246e-01 8.423390556048733491e-02 1.053143006928686648e-01 1.077702860970976007e-01 1.075517757064209101e-01 9.258665540431128271e-02 1.040619376359118442e-01 1.074796600322332069e-01
8.320226561731433601e-02 9.172135449840004839e-02 1.116945950499118184e-01 8.262961679087443834e-02 9.645943762828693147e-02 1.113050751047308246e-01 1.177410398185842477e-01 9.105194254136865506e-02 9.675960624673238253e-02 1.174350667037963453e-01
7.944567759229513582e-02 9.499872040687885877e-02 1.114188795450667263e-01 7.737701275787359223e-02 9.707934231586838603e-02 1.110227693274602467e-01 1.183994357570040262e-01 9.076513903416824625e-02 1.013680949792286762e-01 1.181249282841561193e-01
9.332643417791862406e-02 9.494953233851645413e-02 1.070869310520921325e-01 8.840469118033433826e-02 9.859488506330620072e-02 1.071328550452013834e-01 1.109415968590760221e-01 9.362896798714370750e-02 9.508543179292465453e-02 1.108486745034864690e-01
8.018868860795920483e-02 9.320260042326825034e-02 1.161205007379987608e-01 7.733262394370674087e-02 8.896987396125867475e-02 1.159948866626467623e-01 1.189234834829250853e-01 8.998205828048257138e-02 1.004868041152485597e-01 1.187984797845053064e-01
7.936648725240501301e-02 8.912547104990939384e-02 1.180002230277525793e-01 7.683708038766841331e-02 1.029439434297409750e-01 1.179621530166136412e-01 1.130345723878583702e-01 8.820118943920529642e-02 1.016375818877280901e-01 1.128912981211182415e-01
8.092513795507547125e-02 9.121024025500742982e-02 1.149081221599280167e-01 8.044906483371039307e-02 1.037761826300674373e-01 1.146144006534685761e-01 1.133182589562427151e-01 8.988522752981868702e-02 9.777779850011396323e-02 1.131355665265673521e-01
7.813149299704802431e-02 9.235271597863779769e-02 1.132526205919512918e-01 7.791220050743287440e-02 1.016225383337377719e-01 1.130063134667090574e-01 1.164691389854266845e-01 9.080427567021269464e-02 1.001422410296543553e-01 1.163064624391894203e-01
8.447450626138996999e-02 9.383753986308283890e-02 1.114073728464876067e-01 8.269536028651909565e-02 9.286517136176090925e-02 1.112238135196429306e-01 1.155432593171566574e-01 9.178083821002698539e-02 1.007476237965520133e-01 1.154245145373809234e-01
8.422974821626229291e-02 9.389076637119145308e-02 1.069886751015817067e-01 8.231567411453791228e-02 1.087695255659833077e-01 1.070080824049532836e-01 1.140095958835144335e-01 8.838388112222017590e-02 1.005295730188741493e-01 1.138744782008812850e-01
7.866011803473912933e-02 9.190826530462803401e-02 1.136951830726970064e-01 7.751480530590022788e-02 1.006758451386860070e-01 1.133053335840760456e-01 1.187194355974092452e-01 8.944460289622543914e-02 9.761286524451166791e-02 1.184635458211272252e-01
8.219886656356722998e-02 8.979582068565658548e-02 1.146539830683360461e-01 7.966140008982465492e-02 1.065600210923605268e-01 1.143972114690324504e-01 1.125768520276960033e-01 8.935468627638404326e-02 9.843866480212803971e-02 1.123624939250144339e-01
7.517539687176937047e-02 9.038552846292463583e-02 1.189592046098311567e-01 7.302374423079195653e-02 1.060901442565427427e-01 1.188178290773514584e-01 1.163174327384832035e-01 8.549371533728902794e-02 9.958827459432599560e-02 1.161487298206903968e-01
7.534724109636400935e-02 8.773253166822003735e-02 1.173766020880112892e-01 7.575118057471236233e-02 1.028443474032438298e-01 1.173214848403619365e-01 1.201004054007875216e-01 8.703245988329602612e-02 9.654124075045944497e-02 1.199525062945435427e-01
7.884916265288195725e-02 9.028061722315502968e-02 1.143161210369679770e-01 7.634255377767615314e-02 9.481913712565137597e-02 1.142979557846739713e-01 1.240463256687853871e-01 8.637839377383489670e-02 9.681691327827587901e-02 1.238528196780973867e-01
7.427413710698262117e-02 8.850980741455091727e-02 1.196958538178770626e-01 7.403691707089440910e-02 9.986991429746168436e-02 1.195801212917639855e-01 1.196862749022135353e-01 8.630031772689530922e-02 9.856255737172478493e-02 1.194840989996357045e-01
8.312658354920400561e-02 9.541053388239689736e-02 1.089050780180122191e-01 8.130272854329839705e-02 1.016564790146445157e-01 1.085334515361196656e-01 1.164613648515775424e-01 9.064381289131012709e-02 9.778479112621307756e-02 1.161751765872236081e-01
4.997724109517377028e-02 9.489557797515418835e-02 1.302446375733627149e-01 4.896783414918809418e-02 7.078403899019912460e-02 1.286611166747315405e-01 1.380643396148301671e-01 9.071086279560604260e-02 1.100595196925504560e-01 1.376348314392038807e-01
7.836047867635920205e-02 9.326533781346893481e-02 1.129912253383547061e-01 7.647948567863252500e-02 1.028161454382335166e-01 1.127553666139978344e-01 1.143665876896453881e-01 9.117657928611935803e-02 1.036109842986155383e-01 1.141778091665730244e-01
7.981840688635458148e-02 9.201316425821376432e-02 1.142127968995378939e-01 7.803461776965076035e-02 9.834038074529091733e-02 1.138157721450429039e-01 1.165097189353658247e-01 9.072261755594356047e-02 1.002609019444974658e-01 1.162716228601023416e-01
8.165861390139327047e-02 9.198197660874429804e-02 1.126565408208949348e-01 7.990525618425665944e-02 9.518510797382942479e-02 1.124795862547623843e-01 1.191716479825161434e-01 9.038513040441452373e-02 9.762321631001033562e-02 1.189529235591780532e-01
8.292287600100957390e-02 9.105299065312728868e-02 1.154981325948061938e-01 7.969678688693195012e-02 1.010583447062859408e-01 1.153844205313223070e-01 1.159322797032665692e-01 8.882035754821059059e-02 9.389707495269485060e-02 1.157367364223447631e-01
7.447237902591034853e-02 8.923371047477798856e-02 1.182377020912065424e-01 7.378927339546641206e-02 9.916318959581435499e-02 1.178588833165468974e-01 1.202449376975924661e-01 8.630039456439474177e-02 1.007102010114603319e-01 1.199893288268299718e-01
7.958477096055371902e-02 8.936685018619905385e-02 1.147839225354497228e-01 7.762556436010059624e-02 1.035770002022109448e-01 1.146457670770343468e-01 1.139971151376286129e-01 9.071121387883721021e-02 1.018594877587363640e-01 1.138483079032494572e-01
7.362587681200982725e-02 9.336556884558493141e-02 1.154850585632344745e-01 7.135693944126561550e-02 9.837886043204427389e-02 1.149162202166484348e-01 1.212402228821824052e-01 9.040146763882273007e-02 1.002894461221651712e-01 1.209403390460421640e-01
8.554196340163479351e-02 9.153002889404279752e-02 1.093460815014129922e-01 8.532036528372108353e-02 9.533644941471527967e-02 1.091579403235874574e-01 1.186481837784440357e-01 9.129934822649886372e-02 9.541351675395348675e-02 1.184061224219892378e-01
7.715332793654022803e-02 9.114772763164148695e-02 1.137748306390764380e-01 7.544132106659957870e-02 1.004760572440976385e-01 1.132359731797163427e-01 1.207384648927787990e-01 8.823841975034808771e-02 9.942430901091187101e-02 1.203695686482895572e-01
8.498017566991880600e-02 9.521889129184814282e-02 1.100011250817466285e-01 8.501610401107720372e-02 1.008279494744859783e-01 1.097792330374028763e-01 1.121840471790871152e-01 9.114314492839672988e-02 9.884681085658582333e-02 1.120025184694506820e-01
7.561899838516338013e-02 9.296275861656655426e-02 1.193963017679324917e-01 7.332031782984940738e-02 9.120720362390009883e-02 1.190854147866482193e-01 1.182353535006289147e-01 8.969411296981553983e-02 1.024403776700203300e-01 1.180391608494751193e-01
7.692181817138342426e-02 9.115925194093676964e-02 1.143387670944061019e-01 7.612411878746096205e-02 1.026421594598034837e-01 1.140539793123236112e-01 1.171790542606530039e-01 8.893786145432962253e-02 1.016448321299802948e-01 1.169981573887227400e-01
7.719112144463288749e-02 9.050825253159341943e-02 1.147839231738807253e-01 7.695313431377483193e-02 1.070828390538751812e-01 1.145108967736917227e-01 1.176353398535490147e-01 8.577160903544417403e-02 9.818665445230546907e-02 1.173762293672525880e-01
8.416172088634106541e-02 9.721322432648940581e-02 1.062169319611124679e-01 8.279344854213260829e-02 1.037061847554547472e-01 1.061444830303959336e-01 1.115587744809396348e-01 9.299799629611976703e-02 1.037824919396440476e-01 1.114247437813703501e-01
7.846374963121452439e-02 9.115192563206823972e-02 1.147822776083347318e-01 7.737151367745064012e-02 9.579530307228668884e-02 1.145200472485286836e-01 1.200713834554035797e-01 8.959234660723722210e-02 9.842499649223332425e-02 1.198264565752423516e-01
8.075311281982619493e-02 9.408934712144119417e-02 1.135420066416869406e-01 8.173632213492504350e-02 9.847495110236302585e-02 1.133665528043003023e-01 1.130782578620202483e-01 8.985836034859542854e-02 1.021814074750423962e-01 1.129196816897992256e-01
8.100274425032666370e-02 9.145958427532738244e-02 1.130996152305948910e-01 8.175708594147554353e-02 9.259960820939719395e-02 1.128471127991666212e-01 1.195550914804333481e-01 9.061772206433733878e-02 9.772762569622750473e-02 1.193338100527134710e-01
8.097092298210006867e-02 9.681655144025934356e-02 1.073026066747830159e-01 7.904373027335138968e-02 1.117490454022740248e-01 1.071808271333603568e-01 1.120164279410269942e-01 8.915320619769732946e-02 1.038960053074627493e-01 1.118706766476847275e-01
7.764603617386564571e-02 9.100001038225541405e-02 1.118874777648933144e-01 7.774525315925935598e-02 9.529877903241595893e-02 1.116926136284134147e-01 1.233615267542708810e-01 8.886882416116417827e-02 9.941955517627466821e-02 1.230799237671872104e-01
8.116566988258412663e-02 9.065418935935107281e-02 1.100867690152872724e-01 8.196073017583860310e-02 9.713671707982036996e-02 1.098730757875111957e-01 1.238376100524938017e-01 8.734024763175773920e-02 9.439592725870435408e-02 1.235490637566514782e-01
8.585945802209198063e-02 9.513372146801489515e-02 1.107270745921326432e-01 8.355201840599549290e-02 9.732306069655052849e-02 1.105174877920513804e-01 1.139753493048794725e-01 9.110736321576630437e-02 9.799131545517465736e-02 1.138131510473426589e-01
7.492290313862705331e-02 9.304419249757654720e-02 1.169353601209194571e-01 7.361224797101204032e-02 9.431894410569244269e-02 1.165788403147911267e-01 1.205318314980441535e-01 8.974988402266459442e-02 1.000029178907973770e-01 1.203028784398752077e-01
8.646051128169807143e-02 9.138012295431170717e-02 1.064284737572625678e-01 8.835857168353868085e-02 1.058572572936250789e-01 1.064281755790907336e-01 1.114853659761727983e-01 9.000206334740086522e-02 1.022266490550739065e-01 1.113728090718256042e-01
8.147769328385724708e-02 9.147026186799506187e-02 1.130099457631348336e-01 7.856797880183058469e-02 9.819347065895590865e-02 1.128873754556406900e-01 1.214973654049811558e-01 8.719279571030845444e-02 9.448405188161126955e-02 1.212190611716847666e-01
7.355281095486114473e-02 8.946851849967449311e-02 1.170015579330320882e-01 7.210951897698099355e-02 9.353885394124483721e-02 1.165221200828324144e-01 1.251921140099427343e-01 9.021402563915986716e-02 9.751645863429100891e-02 1.248840213279804184e-01
7.592648660472137156e-02 9.320628715288140076e-02 1.153437429385435892e-01 7.423194198552594825e-02 9.236063633964192165e-02 1.148550021296720625e-01 1.207958586490485708e-01 9.251794801054398498e-02 1.001742131125175073e-01 1.205878830769036431e-01
7.226841331895049458e-02 9.356222099750009791e-02 1.176422262215481018e-01 7.152975112588966233e-02 9.813448978976559156e-02 1.171392808809105790e-01 1.209159087681298261e-01 9.006463920041947457e-02 9.808736006451831968e-02 1.206557096323678940e-01
9.764701337056805319e-02 1.048946545033064975e-01 9.668194689939720032e-02 9.312494992409557637e-02 1.065282989326351570e-01 9.681360053016058176e-02 9.976513942455726702e-02 9.979826365566772661e-02 1.049324362204593769e-01 9.981369653915254936e-02
1.058885830352486873e-01 9.819336957819313483e-02 9.985085046179410784e-02 9.993763048799053639e-02 9.708261757695627048e-02 9.997898779887343101e-02 1.021402093661967769e-01 1.016984637148168752e-01 9.305452326712973510e-02 1.021747647128004310e-01
8.491679250080177987e-02 8.881385347480678927e-02 1.122380979507905108e-01 8.378818073574793857e-02 1.100135054704532850e-01 1.122941534623108084e-01 1.102114279537530772e-01 8.811404895150097560e-02 9.950008763892929931e-02 1.101098518609055360e-01
8.371926100979991403e-02 8.905867520057009212e-02 1.124823220511212279e-01 8.410209609929697461e-02 1.019846434027204957e-01 1.123585097403670546e-01 1.131357627011367190e-01 9.132933783791528926e-02 9.883592308679084448e-02 1.129934688702813189e-01
7.708309348843163378e-02 9.024250168315990639e-02 1.140682675241634497e-01 7.662334918870447598e-02 1.059027967918707708e-01 1.137733753603358822e-01 1.168772971400089539e-01 9.044599861866985113e-02 9.830624581617923574e-02 1.166770743884758543e-01
8.271420810091070774e-02 9.405645575392744540e-02 1.123623294195989497e-01 8.096277972804791223e-02 9.560949405931312706e-02 1.119088013869848769e-01 1.157096350344957586e-01 9.160227792492907362e-02 9.961291880701653167e-02 1.154610997847756726e-01
7.694574361608202961e-02 9.248275417501554407e-02 1.152995931838462496e-01 7.560175431011095792e-02 1.012561126105767095e-01 1.149260529028947736e-01 1.168221153357870828e-01 8.851427946759965470e-02 1.015509148018898800e-01 1.166006795961970904e-01
8.097320499576496355e-02 9.415037300713609281e-02 1.121658115939266204e-01 7.912011898575120605e-02 9.708309654948699130e-02 1.120429936281532868e-01 1.172129101534369333e-01 8.992268550658064075e-02 1.002484951416413583e-01 1.170803104381218790e-01
7.514428195269844124e-02 9.288125666925703405e-02 1.146084294983474722e-01 7.388961636490347373e-02 9.207050316951007063e-02 1.141124946308013227e-01 1.231438336448537341e-01 9.021907844224839879e-02 1.010994045823880028e-01 1.228311010449920360e-01
7.908948709740919181e-02 9.004650272201913941e-02 1.202832810446075040e-01 7.692606161245123253e-02 1.029364914921411106e-01 1.202145303441271157e-01 1.118615061752817885e-01 8.865467519670723606e-02 9.823176423067038476e-02 1.117557000845852966e-01
8.224357228676215659e-02 9.387206558131727663e-02 1.091051354640609344e-01 8.061390669926749020e-02 1.044432664694023571e-01 1.089914389483407214e-01 1.136614110899514113e-01 9.093520623494723287e-02 1.025663012320234269e-01 1.135676959939270203e-01
7.723213589033019189e-02 9.264749170987116034e-02 1.154502177384191669e-01 7.530298393315221217e-02 9.393108517188326900e-02 1.150353045520176726e-01 1.208775935899596282e-01 8.928583253683267107e-02 9.960966005057084183e-02 1.206276948269631721e-01
8.044188364485152509e-02 9.530814685385302631e-02 1.108045915522198610e-01 7.845272935135434722e-02 9.906486989102193663e-02 1.104004788676636317e-01 1.178859857079669338e-01 8.997926242010904907e-02 1.000647927448917868e-01 1.175972589660678885e-01
7.783506204275925100e-02 9.264276946762277365e-02 1.132855727991138872e-01 7.595050732603915444e-02 9.633710849655617581e-02 1.129837483034946133e-01 1.225472714300330918e-01 8.852748923840059181e-02 9.763374901150903562e-02 1.222567218844713838e-01
7.901089828335787490e-02 8.638999631991114980e-02 1.152474009871810867e-01 8.073267831191094368e-02 9.291514675611112217e-02 1.152805555644089847e-01 1.248499006309269771e-01 8.685565305067295683e-02 9.408501462489776701e-02 1.246327554706211094e-01
8.184030915426883379e-02 9.184236229396276763e-02 1.131636565407160705e-01 8.077349259027501172e-02 1.023069385630221290e-01 1.130793470435112608e-01 1.164215119250821828e-01 8.760082559468332364e-02 9.672864039849156381e-02 1.162429158959868564e-01
7.397619689060447312e-02 8.821837909077601125e-02 1.160703229038973910e-01 7.344757383089481340e-02 1.008513993206250764e-01 1.157375903928894445e-01 1.243820852323970078e-01 8.759659374726930237e-02 9.563630382165531907e-02 1.240835547689911195e-01
8.181012941042922759e-02 9.554180695888320196e-02 1.131393291384370642e-01 7.951710938083161873e-02 9.212826568729388932e-02 1.126589355242053059e-01 1.145830850383714045e-01 9.481455943993208346e-02 1.014752806413517366e-01 1.143314987802645094e-01
7.241755284707546148e-02 9.162090162957324535e-02 1.206112704416057169e-01 7.098125821782694245e-02 9.548370356314271612e-02 1.201918234679608677e-01 1.220948606578880768e-01 8.753389487643070677e-02 9.719815569771586561e-02 1.218665786007803453e-01
8.693942211833764755e-02 9.606239644326400318e-02 1.088473155442373913e-01 8.598107891621771526e-02 9.216387876210543895e-02 1.085846239917489103e-01 1.140492756707374156e-01 9.322693667680780061e-02 1.002579470255609145e-01 1.138871248509827488e-01
8.439226765399365782e-02 9.484950248035897702e-02 1.107118659442400815e-01 8.280901099938293985e-02 9.979368553468696834e-02 1.104496035481151855e-01 1.107754406795679325e-01 9.467185979534838147e-02 1.009217159165634314e-01 1.106250474477424445e-01
7.543934216920762659e-02 8.630092268732120209e-02 1.150119849865669924e-01 7.667697858704834724e-02 1.028505021716943357e-01 1.149248509833484810e-01 1.257232608554220699e-01 8.410762147566795688e-02 9.351291703634717623e-02 1.254516190473758119e-01
9.225848651423473878e-02 9.529779918942474226e-02 1.069921950346337247e-01 8.892530452500867211e-02 9.531990495417547171e-02 1.069539912770707257e-01 1.126063514204274779e-01 9.401065720734021192e-02 9.519429544841283286e-02 1.124410144292714020e-01
8.721405620607446119e-02 9.294841685307417278e-02 1.143759254279463622e-01 8.433446822513887553e-02 9.287383352163974815e-02 1.141269335343684521e-01 1.091859419210127469e-01 9.555806460547565384e-02 1.003352827822658194e-01 1.090470769230037079e-01
7.849058402509084820e-02 9.389317929844552546e-02 1.104686539143117097e-01 7.648844951804500969e-02 1.034175381143359329e-01 1.102220181263583038e-01 1.176210202881792788e-01 8.953066544603421884e-02 1.024677113073172857e-01 1.174001799618819147e-01
8.471735908388676461e-02 9.111029220639391135e-02 1.112888536973417608e-01 8.355985282987907214e-02 9.743994559063391681e-02 1.113672244811679118e-01 1.153410864275687536e-01 9.172476494742488884e-02 9.817230527401006601e-02 1.152783154616929540e-01
7.457510731772754031e-02 8.870819022858730807e-02 1.165823402604911629e-01 7.306194095185428172e-02 1.073974376511947076e-01 1.164579236695836989e-01 1.192513890115286107e-01 8.746795028665119154e-02 9.746696916992710069e-02 1.190307514524544252e-01
7.665374379451433962e-02 9.060852347375936144e-02 1.149594325106763348e-01 7.470080781739377174e-02 1.004305783633863552e-01 1.146070467153918887e-01 1.198330221691810971e-01 8.763833650982966184e-02 1.010081508588650534e-01 1.195603577870021778e-01
8.983455703315555707e-02 9.358278662809058068e-02 1.092321291133096922e-01 8.672219274696435498e-02 1.060322392238794570e-01 1.091824501291141225e-01 1.078861761061657848e-01 9.300637709658626795e-02 9.675752120627352515e-02 1.077635707164606577e-01
8.913504747117528826e-02 9.939515449414013104e-02 1.069393826337212694e-01 8.440794602046083894e-02 9.911116855707048645e-02 1.071104206300503986e-01 1.084084924286640300e-01 9.167443538047721774e-02 1.054419412256027699e-01 1.083760111586375974e-01
8.452615680411715293e-02 9.103421209722620255e-02 1.142487543704957531e-01 8.395657458224330127e-02 9.286001234140273120e-02 1.141311246119546541e-01 1.128031270226607791e-01 9.373012293683527507e-02 1.000159404812858838e-01 1.126939747517782531e-01
7.854674136954890862e-02 9.730528013464594117e-02 1.093586184962149904e-01 7.742639764628345134e-02 1.043789789817277935e-01 1.090811620097077855e-01 1.168237388651531122e-01 8.997264762000453664e-02 1.005041614553525281e-01 1.166022734213609524e-01
7.906674584203993161e-02 9.039354129677966421e-02 1.160746817710225920e-01 7.780751588543229069e-02 9.729425299156348184e-02 1.157812895939474424e-01 1.183046087834147275e-01 8.868348012954233028e-02 9.855902719253097077e-02 1.180348565137265826e-01
7.513723890238226122e-02 9.387089822186940602e-02 1.154098496890233472e-01 7.347772097829231852e-02 1.042268641416141395e-01 1.148267756171712922e-01 1.153409513025248911e-01 9.252414253451327064e-02 1.001378938064783342e-01 1.150476648061306978e-01
8.196090684772414092e-02 9.435380229240629413e-02 1.109900355786173215e-01 8.086243328674186381e-02 9.524315916750378253e-02 1.106945989106380979e-01 1.166048295804559681e-01 9.221549592549560526e-02 1.006591773584369076e-01 1.164155610519799627e-01
7.937097458306585640e-02 9.020484570914477640e-02 1.187946868423462171e-01 7.753178308698138732e-02 9.185508185278615234e-02 1.184745621859362164e-01 1.160201869011351361e-01 9.119842789486710954e-02 1.007448938505642183e-01 1.158045570931729162e-01
8.370899446281436507e-02 9.244685405714037074e-02 1.134298796113196589e-01 8.142352235710000052e-02 1.008575579177086456e-01 1.132221177337237733e-01 1.124918615344535494e-01 9.011082812272543097e-02 1.000242047187745731e-01 1.122841794842396740e-01
8.433101826805650125e-02 9.203556590838039841e-02 1.088275607731143541e-01 8.452331227278057912e-02 9.678930529155196916e-02 1.085105117887732035e-01 1.160039390779911417e-01 9.183359895942180828e-02 1.013528574372442176e-01 1.157923302226857853e-01
7.973938526934896964e-02 9.239753540634600137e-02 1.119149969522690580e-01 8.012744599112957278e-02 9.657127663199358003e-02 1.116162577485726864e-01 1.170885323411431506e-01 9.323282318199307972e-02 1.003875607817199256e-01 1.169241856954839481e-01
8.624710073013423794e-02 9.201283988164164762e-02 1.100154377417149054e-01 8.398851912117050178e-02 9.273832290209105267e-02 1.100450992146063955e-01 1.182050012337483441e-01 9.142923566446942152e-02 9.721735542526468987e-02 1.181010880851588174e-01
8.258907102193407956e-02 9.232941762056401380e-02 1.145977123334951386e-01 7.980642853918400170e-02 9.056860792916532343e-02 1.144997312309202070e-01 1.172701363501876537e-01 9.155014881897136081e-02 9.961431761597805412e-02 1.171744285396002089e-01
8.292700646531575570e-02 8.935354300977224606e-02 1.165508723234501276e-01 8.151042213380239876e-02 9.958253092444706300e-02 1.163599281455944545e-01 1.156375524162865237e-01 8.838517532504337748e-02 9.426452429852308357e-02 1.154284449577649557e-01
7.940018826762283710e-02 8.832731122460836526e-02 1.146448255681049577e-01 7.857539062497877203e-02 1.131000324812625191e-01 1.145654838317783225e-01 1.153338175521628761e-01 8.509926320389925303e-02 9.581200508354488499e-02 1.151416821620371567e-01
7.993259286415282938e-02 9.513736345165224595e-02 1.111222379405188282e-01 7.989214948639532243e-02 9.615531453547343510e-02 1.109950441164452434e-01 1.153449053747766101e-01 9.345289370648686422e-02 1.027300835601549223e-01 1.152374149639437129e-01
7.682829666075573216e-02 8.919279243637297239e-02 1.186637483525256886e-01 7.607225940852886670e-02 9.513150671856933360e-02 1.185221922251229604e-01 1.202859217810179349e-01 8.797710131312511117e-02 9.718002594678049055e-02 1.201461551572009651e-01
8.100425270555160207e-02 9.294065685084194894e-02 1.119744302691319665e-01 7.814048141366629341e-02 1.024072400833198615e-01 1.116565315629070437e-01 1.162678803148750606e-01 9.001441629017481461e-02 9.951150777138233205e-02 1.160826027381491182e-01
8.073168674822449320e-02 9.003905171475212743e-02 1.183285525939435784e-01 7.977183510717349157e-02 9.978297833980949438e-02 1.182622653564110310e-01 1.116055694883821142e-01 9.001910385984750185e-02 9.992032936226408202e-02 1.115386274291920998e-01
7.452737356035012140e-02 9.510409628989212327e-02 1.162807878574429882e-01 7.321173393891028391e-02 9.025031232044106178e-02 1.156829508861170058e-01 1.200371330045663099e-01 9.192410917494790723e-02 1.032379689310133075e-01 1.197435340363189604e-01
7.564968644820994903e-02 8.989568045592316592e-02 1.193466812963807772e-01 7.470607202812226677e-02 9.335035724189726103e-02 1.192142731927606503e-01 1.204686291924671609e-01 8.893623187496510485e-02 9.809034166275094890e-02 1.203420466065227151e-01
8.220724089964644155e-02 9.168787678252128537e-02 1.098747362780589099e-01 8.326685399368753682e-02 1.014775258505704048e-01 1.098223489919735590e-01 1.196542055472342297e-01 8.765646839555712999e-02 9.492195135982023357e-02 1.194307919009302693e-01
8.069276655734212989e-02 9.373927752793254076e-02 1.138877713697222793e-01 8.010106455997159647e-02 9.729629285963146967e-02 1.135474983217026890e-01 1.133187096990360271e-01 9.290702447504792238e-02 1.013961844820505248e-01 1.131134101475628345e-01
7.809879931490000537e-02 9.171975092974529731e-02 1.126093529967934076e-01 7.700304100888495651e-02 1.063250413976652431e-01 1.123636163620053002e-01 1.192361067349115983e-01 8.847331149396152339e-02 9.516853587381443602e-02 1.190024438873182322e-01
1.002339179579281037e-01 9.691589520919720313e-02 1.043763499039748327e-01 9.379073434859744318e-02 9.318242430595309600e-02 1.043828238011332704e-01 1.085084485851965791e-01 9.620357199117222924e-02 9.398797004182785075e-02 1.084178638550193363e-01
7.935670818509256430e-02 9.283069326622590822e-02 1.162653634550644827e-01 7.576680662854574921e-02 1.017197717478558333e-01 1.161008857853388782e-01 1.136661925695621883e-01 9.040577657719454929e-02 1.004090742186616175e-01 1.134787275664582151e-01
