9.347064341281956235e-02 1.020623786929962112e-01 9.311872943134212599e-02 1.178678650972155711e-01 8.077238345325177260e-02 9.325416225109020574e-02 1.119918960770058258e-01 9.386472260512085386e-02 1.196776414128044724e-01 9.391957756635342658e-02
9.353337546342012365e-02 9.977985709439461670e-02 9.352768274842759855e-02 1.127899849859775039e-01 8.166527597120001869e-02 9.353604123861422592e-02 1.162728559943368434e-01 9.276138126986217813e-02 1.233015023619460360e-01 9.283204287182086900e-02
9.330289677823926098e-02 1.009443851889998828e-01 9.316887768531317837e-02 1.102534260393826654e-01 8.975119505640614948e-02 9.322435296304100449e-02 1.103689470624430874e-01 9.507690453192640945e-02 1.187789297843854508e-01 9.513008490986289700e-02
9.145199059363548488e-02 1.020513950594995889e-01 9.121722909213464403e-02 1.194259613471836540e-01 7.693499583872022429e-02 9.130960998655437977e-02 1.267457275859067978e-01 9.062714848223867026e-02 1.195336106944564908e-01 9.070233131967006535e-02
9.248737726997427466e-02 9.898844478386363555e-02 9.238095442835862758e-02 1.141572891679427382e-01 8.147742878857316962e-02 9.242619598121361302e-02 1.203351259852852156e-01 9.105684257992513464e-02 1.256054927273564381e-01 9.108484828750716689e-02
9.545899453031400639e-02 9.732841983090537163e-02 9.537364302910578129e-02 1.067417866949989941e-01 8.702168355865760874e-02 9.541121901551323503e-02 1.197325089123441322e-01 9.325960476363968910e-02 1.164464923790241996e-01 9.322564728549696811e-02
9.141019150658900860e-02 1.027342653869508515e-01 9.101097021345629090e-02 1.151435013750361780e-01 8.634043785478308364e-02 9.116356799158044366e-02 1.168041604701709479e-01 9.122876061173150475e-02 1.228939852252647763e-01 9.127015936443688693e-02
9.308676533553042476e-02 9.825333422338151934e-02 9.291928819748306034e-02 1.136990937341398056e-01 8.465512060621301071e-02 9.298706109825898014e-02 1.256907349155714504e-01 9.013356274522069111e-02 1.183798652055039341e-01 9.019517393869708188e-02
9.453425568424914105e-02 1.008900346955806382e-01 9.425970205942629798e-02 1.125411711478513099e-01 8.755413295721335698e-02 9.436687459020820512e-02 1.098620694906810025e-01 9.409468911736357244e-02 1.177329343567686676e-01 9.416413590065780825e-02
9.340546721385191431e-02 1.023727545073570416e-01 9.335798267002136386e-02 1.165545658235979110e-01 7.805085621354261594e-02 9.338170154492636543e-02 1.171408732836751593e-01 9.185618626523935071e-02 1.219536379208428362e-01 9.192597455694541397e-02
9.139931107025864310e-02 9.998191119520132009e-02 9.142103449500531276e-02 1.115765528382024474e-01 8.478751752562950494e-02 9.141915405558351249e-02 1.265416436761648000e-01 8.892987992706045952e-02 1.249514342789905391e-01 8.899156093790344668e-02
8.994984818356477341e-02 1.012840158481958658e-01 8.980051279493828087e-02 1.225331176594389587e-01 7.823723836512702645e-02 8.986146450311557898e-02 1.201515853962813740e-01 9.133852659839594712e-02 1.254118986721188544e-01 9.143179197882332632e-02
9.217939621655331373e-02 1.007520882730098544e-01 9.177311665113509209e-02 1.219574441756152844e-01 8.669794483958868925e-02 9.192831049892492834e-02 1.192483937314622044e-01 8.932324320458845390e-02 1.167990938412180602e-01 8.934096856790410546e-02
8.820585479836021148e-02 9.911254352861079142e-02 8.807425988569356212e-02 1.234492997176025592e-01 7.704536257246605291e-02 8.812856087045491116e-02 1.370264017248117860e-01 8.753985956868266805e-02 1.237989661607936109e-01 8.761889117252386061e-02
9.000147284686475790e-02 9.985909928347277975e-02 8.977764585811490172e-02 1.189052067625099435e-01 8.121688048896762158e-02 8.986588783801892355e-02 1.297162987767927489e-01 8.890264283789608979e-02 1.227935041293476831e-01 8.896136117801459187e-02
9.001241312324406718e-02 9.953981571374037607e-02 8.995166793792001847e-02 1.169844410184511935e-01 8.160651680979554012e-02 8.998000658667452967e-02 1.241145055549472548e-01 9.116292127864866757e-02 1.254296037170145039e-01 9.121810825956384872e-02
9.311254765674073508e-02 1.000722676793423666e-01 9.314400149226893799e-02 1.160132795652918658e-01 8.423419206055965391e-02 9.313866983251795073e-02 1.175403002119136536e-01 9.213794958223435472e-02 1.183965002860957044e-01 9.221029163303484655e-02
9.497051176372399428e-02 1.027478684660474567e-01 9.472603934752958643e-02 1.112281426231828269e-01 8.214889859719216869e-02 9.482228068940770638e-02 1.106153617781248794e-01 9.550164589024119632e-02 1.176262666064816637e-01 9.561298423806847968e-02
9.335203483636722588e-02 1.046527559039575339e-01 9.303371523392939269e-02 1.195867025980915654e-01 7.695992433628486007e-02 9.315689154043244047e-02 1.094117701415740218e-01 9.152984699182470374e-02 1.266998725093542999e-01 9.161648590818396998e-02
9.236034591734634813e-02 1.010552641160653714e-01 9.207976545851660755e-02 1.181060982923718139e-01 7.982090328187493866e-02 9.218898033022319971e-02 1.262878223842033854e-01 8.846963523558494524e-02 1.211073808456537143e-01 8.852380413815963411e-02
9.273889476957135336e-02 1.009469910238584012e-01 9.258748629264630658e-02 1.165001814227638877e-01 8.151971838963396888e-02 9.264932293643643457e-02 1.159544980859703728e-01 9.055787235920417788e-02 1.259313440476450274e-01 9.061369067227004193e-02
9.324566838611894615e-02 1.005043177873362059e-01 9.328694224901523668e-02 1.108956840854051773e-01 8.544249950843423036e-02 9.327802452351911799e-02 1.205642918940270786e-01 9.234927185764746360e-02 1.180014906356451343e-01 9.243180907285140913e-02
9.187162258060151132e-02 9.815628435087726811e-02 9.180700841884879837e-02 1.141387578008957460e-01 8.642762899147762856e-02 9.183689070139872124e-02 1.201184728414537856e-01 9.265505147463438951e-02 1.202787693158927085e-01 9.270951352391947065e-02
9.173569336015742481e-02 9.764167228903038176e-02 9.156011641984890259e-02 1.151850817533188465e-01 8.079584072756272606e-02 9.163078497212354123e-02 1.331578551531883703e-01 8.887828238820914828e-02 1.204689270868376932e-01 8.894574584972296527e-02
9.292263403172947023e-02 9.966379227026653242e-02 9.267931461329778631e-02 1.187868984576413989e-01 8.323428705640859016e-02 9.277485266818276399e-02 1.115484853791707254e-01 9.279886282467217362e-02 1.227597492847875699e-01 9.283112341384297528e-02
8.395524024741780889e-02 9.381744738409299178e-02 8.361312044578508851e-02 1.119013250821645211e-01 6.850270442394409964e-02 8.374436286005951247e-02 1.893582591703567297e-01 8.461631536591372738e-02 1.157925861852584920e-01 8.469863883500708401e-02
9.421440303642687752e-02 1.008539857595418948e-01 9.408843831430430127e-02 1.136773643556291818e-01 8.656236369998018820e-02 9.414103888943432807e-02 1.078682607815820704e-01 9.510889104689065898e-02 1.183108491556837810e-01 9.517440496052671783e-02
9.270999389723380557e-02 1.044631234879923598e-01 9.252714169330603089e-02 1.120028956744175547e-01 8.594267868084728978e-02 9.260045135569063002e-02 1.157094826174698554e-01 9.336436252771614097e-02 1.172955338868696407e-01 9.338433617845667833e-02
9.207528327737772578e-02 1.018979778480572085e-01 9.199641282613270354e-02 1.156996537704013950e-01 8.350811281427142352e-02 9.203155355668823923e-02 1.195386483583053272e-01 9.097049663605207004e-02 1.212560019013625284e-01 9.102585901135133717e-02
9.151766772492146707e-02 1.003314078986056596e-01 9.130982812546616090e-02 1.132247663445875296e-01 8.860223761013283350e-02 9.139229708608448410e-02 1.228483236656809918e-01 9.247633555481965528e-02 1.157638930816678458e-01 9.253324290803338625e-02
9.136594002753350985e-02 1.028992860188261554e-01 9.116663871106285566e-02 1.174318231231249315e-01 7.869702798490038620e-02 9.124594649031184113e-02 1.183096099179780231e-01 9.135591308574816938e-02 1.261254080725764948e-01 9.140240656793757745e-02
9.198942943499485714e-02 1.016720258889883821e-01 9.199443215658500983e-02 1.174815052434855372e-01 8.343771565537815016e-02 9.199876899603742775e-02 1.163479597968695434e-01 9.233117299066184724e-02 1.203362046166832483e-01 9.241078522031594134e-02
9.335637808091093448e-02 1.014284089846848036e-01 9.337358026487793672e-02 1.198255700360888326e-01 7.758812117207382342e-02 9.337351187177746203e-02 1.183154098993104836e-01 9.061821018590787702e-02 1.214306944489144668e-01 9.069011505545343521e-02
9.294100485552420077e-02 1.054468015817687232e-01 9.283420431044987764e-02 1.036114321603031213e-01 9.847842785970251089e-02 9.287961709895362072e-02 1.036937344007313050e-01 1.024743210581957470e-01 1.051307086153898812e-01 1.025097480589810123e-01
9.604109552169794173e-02 9.781102972890060032e-02 9.588776367704597570e-02 1.088501501348924927e-01 8.510610604179492944e-02 9.595042688740740289e-02 1.172163096244556585e-01 9.352361389858598884e-02 1.160852688197443472e-01 9.352823566547467660e-02
8.698213672246017658e-02 1.010417829724341438e-01 8.672213196713239591e-02 1.191306537883894817e-01 8.340053302961171477e-02 8.682342483499400076e-02 1.391685659285061549e-01 8.673503096196016893e-02 1.232108045142189801e-01 8.678493528029272708e-02
8.907070817516103689e-02 1.013376440450566851e-01 8.868913949574031008e-02 1.219740193693277935e-01 7.464814147546296186e-02 8.883513037571191817e-02 1.315884429336338091e-01 9.158144712943759591e-02 1.206392150410577901e-01 9.163611195941014087e-02
9.285912198031530396e-02 1.019778706472733443e-01 9.264848068671500958e-02 1.173413758620849151e-01 8.024804331721284434e-02 9.273207632695305846e-02 1.108717378898869954e-01 9.269410303200817380e-02 1.258723077084060726e-01 9.275488254914422692e-02
8.945227217163695399e-02 9.652578431259037361e-02 8.918591159437400107e-02 1.188465312232244442e-01 7.801715896063581013e-02 8.928967056748561559e-02 1.333136224672411274e-01 8.830139127979631797e-02 1.287336189734756831e-01 8.833403844953967299e-02
9.001566938994487455e-02 9.904391014686961259e-02 8.986611638503759492e-02 1.219407128179354344e-01 7.657388410584711758e-02 8.992704992090105875e-02 1.312578267965795187e-01 8.772662606028994170e-02 1.258877171811652040e-01 8.776048719542965670e-02
9.241003236451965364e-02 1.000580463241132617e-01 9.227634189065514470e-02 1.148364841584378071e-01 8.058373826688902675e-02 9.233164992419150285e-02 1.231948618450630500e-01 8.994592505339180089e-02 1.243612249391877894e-01 9.000169523355099066e-02
9.226087320331374797e-02 1.012058257605749634e-01 9.225331832414755684e-02 1.173415857356317760e-01 7.900587283675863937e-02 9.226224904718927089e-02 1.244414970958170885e-01 9.101921366483406439e-02 1.191358308619398093e-01 9.107373346979305562e-02
9.296870161488013373e-02 1.018275435226609488e-01 9.262295908334045036e-02 1.172883677058863122e-01 7.748194485744580584e-02 9.275607835160955272e-02 1.173770874532489572e-01 9.057806001973731092e-02 1.264782667461696597e-01 9.062099064502086854e-02
9.165076467644653335e-02 1.020685960113151824e-01 9.153645099631677051e-02 1.175411171679507510e-01 8.094415052050073223e-02 9.158464376237655802e-02 1.197781294460731477e-01 9.156993029937424144e-02 1.216694712714543603e-01 9.165674584819168136e-02
9.145675251399920658e-02 1.043534789709827104e-01 9.125147958736595788e-02 1.163140257926619792e-01 8.371531596034401113e-02 9.133300442772185335e-02 1.151711157378239730e-01 9.433875226062803099e-02 1.176673783076051111e-01 9.439869644086720801e-02
9.188396529253023415e-02 1.045335926475623456e-01 9.159586159165544750e-02 1.137142220760001682e-01 8.691751165176998806e-02 9.170773149739273877e-02 1.148362290121320156e-01 9.257398388833884550e-02 1.196435397778037313e-01 9.259336256481442984e-02
9.082939239560831879e-02 1.013624100906885817e-01 9.036683983120963326e-02 1.229651971070547523e-01 7.637858911819601915e-02 9.054258089456029834e-02 1.218116113399866224e-01 9.256525633574277934e-02 1.205704423883032228e-01 9.260768049864978591e-02
8.988292185690267833e-02 1.031188316168865360e-01 8.961643267692585846e-02 1.229807741847520064e-01 8.067718576609987646e-02 8.972030248677365094e-02 1.142731367573133899e-01 9.234880391641923925e-02 1.249782143018873387e-01 9.240339643603939779e-02
9.314118800972717716e-02 1.018822213789009057e-01 9.297973206552009873e-02 1.110227969074893684e-01 8.524141743167164276e-02 9.304523892141558505e-02 1.179550419387050408e-01 9.330954451938756888e-02 1.180801500310990904e-01 9.334266879608348055e-02
9.162454425544860892e-02 1.052524357806068206e-01 9.144197038291992929e-02 1.090857861382444477e-01 8.933812003221856812e-02 9.151514711666508539e-02 1.176765894551663472e-01 9.350098085599399533e-02 1.170198985064483943e-01 9.354452747628783094e-02
9.741322134226193530e-02 1.048749339707255590e-01 9.748306978587858995e-02 1.025221081604125450e-01 9.512389951231502161e-02 9.746371972463538369e-02 1.082204359757392292e-01 9.617793940472496583e-02 1.045606943396907851e-01 9.615997778361599913e-02
9.239404213335231097e-02 1.032030049021074869e-01 9.220708039649541665e-02 1.135866252812005872e-01 8.385868833215386065e-02 9.228199313211875310e-02 1.166922192103813510e-01 9.287846884119353719e-02 1.199362627168646389e-01 9.296161505413201576e-02
9.509594110246875898e-02 1.061909862781793418e-01 9.510275308237112202e-02 1.113902079561082392e-01 8.554280868662504644e-02 9.510661950253790353e-02 1.066928006566185000e-01 9.554019746065084417e-02 1.137224116742296676e-01 9.561527360021059019e-02
9.571398713515680279e-02 1.011056832709766456e-01 9.591911639454325789e-02 1.086409265272583607e-01 8.583649663098436022e-02 9.585004390218720971e-02 1.160338131635633846e-01 9.308627146076592362e-02 1.146288438938144749e-01 9.318481762074959374e-02
8.774839226906364087e-02 9.968245041371151527e-02 8.756079787570156259e-02 1.184226099892387307e-01 8.315527185231506857e-02 8.763556836149588580e-02 1.306873950959771546e-01 9.026640471009332589e-02 1.245260102205207331e-01 9.031509921188242418e-02
8.937840372729549676e-02 1.016748979039611839e-01 8.901338005814979359e-02 1.210669327038037951e-01 7.948247158626517428e-02 8.915333547634148037e-02 1.250932034425688288e-01 9.072340267723326412e-02 1.236350381334610643e-01 9.077893429091996036e-02
8.662331452968452528e-02 1.000256615500939167e-01 8.644376490289104598e-02 1.199136202267359480e-01 8.300904669405669012e-02 8.651546118614439340e-02 1.356720149237816697e-01 8.777527544843252705e-02 1.262248924405827422e-01 8.779694809759644447e-02
8.850139313607137403e-02 9.927680209001486789e-02 8.809326843808185092e-02 1.226046878100306020e-01 8.273773349918292497e-02 8.824889604010695277e-02 1.322512452378200032e-01 8.852695149197324642e-02 1.212061583591502595e-01 8.855286389756791832e-02
9.292103193997890143e-02 1.021405302910303597e-01 9.269618654311685690e-02 1.178388155223047684e-01 7.986272372914536566e-02 9.278498337764025383e-02 1.156479117983000848e-01 9.264467874464420161e-02 1.207661703304961226e-01 9.269696772334311274e-02
9.259628468928000899e-02 1.041309202649839671e-01 9.246816545628401551e-02 1.107855232904492726e-01 8.627857609914960091e-02 9.252138296757453362e-02 1.154611204925698464e-01 9.567895757882249885e-02 1.143708978779052060e-01 9.570817128298106380e-02
9.027314237011264952e-02 9.951302993392986684e-02 9.012875080492079027e-02 1.151250741157535534e-01 8.071030988466786071e-02 9.018780924801600429e-02 1.278471331664798594e-01 8.852695698309230588e-02 1.291248418198040482e-01 8.856295167322300599e-02
9.447911585963454650e-02 1.061713084020450559e-01 9.442616317510947599e-02 1.099485131024733331e-01 8.916134385079906022e-02 9.445182206998861685e-02 1.112485990252407159e-01 9.509734535525526944e-02 1.099231401477962361e-01 9.509264901165769002e-02
9.295132670886492587e-02 9.885618597050689627e-02 9.299087330476818458e-02 1.141513533231963695e-01 8.202991596828626553e-02 9.298257292974476673e-02 1.204576069675037386e-01 9.200461772763035562e-02 1.214879307959791932e-01 9.208761630351933181e-02
9.185891625049612264e-02 1.026094463263985401e-01 9.176567902000885846e-02 1.128026441817357728e-01 8.567919865646932143e-02 9.180613600897433169e-02 1.148252236739182169e-01 9.381741448714370213e-02 1.209310198342600506e-01 9.390432156059505542e-02
9.715395891164393949e-02 9.865572235657520117e-02 9.712323926398123974e-02 1.111489806647962680e-01 8.411937985120576666e-02 9.714089805255554655e-02 1.199239775414568804e-01 8.968174776669834980e-02 1.153749404667073486e-01 8.967715512437944569e-02
9.252538827516013087e-02 1.031942756850005860e-01 9.217836237639348562e-02 1.192733064708773050e-01 8.340039629818080114e-02 9.231189012346752154e-02 1.070576988352745368e-01 9.372703310606533833e-02 1.225764151562025728e-01 9.375523367337769420e-02
8.986709800689028638e-02 1.035174549444223824e-01 8.974457634803005568e-02 1.202586302475657509e-01 8.679028017365335301e-02 8.979553001426555936e-02 1.170038039396763818e-01 9.370657353023391367e-02 1.155959294839214863e-01 9.372012331134085827e-02
9.137996202972842319e-02 9.937391476920337530e-02 9.120971172024965046e-02 1.168144645149126470e-01 8.667845479251962137e-02 9.127838100813012723e-02 1.232050163406698123e-01 9.206049129529773889e-02 1.158782672607581582e-01 9.212133626853041823e-02
9.232000174251045466e-02 1.017385074594195499e-01 9.206154469691607556e-02 1.150724999682962157e-01 8.320487985871583003e-02 9.216263221554717167e-02 1.204989905957491586e-01 9.196837125916003386e-02 1.189522224972152792e-01 9.202034970647025858e-02
9.427734903354437201e-02 1.033828007134595800e-01 9.396666204252936139e-02 1.143265910774346472e-01 8.370449590955901520e-02 9.408701483165324286e-02 1.087766278947471105e-01 9.420872138284269726e-02 1.190195290305759712e-01 9.425020808365398850e-02
9.042582490606417001e-02 1.028083904509126262e-01 9.030999398991541860e-02 1.094560847684268728e-01 9.170623643008192494e-02 9.035850526383884529e-02 1.271979074491926265e-01 9.036200861221020675e-02 1.170119992321567437e-01 9.036304889720052358e-02
9.131204131139865343e-02 9.962987165467832029e-02 9.113532639279806058e-02 1.160637343342961064e-01 8.057729793973825161e-02 9.120639928912542549e-02 1.258957616127090173e-01 9.095550705231866817e-02 1.221900832313891766e-01 9.103397718154827845e-02
9.077134058031643971e-02 1.000291997933120958e-01 9.074268073601265971e-02 1.165612659478151431e-01 8.522280557837678960e-02 9.075927215935450376e-02 1.250763428008626610e-01 9.279079467328962827e-02 1.151996964981594762e-01 9.284660123250060293e-02
8.766640490070048974e-02 1.020228281967006378e-01 8.740615648504382329e-02 1.219267925291539628e-01 8.363883481619868721e-02 8.750754491889160824e-02 1.280239482401926143e-01 9.100650414649169573e-02 1.197641695737404754e-01 9.103681619288601923e-02
8.879591980275038099e-02 9.837562055189329191e-02 8.849056315473430301e-02 1.196563639862238959e-01 8.325652911344751106e-02 8.860854064487286297e-02 1.317456632628552227e-01 8.908986143016470183e-02 1.228767914721766302e-01 8.910414658088118556e-02
8.839974941775637085e-02 9.898245673358301022e-02 8.815203898857652820e-02 1.169264069676793083e-01 8.241988971246032303e-02 8.824884059092144573e-02 1.241551332674205033e-01 9.262450541828946837e-02 1.274576292424902391e-01 9.263334966082284461e-02
8.863614948012187023e-02 1.011604929052746793e-01 8.843331740846477329e-02 1.229219839766321348e-01 8.314079226356889396e-02 8.851369966255305533e-02 1.250573776781555846e-01 8.927956942108913885e-02 1.235518982309875696e-01 8.930471897315231389e-02
9.270327683506178473e-02 1.000702752044616145e-01 9.271042120384685725e-02 1.114769953242099737e-01 8.399358453674780900e-02 9.271402409555730417e-02 1.249854453537281446e-01 9.047894275383390472e-02 1.203083052262834129e-01 9.055872946626920827e-02
9.392765049193238514e-02 1.136539365547317992e-01 9.296677816146146911e-02 1.343323006646834905e-01 5.304001305786500836e-02 9.332501845018610631e-02 8.730888507629902540e-02 9.321570049198998897e-02 1.447634733742854396e-01 9.346624367656526655e-02
9.249884837577847241e-02 1.051084938589775253e-01 9.239626455960904539e-02 1.146587582502446856e-01 8.324298407012678536e-02 9.244013849415951001e-02 1.154543347285136856e-01 9.370922764945970040e-02 1.167289765100824744e-01 9.376197350304812939e-02
9.260997992701426595e-02 1.023409795520607568e-01 9.246375786569417665e-02 1.166031389750690067e-01 8.010703913041961055e-02 9.252372482585949354e-02 1.168750430634105386e-01 9.325598491789774402e-02 1.198817612944601541e-01 9.333859044811422534e-02
9.260871641007328847e-02 1.000134048756578381e-01 9.250730638511028836e-02 1.154563319624958007e-01 8.475192875992899888e-02 9.255073519110608438e-02 1.190797635792570502e-01 9.005290562215213790e-02 1.228875986967069289e-01 9.009130851751157021e-02
9.204650987151789809e-02 9.729989442532248345e-02 9.197227505096593203e-02 1.197514082698301896e-01 7.989453026442162875e-02 9.200565621881959255e-02 1.309460348148618891e-01 8.761482275650211982e-02 1.208289713195959958e-01 8.763989700816227080e-02
8.916060181400375928e-02 1.039760284699078607e-01 8.889657595470894236e-02 1.221052465119228103e-01 7.717220392547241570e-02 8.899952567969861283e-02 1.225002644959906489e-01 9.097838493608087496e-02 1.251608945433559106e-01 9.105027366885817819e-02
9.166499040135936416e-02 1.028909038772589102e-01 9.151570163618338860e-02 1.159892440233288163e-01 8.392169458763694412e-02 9.157663982613140075e-02 1.175079372361453045e-01 9.461077007574339448e-02 1.156782936869823752e-01 9.464382464923008775e-02
9.206371062689899798e-02 1.021076902952772203e-01 9.183240987858193316e-02 1.175780307655565765e-01 7.579397715188475326e-02 9.192362675472239009e-02 1.213213521974502579e-01 9.129104831376240459e-02 1.246870133745619641e-01 9.140114064130359928e-02
9.254616778207488959e-02 9.674844908987209613e-02 9.253882790345945020e-02 1.109144237655310811e-01 8.616179803725425301e-02 9.254767769726184035e-02 1.206494873495768810e-01 9.333062394231179948e-02 1.211867111171108652e-01 9.337583331554683008e-02
9.048395679979411022e-02 1.020083092139696945e-01 9.043364826417013558e-02 1.167612669601855863e-01 7.881986454584909152e-02 9.045827747436031852e-02 1.260610737770695988e-01 8.975057200700639615e-02 1.253674983845277924e-01 8.985553257306726216e-02
9.247747216036911189e-02 1.003056324210739592e-01 9.241314087647341247e-02 1.116556466017670224e-01 8.711510059135635364e-02 9.244295348599246287e-02 1.166399391985856043e-01 9.618793269073684649e-02 1.145201405223009450e-01 9.624204145134425403e-02
9.289746647022344150e-02 1.060247793623591700e-01 9.263599204401753995e-02 1.236064188630567745e-01 7.820719801635452051e-02 9.273824038116264268e-02 1.082619199596646375e-01 9.120993713513253498e-02 1.231492534998895050e-01 9.126879426813921947e-02
9.027793858366980895e-02 1.030874161097615344e-01 8.999067345734565460e-02 1.159777199690509020e-01 8.179010386089195783e-02 9.010219735150942766e-02 1.204162485799353532e-01 9.437510627035282373e-02 1.195461360309586357e-01 9.443645978652391582e-02
8.757193589527809130e-02 1.002313662997611904e-01 8.744475646568153349e-02 1.172269966895952281e-01 8.416547901241897001e-02 8.749734474684640884e-02 1.327927609124247565e-01 9.097661761409120418e-02 1.210593632265992287e-01 9.103337913730340236e-02
9.364470135865973766e-02 1.045131193284417753e-01 9.361431165762498785e-02 1.069927441213235214e-01 9.009382350263665795e-02 9.363166733493789862e-02 1.125453887474703735e-01 9.607427023638706598e-02 1.127936434974498026e-01 9.609633021506817918e-02
9.155706273216182578e-02 1.005672282416117808e-01 9.142552160816330709e-02 1.173201973800174075e-01 8.235228708938054087e-02 9.147997715241862338e-02 1.194631852179311032e-01 9.108607842215477035e-02 1.236082302591809956e-01 9.114023189697960381e-02
9.300745565255093272e-02 1.057267755454532471e-01 9.285634513186336036e-02 1.175214483673885091e-01 8.327751277295564192e-02 9.291805572234719535e-02 1.128334627193207790e-01 9.211416874922144504e-02 1.175918714345304539e-01 9.215290390436847723e-02
9.312657510764474345e-02 1.004037004899800828e-01 9.296353007503781185e-02 1.162242082045223668e-01 8.016932092453464553e-02 9.302965936202059472e-02 1.160057523316970346e-01 9.217557277055876686e-02 1.236723246286320216e-01 9.222935610537200124e-02
9.109973296584029934e-02 1.061253812319358364e-01 9.095598797942948399e-02 1.096313330858396384e-01 8.456250004649558394e-02 9.101485020721755692e-02 1.237608569255895935e-01 9.393959435910266553e-02 1.149386879689081181e-01 9.397107522964120996e-02
9.143567366727810286e-02 1.022927596597084515e-01 9.135892755216504235e-02 1.151670882558062242e-01 7.851503594257627783e-02 9.139322154783628693e-02 1.215329513966927899e-01 9.015100799750656868e-02 1.279598585184240911e-01 9.019347546200612298e-02
9.042582541452282019e-02 9.771156580023447613e-02 9.029796708154398666e-02 1.139905803867178186e-01 7.719010761091542328e-02 9.035098105856251283e-02 1.331117075244152292e-01 8.880626418244932929e-02 1.292632105106356621e-01 8.885179043000271393e-02
9.531995481290836403e-02 1.024860326493694102e-01 9.515014292632362203e-02 1.158281292595269019e-01 8.018320400188254371e-02 9.521889085128137920e-02 1.186033505816935507e-01 8.866799610351933092e-02 1.198311030231066637e-01 8.871119579038821978e-02
9.104360242284070814e-02 1.013798314628314434e-01 9.078704972974242782e-02 1.185651085228740798e-01 8.087363609918817031e-02 9.088738446123487136e-02 1.148735087303435626e-01 9.421280330138284698e-02 1.230909862954941703e-01 9.428608897406774714e-02
9.242387179028402344e-02 1.049390956645996353e-01 9.231377288997671959e-02 1.092867495287554724e-01 8.552963122684284492e-02 9.236031710040870646e-02 1.189582659103597534e-01 9.469435533199785371e-02 1.147943741047876554e-01 9.469956645198732148e-02
9.018940583062506899e-02 9.774930508506259053e-02 9.017046801239683718e-02 1.169867600790055057e-01 8.077362257902077902e-02 9.018340043931508121e-02 1.320164434960209854e-01 8.760754875697784883e-02 1.266877277763996945e-01 8.763531794517558093e-02
9.132818376041591801e-02 9.868271999043572162e-02 9.109350975750650503e-02 1.184110759658977552e-01 7.672169719094099061e-02 9.118587950939961717e-02 1.212328370268451749e-01 9.166494463601833342e-02 1.279214601569999832e-01 9.175769200553998695e-02
9.401446596201050443e-02 1.016922591386255625e-01 9.362641568357030208e-02 1.170694973434178304e-01 7.635571407062607951e-02 9.377520653661422512e-02 1.123323698257280012e-01 9.375925235630479249e-02 1.235172185235847847e-01 9.385760055951795910e-02
9.121598825914715991e-02 9.928391017434273769e-02 9.093518218392672436e-02 1.190812806618435221e-01 7.803726994097183456e-02 9.104447102026054506e-02 1.228661295926027353e-01 9.199039766893461756e-02 1.234584135901488633e-01 9.208695690782130183e-02
9.959184319128132346e-02 1.046668576404107126e-01 9.951176701938675706e-02 9.642782397049982912e-02 9.777360524294781419e-02 9.954767691153212916e-02 1.008797008262901918e-01 1.011899217111551091e-01 9.925627657011801275e-02 1.011545269163781485e-01
1.032487663540256340e-01 9.444387421173328079e-02 1.032139839201885179e-01 1.013450777444738771e-01 8.947979680778943290e-02 1.032334853818403231e-01 1.082529982361028625e-01 9.667610824965511274e-02 1.034593792476341395e-01 9.664652984655677792e-02
8.950167956314401818e-02 1.010189728657536201e-01 8.938474783841413029e-02 1.140153703535258106e-01 9.363994138613894458e-02 8.943359151484620018e-02 1.246841697777337221e-01 9.307202474740633447e-02 1.121827270431350609e-01 9.306677490990217239e-02
9.235600907728042097e-02 9.991801868274872989e-02 9.223041306617330015e-02 1.137520814930315510e-01 8.727459125122406791e-02 9.228269146998237249e-02 1.185750278427931126e-01 9.435282513905313140e-02 1.148748225418082525e-01 9.438351943590500559e-02
9.128729835185107888e-02 9.918028858113496493e-02 9.109255539481107833e-02 1.151047957432198982e-01 7.993206994792556586e-02 9.117021116759269073e-02 1.283878274202386593e-01 9.254784219048607652e-02 1.186870810743018007e-01 9.261003012843817273e-02
9.328109095456706135e-02 1.014511195803127347e-01 9.315458777400384416e-02 1.144460095824680335e-01 8.768312730345335926e-02 9.320738248665962067e-02 1.131318045581833354e-01 9.234456359920725776e-02 1.188613603902620441e-01 9.243895377088273690e-02
9.094358673373639790e-02 1.042838304312872222e-01 9.070838373641663954e-02 1.184237720371147246e-01 7.870678762870345069e-02 9.080088739725740432e-02 1.199903088680190633e-01 9.260507196361711379e-02 1.208566710710649444e-01 9.268070013278298380e-02
9.222987814486573177e-02 1.027157319285306458e-01 9.194210453920143022e-02 1.149468773446667702e-01 8.494476203783001000e-02 9.205389358467160055e-02 1.161817800263830053e-01 9.219230871301692387e-02 1.205720651869066629e-01 9.222059849392721942e-02
9.219443100695709492e-02 1.032957529520731749e-01 9.199998353513481886e-02 1.171072458875155875e-01 7.659612341312713180e-02 9.207766174778120316e-02 1.138540137951304237e-01 9.284176997568989453e-02 1.270908822143746453e-01 9.294213547221603922e-02
9.213596402593909884e-02 1.020021792083843082e-01 9.190127384528891386e-02 1.249655568832834934e-01 7.867113102132142211e-02 9.199356602787324422e-02 1.223382396442966313e-01 8.972958636788677667e-02 1.165162225383930966e-01 8.974628043733294536e-02
9.327267289466729949e-02 1.050867515357654242e-01 9.296437912574069540e-02 1.117927934366009651e-01 8.231470654554072508e-02 9.308376068541211745e-02 1.188576130159955113e-01 9.290463232890758261e-02 1.167907984714914998e-01 9.293189195987824891e-02
9.245441259803525991e-02 1.030812471068198038e-01 9.218252313257603581e-02 1.194843560766123414e-01 7.760387600980823974e-02 9.228860157695047139e-02 1.175728924616347981e-01 8.957083060351810067e-02 1.261122213452689211e-01 8.964903908877602801e-02
9.212673179940038259e-02 1.024874008011610327e-01 9.206211362502625395e-02 1.135104853066729591e-01 8.287930384112122961e-02 9.209207425612012110e-02 1.199647135970623724e-01 9.145180701957694724e-02 1.218882322270448959e-01 9.153713752681383320e-02
9.039282563971332007e-02 9.968234646592166737e-02 9.026799548872280199e-02 1.156983906448887378e-01 8.185416052027758016e-02 9.031992284138287697e-02 1.237588391357432455e-01 9.087001597975487288e-02 1.262229190065889961e-01 9.093258427700588731e-02
8.959290421379305369e-02 9.699038412798616227e-02 8.944124299725034200e-02 1.188818493370653318e-01 7.954691047386384939e-02 8.950285732832641283e-02 1.272311297424405796e-01 8.970300753341299560e-02 1.294069129455204525e-01 8.970280130034079258e-02
9.063196583470801981e-02 1.000311092545093233e-01 9.048506902709736732e-02 1.170823286100826505e-01 8.484186459453205154e-02 9.054504188943282572e-02 1.285118774947988929e-01 8.841579970464319427e-02 1.210187624800399958e-01 8.843618111015565109e-02
8.879856372076444515e-02 9.691354911462715660e-02 8.861236842708526684e-02 1.176562930745110730e-01 7.891609438832870860e-02 8.868672704952867969e-02 1.346527516779542077e-01 8.926063772175797661e-02 1.271779712043195343e-01 8.932504362112295149e-02
9.547845457205041131e-02 1.022506652782144143e-01 9.545669757576079328e-02 1.140176424202906103e-01 8.517501650853476214e-02 9.547115356829158350e-02 1.045621661533486652e-01 9.550018519745391565e-02 1.164827327924457950e-01 9.560528593360904936e-02
9.042759702350695872e-02 1.002925723152734705e-01 9.004432512609984729e-02 1.244645796038860025e-01 7.744297597400175148e-02 9.019107552571957453e-02 1.237910920721436853e-01 8.817847329314690286e-02 1.269166477316235886e-01 8.825066133459821827e-02
9.556209686704440764e-02 1.027396118871104075e-01 9.538846769112023505e-02 1.115464470996531121e-01 8.601396922509230158e-02 9.545865725439198202e-02 1.070481782536543414e-01 9.433423854260541974e-02 1.175137220655907977e-01 9.439461111373700919e-02
9.672942072817480863e-02 1.031249954765338650e-01 9.664448270301745358e-02 1.131456464216987895e-01 8.323948039502056251e-02 9.668216927401930560e-02 1.121336109705329404e-01 9.222816341899479908e-02 1.137865692188281541e-01 9.228546139317934938e-02
8.646006798842262309e-02 9.606546475298047283e-02 8.627559865022077501e-02 1.182195957630656630e-01 7.760303804448298592e-02 8.634908824790774040e-02 1.452703370983583764e-01 8.681822723287130339e-02 1.300999392651307485e-01 8.683864295655931154e-02
9.691807740934448023e-02 9.820262328012369091e-02 9.703505903882213290e-02 1.104230055044478770e-01 8.576722115146923064e-02 9.699838314393403882e-02 1.166695591155477302e-01 9.062617421212239288e-02 1.167203822625291210e-01 9.063951488165931936e-02
9.869083395265403069e-02 1.036525205418920986e-01 9.865249862007134662e-02 1.181899045915331403e-01 8.169562077388917154e-02 9.867317562319663504e-02 1.042922513318862293e-01 9.137938035130986625e-02 1.133429595559066611e-01 9.143085465766080666e-02
9.137759754765653608e-02 1.045595428605882588e-01 9.123637446809433615e-02 1.127498709967674900e-01 8.163224705873652065e-02 9.129437316014139825e-02 1.216599152993385891e-01 9.228869215574027340e-02 1.208578144478778954e-01 9.234357200505872998e-02
9.338855104249749184e-02 9.984180580319743092e-02 9.313461401091543967e-02 1.132149802237823882e-01 8.825291290674931732e-02 9.323399747860812437e-02 1.164315729084885315e-01 9.253328049924311460e-02 1.174464609823739208e-01 9.252182414414422684e-02
8.899542845668852176e-02 9.914070562748694693e-02 8.887585712788291514e-02 1.186512354203823338e-01 7.984836730197247823e-02 8.892569722439813695e-02 1.357790066407655871e-01 8.884177985789691590e-02 1.220725962294643557e-01 8.886932611306182228e-02
9.041174763865303388e-02 1.041814075485809205e-01 9.024752342256581183e-02 1.186063618392250996e-01 7.823411002479808973e-02 9.031393353800543089e-02 1.233421769476861496e-01 8.996306149710207867e-02 1.246675628192504964e-01 9.003211472413287508e-02
9.579610252101818102e-02 9.969834042169775645e-02 9.584488767627545591e-02 1.126034850194383014e-01 8.794261208854498024e-02 9.583324935941940625e-02 1.227923194187521272e-01 8.894897897211395676e-02 1.115761794290611036e-01 8.896384509367866178e-02
9.467258194558053619e-02 1.088227972253529574e-01 9.455111443264485604e-02 1.104091173059213449e-01 9.172323092702761027e-02 9.460191413159331486e-02 1.052075477478884163e-01 9.408015576105097089e-02 1.118836724699119045e-01 9.404786805302806085e-02
9.596211982827142217e-02 1.023492533224859558e-01 9.579208166100436350e-02 1.169457680617829315e-01 8.056486558345918314e-02 9.586091885123294853e-02 1.068237325513245461e-01 9.492488534971878222e-02 1.158231013832479173e-01 9.495327340747193590e-02
9.083502573404088343e-02 1.014521382562927343e-01 9.069780915116865128e-02 1.104090255808738846e-01 8.561744838190778195e-02 9.075431282103646469e-02 1.233121063378514598e-01 9.404427711229383646e-02 1.187693805293632832e-01 9.410847609517097867e-02
9.150559491402314449e-02 1.017175591869002443e-01 9.145104890648608764e-02 1.198508739944387641e-01 8.205090086364931479e-02 9.147721736847272411e-02 1.208859545596499968e-01 8.893884748494598758e-02 1.231260035742168524e-01 8.899599914721692540e-02
9.341209833477254199e-02 1.011649918600907722e-01 9.337327063295128293e-02 1.166106858114146355e-01 7.695168031113458484e-02 9.339389350130530842e-02 1.222443859571264863e-01 9.249981912564488040e-02 1.177325653806075983e-01 9.261660908495190914e-02
9.391722591256101982e-02 1.024792405807719992e-01 9.372227309985745047e-02 1.130053510721263366e-01 8.378286264897288893e-02 9.380018905195708356e-02 1.121139505675560616e-01 9.382766950076804058e-02 1.194582098370225581e-01 9.389302772840656119e-02
9.347451699900154176e-02 1.032575280809760049e-01 9.336083048309280763e-02 1.218029359866058675e-01 7.950423199769217353e-02 9.340887160655937660e-02 1.079984304547957491e-01 9.368757424455598226e-02 1.197527730838060384e-01 9.375230706291443061e-02
9.156790628191702197e-02 1.016842255455236155e-01 9.157742872363387743e-02 1.153695131397681622e-01 8.815595894941884170e-02 9.158001424892681097e-02 1.158083455215583452e-01 9.454347533756633781e-02 1.151211203607100386e-01 9.459201189097690698e-02
9.368901121084652339e-02 1.033904445476750422e-01 9.354644915241668024e-02 1.110238983097715376e-01 8.346594865039699829e-02 9.360512502032573845e-02 1.129785595846406893e-01 9.452729080523271377e-02 1.191730980113716448e-01 9.460017470732243194e-02
9.409979347209458667e-02 1.012533023421176154e-01 9.383530879531153113e-02 1.128788513090723117e-01 8.263395978127839603e-02 9.393875057861560129e-02 1.134596979169663067e-01 9.454140735044255783e-02 1.187516621296014346e-01 9.460726632449967255e-02
9.387044767582232441e-02 9.971830497587491626e-02 9.363859313052756705e-02 1.128756687920656615e-01 8.523738795375240818e-02 9.372992521554625311e-02 1.151907362190014578e-01 9.209392216645266582e-02 1.215528504794819581e-01 9.209216339147474617e-02
9.423581997945833233e-02 1.024027495622832351e-01 9.388538144843867894e-02 1.178226604247291365e-01 7.932873288500695563e-02 9.402026819114737977e-02 1.087615155826920643e-01 9.431540945558194999e-02 1.208888678002094513e-01 9.433859467045282998e-02
9.133998558052046357e-02 9.740710904403371284e-02 9.124420466206228930e-02 1.204989243704237267e-01 8.120835040070122079e-02 9.128548229202605724e-02 1.275190562346919521e-01 8.959638656916600608e-02 1.202647946811877394e-01 8.963570616518679035e-02
8.760487241675668502e-02 9.859229951994409602e-02 8.747034553788046729e-02 1.180430327611199232e-01 8.254449377582838421e-02 8.752557247404173235e-02 1.433063712119731492e-01 8.777433945499618639e-02 1.193446877430617836e-01 8.779398510439757886e-02
9.363675844177322960e-02 1.028471233269750845e-01 9.338665140932761455e-02 1.112595817090342443e-01 8.555293325928213510e-02 9.348472365894018588e-02 1.077957631011954021e-01 9.807351238286095285e-02 1.158566997804436893e-01 9.810625293016744797e-02
9.054821347744285154e-02 9.987326256080998610e-02 9.016610238193850657e-02 1.219842171499057881e-01 7.966273946647188520e-02 9.031235088558688118e-02 1.208741762443923951e-01 9.121185752197939756e-02 1.241259916181074313e-01 9.124108869336487737e-02
9.166565382335890855e-02 1.012674755963098583e-01 9.140088134585687418e-02 1.139568930161659471e-01 8.390020463501594861e-02 9.150426745809631113e-02 1.223931705499737843e-01 9.239293795735559200e-02 1.190582412378468763e-01 9.246027438001988563e-02
9.306993311810014824e-02 1.031761877394704180e-01 9.274121383849918965e-02 1.222236063205691253e-01 7.986641861187503133e-02 9.286804929142844500e-02 1.151619845048598711e-01 9.270540320033554549e-02 1.154652601457947514e-01 9.272194322906744668e-02
9.363933669904003776e-02 1.051563511132359713e-01 9.343763500342640305e-02 1.184411576340086009e-01 7.852651042647082469e-02 9.351810831271156754e-02 1.061277149057598956e-01 9.376507123517620335e-02 1.235037215987327963e-01 9.388439307143765788e-02
9.161453769106202294e-02 1.008893250395299784e-01 9.121582747916626155e-02 1.227816238254238884e-01 7.854202425293584089e-02 9.136822628539302549e-02 1.173705719816520443e-01 9.091390091946043028e-02 1.243629923575601676e-01 9.094097016781639564e-02
9.001914069922975492e-02 9.747077614004087676e-02 8.995678619246329222e-02 1.128826333604770749e-01 8.140341110793125612e-02 8.998564653925103518e-02 1.331132456638135786e-01 9.076218111799816413e-02 1.236278679068544273e-01 9.077831127194056771e-02
9.461633428417878799e-02 1.032883594041344166e-01 9.455220266672559326e-02 1.160414751266752725e-01 8.122772082114979031e-02 9.458212481339423050e-02 1.108568472036220443e-01 9.425842589705156482e-02 1.162447171766599618e-01 9.433179260640829622e-02
8.969271316170648878e-02 9.644909831359524399e-02 8.953170785746475402e-02 1.141576007939927029e-01 8.103129466848564555e-02 8.959685466710178015e-02 1.376241410012517818e-01 9.007628008345183734e-02 1.217124356351917125e-01 9.012787381775806683e-02
9.912487407513077831e-02 9.687106643584141030e-02 9.917817384888621968e-02 1.076088232667445771e-01 8.609608790614317608e-02 9.916506819143619533e-02 1.109574237220892351e-01 9.444120558183119463e-02 1.121126619477138681e-01 9.444461502418338705e-02
9.162935799753801902e-02 1.017816706558486856e-01 9.158853318006807132e-02 1.179172848263874002e-01 8.573503843123966850e-02 9.160962213963366740e-02 1.172171487660945144e-01 9.329627278667061707e-02 1.158911530673997076e-01 9.333391814911963513e-02
