9.095772894861028912e-02 9.285075292525495072e-02 1.064713807239149879e-01 9.124466318720932112e-02 1.323824602043766618e-01 9.838782674596092959e-02 1.135682434198687640e-01 9.006526226093762577e-02 1.065134249737897526e-01 7.755825661007673122e-02
8.979595404842898032e-02 9.123668102284838988e-02 1.026726179903399150e-01 9.342847453921486467e-02 1.464618526740976145e-01 9.566743478254005617e-02 1.083207654211144344e-01 8.989873508934974333e-02 1.027566212737738571e-01 7.976086315829217233e-02
9.455749406896049591e-02 9.290996344944334184e-02 1.010565519906781312e-01 9.582205700375158453e-02 1.279927559431265904e-01 9.904037449663605219e-02 1.082671174228398703e-01 9.165414898894996831e-02 1.011130352226502216e-01 8.758650141296374370e-02
8.416649438368888070e-02 9.903967267388377738e-02 1.163811534606918885e-01 8.946425242586504567e-02 1.359957981230305868e-01 9.344463018174868629e-02 1.094470425572674627e-01 8.385477528406999614e-02 1.164315419677644653e-01 7.177463894198922445e-02
8.919153168512064522e-02 9.249367107903304353e-02 1.061735724937717812e-01 9.122728383684418352e-02 1.425908548340091286e-01 9.575280726599610936e-02 1.104813884541830105e-01 8.953600320254437306e-02 1.062606696391986960e-01 7.629221750929904289e-02
8.815023283762228601e-02 9.528649523748897177e-02 1.045004605741448878e-01 9.522767075249521929e-02 1.364253934210954977e-01 9.296846156060439847e-02 1.018809405522954070e-01 9.108690015383036354e-02 1.045457816422898367e-01 8.992766326813313171e-02
8.892570037062012822e-02 9.550214493150098460e-02 1.065416673716873541e-01 9.176975597402624307e-02 1.353816448275700079e-01 9.973989303596605960e-02 1.117279040876436036e-01 8.868400823427262381e-02 1.065702798794131850e-01 7.515700128729987939e-02
8.733729958800859339e-02 9.985790077790469843e-02 1.159751994366579469e-01 9.112170738210947918e-02 1.192288383164843701e-01 9.424658907473014435e-02 1.090967676314839735e-01 8.935863653028588982e-02 1.160100546537742444e-01 7.776700660856067371e-02
9.171595403046428618e-02 9.263899718649958037e-02 1.027827724413888089e-01 9.177670139104029956e-02 1.327240388003338711e-01 9.837259267339297508e-02 1.097248096911736109e-01 9.218937174693159209e-02 1.028096304014589762e-01 8.526513163731599954e-02
8.750814214695055993e-02 9.325151341641439717e-02 1.057982354748070036e-01 8.822573140545883486e-02 1.460465191915599481e-01 9.627681879844871005e-02 1.098134904250536864e-01 8.807176833738022959e-02 1.058895384016801527e-01 7.911824240224649141e-02
8.567005611766022322e-02 9.657698310665525920e-02 1.078396556623537200e-01 9.065642452122221751e-02 1.452809631304385063e-01 9.504158923728940611e-02 1.062981885168919893e-01 8.714780863307199088e-02 1.079269324305214689e-01 7.756139864389516303e-02
8.720921223115288279e-02 9.259885629984818123e-02 1.113890676791528256e-01 8.948622082770316122e-02 1.364655287610809231e-01 9.562425310929412170e-02 1.158826723160270439e-01 8.514646339009739051e-02 1.115002261749715867e-01 7.469749921067181386e-02
8.196356632985440926e-02 9.419543659174731132e-02 1.139680557894221374e-01 8.640684815971551302e-02 1.447679887925648334e-01 9.229831219422593436e-02 1.115707660994470635e-01 8.430433422128588705e-02 1.140133814530742695e-01 7.651131036866264112e-02
7.979892580404754354e-02 9.798292998054558556e-02 1.234377860234965318e-01 8.116212925924412569e-02 1.463744757166217381e-01 8.911902779009420184e-02 1.111789502523822110e-01 7.951228651167292771e-02 1.235508461182183854e-01 6.788264254367672168e-02
8.273412401504916247e-02 9.733042485205867234e-02 1.163442798272223550e-01 8.566173555814302065e-02 1.471422137442351119e-01 9.231779049977893725e-02 1.099902517061424750e-01 8.328969990292042769e-02 1.164109678014652455e-01 6.877851209298452284e-02
8.675381211724375596e-02 9.346394895864304497e-02 1.096295392533444824e-01 8.979959398189837905e-02 1.440937559403010493e-01 9.392070880588102022e-02 1.105587425492656067e-01 8.512741668100019810e-02 1.097416291346664380e-01 7.691085257775606698e-02
8.800782116419095247e-02 9.439822612455375794e-02 1.092924886852854743e-01 9.038557617539859368e-02 1.350838782939254024e-01 9.457625638201913598e-02 1.098615938048946306e-01 8.825902463354376448e-02 1.093961590825063696e-01 8.073897565368187701e-02
9.465090277411844499e-02 9.582176056631415417e-02 1.034044681521778947e-01 9.494490450438650142e-02 1.267852194471914273e-01 1.009144692699056600e-01 1.093395804583501135e-01 9.341024595761671101e-02 1.034162223879669107e-01 7.731222648197220992e-02
8.901063840401715610e-02 8.789060615914945362e-02 9.927178121833618585e-02 9.150113867738386697e-02 1.580359134278320477e-01 9.983585151178862860e-02 1.141489216479632252e-01 8.914527540080906254e-02 9.933141769071841820e-02 7.182845586200196919e-02
8.153553920356461371e-02 9.706452354133694727e-02 1.136810287033897665e-01 8.693659130105094168e-02 1.467707496934492206e-01 9.312819735919805608e-02 1.088437233813418920e-01 8.513777242129615119e-02 1.137191263413368097e-01 7.318274805403561512e-02
8.822852613406688416e-02 9.087955668585392943e-02 1.040944805602673773e-01 9.178521518299724569e-02 1.448444709647816742e-01 9.737217983077404992e-02 1.124674826409249734e-01 8.957111089984635954e-02 1.041780733306384987e-01 7.657890376984899383e-02
9.016963415312362340e-02 9.925983767967104521e-02 1.096549960621625991e-01 9.388125426466940870e-02 1.215028721276040502e-01 9.682559147654505594e-02 1.070861263608081232e-01 9.012891457641954152e-02 1.097254400889543791e-01 8.176533321004217369e-02
8.965160066241069370e-02 9.434776070344018384e-02 1.095705592413907942e-01 8.925252115625371963e-02 1.332415116933550192e-01 9.409604749352358521e-02 1.095310852853376427e-01 8.821551602555946503e-02 1.096556182888007713e-01 8.243777944992809747e-02
8.369921923496478899e-02 9.995150118917733861e-02 1.188546568783100943e-01 8.643999332220975162e-02 1.353863014458130953e-01 9.106065528220513849e-02 1.074673545841722255e-01 8.563465479724667595e-02 1.188899443594845368e-01 7.261571890641636828e-02
8.812972098407820254e-02 8.671542298953367756e-02 1.021982629243522178e-01 8.830135452022944142e-02 1.574531060064043309e-01 9.421540222159734135e-02 1.122512970741323390e-01 8.781950645987678106e-02 1.022808576707129880e-01 8.063506914908269430e-02
7.118303980737925030e-02 1.204122257051810363e-01 1.515332377942046893e-01 7.041067796803315848e-02 1.380561753884707032e-01 7.794334514868503372e-02 9.297137359916438082e-02 6.977976665063514994e-02 1.513751148171026129e-01 5.633504312114397811e-02
9.441470464522949690e-02 9.198794604445864609e-02 1.029565863445976032e-01 9.457379333405856181e-02 1.211361682367681492e-01 9.974963065717588895e-02 1.125282128739301807e-01 9.330874875864317297e-02 1.030267255392630782e-01 8.631748356587511106e-02
9.075568842087657073e-02 9.869627364796436375e-02 1.057141528046839501e-01 9.175514985228672149e-02 1.291903762746405837e-01 9.979407969047215943e-02 1.070830924120738104e-01 8.864123033224807768e-02 1.057698701559302984e-01 8.260008640882340880e-02
8.692214098511950870e-02 9.562662003655571230e-02 1.083945868903364307e-01 8.899889429198379331e-02 1.405139695778623021e-01 9.648796015956608019e-02 1.097310951443508514e-01 8.737872058045036139e-02 1.084835719105602947e-01 7.746244042321465129e-02
8.704470546893564031e-02 9.972812958575150155e-02 1.128983665675928616e-01 9.048653607405283961e-02 1.277975183315339103e-01 9.408398076488699857e-02 1.062347626797863903e-01 8.589495825619786196e-02 1.129315616552550305e-01 8.289948061600692364e-02
8.738803091837085701e-02 9.212224285064048168e-02 1.045410833777295212e-01 8.954540712056635599e-02 1.520688657154256329e-01 9.719495901219230016e-02 1.110232842591318964e-01 8.640767737245312607e-02 1.046248496809978751e-01 7.508359969249198129e-02
8.965911367872098081e-02 9.423457659859610369e-02 1.085352496311725035e-01 8.885798985776038883e-02 1.343558252975807221e-01 9.667286064135793833e-02 1.119713576657475895e-01 8.776248612169350316e-02 1.086490905495144793e-01 7.930144995785586015e-02
8.651556338830521109e-02 9.342566245710927364e-02 1.100062408283591225e-01 8.894522196802652492e-02 1.410070701653592939e-01 9.517866488691298366e-02 1.126755469351307659e-01 8.787298431264835286e-02 1.101273377560501449e-01 7.424570730209829883e-02
1.007288394747834631e-01 1.006172730019112144e-01 9.897114004704185564e-02 9.823405809594168425e-02 1.189719237512107120e-01 1.018685637341367328e-01 1.002663617247836758e-01 8.995403649129164736e-02 9.899831375894864449e-02 9.138948991995038407e-02
9.103528602140252557e-02 9.497240280499387455e-02 1.055885130375091296e-01 9.478669517799301336e-02 1.329116235749749908e-01 9.404849329637145205e-02 1.045829883475979522e-01 9.226716602495928232e-02 1.056189193555880784e-01 8.418791235860968725e-02
7.874067190237647729e-02 1.022441696285485702e-01 1.217954037669892742e-01 8.208673921762035808e-02 1.416157398194144712e-01 9.136900970721177628e-02 1.078249002388169536e-01 7.875353456953952669e-02 1.218600599294730469e-01 7.370977122000953174e-02
8.292169960248772786e-02 9.844932365683045639e-02 1.193719669497048524e-01 8.406230242796548791e-02 1.500500408693007659e-01 9.069514001293654815e-02 1.091358319946755528e-01 7.970313678619746212e-02 1.194091781201154917e-01 6.620137957978558529e-02
9.030091559662591083e-02 8.810850701921582595e-02 1.002977933484506951e-01 9.060830520370925789e-02 1.507951033725962176e-01 9.827337082424848769e-02 1.131481830685281825e-01 8.957554528104862135e-02 1.003773770782184493e-01 7.851489920735835182e-02
8.284823043444973500e-02 9.279915475206658437e-02 1.144298894858729737e-01 8.460629166053569572e-02 1.533244800011121789e-01 8.980793212892666799e-02 1.105171468852350625e-01 8.319306761486933155e-02 1.145026636955182864e-01 7.397114334141348391e-02
8.187738413417866568e-02 9.531504905577342646e-02 1.176844405187289638e-01 8.460787029534161396e-02 1.441819730338858019e-01 9.160376457358869462e-02 1.128490951572949791e-01 8.333923144804503136e-02 1.178015380493239866e-01 7.073965373383882260e-02
8.731937117604704479e-02 9.518594440844968529e-02 1.090507466752840410e-01 8.794620315466597504e-02 1.396318417803282808e-01 9.559180016605584029e-02 1.098062713653333994e-01 8.840574008098253667e-02 1.091197939755868263e-01 7.794228721726638442e-02
8.531862157771330502e-02 9.781472928180995341e-02 1.137435432107207905e-01 8.828164833324771144e-02 1.365313491518928279e-01 9.362834089414671934e-02 1.087597902024105140e-01 8.557924525574284180e-02 1.138485356001345400e-01 7.649419649218078265e-02
8.567611108435413403e-02 8.987311076637184704e-02 1.027531329112789937e-01 9.021856116082066501e-02 1.587368504875105446e-01 9.574273523495145655e-02 1.102214832862123961e-01 8.736543944521431293e-02 1.027990956113245119e-01 7.661348001196116586e-02
8.795937676486317858e-02 9.601360476039903780e-02 1.103581826364532503e-01 8.855894765131144819e-02 1.351284289528086602e-01 9.686592610279230742e-02 1.117513738524966160e-01 8.720862199950395188e-02 1.104406044806740816e-01 7.571493279869746795e-02
9.155983412775801911e-02 9.772351793184133606e-02 1.087087983623048759e-01 8.961355672150943252e-02 1.281856978325199015e-01 9.935587700849195236e-02 1.108829883486312506e-01 8.721938792823262510e-02 1.087759681252766786e-01 7.797437361343391438e-02
8.890259506559888836e-02 9.600777042775050785e-02 1.041450756002275796e-01 9.196785553669029056e-02 1.383713961809155402e-01 9.957521911200813147e-02 1.083411521049316290e-01 8.752972976266346072e-02 1.041948466687186853e-01 8.096435954049531480e-02
8.610117750129515912e-02 9.479224312217204851e-02 1.148241181474064371e-01 8.333698709704080720e-02 1.458215602863794091e-01 9.368656047532659958e-02 1.135143565692003365e-01 8.383271221615753999e-02 1.148598120913844473e-01 6.923047249363721567e-02
8.679248296639781313e-02 8.913346252041028095e-02 1.052133582502561698e-01 8.782450611208149349e-02 1.557955536542786068e-01 9.625736617508030835e-02 1.148801473177897270e-01 8.399091057644678116e-02 1.053164106378385312e-01 7.479580178942034363e-02
9.071702203002751652e-02 9.739983683801915759e-02 1.060603073633126503e-01 8.931171665406521798e-02 1.365826010538412905e-01 9.725805146482495445e-02 1.060502355506634659e-01 8.898441109358096179e-02 1.061068891734416875e-01 8.152892877822304207e-02
9.180077729127188169e-02 1.030050534061542344e-01 1.067937219457379128e-01 9.486014300328299287e-02 1.163424502190363446e-01 1.021708038135996088e-01 1.060460332782796194e-01 8.908858423060320164e-02 1.068297383523184874e-01 8.306269445971566079e-02
9.405108565387373942e-02 1.038332749440188246e-01 1.015493900746938932e-01 9.670587613306805275e-02 1.220309572810569926e-01 1.003508717236828024e-01 9.823649581153755250e-02 9.334752979768443093e-02 1.015868938237134977e-01 8.830762475667017219e-02
8.891372555522644716e-02 9.574373648730812036e-02 1.051801837234625919e-01 9.279003865625393144e-02 1.373643418793521476e-01 9.772357906245456027e-02 1.077056314481057292e-01 8.765935848396622099e-02 1.052256860897814589e-01 8.169371861408876445e-02
9.529053237028831114e-02 9.752863010734830196e-02 1.021824356728520261e-01 9.829506744667487750e-02 1.155699996157269899e-01 1.033031778229619307e-01 1.086498087326849549e-01 9.282877760559617164e-02 1.022557213653443597e-01 8.409584926052202092e-02
9.004747820633383915e-02 9.931483144329898705e-02 1.068442826082462438e-01 9.660539372805877767e-02 1.225836210285628503e-01 9.761845602324066562e-02 1.052380652444264986e-01 9.283723145526841247e-02 1.069194870710171302e-01 8.199115319154653969e-02
8.506899278544040321e-02 9.678822052883315208e-02 1.153622796912498055e-01 8.619753579995968751e-02 1.426172702958475313e-01 9.239900798813974192e-02 1.098834063202014516e-01 8.145616789821591430e-02 1.154564443999836765e-01 7.477067429212864991e-02
8.533670921746822069e-02 9.583243836402267901e-02 1.140281079929724023e-01 8.385576500534558386e-02 1.492456203945870530e-01 9.448996565704119444e-02 1.125010436336479208e-01 8.306522397555059223e-02 1.140822257053472760e-01 6.756290005401706378e-02
8.173472866826334005e-02 9.803639122849937271e-02 1.182078222785274413e-01 8.437841482198792098e-02 1.439152224496809684e-01 9.178178041168565116e-02 1.101402690052783878e-01 7.958379060127881988e-02 1.183273403483206948e-01 7.389424018647743064e-02
8.108178777538382898e-02 9.808822891460977633e-02 1.220950848924159948e-01 8.091941617304815315e-02 1.438201452394511637e-01 9.055818199087097009e-02 1.117197442247223893e-01 8.062906108247422377e-02 1.221433265608311836e-01 6.894502314619228855e-02
8.913589872066179920e-02 9.415298948469978668e-02 1.080999905108772918e-01 9.053108539446140524e-02 1.336685255541043560e-01 9.762189492606568320e-02 1.126737466476635946e-01 8.887453400781393509e-02 1.081685730218325953e-01 7.707276173181952517e-02
9.453209547450186490e-02 1.020608362999202851e-01 1.086028134872706608e-01 9.190411690666314137e-02 1.159164549883095613e-01 1.009358903316937423e-01 1.075217489100933344e-01 8.988614680084137942e-02 1.086590623547265128e-01 7.998083444597947622e-02
8.498844545866995892e-02 9.395482723490387877e-02 1.084788216560517160e-01 9.022038849810547212e-02 1.450332950116344777e-01 9.442779983661395149e-02 1.093297069535879990e-01 8.575829802707178595e-02 1.085651182627912353e-01 7.924329906056952477e-02
9.212633383480774152e-02 1.016320314982450679e-01 1.052929092063562139e-01 9.246380803108185387e-02 1.239427844888898872e-01 1.004097710475771871e-01 1.041265069502352175e-01 8.948162367189589628e-02 1.053599598549986444e-01 8.516427141591229044e-02
8.980541991113308309e-02 9.502704369358609682e-02 1.095902899061303448e-01 9.066207005352823478e-02 1.284441132386446582e-01 9.523291219038206024e-02 1.101898320682736798e-01 8.981762489737298016e-02 1.096845156905229685e-01 8.154617835042592133e-02
9.286377185817037971e-02 9.604881658896188834e-02 1.052920832208454199e-01 9.428867373584813583e-02 1.251385040729217080e-01 1.001846588888178763e-01 1.103632466792934114e-01 8.994095734286464139e-02 1.053624566173863020e-01 8.051683099489022333e-02
8.515715003630371094e-02 9.666054057059046689e-02 1.090272082093039774e-01 9.307548618168248744e-02 1.325075400438602002e-01 9.323157610772343784e-02 1.050190826361511037e-01 9.180322296337072030e-02 1.090861505021512301e-01 8.443204274886260963e-02
9.084524636278298870e-02 8.867802068717919872e-02 1.012206395591035701e-01 9.286547312404432042e-02 1.386315361602594165e-01 1.001313901439890575e-01 1.156767175727195784e-01 8.972361000476541948e-02 1.012945462659957385e-01 8.093282011916069774e-02
8.928016020835631561e-02 9.751123528678282137e-02 1.132650772053082761e-01 8.454463857515977232e-02 1.317523009166638448e-01 9.624640775017741234e-02 1.119614600025717333e-01 8.368816832102103642e-02 1.133931984999008019e-01 7.835735323405801367e-02
8.734346137751466954e-02 9.933903773323002340e-02 1.172856923639810922e-01 8.745872330249215842e-02 1.232594360582603826e-01 9.355710442432603469e-02 1.100507653434844718e-01 8.613078872429158483e-02 1.173469458599082360e-01 7.822804481251130482e-02
8.980925582398074924e-02 9.861590118091476120e-02 1.115078416520997179e-01 8.970455015997810810e-02 1.278685986868018376e-01 9.714151935556304684e-02 1.099021491850406401e-01 8.818931582582482942e-02 1.115466320100197417e-01 7.571423611977652623e-02
9.119623668308901587e-02 9.188148338933381509e-02 1.009758091632205479e-01 9.285203133779441897e-02 1.378199131720556914e-01 9.964528928819538223e-02 1.101682548283996754e-01 9.084516476834143817e-02 1.010164976347344562e-01 8.359931973483553103e-02
8.651181537351280981e-02 1.048135341068239385e-01 1.119078441213179759e-01 9.058859569067763406e-02 1.275625131683258695e-01 9.687149229201447165e-02 1.032546542330916306e-01 8.530469464708817506e-02 1.119659669372819188e-01 8.121888942986557614e-02
8.661626740541127079e-02 9.647890880826880122e-02 1.125541744255867255e-01 8.827131281960944043e-02 1.398020435906861536e-01 9.348160413060405127e-02 1.090025182376725271e-01 8.580979992389675681e-02 1.126091854561838829e-01 7.537418520208034878e-02
8.754093708108670602e-02 1.003156739795110636e-01 1.176658742294642984e-01 8.477321755517022717e-02 1.275950709319183807e-01 9.262567090130466307e-02 1.081270015588854383e-01 8.426516216891499766e-02 1.177654646841560515e-01 7.932592690958810422e-02
8.405028403822008276e-02 9.930629043211230966e-02 1.193032393640662131e-01 8.470712840583088932e-02 1.354299978478816502e-01 9.320017111069216209e-02 1.114546733543241436e-01 8.014968177553880024e-02 1.194007764089355522e-01 7.299775726239822460e-02
8.502063554516069155e-02 9.904330968942906543e-02 1.211030638533193288e-01 8.445361530721967602e-02 1.265302954830729576e-01 9.297909087147875062e-02 1.130215219050327430e-01 8.386284329229515278e-02 1.211756637232156847e-01 7.280996032977594956e-02
8.783251577839415458e-02 9.147057636761335431e-02 1.075912390368294613e-01 8.708994884897029720e-02 1.516935546444555249e-01 9.339138706500384191e-02 1.103107510480305642e-01 8.339206535323735736e-02 1.076841372968980332e-01 7.954382456056743878e-02
8.336162429170007604e-02 9.477174948347850958e-02 1.150930525912309821e-01 8.408260360781139031e-02 1.471791003140380805e-01 9.350409622867655868e-02 1.136971089272432456e-01 8.200472639883359116e-02 1.152171341195085685e-01 7.108880403747901144e-02
8.689387833830257424e-02 9.847979514523881595e-02 1.099417641748671182e-01 9.276029397309058788e-02 1.346007729516886520e-01 9.465157228337085782e-02 1.056634909461879185e-01 8.794888337477958784e-02 1.100067909528896354e-01 7.905275785958425228e-02
9.246402490859240153e-02 7.114905654016839831e-02 8.060994668059746904e-02 9.555097016287129874e-02 1.975856957971081906e-01 1.103082931972696329e-01 1.302861813675885716e-01 9.116849032082269266e-02 8.062361397026722443e-02 5.025372705471414791e-02
9.036867432297661373e-02 9.840658892201198382e-02 1.072715232445820149e-01 8.948794118254485563e-02 1.361248870396216115e-01 9.909856184910265098e-02 1.083053063653695303e-01 8.741681745876456189e-02 1.073481308926028110e-01 7.617156872242335230e-02
8.958216341094181467e-02 9.471620283040740884e-02 1.076343019981690630e-01 8.884577264840888555e-02 1.397852431282609886e-01 9.648136432353952852e-02 1.100828055129512706e-01 8.749085838243782220e-02 1.077024007705916775e-01 7.767888699429156829e-02
8.685383908617178017e-02 9.365364738527126587e-02 1.077146914297002905e-01 9.062652924206880678e-02 1.389903704412400465e-01 9.600751549930605644e-02 1.109223387720129766e-01 8.900910837820573407e-02 1.078033168367238809e-01 7.841864292929914826e-02
8.039423707594474389e-02 9.537514690336207357e-02 1.182557766977510860e-01 8.602775545388917366e-02 1.452497321974379474e-01 8.860441703474399022e-02 1.090925702998092606e-01 8.389028771185277900e-02 1.183637674267994933e-01 7.474630919840946630e-02
8.553836589526934986e-02 9.499333640671893397e-02 1.112139542088674687e-01 8.566979314277516078e-02 1.457962132937890010e-01 9.639879637167646231e-02 1.133472960750766534e-01 8.280710584553578613e-02 1.113010021837939484e-01 7.293413657649719384e-02
9.116182914485894406e-02 9.925476014560245808e-02 1.119107646944633022e-01 8.575293680544014696e-02 1.264882418025857769e-01 9.757402920801935831e-02 1.101094763718084429e-01 8.704202065608422634e-02 1.119912814905869858e-01 7.871465968055037232e-02
8.762189351096266732e-02 9.437158275224287463e-02 1.083508713648570765e-01 8.981725553642015691e-02 1.472886279699316958e-01 9.610024467714953222e-02 1.107987372867304254e-01 8.682355030789028205e-02 1.083963400132867683e-01 7.043089658052852087e-02
9.162988206885923359e-02 9.452687895497348392e-02 1.082184759466970486e-01 9.090603149453697907e-02 1.270360827770035950e-01 9.455877109730220775e-02 1.085101671223600295e-01 9.059218548965425333e-02 1.083002447113700084e-01 8.572128033724310536e-02
8.601524875826441208e-02 9.727781714714128780e-02 1.113789093875202224e-01 8.863720337045910558e-02 1.385399576360945018e-01 9.614242688647522961e-02 1.103462636385232204e-01 8.561069131590046122e-02 1.114683956766758660e-01 7.458308618294567927e-02
9.280865251385021775e-02 9.860616679002136287e-02 1.098230199073510910e-01 9.332276222996212234e-02 1.154266009985379926e-01 9.661798692988139703e-02 1.076930085681837151e-01 8.924206356348428348e-02 1.098893722240145837e-01 8.657036627471326184e-02
8.718347673302083434e-02 8.940994537499459549e-02 1.029636321284042311e-01 9.126287954197859209e-02 1.475790956471572102e-01 1.003378259774364845e-01 1.170763366049028253e-01 8.802267855566271726e-02 1.030605207776122689e-01 7.310360865883022696e-02
9.028724638565549521e-02 9.823151694207911400e-02 1.104622876409794563e-01 8.736273786686322984e-02 1.343596577646151424e-01 9.722685178225971836e-02 1.094573934937567161e-01 8.522177962121735284e-02 1.105074182221214563e-01 7.688311028045227702e-02
8.452482315853197814e-02 1.002073716838039058e-01 1.180761235124006964e-01 8.493807478031079050e-02 1.390601417346269408e-01 9.183908567356903474e-02 1.075953499803836422e-01 8.042582258431738018e-02 1.181709309350867515e-01 7.516227595696882424e-02
9.398214763822168583e-02 9.961043039383099540e-02 1.020206825136896339e-01 9.355853264489326360e-02 1.344319015412809570e-01 9.964284605975469444e-02 1.021880373894475669e-01 8.946367718262263069e-02 1.020761908309641003e-01 8.302555380529449969e-02
8.700731989535441524e-02 9.314254598885894632e-02 1.082144576947043635e-01 8.878719480815107368e-02 1.438633299929215625e-01 9.563882378193383493e-02 1.116868944028735905e-01 8.720645471035357033e-02 1.083061982305308646e-01 7.614678049431775064e-02
8.781597860206086237e-02 9.627472015107303716e-02 1.066794787880386564e-01 9.215274137448282998e-02 1.329286840577503237e-01 9.984012412798286273e-02 1.111290941820352457e-01 8.797773070256192929e-02 1.067661103410823403e-01 7.843533767293188463e-02
8.870592563001233888e-02 9.078671349442873906e-02 1.044186538301098560e-01 8.977867217382723419e-02 1.474103846106913918e-01 9.575849278939979614e-02 1.109084582895179111e-01 8.890378776811062866e-02 1.044942480992361034e-01 7.883466331466600086e-02
8.802929128549194515e-02 1.049370390068783826e-01 1.086080736237390598e-01 9.112582661265193618e-02 1.377937696415804381e-01 9.753217350824341936e-02 1.009351845215024912e-01 8.388967131949735812e-02 1.086462547443845794e-01 7.850271573603034847e-02
8.709947494349774832e-02 9.381665635235823808e-02 1.052151981634390498e-01 8.977690552805224489e-02 1.473856354493598975e-01 9.780632930863526753e-02 1.102960116470238366e-01 8.761332461563574314e-02 1.053149104074904280e-01 7.567555358450755998e-02
8.474961922198971653e-02 9.514037994440041612e-02 1.111167330724826818e-01 8.892869989036088219e-02 1.446274925326315186e-01 9.241869907123140271e-02 1.078920168859591050e-01 8.562565549025792644e-02 1.111903954382679471e-01 7.831030845241838956e-02
8.343749448597444218e-02 9.516086446131116761e-02 1.073503773003138817e-01 9.312780624457951684e-02 1.418991358584462403e-01 9.577460340209179024e-02 1.082912255919818989e-01 8.914449856946052297e-02 1.074038627364052867e-01 7.841013134943530805e-02
9.268749323404135154e-02 9.278542297340698630e-02 1.077205217252902442e-01 9.166734983555951954e-02 1.294047276703847726e-01 9.830462973440905194e-02 1.150352743983848874e-01 8.837015738643655416e-02 1.077935751568085826e-01 7.623084788527807742e-02
9.234119022875381111e-02 1.043292217169407843e-01 1.087531641290171575e-01 9.016807632835105446e-02 1.135932940523037560e-01 1.007364635529547914e-01 1.050437416238845095e-01 8.883903754648422857e-02 1.088087541451194656e-01 8.738705667619039996e-02
8.244529210337743497e-02 9.504222148461306807e-02 1.140452978671097489e-01 8.870849092415412918e-02 1.432460523334224411e-01 9.142104307642816285e-02 1.095478701321625087e-01 8.450226961360228495e-02 1.141702085817826173e-01 7.687125388334761777e-02
8.828314507452271476e-02 9.006178160729130799e-02 1.073337576501475071e-01 8.629222144580310505e-02 1.559789779114105768e-01 9.381098928925644953e-02 1.126202606443885701e-01 8.691822188819789408e-02 1.073977582605153414e-01 7.130288622846660262e-02
9.023359396889162054e-02 8.988861606503162349e-02 1.025755408792490830e-01 9.078530985951097088e-02 1.504230766594100710e-01 9.741651179247873271e-02 1.121104065799113370e-01 9.005969475084747711e-02 1.025960564820864035e-01 7.391119296258266691e-02
8.841766181914016698e-02 9.470794913065468112e-02 1.133540061867061299e-01 9.045965277215889389e-02 1.340801500266197988e-01 9.458995239731733673e-02 1.134885233613330546e-01 8.698353808912526186e-02 1.134002995726343249e-01 7.051826664431032343e-02
1.008359570686160750e-01 1.048552950240321802e-01 9.662239811656854471e-02 1.031829749424893611e-01 1.035993407660238119e-01 1.033163781798121239e-01 9.517948091857049431e-02 9.826290522153199869e-02 9.660293686957306669e-02 9.754233289278238517e-02
9.345627620395494106e-02 9.709819427179734730e-02 1.042103558871223662e-01 9.798091978890614839e-02 1.099175738985322254e-01 9.312069860289948209e-02 9.972923734495997561e-02 1.015734846194815272e-01 1.041953744979898094e-01 9.871788488435620512e-02
8.684297000008067702e-02 1.033402872366424446e-01 1.174114998440339841e-01 8.349583958005918349e-02 1.264897180432750512e-01 9.347304232840718263e-02 1.055896151299346303e-01 8.289092035595441166e-02 1.174993871607169227e-01 8.296672032089555393e-02
8.759625316209591894e-02 9.554454049834637530e-02 1.089005802907131865e-01 8.351219110888453978e-02 1.516332726281082732e-01 9.257230385010357943e-02 1.054500806188024553e-01 8.563815306145339257e-02 1.089669506795163112e-01 8.018567410197595391e-02
8.722693561614958124e-02 9.935784390654313347e-02 1.159380451013673763e-01 8.479263161903598245e-02 1.390785349486572953e-01 9.219581846635375999e-02 1.070549265988253312e-01 8.493850617579337681e-02 1.159792904691257232e-01 7.343746709814842621e-02
9.007648586598240859e-02 9.425482019269793010e-02 1.059115494598402152e-01 9.298132160297667426e-02 1.303641043088386298e-01 9.809975013181701509e-02 1.108294352784505166e-01 9.040392912183289886e-02 1.059712183231799332e-01 8.110738571438383393e-02
8.869902643952590204e-02 9.772272353146174706e-02 1.108305862486811122e-01 8.946436327866494342e-02 1.317576497499084454e-01 9.793126542174365734e-02 1.113548389228363744e-01 8.555762821138365726e-02 1.108943105160755671e-01 7.578760767971852441e-02
8.868608894323030956e-02 9.532748443016549056e-02 1.062942930799719021e-01 9.246804867724016386e-02 1.344322514582663719e-01 9.841308022695750835e-02 1.101258604070500663e-01 8.835655503357565943e-02 1.063449010097342884e-01 7.955143673380823954e-02
9.011123269712759121e-02 9.075909552238660416e-02 1.020731793463586917e-01 9.180696204824657924e-02 1.466368156508786880e-01 9.953607163377789502e-02 1.130191411212135150e-01 8.904235982183035525e-02 1.021437666648887105e-01 7.487137549329136998e-02
8.256725942806561469e-02 9.766969316875379059e-02 1.200770827706405114e-01 8.546085662129002114e-02 1.292102009697574660e-01 9.320047937997716359e-02 1.141753609729106722e-01 8.418810143883551089e-02 1.201800493040110079e-01 7.327091594575821376e-02
8.896547484004312112e-02 1.008603325126500999e-01 1.072927834874920217e-01 9.067512439191319218e-02 1.334143450136685283e-01 9.903213730076483590e-02 1.053590384378660372e-01 8.789065542498397665e-02 1.073069520684290928e-01 7.920315652218912206e-02
8.476467999329009850e-02 9.130152066376064079e-02 1.051061419363150118e-01 9.021113506439604190e-02 1.544929405223602059e-01 9.673905113115710552e-02 1.122098904234785366e-01 8.686735953795755860e-02 1.051672440357010324e-01 7.314003669158379572e-02
8.835656093996525906e-02 9.635285426710778200e-02 1.066091703572565191e-01 9.302476109704145568e-02 1.380966127546352507e-01 9.722652210382327909e-02 1.079201120180946633e-01 8.766347509494050450e-02 1.066797253036936982e-01 7.807020606344164393e-02
8.920472437269165444e-02 9.522009377399195951e-02 1.102319487176893903e-01 9.177337185945588782e-02 1.295710448266315096e-01 9.643405854017213230e-02 1.120680698429941946e-01 8.760912107889454181e-02 1.103196374082528880e-01 7.756792957922586940e-02
8.430059191279748454e-02 8.942228619990486016e-02 1.091448444893011599e-01 8.313277215981892954e-02 1.634155759421326570e-01 9.054800084273338656e-02 1.109754497937366219e-01 8.364011164881196558e-02 1.092667365025364878e-01 7.615363050822647473e-02
8.374609656217114895e-02 9.964881568280334334e-02 1.170880395191082335e-01 8.955186856983800292e-02 1.248911336413846412e-01 9.420134451543014931e-02 1.103237678758449414e-01 8.541947232644626908e-02 1.171777760724862089e-01 7.795168523448710307e-02
8.399803329331330393e-02 9.525740266821963731e-02 1.161538239898072811e-01 8.346816913073412669e-02 1.516833801572070872e-01 9.028823700635489613e-02 1.096780639363429261e-01 8.282311019379130779e-02 1.162295344590750096e-01 7.042024516515446586e-02
9.493174541136953359e-02 9.165784144752676943e-02 1.015074677772446199e-01 9.536159989972500806e-02 1.252477527369786625e-01 1.008220995503491674e-01 1.126524269884393165e-01 9.442858318061851663e-02 1.015845383903598853e-01 8.180594461738853462e-02
8.169438319335091403e-02 9.084209139413960965e-02 1.121393049575127171e-01 8.723334237038739281e-02 1.579831054356555797e-01 9.242263331299131746e-02 1.146516534978109514e-01 8.332386168526668968e-02 1.121989775245298415e-01 6.751064662835502828e-02
9.190963413010481975e-02 9.173944286563034956e-02 9.911771895750649819e-02 9.574283093977235815e-02 1.357421865775322867e-01 9.972870689506389830e-02 1.083472672337176118e-01 9.285162365500361503e-02 9.916290793738526121e-02 8.565768080828325970e-02
8.947192803378024861e-02 9.778872535596616622e-02 1.071465377107422012e-01 9.311355133223499225e-02 1.257350650036493933e-01 9.883423560480479597e-02 1.085531227765488271e-01 9.284961128700716659e-02 1.071962549670257558e-01 7.931096792824049446e-02
8.149436223446614169e-02 9.804231772651786359e-02 1.219114059273916917e-01 8.233400346927717550e-02 1.427750240538855908e-01 8.913648390302765512e-02 1.097250343570533998e-01 8.026509446863239194e-02 1.220165970047230458e-01 7.229967685502507180e-02
8.772199940282883468e-02 9.458042017079285046e-02 1.062455494069966949e-01 9.468068309394032933e-02 1.306256122150526722e-01 9.443395895685487151e-02 1.062825073145095972e-01 9.333049524494943516e-02 1.063342000168013973e-01 8.576457417727328947e-02
8.845062202033161791e-02 9.195196784015524649e-02 1.040781160835044100e-01 9.217084559730426285e-02 1.314860932562253171e-01 9.926893903336075908e-02 1.133043641356693831e-01 9.466773764868902097e-02 1.041653480360803380e-01 8.045596634867961672e-02
8.930360983091023552e-02 9.986418687384568393e-02 1.077123726109294882e-01 9.089395928210050601e-02 1.353845066498259586e-01 9.888229764759995377e-02 1.068166566204189899e-01 8.660650203987503570e-02 1.077722891328824900e-01 7.676361931161164442e-02
8.198895272741678342e-02 8.745174185727096206e-02 9.891708589593020684e-02 8.166736560035205150e-02 2.054135201803332089e-01 8.813111987820936022e-02 9.984216013024274639e-02 8.232953751114970020e-02 9.896515925395299451e-02 7.529335696514201370e-02
8.085671908481162351e-02 9.825954392809331528e-02 1.187100560962933149e-01 8.129009078987939341e-02 1.576677276075196532e-01 8.915902441613796081e-02 1.068075056415540292e-01 8.014298779197967515e-02 1.188138095223549989e-01 6.829253512137604953e-02
8.585388315089928502e-02 9.728995496043993385e-02 1.106121841548529799e-01 8.802155431095205762e-02 1.389821106177454857e-01 9.776666012711784925e-02 1.115067230585180397e-01 8.505326529331035113e-02 1.106991769047042801e-01 7.421448742145976551e-02
8.402466877586819982e-02 1.028000606569543784e-01 1.168039828789208812e-01 9.086076784280651408e-02 1.174261039754076336e-01 9.380081838944009931e-02 1.060427204768847886e-01 9.025365710076480030e-02 1.168792374201564066e-01 8.110798248279627032e-02
9.174103270984926284e-02 9.890735758941626710e-02 1.003163473006136175e-01 9.921912732561083414e-02 1.173334407837307997e-01 1.052281253975302922e-01 1.068644592555930972e-01 9.160742855705569787e-02 1.003920781637318710e-01 8.839060291686826054e-02
9.160196446795675074e-02 9.105034269072612152e-02 1.032464711859345935e-01 8.928007117868135001e-02 1.373760495127103742e-01 9.803639288245236116e-02 1.120260607487963828e-01 9.193947948921568636e-02 1.033222810821135540e-01 8.212088676141282573e-02
9.237895685022347314e-02 1.009356020136556592e-01 1.100187499615680187e-01 9.433231010382067683e-02 1.234287998258112168e-01 9.713188502948828795e-02 1.058627667489122487e-01 8.713565966720970835e-02 1.100624775343012340e-01 7.871279226500946247e-02
8.419233117605877392e-02 9.414597896880329275e-02 1.106332818645594240e-01 8.770688569987789007e-02 1.440637396528878789e-01 9.529540282178385058e-02 1.124864275572412531e-01 8.594869985904239618e-02 1.107525560010596821e-01 7.477469639868553064e-02
8.832938751429855739e-02 9.925177639441855326e-02 1.147149909338074925e-01 8.976168208377004187e-02 1.282526228892960085e-01 9.525444265748955752e-02 1.100414641131406135e-01 8.825314838219892877e-02 1.147799639273858890e-01 7.136052110419439931e-02
9.047689566475776435e-02 9.312168762818635870e-02 1.022592125663625839e-01 9.238958415452043493e-02 1.420544009832576948e-01 9.834924100580952344e-02 1.085328027744171114e-01 9.023332159381007578e-02 1.023064158028903908e-01 8.027643782598811728e-02
9.033098893445619393e-02 8.972437322432132156e-02 1.047008057886727739e-01 8.829090386293542148e-02 1.405537623637322375e-01 9.831775723318209037e-02 1.161329986623418631e-01 8.918277118586050156e-02 1.048149667327214485e-01 7.795067201177616201e-02
9.083525726903285413e-02 9.675088009061505456e-02 1.097652802964176472e-01 8.893732936683546031e-02 1.292209382551555708e-01 9.588818697777783118e-02 1.090241111030847559e-01 8.659321227504970797e-02 1.098770931967421732e-01 8.310771116928901414e-02
9.266901527929274907e-02 9.532488937297821374e-02 1.021292785030934319e-01 9.083794580163453980e-02 1.352842316145899670e-01 9.973568055162926327e-02 1.072500556487377271e-01 9.054913181828788682e-02 1.021754527556776176e-01 8.404431865407856195e-02
9.374755376693631737e-02 9.550247848334887657e-02 1.060554264771943617e-01 9.144309240398870720e-02 1.257146850099529756e-01 9.922451865508138957e-02 1.106235960307158372e-01 9.224037042327891400e-02 1.060839052449036729e-01 7.936437350459890627e-02
8.886818481051209084e-02 9.186986186222907691e-02 1.034329149627300076e-01 9.106677943053866076e-02 1.416106887843292528e-01 9.631807972811477769e-02 1.089441004362772802e-01 9.058018821115981778e-02 1.034911877112980327e-01 8.381801406281103040e-02
9.021890072629375201e-02 8.921436950767988594e-02 1.016144531741360185e-01 9.087383804757807881e-02 1.439021787443185152e-01 9.811587605343402574e-02 1.127873621232779039e-01 9.018950056306586360e-02 1.016704582445124017e-01 8.141306281570361014e-02
8.291283102014378181e-02 9.464233486525472361e-02 1.176697144881035245e-01 8.503843326607779529e-02 1.399454565912950088e-01 8.956226257980147432e-02 1.108539135220252131e-01 8.407350372880662004e-02 1.177795025106871674e-01 7.752204742780474667e-02
7.927837054903759395e-02 1.045188147083095515e-01 1.274027476483695909e-01 8.175603341287254744e-02 1.324518127890126351e-01 8.854586644860305833e-02 1.061103566018975208e-01 7.877273026211620288e-02 1.274990787347740628e-01 7.366418884500725017e-02
9.934044629577121199e-02 9.489470309646168278e-02 1.022419836126463311e-01 9.391276552240838960e-02 1.216520031080007697e-01 1.013524308573602317e-01 1.096518157736608712e-01 9.228052237905154387e-02 1.022848914995237724e-01 8.238843785511512641e-02
8.453687395986952957e-02 9.036710087514318590e-02 1.097598437204922589e-01 8.466724176322756867e-02 1.588246330834264253e-01 9.230608814069518608e-02 1.126278294391339085e-01 8.359170255149402096e-02 1.098253307067337536e-01 7.349335575978412083e-02
8.863022251628956127e-02 9.918280187573241813e-02 1.117036437898462076e-01 9.013972834731302786e-02 1.273311868999949803e-01 9.633042536944823320e-02 1.084488403408448154e-01 8.726071009764878317e-02 1.117298241719695551e-01 7.924261659091241805e-02
8.588559573421949978e-02 9.517323099319364987e-02 1.124610630727591598e-01 8.583398133231179283e-02 1.373527629546389961e-01 9.530258787174011870e-02 1.128270297791963001e-01 8.590148537361155801e-02 1.125292805491719533e-01 7.673298233915698541e-02
9.329372380319048141e-02 8.984368114187672727e-02 1.001607023629310783e-01 9.496910398655848684e-02 1.368307332047596081e-01 1.026135223972085564e-01 1.157843676002063976e-01 9.161908737212376419e-02 1.002313688080360421e-01 7.465370932310888552e-02
8.492937503190900461e-02 8.979147015459137959e-02 1.083043776870503128e-01 8.639212146178465446e-02 1.553524080925266504e-01 9.434475760492200269e-02 1.146869426875751774e-01 8.555885829160120304e-02 1.083716900428907393e-01 7.226799894514891742e-02
8.621053374472871511e-02 9.810616216296452752e-02 1.141578030347953215e-01 8.875579024111007742e-02 1.353326951291612679e-01 9.175758830513326691e-02 1.063522224008422723e-01 8.483763105642137814e-02 1.142488116240643475e-01 8.024076230077881178e-02
9.045393296167775210e-02 9.383105729427952679e-02 1.050269852759677658e-01 9.063643362996967601e-02 1.397424241408666001e-01 9.769684785173725350e-02 1.099447818735103527e-01 8.971018246744172364e-02 1.051069557676157368e-01 7.785039873693364032e-02
8.473089787340699897e-02 1.003861629582789988e-01 1.200343052287238116e-01 8.672777845527510077e-02 1.340075933738818503e-01 8.983164326985038084e-02 1.063707681128478327e-01 8.361018681472733027e-02 1.200833071123046103e-01 7.421735680070302987e-02
9.045426979224359398e-02 9.339790200037915990e-02 1.035529078979226941e-01 9.714372086381574400e-02 1.210195208027448205e-01 9.420649583349621770e-02 1.046330834159953510e-01 9.640558873843542431e-02 1.036075661051666097e-01 9.557894454980038479e-02
8.826314314760211333e-02 9.620218100506036651e-02 1.114537519510890307e-01 8.799280426433583879e-02 1.372733191908678263e-01 9.491479901291596799e-02 1.101407158885484711e-01 8.563492925646773446e-02 1.115694356034966084e-01 7.655492067961604252e-02
