7.971316405340855837e-02 1.205126613873705455e-01 1.221880424832731682e-01 1.043917990903915211e-01 9.857105090581953777e-02 9.174300870865008395e-02 1.225429710797161231e-01 9.558844834408149194e-02 8.286618157440601984e-02 8.188267237288297806e-02
8.385970032805198371e-02 1.140224715218897816e-01 1.241007734017752495e-01 1.009313919484698674e-01 9.632170682707624776e-02 9.062844782860611514e-02 1.252067011491682647e-01 9.467413650954210891e-02 8.568193903740027595e-02 8.457273144802016085e-02
8.558755901208267569e-02 1.113655043621302188e-01 1.196282511011765026e-01 1.019996519183437589e-01 9.572958761959594887e-02 9.080851253970213810e-02 1.203161122055130261e-01 9.430120714808122584e-02 9.184652305491865232e-02 8.841709103845583895e-02
7.869122770563080627e-02 1.211479970111711268e-01 1.209582411371193378e-01 1.035870933796021603e-01 1.098974276070303208e-01 8.873167758546084138e-02 1.216027330367491083e-01 9.285639472115346515e-02 8.249778198183559119e-02 8.002942583424725587e-02
8.026378157872390839e-02 1.160856777716531701e-01 1.272161414710267779e-01 1.007188735292367660e-01 9.731392515002573740e-02 9.008103964500795147e-02 1.282539601452179490e-01 9.411276146965044664e-02 8.467174227380634688e-02 8.128209696565087683e-02
9.394950054445519450e-02 1.056289859835151668e-01 1.149802341013932000e-01 9.634191162956000365e-02 9.869968642626450461e-02 9.214850187762860245e-02 1.154881590653794032e-01 9.445019240687332895e-02 9.281822732780921348e-02 9.549460063712141011e-02
7.699591283966812638e-02 1.169308280372344661e-01 1.245656876178136141e-01 1.043566127894914042e-01 9.996596009694053153e-02 9.025295904717346718e-02 1.250085144654073388e-01 9.282228939977603399e-02 9.040614506407335105e-02 7.869509064242172225e-02
8.266031128463414979e-02 1.153333162913954962e-01 1.197673602176038687e-01 9.971576031540481388e-02 1.057350585518526953e-01 8.774788129933971947e-02 1.204070853727686186e-01 9.449572686048085535e-02 8.946197267491973193e-02 8.467552713160010625e-02
8.648871313625380863e-02 1.135074426634391231e-01 1.185385350870995363e-01 1.017839234335915777e-01 9.591793564875732148e-02 9.257612969738883424e-02 1.189249745858789870e-01 9.538036340756600451e-02 8.837742407648752074e-02 8.850455826353728628e-02
8.248833072271212485e-02 1.177008281854059063e-01 1.226849008066174251e-01 1.034481638325192715e-01 1.002694990352342719e-01 8.971040821554794598e-02 1.236640143185774587e-01 9.444440380726470963e-02 7.946966096496109466e-02 8.611979011115977745e-02
8.236662515869293266e-02 1.117743557266435289e-01 1.245198159054493880e-01 1.002238208913679290e-01 1.019200362462370918e-01 8.823992868118629707e-02 1.258362578054612324e-01 9.168463886834997412e-02 8.974922172495407302e-02 8.368529899165752517e-02
7.852562077095492921e-02 1.245559947006822793e-01 1.269542646290850729e-01 1.030488194841623628e-01 9.988878959782936107e-02 8.678475170813058914e-02 1.280823502052286789e-01 9.157554476959178791e-02 8.148485704784476369e-02 7.909900708649014733e-02
8.251409367269411932e-02 1.220644814611277218e-01 1.168395280797306507e-01 1.008884172765558834e-01 1.029802847854402875e-01 8.780631966345173178e-02 1.170120133034723009e-01 9.225001523319276142e-02 9.142448433532222862e-02 8.622036218901231452e-02
7.634962485278348754e-02 1.260138262505318685e-01 1.258399677800126626e-01 1.012768980316406664e-01 1.114823858010921265e-01 8.445052503787954523e-02 1.270074104174994112e-01 9.018440588105369748e-02 7.996948781753310254e-02 7.742546812997345984e-02
7.562103781543988434e-02 1.214721284269202201e-01 1.250436681048446852e-01 1.020842621154112589e-01 1.077100070552433758e-01 8.763295380430916048e-02 1.258875714650663780e-01 9.202291166554578405e-02 8.579505881800435219e-02 7.673040072921487320e-02
8.068452105388193574e-02 1.185117830495143743e-01 1.264662445587147743e-01 1.009204142284087641e-01 1.004896294740284801e-01 8.701784959483044313e-02 1.277220456044301511e-01 9.130294798155953739e-02 8.544531034995046792e-02 8.143925410468109971e-02
8.509975752338289068e-02 1.172477314382423808e-01 1.192034134769482528e-01 1.012157674753385167e-01 1.011059456049453326e-01 8.732194451813932168e-02 1.201800001298815590e-01 9.424769746758862587e-02 8.735980415786877284e-02 8.701793820766433318e-02
7.947433762609168451e-02 1.143349564459060774e-01 1.206601309313259374e-01 1.056400029901800180e-01 1.004223816035596101e-01 9.564855803547864244e-02 1.211183501564140480e-01 9.769324822388227025e-02 8.469657230513448487e-02 8.031146168202718538e-02
7.597251807444524441e-02 1.218434886717138371e-01 1.287267364782966328e-01 1.066751262028349106e-01 9.398903668426283886e-02 8.985072781758508820e-02 1.294379852422486155e-01 9.517993744643765686e-02 8.041045762182368051e-02 7.791398576035153678e-02
8.228301928077311200e-02 1.188015069531296736e-01 1.215468540420890781e-01 1.017017676474630677e-01 1.060737566919117414e-01 8.611358581641119503e-02 1.221134275596466590e-01 9.295274218196197813e-02 8.531793021450881365e-02 8.309540961210468146e-02
8.012007961965499081e-02 1.177786043088925871e-01 1.268289183265046138e-01 1.021145252234736955e-01 9.535576988196678427e-02 8.867001979948646584e-02 1.278085483272613510e-01 9.383712483526045200e-02 8.556343867654654656e-02 8.192297100095249918e-02
8.421396560453328628e-02 1.119127229120359668e-01 1.186064974147386653e-01 1.014847165944509771e-01 1.041390235683442161e-01 8.999659723120216615e-02 1.195836413700597928e-01 9.423682671047205195e-02 8.962433504025038578e-02 8.620167355391256114e-02
8.575082405190612156e-02 1.156655161015861383e-01 1.214401623818373577e-01 9.953515143848468139e-02 9.985966620010215677e-02 8.858912325788911857e-02 1.223736718802051759e-01 9.319832033445388242e-02 8.726876041811061635e-02 8.631880393542475105e-02
7.937624000738149888e-02 1.176119239769969349e-01 1.226290513220882339e-01 9.975845119762981328e-02 1.096001972035168526e-01 8.703173635420526077e-02 1.234030829055431100e-01 9.375251172631415830e-02 8.507739662285548898e-02 8.175940868346864843e-02
8.669397602834001682e-02 1.196717916343841143e-01 1.233655097498959768e-01 1.004629987102511751e-01 9.249029582860150700e-02 8.955515307585944218e-02 1.240153719893741374e-01 9.365323729726703073e-02 8.406714788083391454e-02 8.602451780519269897e-02
6.965497535426269649e-02 1.180449186640719905e-01 1.218372434942692345e-01 9.902291130915684414e-02 1.532392575343083652e-01 8.455389520306740014e-02 1.224648743634354636e-01 8.862467997429122890e-02 7.163398062881888573e-02 7.092326347431786304e-02
8.457747664741173399e-02 1.153044221416258952e-01 1.196817604175705457e-01 1.023461862221542867e-01 9.443566895776531189e-02 9.209367770299442535e-02 1.203420769419221159e-01 9.564171553220725264e-02 8.798157817142801540e-02 8.759543726492036164e-02
8.456819093041724467e-02 1.127636700270062964e-01 1.178281664138688678e-01 1.052087994340670102e-01 1.040686884470074514e-01 8.999428320453441155e-02 1.183715546369221022e-01 9.336494739308140445e-02 8.747240570946265836e-02 8.635929380363255303e-02
8.221042191247703024e-02 1.166033266792379924e-01 1.217556028747576874e-01 1.027594762308040033e-01 1.019037174701569182e-01 8.984555246968981002e-02 1.226937704106631777e-01 9.289439450638568851e-02 8.611925792937216717e-02 8.321447951645559449e-02
8.555417507131966859e-02 1.136532781898477451e-01 1.159516195219979923e-01 1.007560552756680966e-01 1.068758869077514606e-01 8.870346985958925401e-02 1.164723922097299774e-01 9.191894557482779837e-02 9.238229765242453317e-02 8.773187973684341834e-02
7.789823503033778407e-02 1.190320299778250684e-01 1.273790144175188377e-01 1.043606550339899880e-01 9.895669036609468228e-02 8.930204156311256913e-02 1.283285088705913568e-01 9.267539197952130714e-02 8.161901269100847733e-02 8.044842006999992912e-02
8.143123280738076564e-02 1.193215938473199261e-01 1.217193763886705860e-01 1.033483496959311937e-01 1.008250453770065391e-01 8.868205887547092603e-02 1.227979098040679895e-01 9.358164693542089796e-02 8.411248557194610231e-02 8.418030069678505978e-02
8.034308733596053076e-02 1.216250864279373456e-01 1.227589007459860410e-01 1.030419480087956530e-01 1.012232978991845500e-01 8.908250785917593007e-02 1.238387321557779669e-01 9.491359262285860299e-02 8.082977195609837573e-02 8.234307498822499016e-02
8.730495374610428017e-02 1.061689159221558265e-01 1.076113449726331384e-01 1.080608018618157279e-01 1.067635549982314941e-01 9.438635855140327380e-02 1.078445108835827254e-01 9.526265181501782087e-02 9.850654912746320546e-02 8.809035812159247969e-02
8.953288441420112487e-02 1.095346005911634613e-01 1.166058945748501136e-01 9.845297662947016804e-02 9.942030648073155175e-02 9.337647826862179035e-02 1.170156569699902227e-01 9.664673945273391520e-02 8.898159566806435050e-02 9.043286695017334342e-02
8.087835917865247859e-02 1.191872086656506485e-01 1.228486289488104760e-01 1.011606265869978011e-01 1.132916135309581240e-01 8.319985239633378993e-02 1.237411829141922548e-01 8.709119675199755717e-02 8.695065823107855918e-02 8.165067279532840783e-02
7.315109891586805968e-02 1.259601726135259336e-01 1.243568580037251320e-01 1.047114167952312436e-01 1.137430498742492274e-01 8.866384794697917959e-02 1.248543132747924750e-01 9.201806812535516522e-02 7.808634713626194657e-02 7.445482731401166510e-02
8.173148942518415616e-02 1.187920256435635452e-01 1.269973491049475878e-01 1.032934996914707110e-01 9.265717638921285026e-02 9.054610676193286523e-02 1.278635064898889784e-01 9.407506284783960504e-02 8.154873625418374017e-02 8.249504739177594692e-02
8.093299113748475548e-02 1.203969090279985860e-01 1.299247984088359731e-01 9.785090183087731541e-02 1.011484231192366218e-01 8.599285084696085824e-02 1.309218798309456089e-01 9.066253929747325468e-02 8.064901217536567246e-02 8.151969432482128464e-02
7.709413762687389315e-02 1.239550314086813737e-01 1.274649134383946669e-01 1.007676410096958464e-01 1.048957094443481869e-01 8.583684300912795828e-02 1.285532286773660715e-01 9.159127869874776617e-02 8.030166895711532415e-02 7.953954772964892672e-02
8.280313847675886685e-02 1.161390590498374564e-01 1.252953226158616817e-01 1.012504792120588332e-01 1.008840896761089428e-01 8.721697427537257463e-02 1.262563649134978705e-01 9.353974752638694046e-02 8.209633444849345763e-02 8.451848980562343128e-02
8.254844372294588284e-02 1.187823175593640812e-01 1.201557578385644282e-01 1.025288028022399850e-01 1.071887733870458825e-01 8.696848531536993665e-02 1.211227275237353462e-01 9.351959559379915965e-02 8.258272150653454824e-02 8.460237475040076338e-02
8.469255856241791891e-02 1.176914845958773187e-01 1.265956043933128272e-01 1.022158695473820156e-01 9.599159597510004138e-02 8.703600691606411255e-02 1.272081255141861433e-01 9.330183563592152340e-02 8.151625378294084789e-02 8.375066507679723715e-02
7.920364452824181500e-02 1.196167005991495280e-01 1.233645216492138402e-01 1.039421445767056557e-01 1.031287167022156420e-01 8.904248320481894519e-02 1.243139725696526948e-01 9.339328194105819825e-02 8.295209909537556991e-02 8.104243513356806927e-02
7.817547298369190156e-02 1.193424386962496919e-01 1.204443974410762674e-01 1.071238336833740395e-01 1.054291111386819607e-01 8.876560135500149995e-02 1.210572230962807805e-01 9.390638028906836410e-02 8.426894998546588522e-02 8.148659133110960906e-02
8.414588745133839975e-02 1.137889277530058918e-01 1.194839547853617928e-01 1.046342765729741803e-01 1.009002985306179517e-01 9.088113005300257896e-02 1.199629706111480371e-01 9.194606569911463467e-02 8.988339004451581515e-02 8.437309849892081492e-02
7.427058681515188998e-02 1.276350716095289439e-01 1.250295386220485472e-01 1.052621747832250265e-01 1.065538732693181861e-01 8.815246303066706646e-02 1.253015743304105589e-01 9.427779916355681633e-02 7.707782363773087175e-02 7.643909473836212054e-02
7.819621032567129759e-02 1.247595305928509285e-01 1.263953810089636365e-01 1.046855908467441559e-01 9.698534488810241216e-02 8.851236295559357370e-02 1.272386599042827637e-01 9.125463446645733223e-02 8.281106911321360620e-02 7.916121589812029347e-02
8.401988866707547909e-02 1.128208733688572524e-01 1.196891038204222352e-01 1.035689430190542409e-01 1.037548193185807016e-01 8.921399027979040608e-02 1.202979910583894668e-01 9.468754009406837868e-02 8.540998443462136103e-02 8.653686593914054759e-02
7.870154020509957660e-02 1.101820902949943587e-01 1.178920020511685651e-01 1.063367373871252491e-01 1.072563322946149117e-01 9.079940017632387450e-02 1.184890065980134660e-01 9.258272905276544729e-02 9.316521253416795711e-02 8.459494940572652444e-02
9.095398638967645832e-02 1.028050338125028607e-01 1.047311644475422687e-01 1.051823777791643377e-01 1.088077996544473125e-01 9.315865135370075822e-02 1.049865276196848413e-01 9.770478875569006683e-02 9.806595273291635051e-02 9.360371745467477300e-02
8.410093399055679209e-02 1.138646657696416459e-01 1.198767013842203105e-01 1.034985052818584855e-01 1.014931704650554184e-01 9.051800194612300010e-02 1.205794408317650973e-01 9.270089976173466473e-02 8.751302177178361952e-02 8.585465879726099370e-02
8.474105009508468844e-02 1.124466811867472493e-01 1.144881802376238183e-01 1.072425800610076613e-01 1.013148087607194936e-01 9.299584247659700709e-02 1.151477893944070352e-01 9.611139725369005626e-02 8.890488695607490222e-02 8.660678357804810212e-02
8.678129563474945574e-02 1.095657794959980780e-01 1.151241772970091476e-01 1.020243436735075865e-01 1.039174056256895601e-01 8.955984016714932383e-02 1.161153233264116402e-01 9.670803481338205443e-02 9.258878143250655335e-02 8.761501853359665581e-02
8.013767665339949220e-02 1.200583185317239537e-01 1.257402851982616920e-01 1.011364777023511102e-01 1.060066682003603655e-01 8.612970982487436200e-02 1.268074348650931604e-01 8.904322016781714144e-02 8.542906204973385598e-02 7.951114680638483867e-02
7.406520607126668154e-02 1.248733116507182578e-01 1.272206513728337818e-01 1.049314318749100666e-01 1.064915482260856833e-01 8.768281724411412792e-02 1.278532044973804960e-01 9.222806959085760869e-02 8.073710289137800422e-02 7.391665658045526444e-02
7.905141372162506619e-02 1.207907989961157919e-01 1.266001375667676898e-01 1.008416897428179443e-01 1.077484343545531964e-01 8.356130619143065097e-02 1.277772634020687692e-01 8.732714606224090126e-02 8.629124206463462121e-02 8.001056789774535494e-02
7.630274996574815116e-02 1.254277632476987481e-01 1.237948774868581764e-01 1.016239143048416199e-01 1.101079218434141416e-01 8.609729378300022551e-02 1.242524325287678449e-01 9.054667416447480244e-02 8.454219496183766613e-02 7.730417771335856836e-02
7.997353023108869086e-02 1.198691876247952037e-01 1.225465802323168346e-01 1.039551670955671664e-01 1.003138759159767357e-01 9.097996999128238338e-02 1.231774592319762746e-01 9.458045623279423553e-02 8.245447840432880426e-02 8.214929503987367099e-02
8.468088652948671524e-02 1.132256467931982008e-01 1.166314143320749536e-01 1.064632549266988498e-01 1.076813435388232765e-01 9.183320483924473088e-02 1.171737746640781203e-01 9.468039161625463329e-02 8.595060026644264772e-02 8.167948249369785807e-02
8.255112164472507008e-02 1.145164931201188563e-01 1.278433505872356435e-01 9.904887889288814529e-02 9.859137154025171546e-02 8.900074561292302400e-02 1.290494018621083094e-01 8.986361664101163993e-02 8.497451472746651857e-02 8.456050537127109135e-02
8.652322689944094702e-02 1.106438073889665780e-01 1.104467551309346041e-01 1.068803926281356176e-01 1.081702634470069480e-01 9.136363258618983296e-02 1.108364563382317897e-01 9.510811564551377439e-02 9.009744716187406688e-02 8.992990277370579988e-02
8.569647636188068573e-02 1.155519673735234121e-01 1.224251560560761787e-01 1.001436378159704516e-01 1.000192251514145508e-01 8.819907238391552773e-02 1.235706228927725830e-01 9.424147155328056746e-02 8.383188264282406821e-02 8.632048776834190529e-02
7.974693748287886574e-02 1.145685341614078034e-01 1.223562296623196682e-01 1.042689028879032476e-01 1.000507302342504151e-01 9.209419862480247576e-02 1.232977812360404324e-01 9.340678405396067585e-02 8.831393643679497085e-02 8.189596521964138953e-02
9.057849218338995256e-02 1.097170138593250854e-01 1.136487691547911627e-01 9.742676694924430614e-02 1.010006385292556430e-01 9.146600573043357774e-02 1.141589001788405611e-01 9.593461387494356396e-02 9.047019454970187113e-02 9.559860499007426238e-02
8.048418290121749086e-02 1.208323380993797241e-01 1.239516706410644376e-01 1.045875113417124858e-01 9.264370304015023816e-02 8.959388409712705503e-02 1.244233658823660910e-01 9.374104145718104020e-02 8.629197106190733546e-02 8.345033147789408801e-02
8.005059992058327634e-02 1.228730579751484975e-01 1.178190812248033070e-01 1.058498081536353302e-01 1.072535187081310737e-01 8.875141464885051568e-02 1.185146371621272204e-01 9.189308797245913929e-02 8.433048007863767903e-02 8.266431415562397467e-02
8.329610726354209904e-02 1.188126246691122295e-01 1.175872975393820741e-01 1.011382583585130751e-01 1.074707606935458304e-01 8.834372414439506382e-02 1.181912986395722148e-01 9.302593776733700248e-02 8.832408969674315768e-02 8.380990122785729468e-02
8.092241027834491673e-02 1.175125948616470295e-01 1.212148831374626062e-01 1.039388773743065292e-01 1.055791363386135162e-01 8.868881899951494563e-02 1.217439760135098914e-01 9.431884550807292933e-02 8.492196148878559947e-02 8.115849599974202244e-02
8.527908497461059167e-02 1.148468000673443928e-01 1.193775260341749939e-01 1.038805023608404821e-01 9.582226829666298795e-02 9.368226148299474421e-02 1.197328245236955468e-01 9.471418385972178722e-02 8.553566882081956035e-02 8.712887957913494075e-02
8.400730789260366094e-02 1.091955454464828001e-01 1.163904154048663320e-01 1.026058784997693207e-01 1.110249528861226576e-01 8.764052419801220128e-02 1.171029463448450131e-01 9.023916154418545887e-02 9.584499766227159989e-02 8.594827012084092777e-02
8.066054400594095675e-02 1.180829804170576980e-01 1.238916936087500198e-01 1.014249327362028302e-01 1.047772233520658375e-01 8.806142250802981297e-02 1.247568813072014310e-01 9.299529911184876985e-02 8.347339235585282680e-02 8.187563059704983104e-02
8.279775521756295442e-02 1.189624549256233371e-01 1.172013869633472954e-01 1.021708878134328508e-01 1.107391222003827891e-01 8.742042329835246484e-02 1.180379250886565562e-01 9.276282226029451683e-02 8.446491067115029228e-02 8.544231156119697079e-02
7.632650154340339665e-02 1.242687932919841198e-01 1.217521561157438315e-01 1.040606590558015299e-01 1.109231239865508950e-01 8.627253355521277700e-02 1.224690401271794349e-01 8.940614051240246274e-02 8.595380243691071176e-02 7.856724937481078530e-02
7.877589912034851927e-02 1.220745490402361938e-01 1.250385978800218900e-01 1.004269369823843627e-01 1.069937911375201112e-01 8.753182702650184888e-02 1.257324698775961480e-01 9.060954594945427876e-02 8.446762373567687221e-02 7.834875925025981680e-02
7.890751608425361496e-02 1.181683223670757232e-01 1.283278036835607816e-01 1.000947604857928969e-01 9.803907017914503808e-02 9.357533330858405773e-02 1.293258788779449997e-01 8.936286854599911900e-02 8.271465024292547208e-02 8.148379622471826900e-02
7.743965995067418617e-02 1.251190193737923007e-01 1.253408629284176179e-01 1.030549899338460695e-01 1.044811545399764174e-01 8.490757003403834324e-02 1.262775268709547538e-01 9.029061366202194294e-02 8.541048418668474584e-02 7.767811851959365022e-02
8.375342538336752463e-02 1.119225558273858750e-01 1.202764602080851064e-01 1.005293830507369007e-01 1.047021778642583528e-01 8.888598061834065978e-02 1.213151479198075477e-01 9.320277885314812161e-02 8.975339022614048368e-02 8.565870004872939980e-02
5.335546516585251697e-02 1.410506448670239554e-01 1.517962167045579513e-01 1.193520158156464589e-01 7.716726442170411537e-02 9.508347619585065524e-02 1.519750525702810995e-01 9.869330658613964524e-02 5.705955184290063126e-02 5.446700583004299850e-02
7.949742016502628350e-02 1.172683277066559199e-01 1.190587671564808103e-01 1.075558596791069826e-01 1.068641470572881252e-01 8.942456073661746163e-02 1.197599495428475769e-01 9.468932893619168290e-02 8.443592793367973859e-02 8.144571108610540455e-02
8.127368091392868366e-02 1.187073757260945078e-01 1.216750079072212581e-01 1.042484712007382824e-01 1.024319621064877922e-01 9.067406052331988819e-02 1.224476205623741265e-01 9.438456892510040108e-02 8.100529308206824708e-02 8.315195905266678511e-02
8.260073983259913488e-02 1.163273713499755058e-01 1.233673373154993980e-01 1.008299743085003669e-01 9.839537081357511983e-02 8.737709931217596537e-02 1.242950950998161774e-01 9.338460325467112799e-02 8.900978630490369303e-02 8.441262240828358021e-02
8.325268970605621821e-02 1.205417569817727047e-01 1.212207766705813011e-01 9.802469198417168572e-02 1.055525523603147026e-01 8.413317283755725184e-02 1.221223218725887155e-01 9.274401451085398373e-02 8.579348150421273189e-02 8.661454157189071856e-02
7.743592223256055840e-02 1.238823733944629663e-01 1.265562968012216849e-01 1.055638479961878429e-01 1.041092871972157802e-01 8.779680426537016247e-02 1.274606966811517583e-01 9.054577657805612523e-02 7.847739377636421543e-02 7.817160107740891983e-02
8.071118968496888979e-02 1.192417897248082698e-01 1.186528095033568958e-01 1.058356796261171878e-01 1.076965452271307355e-01 8.996574205833983429e-02 1.192538054720865409e-01 9.429723508782547614e-02 8.160925687420828023e-02 8.273594674115784808e-02
7.463933975380641905e-02 1.204513200743201895e-01 1.272926701738828770e-01 1.046605826742776774e-01 1.029074950450636627e-01 9.101575091837794951e-02 1.281657288129487982e-01 9.442286850222759986e-02 7.941398944680394534e-02 7.703025459829083987e-02
8.782286007725008392e-02 1.124101089492444278e-01 1.223129649479360453e-01 9.811253688108441395e-02 9.812441147243916584e-02 8.919372521838235535e-02 1.233467377097081097e-01 9.388783447295651063e-02 8.672315737077755660e-02 8.806566290022133092e-02
7.868712475399627926e-02 1.183018845316459178e-01 1.263849636202748483e-01 1.034335876062427856e-01 1.047910910919152561e-01 8.622067703485067347e-02 1.276876853652491040e-01 9.183860915735825303e-02 8.215099799530192759e-02 8.050337884316496884e-02
8.793971712129979024e-02 1.136427402271270037e-01 1.162408747752751575e-01 1.021437863275651559e-01 1.043062910981471386e-01 8.750287927680180933e-02 1.169137816019353293e-01 9.420840457263464363e-02 8.917723186969793436e-02 8.792429312951602349e-02
7.686686388281921412e-02 1.249875467599027429e-01 1.242235112384225404e-01 1.072768892380980554e-01 9.564118426844628318e-02 9.034209124135932079e-02 1.248861699539130093e-01 9.400828007213860027e-02 8.249258653849617096e-02 7.927487680640406265e-02
7.929785840558768728e-02 1.189771450332687969e-01 1.223526936874043264e-01 1.058002709093724680e-01 1.069661003850482656e-01 8.938720961497645390e-02 1.229389078807191227e-01 9.265920753609968585e-02 8.147967193712635225e-02 8.014093461039679955e-02
8.001611431170854716e-02 1.191807110992464253e-01 1.225869307518502455e-01 1.019827038218693999e-01 1.113670267308261158e-01 8.577555394596168836e-02 1.236387304385836300e-01 8.913557984039509330e-02 8.603679741989531116e-02 8.027985163966359916e-02
8.489836716490001267e-02 1.088342313584294563e-01 1.144495462329503388e-01 1.063440433091072806e-01 1.063293804198872650e-01 9.121521647371398644e-02 1.150362590025564846e-01 9.530799222386977798e-02 9.129817109790733243e-02 8.628679271667802353e-02
8.033509231686906948e-02 1.190020524204112445e-01 1.249149707568554951e-01 1.020776746398862206e-01 9.946883492713468056e-02 8.868226070151333240e-02 1.258855056455559784e-01 9.296022769075606984e-02 8.519936580253578695e-02 8.147401509848213597e-02
8.463185807884628098e-02 1.174678858811228077e-01 1.172629632181071690e-01 1.057356130137624972e-01 1.019958261394177668e-01 9.123773114315789079e-02 1.178712542788923068e-01 9.303183462861965014e-02 8.713948016356989901e-02 8.362555345450374544e-02
8.493141699994660732e-02 1.173547116549463615e-01 1.244612781663097245e-01 1.014371447241942670e-01 9.621997888090590145e-02 9.011670775358228413e-02 1.253045758122421915e-01 9.410442373696707719e-02 8.190219477036282669e-02 8.416756750054274483e-02
8.159083527604578390e-02 1.106845629652597335e-01 1.157550920361564012e-01 1.071788183071980954e-01 1.153689853388776831e-01 8.927658434844913671e-02 1.163470808194170814e-01 9.201736742657631862e-02 8.820485437646378990e-02 8.357581910555601790e-02
8.067181304287403265e-02 1.159474358853262305e-01 1.282108798535335770e-01 1.030508765082102235e-01 9.888577110503721235e-02 8.971932688048074589e-02 1.294626909119148406e-01 9.214528454385353951e-02 8.133715109884050165e-02 8.056877016992905483e-02
8.516827205536052492e-02 1.142819825608332729e-01 1.289622414920546800e-01 9.802312474762063521e-02 1.009659090123223718e-01 8.634932315710652784e-02 1.302199088761802070e-01 9.073398234240435956e-02 8.092823041907971915e-02 8.436702533703775708e-02
8.664551233485007220e-02 1.147215369786577371e-01 1.184078746214115019e-01 1.015526980666839191e-01 1.009518343305605970e-01 8.716173732651838479e-02 1.189829691301382553e-01 9.446458341537727899e-02 8.805558151629533370e-02 8.905567227950693387e-02
7.687053309740050910e-02 1.219088052861794086e-01 1.261911564485498349e-01 1.042996001325207922e-01 9.851375325198641342e-02 9.094626597024289827e-02 1.269560059198498181e-01 9.368379306943167006e-02 8.238487925427839809e-02 7.824520756956024337e-02
9.050566830588210876e-02 1.090359160374436420e-01 1.142616099526258117e-01 1.047332050663349751e-01 1.084738603945740593e-01 9.384119866618520489e-02 1.148228227978312505e-01 9.223844912156875520e-02 8.351695690448968090e-02 8.857031275306448403e-02
8.152059647391331210e-02 1.171242319346901539e-01 1.261980088455726678e-01 9.794842296390841863e-02 1.018648529612719983e-01 8.610377475310695972e-02 1.275433969409759116e-01 9.039999352406552502e-02 8.676450368395972890e-02 8.453221791853532396e-02
7.546376005566382550e-02 1.221533940555593473e-01 1.314486353477807845e-01 1.018681759644197993e-01 9.789387992806050653e-02 8.978971415106577758e-02 1.324717514939157403e-01 9.431259057448918015e-02 7.761256245970978018e-02 7.698553596933530030e-02
7.747761397090605073e-02 1.201552722332904916e-01 1.265247109966580463e-01 1.044058210779552909e-01 9.643613981586098005e-02 9.339718292978037295e-02 1.269761550814212936e-01 9.653503098355289969e-02 7.882517440150220434e-02 7.926689850907232826e-02
7.488017782087606766e-02 1.228648115014671777e-01 1.270083922090036177e-01 1.025019346637558448e-01 1.027430987076967672e-01 9.012586810336994936e-02 1.277636145309177518e-01 9.420354523186637297e-02 8.224111589044319492e-02 7.566744134060328364e-02
9.340224233610748550e-02 9.704217619001206940e-02 9.995351147140942027e-02 1.053139449219723522e-01 1.068366029872671458e-01 9.896273805735857076e-02 9.979161718858323149e-02 1.001700114359720672e-01 1.006344496988480913e-01 9.789270571246955210e-02
1.011126593229310505e-01 1.010960385722938226e-01 1.032426026656615287e-01 9.421364216570743411e-02 9.819890358547325726e-02 9.549095448401268005e-02 1.031474774354457363e-01 1.029565677630937259e-01 9.344223223853592719e-02 1.070989217668448790e-01
8.626748002524417536e-02 1.155909914990033566e-01 1.134914366920463241e-01 1.024773472850273315e-01 1.132952395577664639e-01 8.526796911206312168e-02 1.140573176429979241e-01 9.077893068851651537e-02 9.135410484247270813e-02 8.741918265486202377e-02
8.711300969426442886e-02 1.164385620566982527e-01 1.173233320120642131e-01 1.023324601425861652e-01 1.056534075522746474e-01 8.650043008334384886e-02 1.179010241480509535e-01 9.459477858044236520e-02 8.541938026183307220e-02 8.672361546844201130e-02
7.970820350676204036e-02 1.184867742244290756e-01 1.218458328481672043e-01 1.021509806848435314e-01 1.101733229055762847e-01 9.062110089115382738e-02 1.225294761884334616e-01 9.404103954577232305e-02 8.024942294589988701e-02 8.019384625896235075e-02
8.325875365001912665e-02 1.152814778823099268e-01 1.193649205792730594e-01 1.022451172527075181e-01 9.833513554121502132e-02 9.114624529824343069e-02 1.201068415315710292e-01 9.407166008629420928e-02 9.109341371603878190e-02 8.509643446232785513e-02
7.912374894603946274e-02 1.204670518069747981e-01 1.226018565958238160e-01 1.061422396188498596e-01 1.060071943656984428e-01 8.845304189801019012e-02 1.233169669569765675e-01 9.259444473766964556e-02 8.074480150882443197e-02 8.054865356513277175e-02
8.183764826648973201e-02 1.159903705571995042e-01 1.214122079379148789e-01 1.036857604593598436e-01 1.004611209207620232e-01 8.863343860685246600e-02 1.219254010776380792e-01 9.307927980612853980e-02 8.922122670345100648e-02 8.375354566420394054e-02
7.719959741224589889e-02 1.194399685204861616e-01 1.291041844647154158e-01 1.054107624163258955e-01 9.620701540851862854e-02 9.036383450230875414e-02 1.301263756711190656e-01 9.413815031579861325e-02 7.947987483989789326e-02 7.853023644858365959e-02
8.087997948220372602e-02 1.264289977448780355e-01 1.177103644746377714e-01 1.032746329354063269e-01 1.082481931148968346e-01 8.665394624640219978e-02 1.181614084554456212e-01 9.326432626438893592e-02 8.223781213868291973e-02 8.314033914305761497e-02
8.343252536122067187e-02 1.129104054307005084e-01 1.177978474438880763e-01 1.061566093659274818e-01 1.081480180737093288e-01 8.948867888996624165e-02 1.181048017209904849e-01 9.419756309805007999e-02 8.464282012777321618e-02 8.512073048777391016e-02
7.864215198964075171e-02 1.203514099034696805e-01 1.266304910001844752e-01 1.038852670485552881e-01 9.812930761816657244e-02 8.827484507533384095e-02 1.274261787507780519e-01 9.320129578750684096e-02 8.278178897541370318e-02 8.067726385095085051e-02
8.117643604039020966e-02 1.143803187562855705e-01 1.223202452086308289e-01 1.033309568816003915e-01 1.025012117035598719e-01 8.907855079741462678e-02 1.233358819308384008e-01 9.295355642473113189e-02 8.766463620913921007e-02 8.325820604740979958e-02
7.888425680920664596e-02 1.174578344887333287e-01 1.275715642735874844e-01 1.012662154771848261e-01 1.000595142399120924e-01 8.793138795686997189e-02 1.287310471804425649e-01 9.186497935412715754e-02 8.538445599577074163e-02 8.084874422416525597e-02
8.408896742589168360e-02 1.200621734275213043e-01 1.301150944823319944e-01 9.802928878719269212e-02 9.680369791129538048e-02 8.735690591967869290e-02 1.313303300840731880e-01 9.053056081814078726e-02 7.939408432293673656e-02 8.228889682093748492e-02
8.363473850629643547e-02 1.171254639554307891e-01 1.206779969269549807e-01 1.001346937995854364e-01 1.059542302129015956e-01 8.485026864210300224e-02 1.215087945039993039e-01 9.072432982898831488e-02 9.064863189271128718e-02 8.474085173102886837e-02
7.666312536495679952e-02 1.209438325751135412e-01 1.301578543546632882e-01 9.969769305678580218e-02 1.052715259939709380e-01 8.662265463118934417e-02 1.313302124167291252e-01 9.137364297830714854e-02 8.071741263116380405e-02 7.722204599712019502e-02
8.208597350580715268e-02 1.164537076302424173e-01 1.186151297460385640e-01 1.044921201562511587e-01 9.508058980714650943e-02 9.438273707868545526e-02 1.193578952786849001e-01 9.765778416788403749e-02 8.740044089773935099e-02 8.447362173152044018e-02
7.458518630685855022e-02 1.265376367342722352e-01 1.286973090028366573e-01 1.020321990470670209e-01 1.003737483247526124e-01 8.659380565388967443e-02 1.293923169698988629e-01 9.199346792943909057e-02 8.368807679216935802e-02 7.610625323881593796e-02
8.825332393027585098e-02 1.116008165099188210e-01 1.173186535413052040e-01 1.028191756175920041e-01 9.463290582173945753e-02 9.317966855187397035e-02 1.178099182801568001e-01 9.565845090218726143e-02 8.946056793194058498e-02 8.926651891301005948e-02
8.556112756493923499e-02 1.142126449551097017e-01 1.146473986147922564e-01 1.041390723133229224e-01 1.031015065166534239e-01 9.106391766315828640e-02 1.150992384471293678e-01 9.771912676060791336e-02 8.725050331305210516e-02 8.720546385123480182e-02
8.009480393113686814e-02 1.201003344246641819e-01 1.315154015241928043e-01 9.767491172460272819e-02 1.074676256295303556e-01 8.388791758965549739e-02 1.328769978015501285e-01 8.789934379102480599e-02 7.967695142662660490e-02 7.880571215701606680e-02
9.094164954376027232e-02 1.093189829111612943e-01 1.151711598951938864e-01 9.727593558325939305e-02 9.743673568739141810e-02 9.205926632720416725e-02 1.159781015913421143e-01 9.603643704893009836e-02 9.144417089155619516e-02 9.433756052020116079e-02
8.748881142467862526e-02 1.184612566857730226e-01 1.134259478485554751e-01 1.039494820428661093e-01 9.633135203803766533e-02 9.186175070426827460e-02 1.138507754118310566e-01 9.901566907388410776e-02 8.513411456622700657e-02 9.048084020387869852e-02
7.932234088637650504e-02 1.143982047994897000e-01 1.222068767365595277e-01 1.061346981032056241e-01 1.072563562015157179e-01 8.921430969048281534e-02 1.230520361192231904e-01 9.278595335124902033e-02 8.422934619542443713e-02 8.139987791647337878e-02
8.574887416110110738e-02 1.142889058861539242e-01 1.183787596525039953e-01 1.008236820208006923e-01 1.000272676128232258e-01 9.199696647369416669e-02 1.187593276613968102e-01 9.425528921873109478e-02 8.880344744421080072e-02 8.691747986858415487e-02
7.623359986890292095e-02 1.215182064404659590e-01 1.245512410113592400e-01 1.016189928594119080e-01 1.120407619969706198e-01 8.716437811847517481e-02 1.255776015859690342e-01 9.123019993632264235e-02 8.227227420275702585e-02 7.779274397936548902e-02
7.801458330246002770e-02 1.198359413310963739e-01 1.254711447239633959e-01 1.053309553705726737e-01 1.049021269429570580e-01 8.751195222687116471e-02 1.264883500799110494e-01 9.145060637572169360e-02 8.092843881637358516e-02 8.006590083007297798e-02
8.921090928557365296e-02 1.122757728819557127e-01 1.110065998299515633e-01 9.946648945228443728e-02 1.090374726712960429e-01 8.463177444672155547e-02 1.115652974807323783e-01 9.559848169635112858e-02 9.480630893079804167e-02 9.240089332433547298e-02
8.607889521007755507e-02 1.091428308524115820e-01 1.104571586687392720e-01 1.076050941149155754e-01 1.010886677558297531e-01 9.245187022060162574e-02 1.107809347160264996e-01 9.357784289992468474e-02 9.796097138991671782e-02 9.085573417155676235e-02
8.738744042551131741e-02 1.188543496809620625e-01 1.175352728195099700e-01 1.040686082399934209e-01 9.667231857314993737e-02 9.192713396858344377e-02 1.179366418976284109e-01 9.757040198334344938e-02 8.006831508707361322e-02 8.797951732424437454e-02
7.982893610711581933e-02 1.125776665711274993e-01 1.207014251714546016e-01 1.034882012777829929e-01 1.076231902228805826e-01 9.153956621287895334e-02 1.215014414912343743e-01 9.269252763952226526e-02 8.905474611541303043e-02 8.099229919058981153e-02
8.091423151099667865e-02 1.204860207803997302e-01 1.232741797633572223e-01 1.023424412125892996e-01 1.011729577100708294e-01 8.728002009722772569e-02 1.243631454369292927e-01 9.211634341970728612e-02 8.581831316840674018e-02 8.223234690031516747e-02
7.671995521103544546e-02 1.200805114243580496e-01 1.208243622856472882e-01 1.042492302205211413e-01 1.087821085946279742e-01 9.237568511409841032e-02 1.216988906751565458e-01 9.635672628013873531e-02 8.044457758441257711e-02 7.846795261000381883e-02
8.345569307654615576e-02 1.143936070975905134e-01 1.206208141405430284e-01 1.037755393640521079e-01 9.832166783671136834e-02 9.195917485679840075e-02 1.212221803489293148e-01 9.512894272058201872e-02 8.651493906968331371e-02 8.460744148856383373e-02
8.104328670204076490e-02 1.239456411373948408e-01 1.215173046734110557e-01 1.051542435077177512e-01 9.601444083626729797e-02 9.249761456940044924e-02 1.222883508667063496e-01 9.523227487148509807e-02 7.933653145334439161e-02 8.297031138223197322e-02
8.429394194334333124e-02 1.172436539225329699e-01 1.166101001223235206e-01 1.034125729627451001e-01 1.043969994034016496e-01 8.885956456281023097e-02 1.174613078679092038e-01 9.317436870153664175e-02 8.788375098568929067e-02 8.666373952770806133e-02
8.723915901061797540e-02 1.121591607036499794e-01 1.200381590271162729e-01 1.044822888350861040e-01 9.993232636864389506e-02 9.080086166130600656e-02 1.207295381679831664e-01 9.471909430853471534e-02 8.282306755464749481e-02 8.707634436241441789e-02
8.292267709621881089e-02 1.156816547636833475e-01 1.214607425680322983e-01 1.037983589778066068e-01 9.997134969930059067e-02 9.242378609369414355e-02 1.219187325385056725e-01 9.647322832352013544e-02 8.281136094413242554e-02 8.253810899510599652e-02
8.653230127872334199e-02 1.133996129718262691e-01 1.218398378825083089e-01 1.002162571331703667e-01 9.557954930825174333e-02 8.919100851702924104e-02 1.223944060531159117e-01 9.429906379673035077e-02 8.770207581384170670e-02 8.884588724480275979e-02
8.313214259743700874e-02 1.193764155775577374e-01 1.223155010752799560e-01 1.037889581980229320e-01 9.439056767523645863e-02 9.189120872804047713e-02 1.226568735563038914e-01 9.547059845699505665e-02 8.095281437800978808e-02 8.602491975711668015e-02
8.496112040422897083e-02 1.213535542402070372e-01 1.207226351995011743e-01 9.818378079461695385e-02 1.038052035113384008e-01 8.699779329693903274e-02 1.216066718162593097e-01 9.208760248980746299e-02 8.383220488283761596e-02 8.644943336426402780e-02
8.171254011647911819e-02 1.191696597847341360e-01 1.200695642537014524e-01 9.961478135946424950e-02 1.176369497901380012e-01 8.380442929844565680e-02 1.209914150087335882e-01 8.851495123771610518e-02 8.591439008211043671e-02 8.257131906847724190e-02
8.268391502659161452e-02 1.149547964397357319e-01 1.195182022280841805e-01 1.062890175803910264e-01 9.954108898889733881e-02 9.360667654802938553e-02 1.198851028297541338e-01 9.675575118940536734e-02 8.404638407446902992e-02 8.271906509464213575e-02
7.964335334189279192e-02 1.242239471914027144e-01 1.261519692542890925e-01 1.017640450316232154e-01 9.965596210447279224e-02 8.790672290143494716e-02 1.266921757952841898e-01 9.222132859057564913e-02 8.130398868224220088e-02 8.043650710678240667e-02
8.075775010238583906e-02 1.155755376629673536e-01 1.204693103254519809e-01 1.027462157706402479e-01 1.058727190210758257e-01 9.031563215441509862e-02 1.210256497186983499e-01 9.301696175109058773e-02 8.648463850525214824e-02 8.373558498802255445e-02
8.358709990098940612e-02 1.240066107073279494e-01 1.170699161296349378e-01 1.047358983768299501e-01 1.046089635990757605e-01 8.861149414149865899e-02 1.172978766898730985e-01 9.443716468656511431e-02 8.105563652350374071e-02 8.458933924470131427e-02
7.645074988351427403e-02 1.210569577133626812e-01 1.258244009928667362e-01 1.075345921780026248e-01 9.425148907169575430e-02 9.297537084901696947e-02 1.266408164885457766e-01 9.582893131989848878e-02 8.158930462228650149e-02 7.784738688081015157e-02
7.823151090944246988e-02 1.249659994836320454e-01 1.263529380587329887e-01 1.027383283570410255e-01 9.780626564721596472e-02 8.935366951195189422e-02 1.268295799690363213e-01 9.324794779651590648e-02 8.126048168047729503e-02 7.921327858595407501e-02
8.622852493898168491e-02 1.137370444295114358e-01 1.240206560368888877e-01 9.827416206045659630e-02 1.050972408587941137e-01 8.724446803658331140e-02 1.251466155353616050e-01 9.076915530203567839e-02 8.434697141132503628e-02 8.513516139006165051e-02
8.319165316755068595e-02 1.180407062330996876e-01 1.179375093248189454e-01 1.051286780910288821e-01 1.010411028672957984e-01 9.303380307155466322e-02 1.186104650666529453e-01 9.635822661847437409e-02 8.283915182082195183e-02 8.381870373870209390e-02
8.000365544236516524e-02 1.168472761558295853e-01 1.241300756486733298e-01 9.878480970221294177e-02 1.104713575862598524e-01 8.685936355369688888e-02 1.250536446171829907e-01 9.188135122589677350e-02 8.481944820514070171e-02 8.114901786274178463e-02
9.599476441494383949e-02 1.067917170878641547e-01 1.110466740003894365e-01 9.617079450781097771e-02 9.534289804101672705e-02 9.066791395144636889e-02 1.114935724545227241e-01 9.841689411269351206e-02 9.149822551996314446e-02 1.025765459093490595e-01
7.869874152754087471e-02 1.205883563221560040e-01 1.181692581790302760e-01 1.041674295017229190e-01 1.056234884998675794e-01 9.006819110031832887e-02 1.189631015221012805e-01 9.380989521068404391e-02 8.750476341661993229e-02 8.240677471995874748e-02
