9.242024753389332936e-02 1.169922489373516894e-01 1.043782784578335676e-01 9.117645216070745240e-02 7.817203059855294678e-02 9.969244293584586525e-02 9.975595122553271299e-02 1.170103350075187426e-01 9.112783827280329652e-02 1.092741748699604248e-01
9.388927447168801677e-02 1.192219152961582623e-01 1.022224630290418379e-01 9.026941857810336090e-02 8.067705079829408377e-02 9.614776555637204181e-02 9.618215932311909022e-02 1.192131417603586596e-01 9.031841484961829203e-02 1.118583963372463408e-01
9.504527548022226324e-02 1.158580936568432279e-01 1.024705220261159649e-01 9.085021945964087686e-02 8.523612796011162396e-02 9.825489160904808672e-02 9.828714248820177857e-02 1.158544956859644121e-01 9.085330723941509312e-02 1.072899243944366449e-01
9.418692987198336308e-02 1.155267831576873849e-01 1.033056144202197796e-01 8.818792819417220485e-02 7.607641484684111999e-02 9.839337515268234413e-02 9.845376764891593246e-02 1.155470102709296176e-01 8.818440068819813349e-02 1.221377757483701337e-01
9.089555813195626666e-02 1.213525508961918742e-01 1.044307859605879546e-01 8.918419788941170379e-02 7.703552771198760030e-02 9.543623004961314382e-02 9.544884456071685286e-02 1.213147305220771133e-01 8.917738459754637192e-02 1.157241896799111602e-01
9.524882377204081652e-02 1.112458886691051196e-01 1.079531932467579086e-01 9.112114452706583656e-02 9.210309307590276717e-02 9.299291942322832072e-02 9.296778967980359742e-02 1.111885858936662030e-01 9.107332278415801452e-02 1.141052389282714019e-01
9.205926886437504342e-02 1.198296723449776280e-01 1.011768214745218525e-01 8.891421185616199541e-02 7.544496934667344057e-02 1.000992662809508521e-01 1.001523622008790165e-01 1.198352108007419425e-01 8.884461155183868974e-02 1.136436052788795531e-01
9.207568108426057718e-02 1.149705071865427253e-01 1.043223950535177996e-01 9.023559531302245695e-02 8.091829983704440510e-02 9.524538627568167326e-02 9.529922031549468986e-02 1.149798724878014350e-01 9.024022951093045586e-02 1.217128129357038097e-01
9.204382372004817070e-02 1.153092891647532342e-01 1.018532408200236300e-01 9.240595444749195864e-02 8.583768736076403949e-02 9.868956333418914262e-02 9.875991736209416283e-02 1.153350197653621872e-01 9.238780692794060223e-02 1.073776970973329553e-01
9.042017525180053028e-02 1.180039032587371778e-01 1.004975829729912867e-01 9.021014113226463738e-02 8.231015965839658111e-02 9.872058565063925040e-02 9.875373057648707820e-02 1.180014095581690958e-01 9.024902979034506167e-02 1.128332821501693145e-01
9.123603551541811796e-02 1.200521767584476901e-01 1.010937169830033455e-01 8.763883666613422885e-02 8.002641083640350816e-02 9.567547596609853044e-02 9.569384535312620843e-02 1.200284620004844482e-01 8.768904192183979429e-02 1.208659979990441141e-01
9.166007021734751126e-02 1.217808437995389625e-01 1.030845070443875966e-01 8.711786956329937992e-02 7.531987690030016169e-02 9.797569227381243417e-02 9.803521924453988123e-02 1.217935739423898212e-01 8.714604485435477332e-02 1.160863021600294781e-01
9.160068153048120387e-02 1.134314190867097422e-01 1.078367468019006126e-01 8.934661640664637305e-02 8.357431712310670058e-02 9.788437038827316194e-02 9.792511635511140511e-02 1.134316992660915069e-01 8.925882599928428029e-02 1.157102070423950829e-01
8.718748669158551956e-02 1.200890127200606450e-01 1.047362234953857080e-01 8.534391147125869326e-02 7.332778195503690533e-02 9.578206099326352918e-02 9.583050716467501895e-02 1.200909859330371171e-01 8.536842852203002652e-02 1.322436010536668649e-01
8.978871758066990505e-02 1.193129252995750872e-01 1.050962543150080336e-01 8.724282976154223990e-02 7.279256111943413488e-02 9.680358979525952035e-02 9.685038197489813372e-02 1.193127257398409885e-01 8.723001362273587189e-02 1.255700007910360294e-01
9.177045920291451719e-02 1.214002590413096466e-01 1.025069267009736246e-01 8.692952033305488546e-02 7.757102938396641389e-02 9.600777767666614226e-02 9.602658538171340852e-02 1.213731859201292868e-01 8.695236389440356983e-02 1.194618924648685465e-01
9.274877263474252953e-02 1.152610313617890569e-01 1.039947547345167200e-01 9.050087453801067272e-02 8.360254544376222174e-02 9.707181392175992518e-02 9.710108180072417328e-02 1.152578736608555199e-01 9.056080258226485713e-02 1.139004493215744207e-01
9.469304393995212066e-02 1.155149836662807822e-01 1.016823493704553522e-01 9.306486994988164008e-02 7.659362941278434478e-02 1.006646165728642822e-01 1.007617352342188299e-01 1.155664178006593212e-01 9.308396059299042791e-02 1.083743934599128433e-01
9.224817893126993629e-02 1.221893876051139693e-01 1.035816642500026613e-01 8.978855501841706555e-02 7.358004989873682955e-02 1.006891518654643158e-01 1.007713420931679732e-01 1.222205586158202906e-01 8.977416343134574095e-02 1.051569482906612452e-01
9.048749045185632001e-02 1.163816156611859470e-01 1.053739271181098336e-01 8.856069657782043858e-02 7.924016236862396756e-02 9.696525388570685633e-02 9.702052783702501404e-02 1.163916853759408010e-01 8.853288411665780067e-02 1.210457566070729518e-01
9.158127626817984257e-02 1.215518378385881254e-01 1.028292043463542305e-01 8.931730948759447619e-02 7.802160310831206258e-02 9.718686206120516480e-02 9.722514618952132759e-02 1.215414877743579425e-01 8.932082342332343938e-02 1.114244495025633469e-01
9.410442475161075182e-02 1.144087438414846392e-01 1.033486214527087194e-01 9.025899415179228225e-02 8.261227233324963670e-02 9.706718513057381592e-02 9.710260978493252815e-02 1.144127652476109452e-01 9.032857122215413870e-02 1.163558120838825705e-01
9.081342184656907013e-02 1.176681843398113131e-01 1.027041850793863204e-01 8.971482816943905647e-02 8.313472342703218110e-02 9.577071620545010711e-02 9.579897305900247906e-02 1.176543346722721678e-01 8.973668146189826833e-02 1.170039517391390504e-01
8.982693915203816826e-02 1.170366187349573817e-01 1.023233846474921049e-01 8.893173667202079746e-02 7.761541484501130461e-02 9.464971461288884669e-02 9.470802459693140885e-02 1.170461784675527750e-01 8.893886333744786821e-02 1.289231249336593721e-01
9.076837706695123353e-02 1.194662378244836093e-01 1.048929126793146233e-01 9.024860537214139666e-02 8.294619680864194489e-02 9.688495466961952185e-02 9.691885669402912351e-02 1.194514567648672088e-01 9.021071753264406357e-02 1.082116845873072469e-01
8.243149421401640975e-02 1.128988458713000576e-01 9.617800103869737771e-02 8.162277481796501033e-02 6.539564151466044362e-02 9.129037045794033411e-02 9.137475578435916290e-02 1.129315257817503221e-01 8.159653515988096739e-02 1.842800553594298729e-01
9.345538491132078518e-02 1.159198114946812658e-01 1.033483023484023794e-01 9.215062932757495107e-02 8.445734513414485112e-02 9.859644139941299568e-02 9.864102158738899395e-02 1.159267790490093736e-01 9.216526166328499470e-02 1.053390230847793957e-01
9.331356773899246448e-02 1.141958712780688362e-01 9.927734757632339369e-02 9.011835420461067336e-02 8.338504588586305444e-02 1.015479540201253833e-01 1.015476813828676689e-01 1.141759639093851419e-01 9.008608196564012183e-02 1.123521320381232341e-01
9.080059845677322661e-02 1.175574728312590300e-01 1.036371441963689771e-01 8.909830928157148888e-02 7.985228391247052582e-02 9.848932479628172421e-02 9.851180447574169052e-02 1.175457760012973280e-01 8.911847729016987574e-02 1.153888087580661748e-01
9.373072463486835371e-02 1.126702540925668267e-01 1.039230963619345582e-01 8.890526865172621029e-02 8.493232391426644434e-02 9.747538431642661927e-02 9.751891584600190510e-02 1.126789073498744992e-01 8.889343465667493005e-02 1.192716901756596809e-01
9.089905129089206892e-02 1.212915412937681930e-01 1.043474190351307701e-01 8.766246518975231994e-02 7.613793537144081247e-02 9.871282867663375149e-02 9.873937276684416342e-02 1.212744827666893260e-01 8.764601635391183754e-02 1.132888872549367987e-01
9.078892869902063789e-02 1.174367493122729644e-01 1.037714319564025933e-01 8.960523535552211705e-02 8.065019459943346958e-02 9.882091347841784335e-02 9.885139261118770782e-02 1.174351226639173268e-01 8.966288109109415982e-02 1.129771502327311522e-01
9.143377709881832238e-02 1.176271105835371839e-01 1.045418046202123141e-01 9.027113822200749649e-02 7.834717486718438539e-02 9.787855413061896659e-02 9.790816942669071377e-02 1.176218931857723055e-01 9.032863671878563205e-02 1.140417411463727215e-01
1.020282083018889813e-01 1.056978059193195152e-01 9.772883821309608088e-02 9.335938206629211533e-02 8.635718211069465244e-02 1.058331711244456796e-01 1.058282073957307612e-01 1.057001881531316884e-01 9.335325217866836944e-02 1.041137645367321701e-01
9.505726065920651335e-02 1.119572250803577695e-01 1.079936523063640269e-01 9.251931478368588535e-02 8.658204385233041200e-02 9.431906595061231857e-02 9.433289667522563871e-02 1.119335897781772726e-01 9.248364774053972892e-02 1.128213031735004063e-01
8.711203460391250819e-02 1.186118916454999839e-01 1.027638376158022671e-01 8.351704918898938956e-02 7.837448397055682414e-02 9.702315259539145975e-02 9.705613912409979949e-02 1.186023965230223048e-01 8.348853562738296763e-02 1.334504791053425232e-01
9.132467751697900815e-02 1.174849260646798066e-01 1.055708853710949635e-01 8.652104184612798010e-02 7.006630052089474203e-02 9.856828410879839297e-02 9.862652416649997367e-02 1.174973802260532857e-01 8.646376494502711063e-02 1.278762152338446534e-01
9.084832491265254495e-02 1.219536864432693296e-01 1.027746406134239232e-01 8.976157316999898439e-02 7.877025566475691354e-02 9.857654711669328051e-02 9.862358887713081057e-02 1.219520525633571162e-01 8.975273682180967549e-02 1.069865938169074077e-01
8.728599013026683284e-02 1.237907164593140957e-01 1.033624920755743942e-01 8.579666110933961698e-02 7.719328451250073719e-02 9.268417932337802423e-02 9.272115917451766165e-02 1.237616542138258169e-01 8.575444802577823766e-02 1.276494149755044993e-01
8.785641064324987981e-02 1.212527813452323605e-01 1.053339936208346483e-01 8.650862554839240659e-02 7.514997434979450719e-02 9.516886585281976452e-02 9.518574510951366419e-02 1.212192280747470541e-01 8.649617386604055436e-02 1.258282015893751327e-01
8.862956971326847733e-02 1.200991236428871345e-01 1.012940250632148875e-01 8.905408796541718075e-02 8.051616295602870288e-02 9.637973094445931310e-02 9.641724002691787199e-02 1.200893833105473180e-01 8.906211814890051259e-02 1.184585582283585875e-01
9.208766433099509208e-02 1.153912313386833838e-01 1.025358229385806841e-01 8.921389184064218436e-02 8.073568353357234162e-02 9.770069641818762696e-02 9.771483152618874735e-02 1.153762591734168452e-01 8.925095574014467459e-02 1.199929631595884755e-01
9.165732347192621920e-02 1.209757250088228098e-01 1.027345063459520341e-01 8.870889790642474959e-02 7.969800521445122299e-02 9.729927958552873901e-02 9.735190386995550005e-02 1.209746621306544839e-01 8.865588331005407052e-02 1.119438131562302124e-01
9.067288244495047556e-02 1.186993844797847308e-01 1.011231557304340251e-01 8.921580811860896354e-02 7.748066456561295001e-02 9.922363143592298484e-02 9.927649007191509389e-02 1.187129664226081044e-01 8.924976040540529010e-02 1.163452563247573401e-01
9.234119993929475190e-02 1.157859456318049568e-01 1.005541246745171730e-01 8.981703199691258577e-02 7.799016993405413767e-02 1.024416994433507422e-01 1.024755594395830305e-01 1.157921235816506689e-01 8.980648061883493571e-02 1.129956647399969760e-01
9.340980453683066231e-02 1.159342137731240452e-01 1.020741123575174131e-01 8.886532421282453131e-02 8.158984296441382233e-02 1.011897446105087806e-01 1.012020853155471412e-01 1.159180373675780529e-01 8.880701849778481483e-02 1.110098163638707502e-01
8.876420450454927669e-02 1.187827930241408952e-01 1.031699786295813409e-01 8.926169916214322930e-02 7.243521778120673438e-02 9.984857806633118393e-02 9.991342073556880310e-02 1.187974486627564885e-01 8.917530171398850569e-02 1.198513577197334867e-01
9.128462774702020277e-02 1.216040320074479181e-01 1.043364396863316473e-01 8.723768540609803945e-02 7.573405254435626455e-02 1.001020383429809812e-01 1.001399568235219195e-01 1.215983383743870772e-01 8.720875340357299443e-02 1.107540756642829555e-01
9.125193643616372197e-02 1.154208407893482502e-01 9.921072826431308334e-02 9.089470221846615572e-02 8.310552813299418307e-02 9.942472298525127650e-02 9.944215669865126561e-02 1.154075762934509003e-01 9.087736461813107625e-02 1.149644435632300732e-01
9.479037145248117580e-02 1.138201638334435106e-01 9.990584701763999265e-02 8.896013066783362011e-02 8.133205288643402531e-02 1.021441474892306051e-01 1.021584526078402749e-01 1.138147337594228314e-01 8.894438674703400438e-02 1.141297135386399597e-01
9.958748194888976391e-02 1.031843506924748355e-01 9.637737139204581582e-02 9.613569267367720605e-02 9.205469656354271779e-02 1.033852039029451997e-01 1.033303753780596829e-01 1.031550298981339236e-01 9.613749587270577213e-02 1.066523016775250549e-01
9.429839114574031789e-02 1.157680198889280976e-01 1.026644975423439549e-01 8.899026965488372742e-02 8.250705634645143227e-02 9.933334686850248119e-02 9.939135029299001056e-02 1.157886132011221175e-01 8.900286177667038334e-02 1.122555932823675051e-01
9.796449052211469999e-02 1.106760103059775818e-01 1.029552808550541348e-01 9.242950115197871852e-02 8.333081542778036921e-02 1.029844137802546217e-01 1.030062483173652399e-01 1.106861711399408366e-01 9.248401189700658498e-02 1.034830566025272264e-01
9.706703004303192384e-02 1.117238760471189890e-01 9.978397835341641653e-02 9.318178079463099173e-02 8.445767640637263929e-02 9.808119396071415808e-02 9.811484940983761227e-02 1.117351044829805740e-01 9.330618349463208616e-02 1.125483270072646230e-01
9.002039930736849271e-02 1.209334780335001441e-01 1.027610256781150699e-01 8.500644826490777461e-02 7.595381697313882685e-02 9.653720141571016378e-02 9.656162738822643421e-02 1.209115748222360093e-01 8.499277603006613613e-02 1.263216520867309067e-01
8.848761083863787569e-02 1.215045000760759386e-01 1.008733516354604343e-01 8.760566422522203522e-02 7.026864223827680722e-02 9.977273204409445317e-02 9.983058617668494339e-02 1.215126637005243954e-01 8.755341923858638020e-02 1.225908298264367785e-01
8.857977586998583286e-02 1.219788714909162547e-01 1.007422056321661263e-01 8.350551311256970699e-02 7.653776469036956132e-02 9.640843294691887888e-02 9.640424490737352359e-02 1.219285554577849567e-01 8.347549152800917693e-02 1.304391443639059678e-01
8.693836871063044536e-02 1.189022356961487586e-01 1.039030645524431085e-01 8.660509660649948205e-02 7.399338655001724829e-02 9.735638198380704156e-02 9.739901517775383100e-02 1.188948028045106187e-01 8.652138703835883515e-02 1.294862608798306725e-01
9.194550078229969670e-02 1.174860315275383232e-01 1.036756823961733631e-01 9.021473932094842274e-02 7.840784244773653378e-02 9.918847357870839987e-02 9.923030868575785646e-02 1.174879567527128965e-01 9.019620993248128604e-02 1.121672545756431522e-01
9.377371684041534150e-02 1.134053618175260292e-01 9.666775561688963070e-02 9.168642167800611364e-02 7.910923216465851060e-02 1.030547329908655663e-01 1.030540543964046513e-01 1.133909839956487031e-01 9.167319125976568228e-02 1.141845492398197576e-01
8.963715494098919989e-02 1.220913101525382127e-01 1.077951951226976957e-01 8.515400145176806046e-02 8.017132184150689567e-02 9.384504167688510756e-02 9.386180133061532149e-02 1.220531842131388212e-01 8.514431843139523559e-02 1.202466708384655053e-01
9.591414502208672754e-02 1.080636880121287613e-01 9.706632304927599597e-02 9.281562880468284538e-02 8.774961436590267283e-02 1.042266516818857874e-01 1.041849712153511825e-01 1.080343717527299102e-01 9.279715122701046037e-02 1.091474548689456009e-01
9.103835453682015966e-02 1.180096899556936502e-01 1.022903644505376575e-01 9.012420036980132998e-02 8.259985656908723495e-02 9.565005204604674904e-02 9.568973797852521612e-02 1.180081314288188299e-01 9.019387646994096730e-02 1.163957361947281638e-01
9.377763566602700940e-02 1.178941617250807428e-01 1.024112028632679083e-01 8.936372600274401778e-02 7.841117606661143768e-02 9.967062067452722718e-02 9.971691048744045494e-02 1.179047615145240036e-01 8.940067931344934660e-02 1.114491256863278518e-01
9.369665187828501995e-02 1.098408283989572992e-01 1.081221868807210884e-01 9.242218528430946878e-02 9.209230240451768412e-02 9.386547103127140801e-02 9.385726883526357422e-02 1.098046705455617972e-01 9.240927898237624727e-02 1.138891557587363851e-01
9.307534977659980002e-02 1.193414840978367225e-01 1.036492683833977607e-01 8.988926539403414850e-02 8.007539160471419115e-02 1.004029309897508382e-01 1.004373001595930265e-01 1.193332042061803350e-01 8.982238545525243756e-02 1.039734199326407676e-01
8.975872741913645814e-02 1.144501591308427907e-01 1.038016945764784899e-01 8.884088876131991663e-02 7.992578792303124680e-02 1.022750883243808834e-01 1.022526023458528166e-01 1.144166244971452362e-01 8.881789183221754092e-02 1.154605351895946208e-01
9.114768987927739097e-02 1.139727559009068719e-01 1.046363084758992895e-01 8.971088983866835898e-02 8.088216989618463026e-02 9.753803503761698801e-02 9.758225611290702317e-02 1.139805428209251931e-01 8.971136364756090997e-02 1.208379883900533303e-01
9.163612560176877253e-02 1.162505914080603497e-01 1.022032132278452299e-01 9.004019471086611992e-02 7.753055351144454155e-02 9.927621906767407356e-02 9.932250966394838565e-02 1.162576554473870594e-01 9.001311029578920597e-02 1.174698270652162896e-01
9.341859622133509566e-02 1.155544301363591875e-01 1.026552348701598172e-01 9.135755290912750404e-02 8.410982881302112024e-02 1.002926332524812780e-01 1.003374615358271355e-01 1.155613821818718967e-01 9.130991559387426071e-02 1.054029644859426906e-01
9.311122460833254344e-02 1.135928727222501738e-01 9.867992328863302298e-02 8.765527478577277154e-02 8.349319278901240482e-02 9.962398904096139707e-02 9.959485840126802714e-02 1.135491017730218821e-01 8.762588797456091760e-02 1.230736746161868178e-01
9.092508320592067317e-02 1.184518700441135192e-01 1.034342380554869184e-01 8.831430272045540097e-02 7.782414946612277451e-02 9.631565577183057170e-02 9.637522900294021033e-02 1.184643985104521791e-01 8.832694217077324828e-02 1.215681310519044489e-01
9.020940246880766733e-02 1.139283520398026717e-01 9.959551303818339751e-02 8.962844001421825524e-02 8.259092069103016187e-02 9.862006564824536692e-02 9.863512085542541774e-02 1.139183677560302727e-01 8.965963404470744802e-02 1.232141834435493272e-01
9.046969691843284589e-02 1.171412304067711990e-01 1.049460791683800159e-01 8.555509374017268576e-02 7.522263568390602506e-02 9.960183426168875420e-02 9.961403455407681629e-02 1.171213503405830469e-01 8.551011299042730884e-02 1.248179319355613298e-01
8.720196673342021920e-02 1.200836856426824306e-01 1.041609542903487867e-01 8.658076755884724918e-02 7.489559146735302875e-02 9.606319108537371421e-02 9.608323593713642696e-02 1.200530656839006310e-01 8.651415430383566085e-02 1.283633872971018941e-01
8.828473066361069987e-02 1.221437713329486530e-01 1.135214606778664620e-01 8.451320794954311766e-02 7.708770183442850699e-02 9.471965450107810991e-02 9.472276039527351144e-02 1.220916715977222039e-01 8.445748329655344833e-02 1.184575577509752731e-01
8.845846978317048470e-02 1.204860567520552039e-01 1.055998795426208309e-01 8.624467477081911027e-02 7.421985449819627767e-02 9.843890017606113374e-02 9.844422456185851489e-02 1.204513373153533462e-01 8.621127940969902648e-02 1.214453231901661129e-01
9.391989754548632496e-02 1.156605021760850338e-01 1.036715698901506527e-01 8.895800125296489391e-02 8.181254777878785300e-02 9.583875340904378370e-02 9.587764263258148623e-02 1.156626176930561495e-01 8.901808713518326310e-02 1.195803804866605591e-01
9.293586778994307462e-02 1.370439706819256143e-01 1.095458752415598008e-01 8.843585270661442899e-02 4.895286952492778482e-02 1.073012129311274321e-01 1.076298216609465896e-01 1.372851432639300706e-01 8.838388889160583850e-02 8.248549730741934483e-02
9.284308650910894078e-02 1.145779904968280277e-01 9.998716799575206593e-02 9.064533464775004212e-02 7.799595122564148553e-02 1.028802115091349140e-01 1.028940045007091381e-01 1.145736761621209687e-01 9.065630396208458619e-02 1.129462729908698448e-01
9.158500238082059597e-02 1.168977192026365020e-01 1.022849003451480332e-01 9.011785069132602355e-02 7.946055876735445833e-02 9.949720388604936516e-02 9.955161364676336222e-02 1.169143333010512209e-01 9.014004947265420731e-02 1.135507683061963008e-01
9.128548565435039286e-02 1.191434259857199751e-01 1.017078737199897109e-01 8.962068364372219320e-02 8.103946279134971453e-02 9.674092233038832089e-02 9.675969354722446791e-02 1.191196231943550815e-01 8.962344959005143219e-02 1.149593795428487109e-01
9.056589989705646215e-02 1.160872322822064512e-01 1.063383243944386186e-01 8.828783057620598340e-02 8.247274828175091277e-02 9.329900440443034126e-02 9.330971303898073776e-02 1.160543096431255333e-01 8.828776610816438386e-02 1.252971713736406034e-01
8.903833326309527896e-02 1.210377572779902378e-01 1.040586235701213003e-01 8.599203835843330368e-02 7.431080903236625401e-02 1.002540751397993923e-01 1.003035751788844410e-01 1.210447408873722014e-01 8.597650959543290394e-02 1.179835376965046312e-01
8.955094414207424858e-02 1.148766291016510566e-01 9.886100772863352926e-02 9.088552040296318801e-02 7.976566072132980356e-02 1.019800959406497315e-01 1.019870612846059121e-01 1.148626357669705056e-01 9.086975119274787183e-02 1.163606937183741391e-01
9.193266305455011222e-02 1.205389412579459807e-01 1.032202070530505306e-01 8.876180420351152678e-02 7.249566998313311528e-02 9.838528912211599864e-02 9.847670331404674571e-02 1.205797756967575962e-01 8.878477341704704706e-02 1.168241728978413468e-01
9.048170450464512737e-02 1.182302499646199212e-01 1.027508953863530139e-01 9.013935109461050643e-02 8.457645825569083675e-02 9.414064299027767591e-02 9.415953290427003797e-02 1.182034805647901865e-01 9.016853216044329322e-02 1.171491521742993869e-01
9.020507294441243440e-02 1.208790747722173903e-01 1.008855887970662030e-01 8.702499396272668497e-02 7.635636593512279413e-02 9.788026269919918032e-02 9.793767140523135240e-02 1.208942349283363554e-01 8.708823249665291477e-02 1.208485020590347597e-01
9.531146854491680254e-02 1.129591211509851090e-01 9.944621683485624364e-02 9.108366622501740117e-02 8.504957375992444613e-02 9.869723709396549527e-02 9.871878333988301502e-02 1.129544206617266455e-01 9.110355962189412016e-02 1.146759527668307077e-01
9.289482750120310606e-02 1.189549266715382442e-01 1.059416973907759268e-01 8.953180550703190854e-02 7.555543746269911820e-02 1.021857905485748369e-01 1.022300096786942225e-01 1.189626529745883843e-01 8.951035234722584666e-02 1.042324999176683364e-01
9.081918306049184542e-02 1.175085103886047005e-01 1.001172783464504001e-01 8.853654213292391773e-02 7.663994902009714505e-02 1.011334308404060328e-01 1.011804717342628668e-01 1.175183122514179418e-01 8.850571738793235055e-02 1.180406048374127992e-01
9.021765778309498440e-02 1.182665933686538745e-01 1.012917778000391456e-01 8.535797183983868941e-02 7.692371808723222348e-02 9.759412984666153423e-02 9.761365470013251555e-02 1.182499125617128555e-01 8.536416339731085767e-02 1.291204206153232781e-01
9.647608998921007595e-02 1.111919973997380073e-01 9.702101330973926518e-02 9.221945808773973630e-02 8.349073050524905004e-02 1.028002987106288180e-01 1.027813158846539315e-01 1.111696471149157955e-01 9.222575525806886443e-02 1.106236937400564418e-01
9.038696922967877356e-02 1.200441977341018124e-01 1.039206460222223960e-01 8.872938762686431724e-02 7.780597650857271064e-02 9.740398751951420686e-02 9.743480654059395729e-02 1.200312515604054359e-01 8.873532413853545131e-02 1.155074531195109111e-01
9.430015098253204109e-02 1.139474812005012161e-01 1.035013880488416943e-01 8.997660748485374060e-02 8.091421983277213847e-02 1.022201922957747811e-01 1.022296872258198902e-01 1.139384617519316745e-01 8.996657561225122890e-02 1.090052355647215948e-01
9.099602987809723986e-02 1.198528603875307075e-01 1.023684584965170591e-01 9.006497825039484761e-02 8.060422439977937836e-02 9.709119727831577729e-02 9.713083794779300839e-02 1.198456970319904530e-01 9.006321846656233088e-02 1.119824978630192258e-01
9.602926456433975855e-02 1.116327500762751973e-01 9.826618115985488733e-02 8.834089246140666707e-02 8.026469457578822020e-02 1.028305097420854491e-01 1.028231121377579244e-01 1.116178883257257920e-01 8.832577986849061980e-02 1.198689270882754981e-01
8.945010532965390337e-02 1.223719144502762313e-01 1.044060324738582957e-01 8.725343707000865479e-02 7.631226643132547893e-02 9.750470765799162942e-02 9.751248789525539251e-02 1.223359612525100476e-01 8.726448628788088802e-02 1.155886011512395201e-01
8.916913430326169065e-02 1.229545599492667118e-01 1.021737071179654038e-01 8.580576737333282800e-02 7.983089344039061286e-02 9.268888173795845897e-02 9.271686031422823882e-02 1.229225371755166690e-01 8.580695708127773769e-02 1.259307015068016622e-01
9.461124319397989924e-02 1.139739960295012011e-01 1.038976929858718840e-01 9.050727396868729624e-02 8.538248028745810958e-02 9.731441331542148299e-02 9.734940117927982917e-02 1.139731113318245559e-01 9.049953117319931017e-02 1.124908565347764178e-01
9.225307080837091833e-02 1.204337230802405012e-01 1.048953007756766448e-01 8.886160713273620615e-02 7.427866936683784338e-02 9.896585793144904719e-02 9.902476682260753782e-02 1.204454131315068482e-01 8.884752649335775354e-02 1.119940644572166577e-01
9.133985824447814206e-02 1.119093803983654961e-01 9.861644172435278521e-02 8.998944746751978696e-02 8.642109603211606261e-02 1.021281803090781370e-01 1.021010766603206166e-01 1.118769430464904985e-01 8.996419375915055971e-02 1.156533823581278597e-01
9.004878948638148084e-02 1.206761240378391858e-01 1.063170006680071999e-01 8.573794640630917618e-02 8.018589984301460749e-02 9.282480567107878611e-02 9.282259677002516196e-02 1.206224911704879693e-01 8.575258917823413984e-02 1.250117567686222508e-01
8.824765288777618177e-02 1.247519627043325863e-01 1.022847665747275842e-01 8.881928182233159164e-02 7.257148122420888081e-02 9.597033787542981476e-02 9.605158400592729573e-02 1.247730677171417640e-01 8.882740751117879086e-02 1.177024576769454961e-01
9.186525536613837639e-02 1.199362262275769503e-01 1.051594500343305399e-01 9.104668973700533186e-02 7.485877525843068203e-02 9.859693887778711585e-02 9.870395154726230302e-02 1.199859968484337097e-01 9.102186504520132226e-02 1.088248510578336409e-01
9.255554258660141087e-02 1.206468720760066338e-01 1.034987583532674393e-01 8.890174329147852716e-02 7.148421434152060772e-02 9.679073150703150497e-02 9.688000296631729680e-02 1.206811861504009237e-01 8.890073014590810230e-02 1.196602185814675395e-01
1.040764202589268411e-01 9.876496710814358648e-02 9.447642259475845516e-02 9.912450738269013018e-02 9.683742830068281515e-02 1.042321016797084221e-01 1.041935338543485412e-01 9.875237210143131272e-02 9.907639734977223556e-02 1.004658493695376187e-01
9.667753586422482559e-02 1.004563532443796259e-01 1.086957958608594649e-01 1.002819417440236338e-01 1.042899415589382123e-01 9.186722339670921889e-02 9.187293628176042282e-02 1.004409681486685968e-01 1.002473472211414668e-01 1.051699566792945462e-01
8.967074031552438318e-02 1.117292249109276825e-01 9.838674210472604653e-02 8.902944327182939210e-02 8.573692514269562470e-02 1.004698714383112507e-01 1.004378433196532749e-01 1.116889234373827505e-01 8.899449728630637324e-02 1.238557887726432633e-01
8.934302905956494067e-02 1.141162310652161782e-01 9.952166281220795052e-02 9.161348868325690231e-02 8.401763561146523285e-02 9.910094236170105542e-02 9.911417049711537808e-02 1.141015590605931884e-01 9.160233777836714053e-02 1.174689430705120191e-01
8.926324710207626800e-02 1.164350087684965646e-01 1.030429269457548702e-01 8.937231181279450820e-02 7.626195656608687756e-02 9.709994259282306306e-02 9.714840043671400804e-02 1.164410950339929557e-01 8.936723141824785832e-02 1.255678793230129431e-01
9.337757458409347289e-02 1.158080111265415296e-01 1.044427906287399427e-01 9.069961915401944519e-02 8.213100684381199890e-02 9.853712389650530479e-02 9.860421415392568723e-02 1.158351979459114889e-01 9.073710492265410488e-02 1.098273567437970666e-01
9.220384911240370185e-02 1.173471728100102945e-01 1.020641231203548716e-01 8.809723747129984128e-02 7.670765659687651949e-02 1.009778218435509189e-01 1.010297589158813125e-01 1.173629248356546639e-01 8.809150952380655208e-02 1.161179457701613099e-01
9.332245562748453516e-02 1.167527040519272669e-01 1.037570973581060235e-01 8.913039039968971566e-02 8.024772858759747496e-02 9.936105665531791420e-02 9.938766869195732323e-02 1.167421727205053689e-01 8.907889031840239558e-02 1.122198355890119958e-01
9.165746465552507272e-02 1.227412552400488355e-01 1.027078242317991524e-01 8.880363158794844780e-02 7.415449104635189748e-02 9.940892290509079077e-02 9.948208958996943019e-02 1.227655645242234916e-01 8.882659766022456271e-02 1.094521585588183188e-01
9.117756333650366141e-02 1.137526235271177910e-01 1.035115085399853502e-01 8.980288887898502104e-02 8.008185954738471224e-02 9.949184040630848491e-02 9.950316715608940876e-02 1.137363254361474924e-01 8.975607357765004457e-02 1.191861495938280890e-01
9.315621351667825734e-02 1.132205268289798311e-01 9.965348175819044307e-02 9.026083294749220887e-02 8.161411297070275683e-02 1.017974608660131702e-01 1.018225532241058551e-01 1.132195314340875975e-01 9.020357822332647491e-02 1.150517082304233912e-01
9.178468754945479091e-02 1.207560963700955864e-01 1.044297639421977314e-01 8.829902518371857134e-02 7.651533433476877255e-02 9.845610565389253943e-02 9.852627949283816744e-02 1.207765604217205663e-01 8.829086934251841046e-02 1.121652777087948083e-01
9.424193732083206709e-02 1.176186422749102012e-01 1.012200945063497226e-01 8.871287010451942012e-02 7.952261547675149034e-02 9.851680939548698723e-02 9.856142041308547930e-02 1.176269710096358861e-01 8.875813614350112901e-02 1.152205033549276725e-01
9.103097917040472997e-02 1.215365264476248180e-01 1.058219758271270322e-01 8.683086405040034428e-02 7.646477837859462501e-02 9.567870856759716491e-02 9.571400330945267765e-02 1.215221893556176214e-01 8.684378413369546468e-02 1.185561907594855635e-01
8.564858257519142315e-02 1.247501424127748643e-01 1.055631216082947021e-01 8.618152486500227361e-02 7.833770389454768057e-02 9.334591204376148366e-02 9.333829241043359315e-02 1.246778146720712577e-01 8.614275511363078675e-02 1.220141504042919212e-01
9.127028203756652747e-02 1.164142158642163805e-01 1.053524950564094925e-01 8.702314971255779852e-02 8.131029349851107146e-02 9.604441659412124577e-02 9.604774799116240491e-02 1.163806721162288366e-01 8.700113699903823383e-02 1.231555901301879669e-01
8.695611960484556091e-02 1.238297083168093671e-01 1.013020196968255626e-01 8.623229603316370784e-02 7.292599052618070621e-02 9.409931476580328524e-02 9.414852998757199110e-02 1.238192600840031798e-01 8.623163825108733083e-02 1.304551227337092945e-01
9.464780741938205733e-02 1.144239853237728616e-01 1.055032028288130086e-01 9.363591597882565953e-02 8.105741732904114816e-02 1.000887509690718685e-01 1.001520348522682846e-01 1.144535458042404974e-01 9.370643904728823137e-02 1.023309004472964107e-01
9.095620224745766536e-02 1.221746844063683335e-01 1.075803276914964607e-01 8.679672710170333039e-02 7.188861997316275954e-02 9.638671433155511503e-02 9.646930461870525941e-02 1.221982227789363828e-01 8.675629115989128004e-02 1.187929056907234271e-01
9.552414275842115166e-02 1.140329755161225700e-01 1.020884523924903559e-01 9.257736498214516607e-02 8.646031061413513019e-02 9.951993768915930183e-02 9.956686819864066229e-02 1.140453256673884808e-01 9.257805184634418372e-02 1.036065703351530254e-01
9.431998392245093121e-02 1.107238811256632677e-01 1.030522812071393984e-01 9.400742239698045566e-02 8.393525789576321283e-02 1.001475355334222883e-01 1.001844431681993552e-01 1.107359521042930034e-01 9.403009931839394209e-02 1.088631433276941590e-01
8.522452499636001821e-02 1.253133953463982098e-01 9.985898431197805236e-02 8.305955540238453561e-02 7.449069919736349410e-02 9.231504495020495527e-02 9.232265990042852477e-02 1.252536058976455036e-01 8.302777410753393872e-02 1.391337558897027815e-01
9.405922455718396247e-02 1.117340370017646800e-01 1.071242082355607778e-01 9.270925027662632600e-02 9.105530093659934543e-02 9.382078498696061475e-02 9.380986414475428470e-02 1.116946169043603609e-01 9.274645631845396254e-02 1.112462566377356576e-01
9.304362477363653516e-02 1.098360936312333808e-01 1.074564738719230028e-01 9.554059567145460619e-02 8.734217067621551089e-02 1.002522400794180341e-01 1.002835130587304419e-01 1.098456048099635818e-01 9.557195532386295045e-02 1.008277281035619560e-01
9.277894953483140084e-02 1.170722102721385438e-01 9.948485701483844590e-02 8.833809858517686908e-02 7.753905292474484734e-02 1.009850900239185056e-01 1.010051643519312842e-01 1.170644189968936960e-01 8.834120938806341861e-02 1.173909489074630025e-01
9.075352504530510844e-02 1.152486596098757227e-01 1.014237932369866230e-01 9.150925753862156065e-02 8.439516811955397046e-02 9.799077572144827830e-02 9.799072231266447996e-02 1.152141519486845206e-01 9.143589987303830935e-02 1.140380465938214127e-01
8.776135015220590252e-02 1.188879413524067397e-01 1.034619977829854126e-01 8.649962588494923554e-02 7.376900287157957259e-02 9.631634309912796843e-02 9.631906946395620006e-02 1.188504497884572131e-01 8.648877656289259697e-02 1.316454430414391308e-01
8.987575113308066133e-02 1.199416568566640251e-01 1.027195095615726778e-01 8.677513774759453014e-02 7.603041052464952487e-02 9.988609482174548582e-02 9.992224792060831751e-02 1.199404006201926082e-01 8.678396014712615181e-02 1.181248306667660869e-01
9.356040750617133916e-02 1.083088729306061898e-01 1.020521143610765014e-01 9.292827060942039641e-02 8.981611904176685368e-02 9.661514836064698242e-02 9.660553732255525161e-02 1.082842285923887454e-01 9.295070826139159581e-02 1.188785930139761998e-01
9.911146174449558810e-02 1.082125402785324708e-01 1.008932342674006416e-01 9.150016251272255485e-02 8.881446924702710022e-02 1.051764897539308741e-01 1.051108394484381869e-01 1.081681474846359348e-01 9.144484137147855518e-02 1.015678138913380518e-01
9.154965536699059825e-02 1.139393510009538563e-01 1.009562793787339152e-01 9.427571306282257757e-02 8.503756067743946379e-02 1.005873067718429104e-01 1.006092376188291310e-01 1.139329598788187126e-01 9.425301463187218953e-02 1.048589216116966732e-01
9.590421758777598060e-02 1.159453302730897306e-01 1.003254639677774313e-01 8.849959870044152299e-02 7.737462665164478171e-02 9.876401848776383829e-02 9.879686361365667968e-02 1.159448246836346924e-01 8.850864020108976937e-02 1.199364158331256008e-01
8.996006106530038404e-02 1.187871727626634427e-01 1.059039586337190003e-01 8.810407395782121620e-02 7.868720872327683580e-02 9.779267315803795435e-02 9.781341633825867132e-02 1.187712798175807605e-01 8.813254672044706917e-02 1.160476088228946517e-01
9.277447087765200440e-02 1.150638411298653130e-01 1.044918474268275721e-01 9.111371001174842221e-02 7.425865687586623298e-02 9.847106746899025875e-02 9.854586809144658122e-02 1.151005095985726673e-01 9.118968045600178707e-02 1.189903480630292026e-01
9.346650171769169124e-02 1.162557164672273630e-01 1.024809800944900123e-01 9.122329634097527118e-02 8.119672014062109811e-02 9.952681034453167430e-02 9.957687427157341231e-02 1.162675675914779244e-01 9.122155734882288203e-02 1.087839756825886850e-01
9.058817118241210831e-02 1.173892916469020664e-01 1.045776743707492046e-01 9.146198192047862163e-02 7.972971297292373583e-02 1.009388342243782433e-01 1.009735921928758134e-01 1.173916830570409936e-01 9.147965897372460631e-02 1.054693994585146760e-01
9.262124695279984332e-02 1.134781869970956647e-01 1.027636606401859942e-01 9.013539190417739488e-02 8.386094005297214937e-02 9.991079806116012763e-02 9.991066424021874393e-02 1.134606904977486924e-01 9.017019662754198472e-02 1.136882240260993354e-01
9.158211486981841787e-02 1.162718003429544372e-01 9.832128772648668358e-02 9.123575877021543323e-02 8.394398153426152476e-02 1.006039694883535118e-01 1.006492908163189592e-01 1.162833994666198356e-01 9.125162553469316762e-02 1.098567714502780290e-01
9.140203840797102297e-02 1.165281379337122641e-01 1.027443978118037504e-01 9.215346180386296826e-02 7.890635592275299648e-02 9.921972433550871329e-02 9.928329129444748991e-02 1.165478510099851039e-01 9.213438001058575633e-02 1.110803614693698788e-01
9.122990907466746457e-02 1.177003606090869653e-01 1.021446907919978664e-01 9.074727297035706242e-02 8.551934331500274378e-02 9.653095349359636090e-02 9.653776112810032173e-02 1.176635345274792688e-01 9.068746419659345914e-02 1.112387098931185425e-01
9.203178358733406228e-02 1.173753171666597900e-01 1.040571884121012231e-01 9.131935068236872455e-02 8.233720257951039623e-02 9.941134485172761770e-02 9.944867941880755624e-02 1.173698371929769863e-01 9.124851877849225745e-02 1.054007773300214557e-01
8.979573203294213823e-02 1.170587807173352896e-01 1.024179023043802345e-01 8.874442141716872012e-02 8.334908182307161628e-02 9.460299216856861426e-02 9.462529019636929661e-02 1.170373232671099301e-01 8.874888153857088402e-02 1.236195945344833041e-01
8.826759206642011135e-02 1.160458674715916100e-01 1.002488133882461774e-01 8.501819095570033180e-02 7.933282284962074604e-02 9.565218411585543756e-02 9.564742827898364830e-02 1.160065049459580167e-01 8.499782064579200491e-02 1.387827752818318605e-01
9.446069632882464484e-02 1.149950743001684345e-01 9.986053205292748369e-02 9.278907918659998200e-02 7.935999259503098702e-02 1.019917844726447309e-01 1.020187085066578819e-01 1.149928563483533367e-01 9.274720871770490704e-02 1.067840674910875837e-01
8.910176383640557030e-02 1.208473720362537168e-01 1.048358553212212496e-01 8.794226396999442474e-02 7.676076873627382668e-02 9.718814597824840251e-02 9.723253681413018823e-02 1.208377468203475635e-01 8.786773582417541084e-02 1.173858106629496745e-01
9.190867434189442520e-02 1.157259220103924457e-01 1.034967579599332110e-01 8.890493464178687855e-02 8.011293295253126001e-02 9.825186960783742485e-02 9.831069835926174727e-02 1.157428819607150827e-01 8.888682706970502112e-02 1.186585010959425590e-01
9.125020601806504983e-02 1.134764743858536762e-01 1.015819206782595518e-01 9.131254162914052841e-02 8.183335729955414084e-02 1.013820083378645931e-01 1.014057942398839257e-01 1.134717910950956282e-01 9.124143786717588134e-02 1.130444684491070106e-01
9.413738475891669788e-02 1.199317645469661214e-01 1.045133745265734992e-01 9.070223730600647516e-02 7.376638925502193578e-02 1.017437736765220424e-01 1.018347463498852495e-01 1.199779430434174399e-01 9.073800442251889198e-02 1.026543821141716190e-01
8.963487793834643003e-02 1.207558550778044942e-01 1.063917537614495340e-01 8.874534520689095207e-02 7.543973265264254657e-02 9.793470739745906151e-02 9.798010831033170109e-02 1.207481471211923479e-01 8.866584729223628281e-02 1.137036252416467053e-01
9.057306180883395452e-02 1.190763032915711783e-01 1.021650266126329365e-01 8.654588318721859186e-02 8.118243432980153107e-02 9.366318528371153640e-02 9.365635490050880363e-02 1.190227277959301638e-01 8.654053690694213374e-02 1.275744858828491146e-01
9.353408172503709095e-02 1.138449180961467189e-01 1.032004644747641642e-01 9.251840644170919448e-02 8.052232666006620132e-02 1.008615132632006139e-01 1.008999071503560996e-01 1.138564023486372812e-01 9.255519546308053902e-02 1.082067843770020688e-01
9.035663511361885503e-02 1.183878531754771340e-01 1.012691819115659475e-01 8.705265635519188194e-02 7.692854435465902585e-02 9.360674703500156124e-02 9.364507058425323993e-02 1.183755884012877985e-01 8.704892649056562848e-02 1.333287965783788998e-01
9.548309198094312444e-02 1.072219339808056643e-01 1.107538792909250891e-01 9.476141066677262748e-02 9.876565087771689566e-02 9.258689737163795785e-02 9.258689051627221056e-02 1.071951329711039319e-01 9.477508606986122242e-02 1.058700262739612347e-01
9.252755532081821666e-02 1.140092158898177582e-01 1.057632187626256909e-01 9.001091857303181176e-02 7.907995437681812623e-02 9.985824132816857601e-02 9.985701471235805537e-02 1.139883489853907583e-01 9.002608412241069891e-02 1.148794479285602660e-01
