8.774701944891798167e-02 9.234263673155503060e-02 1.153697239405875874e-01 1.154111051475733701e-01 7.830798649405193435e-02 1.171940051503786717e-01 9.425910893932561152e-02 9.144307451577204926e-02 9.141911577582888249e-02 1.165062238560089225e-01
8.784823010628349527e-02 9.150869133720232473e-02 1.106560381834926360e-01 1.107184369738823115e-01 8.196498003973709534e-02 1.211259286623392745e-01 9.307205970098686443e-02 9.181876686937937015e-02 9.179031787148141108e-02 1.194965502552152031e-01
8.877496337178855668e-02 9.502710533101817181e-02 1.089643352648757557e-01 1.090043188134586089e-01 8.643975648034314674e-02 1.174971779837681030e-01 9.343199037515456662e-02 9.221870805669736548e-02 9.219747698490388110e-02 1.164441673379917885e-01
8.517594023149199778e-02 8.938442235445177853e-02 1.164491247142563218e-01 1.165184316222456495e-01 7.681180326151697269e-02 1.166302916479628471e-01 1.052170958476020546e-01 8.917240194052099278e-02 8.914035657518445954e-02 1.155001318047669534e-01
8.679411336832823509e-02 9.031894830379638694e-02 1.120185520935615270e-01 1.120541866147550802e-01 7.830021838922847366e-02 1.233866266985382681e-01 9.367668106205651046e-02 9.070046953939132905e-02 9.068915529146225063e-02 1.220610486388819665e-01
9.133914012867912213e-02 9.074561194707161937e-02 1.048189164920441535e-01 1.048066186189553356e-01 9.466746610991634558e-02 1.144058399107464041e-01 9.800472784106570301e-02 9.360699213818711450e-02 9.362263805521428561e-02 1.139820487581199027e-01
8.753998080258512671e-02 9.033924465109605118e-02 1.135094354481276518e-01 1.135392820125352142e-01 7.631850141402275745e-02 1.212325029774657947e-01 9.697883527498983580e-02 9.003649654769139976e-02 9.001739214005204104e-02 1.204883287314341828e-01
8.520459956241692445e-02 8.962836642659088859e-02 1.121149080675422904e-01 1.121672260302397361e-01 8.222593521847136600e-02 1.168214577369699192e-01 1.024974964682550116e-01 9.180371980044908786e-02 9.177665141469781851e-02 1.157596392743669711e-01
9.017537253610111159e-02 9.237840044068693079e-02 1.106128788945140301e-01 1.106571922532059021e-01 8.621324188112002018e-02 1.157943943725745217e-01 9.333239274700814991e-02 9.293341337861107943e-02 9.290348596619985022e-02 1.149992275299784039e-01
8.629136423995552307e-02 9.013123826017659102e-02 1.133787597526278029e-01 1.134460928577413069e-01 8.283418579558390893e-02 1.187509900853771505e-01 9.612954089311387396e-02 9.089385015875331431e-02 9.086528045450319169e-02 1.172786975021673506e-01
8.651278434554529606e-02 8.822590029079256657e-02 1.097388314233795764e-01 1.098009348982563749e-01 8.203655157829721489e-02 1.230804875170016244e-01 9.954098252740706254e-02 8.993501774633162749e-02 8.990967518665689273e-02 1.212188344863317085e-01
8.298717158257967741e-02 8.952602430927476818e-02 1.193273821642450161e-01 1.194226497544258886e-01 7.562663550746256957e-02 1.222639259428581482e-01 9.516211659357849684e-02 8.762052279577645097e-02 8.758306365074977617e-02 1.204805076990492219e-01
8.526265281696798759e-02 8.722862797694930226e-02 1.187063378108401124e-01 1.187292308960306852e-01 8.373905715261345528e-02 1.136738101800080364e-01 1.001438141269372362e-01 8.957753281521134425e-02 8.956809769068940774e-02 1.133708385337524605e-01
8.057054714390030070e-02 8.622688077865595102e-02 1.204998259242580499e-01 1.205955139730554293e-01 7.385906677781471641e-02 1.209571740189929329e-01 1.059459657220709616e-01 8.609296960940213128e-02 8.606011116425109353e-02 1.191919448875984749e-01
8.419340477736997341e-02 8.778201484646974695e-02 1.168913099940873390e-01 1.169530546286639133e-01 7.370234233468198060e-02 1.208138838190761233e-01 1.032802995967509463e-01 8.844205075518252190e-02 8.841668127097332408e-02 1.195249579767441866e-01
8.408056945689298955e-02 8.980156537469598244e-02 1.147295121004088814e-01 1.147937574662126342e-01 7.868093518599347802e-02 1.231605091345159969e-01 9.681986421393228015e-02 8.825902013301818727e-02 8.823744761813973048e-02 1.214368193161898535e-01
8.470634973548110680e-02 9.100291993719866745e-02 1.139296439215474882e-01 1.140029460387001620e-01 8.441685281311325784e-02 1.163751586608064714e-01 9.771622109747914176e-02 9.148945173697488331e-02 9.146044028773067658e-02 1.149000157709681447e-01
9.197222461326345910e-02 9.500447330056013828e-02 1.099421196143987034e-01 1.100079184895525197e-01 7.719378144001011466e-02 1.163761611342540164e-01 9.627440864130172582e-02 9.398279349502086655e-02 9.393590116451704108e-02 1.153102181071214288e-01
8.571577047871782595e-02 9.058865590585482575e-02 1.163447747418949046e-01 1.164133547334004204e-01 7.431323513148449522e-02 1.233891714812025003e-01 8.949655480906833216e-02 9.084260684920786311e-02 9.080454584190462974e-02 1.220913300272642443e-01
8.350265817392422962e-02 8.633751616965688880e-02 1.153502518729070253e-01 1.154005905802229781e-01 8.058535294914384584e-02 1.183567113368826085e-01 1.027512086701090621e-01 9.017072828139809093e-02 9.014586202542668181e-02 1.173991199403285751e-01
8.562195784518564223e-02 8.920003935147866048e-02 1.138875784283869264e-01 1.139419962935154101e-01 7.909885451092237008e-02 1.232433818174799439e-01 9.191653706896514564e-02 9.064914136987166360e-02 9.062530978484863164e-02 1.218152035293456475e-01
8.790737459889574890e-02 9.188492274364618018e-02 1.094323375559422828e-01 1.095015602647429476e-01 8.419235466337737783e-02 1.165801785080184672e-01 1.012719367951973037e-01 9.210823432672049504e-02 9.207483267437666097e-02 1.150462678690824664e-01
8.598101495287915896e-02 9.182713455893040666e-02 1.124278260813275088e-01 1.124824610980198064e-01 8.377837091550090209e-02 1.185883245807056591e-01 9.670302591857948826e-02 9.049355851301664477e-02 9.047203193172080604e-02 1.172462514493196883e-01
8.383415077381466129e-02 8.820219135167189917e-02 1.134362835437521394e-01 1.134974127224963741e-01 7.875402593630086157e-02 1.187473975679513571e-01 1.053506201698814343e-01 9.035709816439484177e-02 9.032741956949465190e-02 1.174934002002417655e-01
8.643711798359977883e-02 9.074078346908641401e-02 1.156763203349928937e-01 1.157124478798941258e-01 8.303345232278477872e-02 1.196151998020709151e-01 8.927850588457815484e-02 9.040776688017562734e-02 9.039397324293362013e-02 1.187044321998836777e-01
8.008667189437138068e-02 8.556515681780428595e-02 1.119301915113340568e-01 1.119996528468052838e-01 6.715760692185689107e-02 1.159243649907879953e-01 1.446775003336923660e-01 8.397528874264077736e-02 8.393929340676120621e-02 1.147442725339457709e-01
8.922602457717761226e-02 9.365757314249145704e-02 1.118215196335352463e-01 1.118735154719688596e-01 8.486414209859559354e-02 1.164702657625500681e-01 9.131715138715940094e-02 9.269960334901934662e-02 9.267311995052865403e-02 1.153970846269738310e-01
8.785409674942863678e-02 9.334223131088964509e-02 1.102124743159769993e-01 1.102348785753923810e-01 8.430586277525671524e-02 1.154836070737389475e-01 1.015066424255192112e-01 9.115493965627233242e-02 9.114675870518278156e-02 1.147585084123423776e-01
8.722770134731848424e-02 8.962440463128237833e-02 1.133727680049140124e-01 1.134304925358358695e-01 8.077725182171652252e-02 1.189286423272149229e-01 9.865490366392236365e-02 9.022070115599169216e-02 9.019802947128564841e-02 1.175651050405181614e-01
8.700169246201808204e-02 9.130945761303470298e-02 1.115882509845026738e-01 1.116349980877215237e-01 8.605909580658707703e-02 1.141587058792224579e-01 1.046370711145089422e-01 9.018119677555480607e-02 9.015757005297179993e-02 1.132719612238779205e-01
8.578376168934001567e-02 9.000398135768834795e-02 1.145120206089499520e-01 1.145605132621712874e-01 7.726622544063958820e-02 1.231131487651957873e-01 9.490557727462667348e-02 8.904615601487907151e-02 8.902677694427614530e-02 1.217818386422331312e-01
8.539645577156472489e-02 9.186854110864510481e-02 1.151003075500500045e-01 1.151812185267700878e-01 8.105324582956328905e-02 1.180155084156389589e-01 9.668301858758145129e-02 9.017135620788969963e-02 9.013986711795103635e-02 1.163904808843456290e-01
8.526382082632510961e-02 8.928752700926953501e-02 1.166316690068415901e-01 1.167121816219437586e-01 7.879866004385832623e-02 1.183026013544288546e-01 9.651565089403116304e-02 9.090433059566883911e-02 9.087469396144369493e-02 1.167088646861890872e-01
9.310621056159276709e-02 1.051154768045504395e-01 1.047770403456655952e-01 1.047975265788606419e-01 8.688325241790403886e-02 1.063422655678193385e-01 1.050960968128900608e-01 9.398123024839821760e-02 9.396895900752127995e-02 1.059319416547975928e-01
9.112294932045190976e-02 9.312293565641023563e-02 1.069786018502038583e-01 1.069855897603442380e-01 8.825076034223847121e-02 1.141456489553203529e-01 9.710913031408237306e-02 9.431890803070500096e-02 9.431725627158929481e-02 1.136482194986542238e-01
8.125654544816639235e-02 8.503616512107045611e-02 1.166212070907914483e-01 1.166803804695026592e-01 7.975453087618800119e-02 1.207161697243872844e-01 1.104012427378976841e-01 8.507927433535301953e-02 8.505775459819887863e-02 1.193967295984441762e-01
8.383177331670624288e-02 9.052765701673175236e-02 1.192766079498936704e-01 1.193299176485361629e-01 7.037964333547756801e-02 1.180188131242785876e-01 1.074586872615564126e-01 8.701644206686733052e-02 8.699313835705353715e-02 1.171673199228987911e-01
8.702238125587423434e-02 9.108709157998169659e-02 1.143066398933181710e-01 1.143604924389180905e-01 7.927450607063425692e-02 1.227418797551832336e-01 8.891828052137340510e-02 9.044274469489299584e-02 9.041731440408197484e-02 1.214286693857419691e-01
8.254497556785306278e-02 8.670788422391732808e-02 1.157734093927946517e-01 1.158149023203372263e-01 7.825403485389470504e-02 1.255312930132743976e-01 9.708996066543348902e-02 8.704381400994287699e-02 8.702935538500634893e-02 1.242103705675459135e-01
8.197432480000056698e-02 8.593912057425938389e-02 1.186480208231502353e-01 1.187027214830698035e-01 7.595409459057300694e-02 1.225887220088972135e-01 1.000372102683835251e-01 8.749852981493419501e-02 8.748420305988156842e-02 1.211730525768505151e-01
8.424561442042161064e-02 8.918502622897582499e-02 1.123367794839183892e-01 1.123900315632243296e-01 8.164290652903255507e-02 1.217894735815481522e-01 9.725590666623057379e-02 9.039665802016032259e-02 9.037283718192527793e-02 1.203847663245629640e-01
8.385126779519849749e-02 8.978860686783285416e-02 1.147454503971486045e-01 1.148096147098613407e-01 8.156957486048083128e-02 1.165915339314584770e-01 1.030098161097063036e-01 9.021896910385145130e-02 9.019721447718521967e-02 1.152179517472764758e-01
8.417292334302250989e-02 8.854519263476223756e-02 1.139467365642351376e-01 1.139820832161951014e-01 8.100631109650174855e-02 1.229770961587096922e-01 9.285092849589852981e-02 9.025575410243406871e-02 9.023602283103950017e-02 1.220269515572015157e-01
8.561855516041408376e-02 9.041680961966797048e-02 1.151776944769575539e-01 1.152573422094675393e-01 7.791224454219457252e-02 1.193454628285809255e-01 9.879176279893849000e-02 8.985285921705836454e-02 8.981715325836631125e-02 1.178101158883541749e-01
8.520623285925878199e-02 9.455391667351101259e-02 1.147132608541603788e-01 1.147665229428392608e-01 7.821213713417839164e-02 1.161164337085826281e-01 1.009790745747504020e-01 9.017458304254438728e-02 9.015052382630185657e-02 1.151273143838729002e-01
8.905937083431449131e-02 9.157858348768292689e-02 1.116263177711917381e-01 1.116459253793158635e-01 8.267752724486908400e-02 1.175090182947400724e-01 9.886378063447312514e-02 9.009817300007538776e-02 9.008940925823687162e-02 1.168518940951004670e-01
8.296504360489273533e-02 9.121952679274311637e-02 1.202958305324274557e-01 1.203342571772557101e-01 7.193506808296075417e-02 1.179745182362234440e-01 1.003717133281426116e-01 8.874258803081233604e-02 8.872329114192846478e-02 1.174381630726133857e-01
8.476358005490980396e-02 9.027102484074694955e-02 1.196913367667620798e-01 1.197523505411985378e-01 7.579698640747854765e-02 1.217212562186847924e-01 9.273686734598998727e-02 8.740781420340248964e-02 8.738554500254056001e-02 1.204732386182862380e-01
8.654888633425443512e-02 9.363917173721024445e-02 1.095706891275564920e-01 1.095999923938329040e-01 8.395564141793798729e-02 1.166193885935074975e-01 1.005531844153235294e-01 9.188502952638448462e-02 9.187141348810565211e-02 1.157566029658867596e-01
8.907418507555694975e-02 9.354417411495426216e-02 1.081752270513236941e-01 1.082082764385279006e-01 8.297989834068805748e-02 1.161364824326285711e-01 1.049926671072166362e-01 9.083868890284059472e-02 9.082096403092497494e-02 1.152294365053383313e-01
9.270953033768636331e-02 9.800030546722750258e-02 1.023964194421076446e-01 1.023935833440810517e-01 9.315215369520320199e-02 1.044428268026345030e-01 1.081923117002889373e-01 9.724594151410910492e-02 9.725597481853437420e-02 1.042109528781273026e-01
8.835631325254844626e-02 9.164980774868326796e-02 1.112315867646417877e-01 1.112941585480090312e-01 8.380203587911656815e-02 1.175637745851901422e-01 9.876472341819306222e-02 9.052230021949154992e-02 9.048792980102084160e-02 1.163273697831052889e-01
9.070641409432864122e-02 9.603534152240511546e-02 1.097757856198784965e-01 1.098347028128293379e-01 8.445891471964002417e-02 1.121566029242296453e-01 9.841854748918296703e-02 9.379262371647588414e-02 9.376295075488844111e-02 1.110581163461414334e-01
8.805587760113857410e-02 9.195268446962509556e-02 1.078319482006390578e-01 1.079101199883178708e-01 8.613754413745784710e-02 1.139129580297029015e-01 1.015836113287593295e-01 9.517703250743438093e-02 9.513660642277850521e-02 1.123016173141464652e-01
8.323450589170842961e-02 8.981007395770787549e-02 1.162453020687130578e-01 1.163039669745472154e-01 7.683078008874320852e-02 1.223562386009901665e-01 1.022210172921915600e-01 8.607113125700399658e-02 8.605166245158801797e-02 1.208753214168064305e-01
8.335547913109413176e-02 9.008501446764320686e-02 1.188892457027248412e-01 1.189430391125182590e-01 7.025209090173062387e-02 1.214881969679770524e-01 1.011551865720512616e-01 8.769614465152142380e-02 8.767206102980952542e-02 1.204635414629296603e-01
8.101785763871748036e-02 8.697643261127355196e-02 1.173978650894859643e-01 1.174437729017638182e-01 7.757594936584730205e-02 1.236889179081241963e-01 1.043143850825803964e-01 8.468175719795646705e-02 8.467293901622786889e-02 1.222301231880229128e-01
8.238993718391031396e-02 8.724327983347754389e-02 1.202432242373008414e-01 1.202778845441966754e-01 7.397336800750795027e-02 1.189000384765001583e-01 1.054526629771434937e-01 8.665069570829292411e-02 8.663810604934141235e-02 1.182308029823287004e-01
8.726715809482921138e-02 9.095799384347320882e-02 1.151237582411980681e-01 1.151723902114130393e-01 7.878546174712675043e-02 1.180584100467609310e-01 9.609627963034533815e-02 9.074483872770956749e-02 9.072272912191253758e-02 1.170709803352313338e-01
8.915543859171472241e-02 9.663238778878160962e-02 1.100488219326539868e-01 1.100775498326090895e-01 7.927831092724722806e-02 1.136685776287146149e-01 1.043676897941136911e-01 9.193510841399357703e-02 9.192393146583340002e-02 1.129121836243380528e-01
8.673199134742663741e-02 8.676085325680872595e-02 1.117651909952639966e-01 1.118089174347158266e-01 8.239961587814161048e-02 1.255230450266586473e-01 9.592339388862576588e-02 8.758412141003547868e-02 8.756910487147893940e-02 1.239337658908443163e-01
8.954926061444187790e-02 9.600680565931984933e-02 1.085931971783644784e-01 1.086035186071378084e-01 8.814402687701825001e-02 1.085812040382086036e-01 1.059147079410120984e-01 9.322739250092688945e-02 9.323052343781654261e-02 1.081493631457536159e-01
8.537294290937971764e-02 9.101240525708129137e-02 1.120124794719723760e-01 1.120891706790708986e-01 8.355417193941780396e-02 1.193610898111344965e-01 9.642590632143649421e-02 9.128851848289297466e-02 9.125506150324559640e-02 1.176282536243683091e-01
8.934667373136899460e-02 9.337230326096308819e-02 1.112529217780418578e-01 1.113218629474086452e-01 7.942889596447491596e-02 1.194106682444929374e-01 9.669077755060331847e-02 9.065821415309376075e-02 9.062368237797362169e-02 1.178939999915788461e-01
8.999133438458599421e-02 8.763372719959670876e-02 1.080862235936463078e-01 1.080953826136110407e-01 9.407269628629685854e-02 1.122379797701623938e-01 9.940897941933898863e-02 9.439991938436254060e-02 9.440340013294501453e-02 1.116703572154541385e-01
8.628723015159674159e-02 9.148656223305595692e-02 1.165286502630258347e-01 1.165568988910041515e-01 8.037199250067686429e-02 1.198085941901427670e-01 8.927703398753478181e-02 9.028800224707610178e-02 9.027530076983983354e-02 1.191197347660469669e-01
8.512557186850661095e-02 9.402150552081632584e-02 1.181250323809261149e-01 1.181635437696356011e-01 7.927820043857546073e-02 1.135609879589695170e-01 1.027183773033535225e-01 8.814847808101758386e-02 8.814373333928175736e-02 1.127145693389175335e-01
8.552584478447365635e-02 9.125390639851749253e-02 1.151900711579071646e-01 1.152485615024007037e-01 8.113554647514595319e-02 1.143249313691861307e-01 1.038259158884976968e-01 9.009451526283647482e-02 9.006942462075111233e-02 1.133312825402835733e-01
8.545741305673185129e-02 9.253433315603780407e-02 1.133578403210390301e-01 1.134010591871855295e-01 7.819642432604846649e-02 1.172529686174044739e-01 1.016206741028141680e-01 9.091226752580154613e-02 9.088979454613911602e-02 1.163772251607980285e-01
9.097352350567304569e-02 9.235171748838444383e-02 1.116011851048629711e-01 1.116300608514317338e-01 8.460638233502040806e-02 1.162414697445801892e-01 9.303464314536649682e-02 9.197969795885298228e-02 9.196152602465014481e-02 1.156197938411775566e-01
8.691076600222617798e-02 9.080118860332041242e-02 1.084454763171856656e-01 1.084604642337892860e-01 8.523409987240974928e-02 1.160089736563640339e-01 1.099806800798025508e-01 8.949050889339646431e-02 8.949066591105823976e-02 1.151771764304474338e-01
8.479711397662459405e-02 9.027713109903921784e-02 1.138476331744440739e-01 1.139161477478000534e-01 7.883526232321114158e-02 1.199801941222429502e-01 1.006198188937442034e-01 8.959359678484754563e-02 8.956069244467802781e-02 1.185724094333681783e-01
8.422084912194671702e-02 9.271414375383683903e-02 1.148285756137928382e-01 1.148924438243123375e-01 8.231587128293478550e-02 1.135529993757617706e-01 1.063329471775851798e-01 8.941199893999195181e-02 8.939068693946311539e-02 1.123394839703744097e-01
8.286881978995455644e-02 9.007705853273562102e-02 1.196240912367365072e-01 1.196713318031465551e-01 7.546064683195961853e-02 1.175437484222625895e-01 1.064177741047870884e-01 8.588752926954719424e-02 8.587501763262274379e-02 1.165739823762474842e-01
8.407355965822609078e-02 8.832106997580693730e-02 1.174709047536983131e-01 1.174992836171254440e-01 7.524496722115601999e-02 1.206913275575291905e-01 1.028223985101079929e-01 8.702858960805305577e-02 8.702169974821166720e-02 1.198261993500853578e-01
9.000195653184554778e-02 9.056457972304150783e-02 1.138380824521164347e-01 1.138624758893609090e-01 7.834879849630094206e-02 1.242055429147995022e-01 9.429602043312831916e-02 8.592458970633577720e-02 8.592072163231309623e-02 1.230372322207579361e-01
8.154003828339342896e-02 8.817441821503728405e-02 1.204482394955200264e-01 1.204966199668436322e-01 7.459064844343925305e-02 1.211323668753478688e-01 1.002337398290812087e-01 8.672847351176890540e-02 8.671797308642353874e-02 1.199374822931448259e-01
8.698477445445200462e-02 8.993588936294684422e-02 1.096504827398687848e-01 1.097195840130287398e-01 8.382169822133429815e-02 1.184871570175647509e-01 1.020310313788381495e-01 9.126601163068366607e-02 9.123279822504375136e-02 1.168705729562390938e-01
8.583484345192661513e-02 9.011817822576571879e-02 1.271974928294434815e-01 1.273694245874701370e-01 4.910536418408392029e-02 1.373002538094208469e-01 6.945343877872353633e-02 8.916569667609203220e-02 8.905737736234339841e-02 1.353979300947303066e-01
8.617159586396995474e-02 9.423645857350995692e-02 1.131639194174669794e-01 1.132148658799225771e-01 7.846967762873384433e-02 1.152807754954511960e-01 1.026893580241164533e-01 9.128300862590679743e-02 9.126202030293652234e-02 1.142283201879856769e-01
8.699907995667803540e-02 9.257681944080123349e-02 1.140290275695638178e-01 1.140990050964928726e-01 7.977037934546110653e-02 1.173372207104653314e-01 9.797234919903831385e-02 9.060266000238129114e-02 9.056898428003579138e-02 1.160444743990821648e-01
8.499735930418041152e-02 8.862110058804777146e-02 1.133413777919315829e-01 1.133862844246179835e-01 8.211461869244791878e-02 1.207481490784504952e-01 9.557572298982884573e-02 9.087690690260082083e-02 9.086083009855729087e-02 1.194776501293369486e-01
8.127976060832038663e-02 8.588421689213894539e-02 1.167202831180444988e-01 1.167666313882263218e-01 8.369421751956795941e-02 1.178380559933419891e-01 1.018696838834027146e-01 8.963951892842725311e-02 8.962916452233599118e-02 1.166784671461939676e-01
8.395678859398401916e-02 8.936297165863799075e-02 1.186623380594424293e-01 1.187356208262787122e-01 7.473990229328665580e-02 1.217385780515786997e-01 9.929032639060821064e-02 8.661197208034376871e-02 8.658256022139944330e-02 1.203189418244400427e-01
8.617938573480375675e-02 9.457372228709991224e-02 1.144085007681403532e-01 1.144478461017474080e-01 7.924411377440800097e-02 1.141454850832424039e-01 1.030036624185126648e-01 9.035002668280522897e-02 9.033718924451306087e-02 1.133100679047271964e-01
8.667583466132698644e-02 9.056916991892245694e-02 1.148038225664896467e-01 1.148909064740222530e-01 7.333057303867948629e-02 1.218928376060412211e-01 9.764223152471081246e-02 8.997164483300629234e-02 8.992486841114401275e-02 1.202981109656568737e-01
8.677447731464718594e-02 9.229154679373738346e-02 1.095107702185350029e-01 1.095561275633284565e-01 8.567856928399347760e-02 1.197898819717416324e-01 9.527394480895458317e-02 9.137985576991954073e-02 9.136258783892305113e-02 1.183822384362196584e-01
8.318463183475352518e-02 8.880167232355656859e-02 1.143090913054315289e-01 1.144064195076258533e-01 7.765977013656484573e-02 1.229184305793508958e-01 1.005666421987792963e-01 8.867478679359658278e-02 8.863147748338574827e-02 1.208470778369551413e-01
8.528192789643693206e-02 9.538529571213288927e-02 1.109075653281683671e-01 1.109551024935136049e-01 8.570327888482530410e-02 1.138283129786037962e-01 1.014220698916597357e-01 9.186372069355620840e-02 9.184328041639688855e-02 1.128094457047062460e-01
8.644343207399735052e-02 8.906670051232688790e-02 1.197809673750816067e-01 1.198427012636199412e-01 7.583807082832734470e-02 1.194033510692258382e-01 9.136335227949973770e-02 8.997728625377185430e-02 8.995172852323468637e-02 1.183324098209147524e-01
8.572302268813641879e-02 9.409021224571310904e-02 1.142323771329037535e-01 1.142823420728593109e-01 7.684588420448283663e-02 1.178263281195593426e-01 1.024079805165906271e-01 8.888218193738046946e-02 8.885744537641536434e-02 1.168522257059587538e-01
8.302284111829003055e-02 9.056991078468369649e-02 1.155826551126997170e-01 1.156484338493526526e-01 7.769664553284955089e-02 1.194715054938605414e-01 1.074429171994728538e-01 8.630496213428455465e-02 8.628300639298479291e-02 1.179771223815216374e-01
8.931207313136672876e-02 9.797650246263582552e-02 1.066747876881753015e-01 1.066978352697342119e-01 8.447698204096358576e-02 1.125278159682248091e-01 1.039028617383384867e-01 9.334283148504600447e-02 9.333520019048872907e-02 1.117531100250263032e-01
8.556315407465009404e-02 8.942130818291214867e-02 1.149999595812635084e-01 1.150575043727205676e-01 7.859766450702872220e-02 1.212805206182164253e-01 9.576844449911993407e-02 8.972440336483207546e-02 8.970207413473019198e-02 1.198849666645263740e-01
8.897107771000055398e-02 9.052448324934468660e-02 1.147149426333833183e-01 1.147589201634723749e-01 8.153494488522568251e-02 1.148347818451376651e-01 9.926424736404559912e-02 9.073611605317134787e-02 9.072009978546129172e-02 1.139403863107574383e-01
8.694189381677047690e-02 9.053354775667728227e-02 1.133646833978436685e-01 1.134149737668468383e-01 8.119625337745900451e-02 1.207431323287548874e-01 9.269208115969135298e-02 9.081968279430678581e-02 9.079720503273853993e-02 1.194965465689111911e-01
8.737162872974456318e-02 9.446174044027680350e-02 1.084444536091107997e-01 1.084741721132214537e-01 8.178506635243491807e-02 1.137666335530933825e-01 1.126359966596566231e-01 9.006922590775739978e-02 9.005699496413432925e-02 1.129340876705697133e-01
8.678829649578166661e-02 8.854935767913792166e-02 1.123362351505397122e-01 1.123860362882084241e-01 7.791677398968732682e-02 1.249804230257320486e-01 9.542055468110452465e-02 8.915932897442549465e-02 8.914217639087262945e-02 1.233208173245102929e-01
8.383827109384307807e-02 8.715278265517820144e-02 1.111268489600278908e-01 1.111756133767205362e-01 8.191766702630712271e-02 1.261991458258447940e-01 9.785866579348435901e-02 8.812612399641953087e-02 8.810713518017422585e-02 1.244977460920002471e-01
8.535604227497414764e-02 8.659917928533963916e-02 1.124826899941377273e-01 1.125239922776933577e-01 8.723061526760277073e-02 1.164435640262108662e-01 9.874739416135604186e-02 9.254828649024053611e-02 9.252840189874694810e-02 1.155398343236979375e-01
8.664863968119992932e-02 9.352453602211069361e-02 1.162929056363753572e-01 1.163558297419664544e-01 7.452689617585331328e-02 1.208351329428947463e-01 9.368566654622989542e-02 8.928362888405760867e-02 8.925413008226734668e-02 1.195926342870446552e-01
9.217076382162607551e-02 9.417276236123141298e-02 1.072100557873660598e-01 1.072245487463627245e-01 8.698188261637040952e-02 1.126706687410162777e-01 1.064002295077325216e-01 9.058596042965715023e-02 9.058455208397811487e-02 1.119985759046592672e-01
8.368391130889817064e-02 8.568924276546435737e-02 1.140822332844165787e-01 1.141320163153775741e-01 8.215637719977372799e-02 1.236891348463568380e-01 9.879890398125812379e-02 8.788791418607198869e-02 8.787716197183766120e-02 1.220031041405450073e-01
8.500922691613742310e-02 9.056439014683238808e-02 1.157842863207631384e-01 1.158624361872386543e-01 7.286524483622600079e-02 1.252443154926412561e-01 9.246239680919683679e-02 8.933751118186514240e-02 8.929873567223971242e-02 1.235714564368594476e-01
8.878772824384170703e-02 9.186635815608808209e-02 1.142660798336093686e-01 1.143301062220757197e-01 7.533536789582351290e-02 1.206665359500636026e-01 9.155298805703551701e-02 9.180493123803111499e-02 9.176231550475805188e-02 1.196275888986733371e-01
8.565001009412868960e-02 9.087967595634972862e-02 1.168874254760264020e-01 1.169667182294467922e-01 7.188532234470268456e-02 1.213015125252795978e-01 9.740831733048956054e-02 8.956833043313380815e-02 8.952776210413911084e-02 1.199249255063036673e-01
9.885380591807686745e-02 1.027939457339490104e-01 9.692545366333631118e-02 9.690141110265859670e-02 9.778373531578735123e-02 9.975116427749124159e-02 1.068404676568187883e-01 1.000424460844667740e-01 1.000582978700197689e-01 1.000492723773953319e-01
9.446816541484105711e-02 9.387332749077331728e-02 1.000412352738130478e-01 1.000209673608489780e-01 1.059893647086435631e-01 1.021122097292680303e-01 9.742912790007970947e-02 1.018629315398934115e-01 1.018781753452447231e-01 1.023244952365941485e-01
8.345775581778673569e-02 9.314582921379115088e-02 1.133744842004573566e-01 1.133931622134518452e-01 8.557745986603526589e-02 1.115654920318876614e-01 1.108190331821176100e-01 8.886199507834838252e-02 8.886468199433084081e-02 1.109401064017931371e-01
8.374492513673201244e-02 9.366976963633341646e-02 1.129106384542059582e-01 1.129456926571295455e-01 8.397346639674646562e-02 1.140738373634822139e-01 1.021883516594136038e-01 9.161835747516462736e-02 9.160637881499740509e-02 1.132685824057947099e-01
8.660605304643885505e-02 9.221718601764419820e-02 1.133733316755747567e-01 1.134277008415271459e-01 7.662369108271610552e-02 1.169881806445545736e-01 1.050820557855021847e-01 8.990380912654619139e-02 8.987825434684622306e-02 1.158997374326498075e-01
8.889449276184609172e-02 9.124260443538240173e-02 1.125268456813393186e-01 1.126010274908791353e-01 8.298542797598087994e-02 1.169817190152976916e-01 9.557016758165842729e-02 9.179621878334887075e-02 9.175653328093330563e-02 1.156449629933338913e-01
8.486314725295564243e-02 9.200066215963033367e-02 1.157315914243636917e-01 1.157982740544597072e-01 7.727129158576236112e-02 1.182004053239515406e-01 1.014244277738686750e-01 8.887220904158514567e-02 8.884126953564340512e-02 1.169967218477795390e-01
8.623728220150060630e-02 9.095830991837045021e-02 1.129888734830069991e-01 1.130154014762115994e-01 8.149179218769689315e-02 1.185862012858883846e-01 9.774036928943566349e-02 9.057486748557866396e-02 9.056226019251047143e-02 1.178446424798002823e-01
8.643506641856317507e-02 9.096379837890225528e-02 1.143604773125057872e-01 1.144405639573343320e-01 7.509416811986095730e-02 1.242762953195931802e-01 9.171450530378254251e-02 9.009440287960490679e-02 9.005306822597435035e-02 1.225676540838784578e-01
8.290169130904502526e-02 8.758942459620765175e-02 1.212278240253470973e-01 1.212654483754902063e-01 7.954523264862860266e-02 1.130179191480179673e-01 1.035536769147562125e-01 8.924350758331260625e-02 8.923597049707777951e-02 1.124193049021168511e-01
8.702580119183313256e-02 9.278989018678200640e-02 1.098939491262601736e-01 1.099127754298581394e-01 8.278300577784020176e-02 1.148572653229034679e-01 1.051562233398525420e-01 9.161626948585764596e-02 9.160387683630580313e-02 1.143609433025068733e-01
8.500664813518922502e-02 8.751757819171972208e-02 1.160294974414499414e-01 1.160980161984178916e-01 7.768490085453973182e-02 1.225893951829690465e-01 9.429663201165704167e-02 8.979156662337248185e-02 8.975687702145272728e-02 1.212288883392321909e-01
8.669049304424170099e-02 9.099897404811262136e-02 1.114391015339450258e-01 1.115116546222447852e-01 8.101607928923257318e-02 1.198127413253518431e-01 9.934267177168562557e-02 9.051346049515260339e-02 9.047832653877668774e-02 1.181964973312564643e-01
8.484324749770462415e-02 9.015223907112374091e-02 1.135050999357784807e-01 1.135672500250398259e-01 7.799833363113020668e-02 1.239884736759324230e-01 9.629671354433534669e-02 8.867511094819735540e-02 8.864968856304492051e-02 1.223238431077130900e-01
8.396729225654449291e-02 8.777314601363268853e-02 1.156639112000712455e-01 1.156897973606342556e-01 7.909072705519959445e-02 1.260274969835215308e-01 9.307500042831899634e-02 8.701968577619181855e-02 8.702005925361958050e-02 1.246728836722657968e-01
8.299556984624396894e-02 8.704092305366410709e-02 1.147906019487207191e-01 1.148269012788454974e-01 8.289905162944410932e-02 1.187259511374971349e-01 1.035407148486774537e-01 8.876413815756839520e-02 8.875561353838129497e-02 1.176605345609573056e-01
8.272697646537285898e-02 8.842674135350690745e-02 1.157008374103288967e-01 1.157679231037282153e-01 7.373527802990886837e-02 1.252200742196628025e-01 1.003204628425674316e-01 8.730096760236802367e-02 8.727420692580095674e-02 1.235265320467550665e-01
9.101752425623378662e-02 9.443486266546016750e-02 1.123884799741841356e-01 1.124678771120499882e-01 8.143697081527430381e-02 1.149233702829755843e-01 9.131620812720851743e-02 9.423664873431136790e-02 9.419388232334885425e-02 1.135841757089532528e-01
8.262219078480952106e-02 8.605353303822217692e-02 1.209144176681021116e-01 1.209854539831924508e-01 7.260755517510100732e-02 1.233909220411852914e-01 9.567854318400978442e-02 8.780631209950655325e-02 8.777366689355790841e-02 1.221674051323132226e-01
9.127916565590621367e-02 9.268936478917851052e-02 1.093847728437241790e-01 1.094261170942286143e-01 8.744508801113778929e-02 1.153206980777666535e-01 9.255664701075852485e-02 9.373482566727495136e-02 9.370926227525717966e-02 1.144540585747674533e-01
8.852559466740746175e-02 9.147315497668699613e-02 1.111336699434095493e-01 1.111805088154749904e-01 8.477330859708417932e-02 1.118169218849087015e-01 1.000129718535422430e-01 9.504543383341393370e-02 9.502044309091731145e-02 1.110179923371546612e-01
8.069906106864407902e-02 8.588298307591833713e-02 1.158014514532197531e-01 1.158438207888976140e-01 7.580714321028543534e-02 1.275942844793627462e-01 1.032967589206219700e-01 8.457073310363852348e-02 8.456225345502503543e-02 1.259415104443865063e-01
9.064344059762061145e-02 8.885178726055605047e-02 1.077851809629940538e-01 1.078118618254379768e-01 9.289112551289080422e-02 1.140148322305152145e-01 9.580911583476621474e-02 9.458836307280242550e-02 9.458468381286116999e-02 1.130196088895554646e-01
8.891415861090472272e-02 8.949300295858286791e-02 1.148105544024167202e-01 1.148625293877384851e-01 8.758196545920356180e-02 1.101249033978435599e-01 9.306538788601316503e-02 9.589150582413336066e-02 9.586866947448696719e-02 1.093873225986765757e-01
8.641688452834504763e-02 9.259084888898294619e-02 1.109437196540981885e-01 1.109924804400427428e-01 7.883489377487216954e-02 1.190393659279543881e-01 1.036002104838545934e-01 8.990667560205996278e-02 8.988443260249942557e-02 1.177904880972905216e-01
8.952996794242966405e-02 9.148713663783890337e-02 1.113647791368081036e-01 1.113653387337783102e-01 8.458517648247891596e-02 1.155569457114471871e-01 9.750218233386551137e-02 9.171473612093090921e-02 9.171913003630081940e-02 1.151746068641217036e-01
8.346337032268635880e-02 8.812414205131109679e-02 1.166138225225305664e-01 1.166618195428986982e-01 7.447304506966483106e-02 1.200652402408131786e-01 1.070922087873141665e-01 8.737702518324612366e-02 8.736599974780803746e-02 1.187633265317269565e-01
8.427572672550576183e-02 8.880022289691431869e-02 1.155884524224280036e-01 1.156584397825837357e-01 7.709469574315723495e-02 1.216239860121161864e-01 1.006903789737313010e-01 8.810621617544900364e-02 8.807750440323909580e-02 1.200843768648754001e-01
8.350398956540434903e-02 8.784002341734732655e-02 1.109793237403843419e-01 1.110088303717328834e-01 9.119998671904903931e-02 1.099959674343150839e-01 1.074457682567116629e-01 9.437870661543669437e-02 9.437362976276821025e-02 1.092737741168504501e-01
9.196922731445721089e-02 9.335896871775517525e-02 1.087194478981893947e-01 1.087108845015989228e-01 9.038089264404812473e-02 1.101740906146073673e-01 1.005915862183230230e-01 9.307062179009208125e-02 9.308490991610268717e-02 1.099393703848259990e-01
8.820519156300522801e-02 9.329535763460349018e-02 1.141933545582728693e-01 1.142239016721989936e-01 8.441812237902174276e-02 1.131224034569041637e-01 9.273636860830171413e-02 9.364383755164788770e-02 9.363206208836401256e-02 1.125294004876798842e-01
8.885901496608461514e-02 9.525716116937849032e-02 1.093796124166161454e-01 1.094297925134805061e-01 7.859834296630500983e-02 1.177818223638172346e-01 1.041661873797889992e-01 9.000220752573570571e-02 8.997701208829166075e-02 1.165488466105016468e-01
8.449246133612696441e-02 8.726086801227936340e-02 1.168691908051144868e-01 1.169396651959488664e-01 7.959836621412773316e-02 1.201743154266599334e-01 9.763401886898355475e-02 8.921768393337889402e-02 8.919389577041410277e-02 1.186195344369661148e-01
8.799001464074486523e-02 9.159976927614109365e-02 1.145012878472992240e-01 1.145989052946252973e-01 7.470774209945656164e-02 1.157191622962181338e-01 1.030746356297747995e-01 9.185124484594094085e-02 9.180277468234027127e-02 1.141544633874588266e-01
8.923806154109344135e-02 9.248842299734204297e-02 1.110927538236279738e-01 1.111408124464299263e-01 8.209461557273936561e-02 1.175338128211247946e-01 9.523650041301329194e-02 9.234472885829421440e-02 9.231731226264573709e-02 1.165129792636892536e-01
8.813862778470088477e-02 9.180103203209545593e-02 1.183012987423907730e-01 1.183703357969204811e-01 7.904129830045816818e-02 1.163743140740215454e-01 9.125755679471260484e-02 9.077739596940866129e-02 9.075134998863593205e-02 1.151867905166555073e-01
8.611303858082278162e-02 9.458262365602479460e-02 1.138297747859933484e-01 1.138870471108664739e-01 8.398241725083954723e-02 1.136524465026366726e-01 1.008437910057781162e-01 9.033322969945044301e-02 9.031547483243312913e-02 1.124601565751547350e-01
8.829478679808767938e-02 9.413816151197991478e-02 1.091419963340695132e-01 1.091934590493343071e-01 8.467282265330475233e-02 1.172685019932158956e-01 9.691589443466976095e-02 9.214499375051207752e-02 9.211531103957722177e-02 1.161140724352488635e-01
8.885415921523245886e-02 9.420940559514878743e-02 1.112820736621249751e-01 1.113257911173274745e-01 7.933802085379368374e-02 1.171564593156172313e-01 9.600530324773418056e-02 9.277694751922795080e-02 9.274894411089149027e-02 1.163028953629017120e-01
8.691858631364379750e-02 9.028159936451836398e-02 1.106515972203413051e-01 1.106581977495470354e-01 8.659418931055863633e-02 1.192274922283834554e-01 9.326844123842339962e-02 9.189967867024004256e-02 9.190014188485193247e-02 1.186000760194920872e-01
8.812325132273990391e-02 9.167777039329996769e-02 1.146064997588717854e-01 1.146270290706450645e-01 8.249958456110927096e-02 1.176291636613341768e-01 9.061388306305746820e-02 9.155814115792747232e-02 9.154733890279945219e-02 1.171173381082154102e-01
8.389281516269868344e-02 8.754178986291374920e-02 1.172692404730261012e-01 1.173257345993884981e-01 8.337126684014206646e-02 1.171090273656142100e-01 9.994075941901844895e-02 8.883323632269223002e-02 8.881717076871906147e-02 1.158989591857869234e-01
8.141010617163252361e-02 8.655750179800628108e-02 1.160365839507842417e-01 1.160795781798138193e-01 8.021810757879740961e-02 1.173827223797413305e-01 1.140862528735491627e-01 8.600435015338167566e-02 8.599654869526242307e-02 1.162282482190311744e-01
8.977064836346768106e-02 9.988133233362454788e-02 1.103318973591340818e-01 1.103544955533908578e-01 7.931399195443727956e-02 1.149439776276853509e-01 9.544134193357498019e-02 9.280089650706381532e-02 9.278764831892048759e-02 1.143737700487009179e-01
8.393786404267206125e-02 8.914136576534888168e-02 1.188073482093045807e-01 1.188413399976517848e-01 7.680479292416625414e-02 1.209458941659120601e-01 9.523745522925639029e-02 8.806328232872075168e-02 8.804978272304912756e-02 1.201708746139181910e-01
8.747576210197988145e-02 9.144566370835285896e-02 1.120351007101262342e-01 1.120858964716746758e-01 8.109846031140471867e-02 1.171399965187644443e-01 1.023599606569508963e-01 9.011717800921195676e-02 9.008874412824258160e-02 1.161532373832917520e-01
8.487086213481763453e-02 9.054169199526111711e-02 1.189743557794308154e-01 1.189998843328976402e-01 8.102570277701183488e-02 1.123778290831565219e-01 1.002694992960178472e-01 9.045905589067781971e-02 9.045109578858082089e-02 1.120300229221479482e-01
8.876349103405900554e-02 9.294150943854938285e-02 1.156602007396857618e-01 1.157516711969205081e-01 7.428893460487846767e-02 1.207399532494639327e-01 8.962922008510076921e-02 9.154193432090275417e-02 9.149229450142999653e-02 1.191907908290094215e-01
8.518925279885875002e-02 8.835219046331978243e-02 1.193248271345759282e-01 1.193561417834812233e-01 7.551524082820121331e-02 1.209062740430651151e-01 9.334745453029225093e-02 8.890442532131541398e-02 8.889144685126548762e-02 1.202127462456248352e-01
8.490831665562008357e-02 8.975874831439664692e-02 1.108947230194868433e-01 1.109272065501594601e-01 8.285467759537415433e-02 1.215810597850916219e-01 1.021532711611363581e-01 8.835511955747481216e-02 8.834947602517560783e-02 1.202174013360844257e-01
8.949708535508948959e-02 9.331415158670307297e-02 1.136862127330383609e-01 1.137506433493613717e-01 8.061206770574845526e-02 1.139584220575832890e-01 9.688959379268309580e-02 9.273830323568525713e-02 9.270853308133628068e-02 1.128449871027713408e-01
8.370751360004942410e-02 8.968177671233805437e-02 1.127771244268548356e-01 1.128290697810856585e-01 7.819969205088860009e-02 1.203599696497024418e-01 1.062735742477865647e-01 8.858060907953695107e-02 8.855925869962225083e-02 1.190314117521352744e-01
8.941127655076205882e-02 9.109948847173104935e-02 1.054215415203214740e-01 1.054324934928587698e-01 1.011950033612566413e-01 1.098780938614408592e-01 9.404485086527580862e-02 9.708731490125693808e-02 9.708783055365965975e-02 1.093421064214367688e-01
8.658051582191912676e-02 9.286569064952877872e-02 1.161481245515649935e-01 1.162007449953399163e-01 7.919947157341158950e-02 1.142017236944116720e-01 1.012802131655009541e-01 9.020582144494461441e-02 9.019169718008118730e-02 1.131259969232971535e-01
