1.331881344841189529e-01 1.071595174641361559e-01 1.140488122990500341e-01 7.190625424460819759e-02 9.134004436745325750e-02 8.590687959715423427e-02 9.896306521596619221e-02 9.035538003620659231e-02 1.156969729203385644e-01 9.143493937096780488e-02
1.457720134937456058e-01 1.023843418850921144e-01 1.075701634503085230e-01 7.390665492332293418e-02 8.932931369314042747e-02 8.988163840423187001e-02 9.522301079846602623e-02 8.946731124260681733e-02 1.171972322552455176e-01 8.926831985384021950e-02
1.278685409479587698e-01 1.010553280665887482e-01 1.079712036733422587e-01 8.070088226923349817e-02 9.438428049001931774e-02 8.723288270798222610e-02 9.891920916819052501e-02 9.145227173327080683e-02 1.160543010875928482e-01 9.436109985582100124e-02
1.408746409103288355e-01 1.205969705896654115e-01 1.130409767882864097e-01 6.949440431621878300e-02 8.702200057561669533e-02 8.552430005888278508e-02 9.675143813896010248e-02 8.666389841988078602e-02 1.129808027942548476e-01 8.705056740790531600e-02
1.416041453115824411e-01 1.057501838423793861e-01 1.096690895474028288e-01 7.450106450869867225e-02 8.863088328240058267e-02 8.675089437139611726e-02 9.519948210899523144e-02 8.895667505978561984e-02 1.202833366896402800e-01 8.865424527771882668e-02
1.370631822121696763e-01 1.054200306377142959e-01 1.026792471029427667e-01 8.822895065161025230e-02 8.883648067528547576e-02 9.156954956434647241e-02 9.369797121080236657e-02 9.177117837121728794e-02 1.117987154273920730e-01 8.893469414651933302e-02
1.353835030096567082e-01 1.065945934765186454e-01 1.116082321015064716e-01 7.698355050814426059e-02 8.878651754870763024e-02 8.459438366087709826e-02 9.975307402924850353e-02 8.843872607290771681e-02 1.189366100205764276e-01 8.892080957185659329e-02
1.220484825287991848e-01 1.186740665052788829e-01 1.113589349108816962e-01 7.847831425673500172e-02 8.921065459705113110e-02 8.758948333443850043e-02 9.639342188001805145e-02 9.126865197861890044e-02 1.157301849855238429e-01 8.924780502265480808e-02
1.329244180480663173e-01 1.029093760210444131e-01 1.096451981838668238e-01 7.863937618335423152e-02 9.164898750191556587e-02 8.743185764031602414e-02 9.846015630683105369e-02 9.207400700240718494e-02 1.145562244525400869e-01 9.171039865965827098e-02
1.479517695563001001e-01 1.073967424617190414e-01 1.109841922314356855e-01 6.756073249301203232e-02 8.859606087397012275e-02 8.640237241183638950e-02 9.753997182444766600e-02 8.919234582594900984e-02 1.158169330630720445e-01 8.855887925825793594e-02
1.458026987102082617e-01 1.084618298122284746e-01 1.064619710295171690e-01 7.871328510971820069e-02 8.596393268221254325e-02 8.704574588209926245e-02 9.540672951630593812e-02 8.749641222996541734e-02 1.187322399888007252e-01 8.591515503894404937e-02
1.380556436658544051e-01 1.127958625686866639e-01 1.167099630969612722e-01 6.909645389069592192e-02 8.802378525245542484e-02 8.565299772042093973e-02 9.662357800014208242e-02 8.592950502326184015e-02 1.191315671166314483e-01 8.798064366489004307e-02
1.484201167005822775e-01 1.171259617218664700e-01 1.144522371193589932e-01 7.719752847628455483e-02 8.404146911807096332e-02 8.378703004140414246e-02 9.480093643995003705e-02 8.634065191174189469e-02 1.096165718537499556e-01 8.421749661699075296e-02
1.520292172007224885e-01 1.284446757345595880e-01 1.150706092336464953e-01 6.624503138394693957e-02 8.278598863604502700e-02 8.251686530224365546e-02 9.255284828635104710e-02 8.248686244396231937e-02 1.151005778066252483e-01 8.276732397189721924e-02
1.501333788801855196e-01 1.188993508879340605e-01 1.120173837309865472e-01 7.186440642227308329e-02 8.434677364183366943e-02 8.379698801091414739e-02 9.423866551463805363e-02 8.487790884434452676e-02 1.154304029017167027e-01 8.439474116517360625e-02
1.455173633574294023e-01 1.110281742919204950e-01 1.114342703596843953e-01 7.342601859520068996e-02 8.762294830455903683e-02 8.345052463268864962e-02 9.489807353828061398e-02 8.597856699852865492e-02 1.190643032088950226e-01 8.757975671281305330e-02
1.369139993422940904e-01 1.109829225261120406e-01 1.110219620007684704e-01 7.509799494669974762e-02 8.913812764541546863e-02 8.948582338683770676e-02 9.583102161891179915e-02 8.944212797651017455e-02 1.130249216549880642e-01 8.906109890146246544e-02
1.262247034070894669e-01 1.027357505984394931e-01 1.083972715866704656e-01 7.391780027301773914e-02 9.386845602018988044e-02 9.367326604648620880e-02 1.002583712975050889e-01 9.261096135553295583e-02 1.144530146054054676e-01 9.386040480966321986e-02
1.561231828983124514e-01 9.812751012915027493e-02 1.124445478205372412e-01 6.687893815927101193e-02 8.772018810288836899e-02 8.566903562802886951e-02 9.857324012910759214e-02 8.780092051172273815e-02 1.188848313651303806e-01 8.777760525585108498e-02
1.506487889871343799e-01 1.168086199740409753e-01 1.115635350305535789e-01 7.205087113434284485e-02 8.359086802747150990e-02 8.452444967982278290e-02 9.563969421491898271e-02 8.724898830117749915e-02 1.142281556010654037e-01 8.369602904947209820e-02
1.442962546289942583e-01 1.038997568217883832e-01 1.118325051199576536e-01 7.312012545525262142e-02 8.782144163757846234e-02 8.447466805421452452e-02 9.702301736153180756e-02 8.914855197450292923e-02 1.205342720683237334e-01 8.784940687785566804e-02
1.232001566451049052e-01 1.112134660680787757e-01 1.081799261974223103e-01 8.058226740611458550e-02 9.127136353033299399e-02 9.026012596612084660e-02 9.805371883621512297e-02 9.128729893479711754e-02 1.147764260519888307e-01 9.117525036382455317e-02
1.348382072530347753e-01 1.110858366776251993e-01 1.106197995162633979e-01 7.659665775917526287e-02 9.069243969606163858e-02 8.477684948079838856e-02 9.523571473665151665e-02 8.923792320790956134e-02 1.162632742686712378e-01 9.065329740380903556e-02
1.395082694264868084e-01 1.224973632240777821e-01 1.104560653142937637e-01 7.221471431748890946e-02 8.610481776938769261e-02 8.590892066972422025e-02 9.380875054023160575e-02 8.808962573419604203e-02 1.152724809197754607e-01 8.613899208433770105e-02
1.566880960426118297e-01 1.020464345325095973e-01 1.117205440147537587e-01 7.141166094872790360e-02 8.776389356788064089e-02 8.596072600844162359e-02 9.392273734559825060e-02 8.739436247622028864e-02 1.152567077646147187e-01 8.783483729864136058e-02
1.556894660364616378e-01 1.704086426503507723e-01 1.045722184605147875e-01 5.780559012369464178e-02 8.010642729032227405e-02 7.688659157068772343e-02 8.789214622908099461e-02 7.845455356505195987e-02 1.080214458356599100e-01 8.016291823817525697e-02
1.208615390598118122e-01 1.027742060828710224e-01 1.119509234067165987e-01 7.897676333406344895e-02 9.403074040370298925e-02 8.875257498385769050e-02 9.942949555700938968e-02 9.291601172772089023e-02 1.162944057447185542e-01 9.401333969952761771e-02
1.314676577117690481e-01 1.077998286767899161e-01 1.089564897653534509e-01 7.548767372211789839e-02 9.239562941948920027e-02 8.572506354138499651e-02 1.016377083802660758e-01 9.018116603234176132e-02 1.139150913141713517e-01 9.243369143631630092e-02
1.418201394420947337e-01 1.096391918615914340e-01 1.105444744485341718e-01 7.384146159382794228e-02 8.770126713469328372e-02 8.762802090762379648e-02 9.741305084564225170e-02 8.816923839036278077e-02 1.155536276439730475e-01 8.768952773165661352e-02
1.314648786475864362e-01 1.161841740509027138e-01 1.090743697562599202e-01 8.029275068035048035e-02 8.943520191817354303e-02 8.774362860686453491e-02 9.677065939972598341e-02 8.821006579499277023e-02 1.113629985750205775e-01 8.946127257012302658e-02
1.520538268526573367e-01 1.048097972611899686e-01 1.109047708284347927e-01 6.961658499015939416e-02 8.738319521162045411e-02 8.539731264709531089e-02 9.727329688725921963e-02 8.635875298825625157e-02 1.187869255872125995e-01 8.741553674611467206e-02
1.356119876111133438e-01 1.097449442554262883e-01 1.126215853755868912e-01 7.280956955248935047e-02 9.040589050281531980e-02 8.741382071667830322e-02 9.751300104133231450e-02 8.852393678108969044e-02 1.150488269691199578e-01 9.030643719434858219e-02
1.428727784253630284e-01 1.117246325712486499e-01 1.138176545286012642e-01 6.899144768726604704e-02 8.759894718893228294e-02 8.695530985601723772e-02 9.642294261108161346e-02 8.902631823354673068e-02 1.150485611959226329e-01 8.754140770202051280e-02
1.204695782553680400e-01 1.003174857964305583e-01 1.014853729890072970e-01 8.746998006429580752e-02 1.020622249763716849e-01 8.911695464370227027e-02 1.031727319290477451e-01 9.105716755896665904e-02 1.029042997492524425e-01 1.019442040375574399e-01
1.329821701178646731e-01 1.058701205762411918e-01 1.047479241182422971e-01 8.294503776040020038e-02 9.117674504640205235e-02 9.285873460266751145e-02 9.425263955662133153e-02 9.237269453350369086e-02 1.115428425060763784e-01 9.125109118198068692e-02
1.479234313562867165e-01 1.274368338992966920e-01 1.124407171886588758e-01 7.329593742179799087e-02 8.219685806910148607e-02 8.077029410638175699e-02 9.549601013909127245e-02 8.215539131318458366e-02 1.160215335060908737e-01 8.226299300010973814e-02
1.564711247981113995e-01 1.246472422254526757e-01 1.136750452355087260e-01 6.397370389422754600e-02 8.641492960192999340e-02 7.838302203874988883e-02 9.466245381215575294e-02 8.295106163231977248e-02 1.123250589954263301e-01 8.649635776611788729e-02
1.489729666451105883e-01 9.927757873864495597e-02 1.115861721325464018e-01 6.972976285786053330e-02 8.913275381673356479e-02 8.725886707097041395e-02 9.711232650309266357e-02 8.837798076723321627e-02 1.193913314618564175e-01 8.916026000595120293e-02
1.555947343655467718e-01 1.164476115490661184e-01 1.121205804053983929e-01 6.871675325368153953e-02 8.410478579997149318e-02 8.205235869276412963e-02 9.128319564706699474e-02 8.439154538997506450e-02 1.210966872008060746e-01 8.419174769572339290e-02
1.472698255346142349e-01 1.206140479226553291e-01 1.151441047406591422e-01 6.888418982552463321e-02 8.366861471391594252e-02 8.332238589450807753e-02 9.368215297156133603e-02 8.514357761199338459e-02 1.185542466334333078e-01 8.371685415113465367e-02
1.407138349634039776e-01 1.100535416975242375e-01 1.104424857148109673e-01 7.108503891716400069e-02 8.791953628842033575e-02 8.724381153152102608e-02 9.634180958373556036e-02 8.900828922630230067e-02 1.192546450588534146e-01 8.793700701826417943e-02
1.403645126716060731e-01 1.172340211903881296e-01 1.115871252548718134e-01 7.050846294768742251e-02 8.772018298634438882e-02 8.757123651933318431e-02 9.629546568862325240e-02 8.801610690497987943e-02 1.130265707047319879e-01 8.767631513143381294e-02
1.585776068289086460e-01 1.028486894393816631e-01 1.100803143423517011e-01 6.868028291605683677e-02 8.554701880145199056e-02 8.721124048849546173e-02 9.575937166148565383e-02 8.716026361405773693e-02 1.184653293359519272e-01 8.566988257185838285e-02
1.370905462049766821e-01 1.120321424948922812e-01 1.129490734649908068e-01 7.029338206002315459e-02 8.905825831295088868e-02 8.645194740029747693e-02 9.817447144089988531e-02 8.830260378439899749e-02 1.166280140821726735e-01 8.901956075439723670e-02
1.309072120716855969e-01 1.111252098729768462e-01 1.129763135171975297e-01 7.211647720214514612e-02 9.339876380117018151e-02 8.163445025910785746e-02 1.014255679389914622e-01 8.890871322702087465e-02 1.141220782622775765e-01 9.338521384742698439e-02
1.391719708927533772e-01 1.049804923799540768e-01 1.090007183932401313e-01 7.744842723742847990e-02 8.944654527429343749e-02 8.765677426352068424e-02 1.002709907861508293e-01 8.797603775477885746e-02 1.145084526411713904e-01 8.953959037670870813e-02
1.486116380378596502e-01 1.171644660055567860e-01 1.156003496365054367e-01 6.391163897922574888e-02 8.766443747177705970e-02 8.515037111372168732e-02 9.556447174917694076e-02 8.521988437314681475e-02 1.133092228129312234e-01 8.780351982009870770e-02
1.562528325337003698e-01 1.058352918180059943e-01 1.150518596784584763e-01 6.837635706729860985e-02 8.703092025418093791e-02 8.292348757471063037e-02 9.662325166166495227e-02 8.414936179636804681e-02 1.166897651030987942e-01 8.706687251251327142e-02
1.384532836415146573e-01 1.077068758592740066e-01 1.074642640906682545e-01 7.315648765497319295e-02 9.198505504456509774e-02 8.630081163847731773e-02 9.867316727468634918e-02 9.018300933493567095e-02 1.140719124766382264e-01 9.200513298426725439e-02
1.184516442540843456e-01 1.087571487297757655e-01 1.077806453988386093e-01 8.204691939087363495e-02 9.335806895569125075e-02 8.634417027655011401e-02 1.039624932935379331e-01 9.054594846393451690e-02 1.153843596968092688e-01 9.336860153990458877e-02
1.234132865915483074e-01 1.030094189015201139e-01 9.954273726936238575e-02 8.835408177185105627e-02 9.537286157118267382e-02 9.716989160954322968e-02 1.016803840613623722e-01 9.466664987799147668e-02 1.014414559873832028e-01 9.534923235825513987e-02
1.394404055043573509e-01 1.067824209958695286e-01 1.090139256603476492e-01 7.563894858833117296e-02 9.007926365934366963e-02 8.620486403166253975e-02 9.912329603347976026e-02 8.878472156836929308e-02 1.148615299986368993e-01 9.007062395960210854e-02
1.163941473787521580e-01 1.029535567756530573e-01 1.090604382971936404e-01 7.791424669802102243e-02 9.581875746583608244e-02 9.373039148729843395e-02 1.038977698768804442e-01 9.336913985306685704e-02 1.111477217669678969e-01 9.571383040033036582e-02
1.237375330626333952e-01 1.078685671452814382e-01 1.057792806737425095e-01 8.056723755903394402e-02 9.072788480108628928e-02 9.739454125816804364e-02 9.838211715590269857e-02 9.367719676204522283e-02 1.112816461886746017e-01 9.058399539343184315e-02
1.460222204162586190e-01 1.184118797881843765e-01 1.123286074116619793e-01 7.260828843179353842e-02 8.710668430958407038e-02 8.061486045247787113e-02 9.467269612133759338e-02 8.334995253993172926e-02 1.177819808184851769e-01 8.710282971028505961e-02
1.510141149220654289e-01 1.155350164169186705e-01 1.136607754139731530e-01 6.602211592630123638e-02 8.625769450971414176e-02 8.575236610818483263e-02 9.565966368955768073e-02 8.386343286577928324e-02 1.158932837477843342e-01 8.634153639972122485e-02
1.481111694203285090e-01 1.221467309025167647e-01 1.133203577073298579e-01 7.273457701581641233e-02 8.423293336766597694e-02 7.969051115061276391e-02 9.462280107487214265e-02 8.195722919202622081e-02 1.189177146725124007e-01 8.426597549631886785e-02
1.488547996045799793e-01 1.266346293100218678e-01 1.156155592243782726e-01 6.932277996372862572e-02 8.391192548936386719e-02 8.020574296092401745e-02 9.387060358082638389e-02 8.332762830328499515e-02 1.141980383573290014e-01 8.405829320556298945e-02
1.355498913162143659e-01 1.097609126674377045e-01 1.140433011247727613e-01 7.054281207447417323e-02 9.028639628180865073e-02 8.382673233145010450e-02 9.899369907592191209e-02 8.997609510394631582e-02 1.166866825187844181e-01 9.033347750518959385e-02
1.174481425183970945e-01 1.101696112064913802e-01 1.088131117549771681e-01 7.556434403390420440e-02 9.576724428598942795e-02 9.106633653140709661e-02 1.022637322845528079e-01 9.100379399251298795e-02 1.121609856648355802e-01 9.574269772693229374e-02
1.455666567667435463e-01 1.091759616250491255e-01 1.096382671045347951e-01 7.644810349271204120e-02 8.532244996194116027e-02 8.503875945105465739e-02 9.486815054428608673e-02 8.607418484650074253e-02 1.225082045100994582e-01 8.535926169707834521e-02
1.268458828497073809e-01 1.081028169262687882e-01 1.066697496170704307e-01 7.876381399387293036e-02 9.447046303455675087e-02 8.949640839741354603e-02 1.029188307249982032e-01 9.172062610587897180e-02 1.065458918452114739e-01 9.446551650502156561e-02
1.301341962695535814e-01 1.111345489530150416e-01 1.112171656743749237e-01 7.339910279865183296e-02 9.084727646919554811e-02 8.722954176184469222e-02 9.638765226328106783e-02 9.091680475935588757e-02 1.179814757877063192e-01 9.075223526302110544e-02
1.254642905797407060e-01 1.055764130755441482e-01 1.102320099796839925e-01 7.787566415247118567e-02 9.290545812468978260e-02 8.699402191152071084e-02 1.003022938193086355e-01 8.997788383577677573e-02 1.178400808529101035e-01 9.283188366835398719e-02
1.349119224262199657e-01 1.113677995665581510e-01 1.070667921422106816e-01 8.334940529771413253e-02 8.684354495044922795e-02 8.978370549028165393e-02 9.512121292474538803e-02 9.365566354050317011e-02 1.109662839962173159e-01 8.693366966510032712e-02
1.379030348134548112e-01 1.009109583485762185e-01 1.150075822171187645e-01 7.358114478295453564e-02 9.032127329583469755e-02 8.501230652572254465e-02 9.967997979000320363e-02 8.910400699435988559e-02 1.180435937495188936e-01 9.043611948245643128e-02
1.345549913078005477e-01 1.161558949227204374e-01 1.143163325444906120e-01 7.176185249635849694e-02 9.133831501494599214e-02 8.682109346025145002e-02 9.844023281648099644e-02 8.554850954722274803e-02 1.097503214487296486e-01 9.131245644099902914e-02
1.262011478102148809e-01 1.201558112760991309e-01 1.123770263973494360e-01 7.591546531703505241e-02 8.930117045418858868e-02 9.163243353874557517e-02 9.574733112091307619e-02 8.803115863309138311e-02 1.113324778417396355e-01 8.930597761062324114e-02
1.294227659929936824e-01 1.129060401115154627e-01 1.110270940657214905e-01 7.273671506510528961e-02 9.077191539118155406e-02 9.034784934073979146e-02 9.829815826882644381e-02 8.907015513384188010e-02 1.146003070500757198e-01 9.081899957999874096e-02
1.381758815583153388e-01 1.013517563813813582e-01 1.103698875225049142e-01 7.431512987794028358e-02 9.134727833127552488e-02 8.736952083292268134e-02 9.994378838139633681e-02 9.091682037244135095e-02 1.147689892136069673e-01 9.144094752821525784e-02
1.310883395342879176e-01 1.153318156314420001e-01 1.061906513175734229e-01 8.405289308642413526e-02 8.904419479953368244e-02 8.449052929044957583e-02 9.970330646474352687e-02 8.775703709435081490e-02 1.132618077520313737e-01 8.907942502916357808e-02
1.422566478504800613e-01 1.145828217745643168e-01 1.105887589550558214e-01 7.166200787428828045e-02 8.798576416983666659e-02 8.657659507322239267e-02 9.507672922040924512e-02 8.714701227031360076e-02 1.161425650770048223e-01 8.798109773482479246e-02
1.321339546598840065e-01 1.221046755945440904e-01 1.117157570369392422e-01 7.260981854834468174e-02 9.065535512850200761e-02 8.680210319369927041e-02 9.593283195024085441e-02 8.726010144384907519e-02 1.102102158117885256e-01 9.057518663220825994e-02
1.404560118070110886e-01 1.240876938939952795e-01 1.154890022933215410e-01 7.244874455745833886e-02 8.720828861941196108e-02 7.994405386007281955e-02 9.676509871688773745e-02 8.306995887930433697e-02 1.132800765332730580e-01 8.725107083926381124e-02
1.298958695797275964e-01 1.245856716492771549e-01 1.159646297188486747e-01 7.231684237465996201e-02 8.727635878585152107e-02 8.216483376438610264e-02 9.554295055437897477e-02 8.599082885497612294e-02 1.188769864551244421e-01 8.738502826276943469e-02
1.520676266840753077e-01 1.083104538711139181e-01 1.106933535793473977e-01 7.340062633744719178e-02 8.821780550278181254e-02 8.123633725529721961e-02 9.384098230680250341e-02 8.365700790790470132e-02 1.203062075078854681e-01 8.826959904734445195e-02
1.495071296111315784e-01 1.173933008584024523e-01 1.154517901689931930e-01 7.084723768770484487e-02 8.477392949200569794e-02 8.292282556613643496e-02 9.514504698797701665e-02 8.333535385485768554e-02 1.158006980799771990e-01 8.482268769281382792e-02
1.366370888855499011e-01 1.116818834302805985e-01 1.069271062084330842e-01 7.925826526421496376e-02 8.809067278564630676e-02 8.911603552937541473e-02 9.601933497715806065e-02 8.921228167434172573e-02 1.150311121740978382e-01 8.802621907090209252e-02
1.864255282467837671e-01 7.548038988389615955e-02 1.215173672409705224e-01 4.443931562634122895e-02 8.610903215772210129e-02 8.086087800413963023e-02 1.033462131272874368e-01 8.473664227001499738e-02 1.308057229187319093e-01 8.627891052411226780e-02
1.381773161611687117e-01 1.091037712740732246e-01 1.097665816776431380e-01 7.079860120225656139e-02 9.172519229288589315e-02 8.786725003802732525e-02 1.006197834656247375e-01 8.870453838875880237e-02 1.115508259089272036e-01 9.168613959063433294e-02
1.418475853228608474e-01 1.093067301479247327e-01 1.113695610886312748e-01 6.870466337860077488e-02 9.076177262191313655e-02 8.653770023382739707e-02 9.784869473089487235e-02 8.862641347903338351e-02 1.142715371303265753e-01 9.072534186598694983e-02
1.397743541225676123e-01 1.085933369706000434e-01 1.114192443160308549e-01 7.625002736241438817e-02 8.734063433166992796e-02 8.485114736289529891e-02 9.661518775459580766e-02 8.951074868605814194e-02 1.182729276031040944e-01 8.737239149006387207e-02
1.499032530021524867e-01 1.225174742679373541e-01 1.125658457179287975e-01 7.308188571192184013e-02 8.307389028740773396e-02 8.407992221871352090e-02 9.161739282178968380e-02 8.670114722233145110e-02 1.133379545026368396e-01 8.312123424718029230e-02
1.485194815418951486e-01 1.134611279827271169e-01 1.151465430552159191e-01 6.547352258888029797e-02 8.701567043990451888e-02 8.322275742776388818e-02 9.818249143130544643e-02 8.417461618091065523e-02 1.177684265449697315e-01 8.703536280642724943e-02
1.293982466337433579e-01 1.147287456047104276e-01 1.125161626381210173e-01 7.003138637493321050e-02 9.327957002167945599e-02 8.584097557257079625e-02 9.986684050741380381e-02 8.900618473398419495e-02 1.120648870204282860e-01 9.326700089241547753e-02
1.485990980715222731e-01 1.092342511735258093e-01 1.112970530530786178e-01 6.659038933924184278e-02 8.811559492554134343e-02 8.622075215694934014e-02 9.681204862074617445e-02 8.729342786464482085e-02 1.177317775955657453e-01 8.810560719918406059e-02
1.271049143541751192e-01 1.084682363237888109e-01 1.083751213462989943e-01 7.867141951497111374e-02 9.166471514405541421e-02 9.081173260921614199e-02 9.461827339984417440e-02 9.064090563771950992e-02 1.180314263400556868e-01 9.161325532987502074e-02
1.412387259718892452e-01 1.135804882905322721e-01 1.119553847027165150e-01 7.038221691027198024e-02 8.747131370416190432e-02 8.324959181582333723e-02 9.786372464621970191e-02 8.709677160215663350e-02 1.197702628875475100e-01 8.739151946868091436e-02
1.180860253938945947e-01 1.124429695884786862e-01 1.099115886990985613e-01 7.891280168072624390e-02 9.486762258062438058e-02 8.845682364096177364e-02 9.878738733369923919e-02 9.120480095433465551e-02 1.125268238082948874e-01 9.480315631988693592e-02
1.472113192497255529e-01 1.029318944832607191e-01 1.165441299675721576e-01 6.945677354257702441e-02 8.686410525927275306e-02 8.635052665222441026e-02 1.001041591458228242e-01 8.765527168821161952e-02 1.159516031078257486e-01 8.693021690350721808e-02
1.372155101767358054e-01 1.128829683345973778e-01 1.115627854946551895e-01 6.830321840974457048e-02 9.209552491344887015e-02 8.489924774495136162e-02 9.927805151396004724e-02 8.683709194047949109e-02 1.148138238448522114e-01 9.211177762657508927e-02
1.437920296939638742e-01 1.223762559593162547e-01 1.110348755159677320e-01 7.260643692214543976e-02 8.740884447892043052e-02 8.291940351801746489e-02 9.500995619981472684e-02 8.313139647526299192e-02 1.143568853771732008e-01 8.736391585941787052e-02
1.355346019617786613e-01 1.031326874301613655e-01 1.030644246061932501e-01 7.828140179014893285e-02 9.490614418213853820e-02 9.088958440430462693e-02 1.005854148675701526e-01 9.031433329232582685e-02 1.084483833585447865e-01 9.484302410683383144e-02
1.443037086633888466e-01 1.087918608344277949e-01 1.118282531903153909e-01 7.303581285243682109e-02 8.723779333530796987e-02 8.664984447871691697e-02 9.597116678068341733e-02 8.742564434798107131e-02 1.175086698924489442e-01 8.724724562429277130e-02
1.345816282908147421e-01 1.082578215624349083e-01 1.123718330459873571e-01 7.523615047101468722e-02 8.889263942989669709e-02 8.929742087638245507e-02 1.011265957705622387e-01 8.903026560940301148e-02 1.122819410591399253e-01 8.892370388436397766e-02
1.470327777656889878e-01 1.043650138831286739e-01 1.104674315471921159e-01 6.996425654858369481e-02 8.843936106517753803e-02 8.983264703229695836e-02 9.556483941849427954e-02 8.861505924070317564e-02 1.172564361029235641e-01 8.846217739581095640e-02
1.425756367307622619e-01 1.126193254787989789e-01 1.044502812080561199e-01 7.539968623067185016e-02 9.118388211287231648e-02 8.541874006956386156e-02 1.010380193674404042e-01 8.683908078593470525e-02 1.093067748231460329e-01 9.116857319275345484e-02
1.469519875152147936e-01 1.052240695983677615e-01 1.098486493133040837e-01 7.060875498272579931e-02 8.687563717989474354e-02 8.703757541129551745e-02 9.759836914721860268e-02 8.738976639033826932e-02 1.215900722941283124e-01 8.687511816751208871e-02
1.464538953807360266e-01 1.127583025754972240e-01 1.091141167547604457e-01 7.112185171065453504e-02 8.580941534124386649e-02 8.533119382712063550e-02 9.365238586979060531e-02 8.668606322142748122e-02 1.232407382101148724e-01 8.583203710865434932e-02
1.445263075176335399e-01 1.095217179448988720e-01 1.101905615935576538e-01 7.591447277895728429e-02 8.492699036661582879e-02 8.773158901329700110e-02 9.761303519025527065e-02 9.074475316173934158e-02 1.138128127253761335e-01 8.501775970766910218e-02
1.296987213090489144e-01 1.080151998602188884e-01 1.149310604477679215e-01 7.077566263578753680e-02 9.270646006056780519e-02 8.533168460522530530e-02 9.844015098922793972e-02 8.831745474015184616e-02 1.190771840007624760e-01 9.270642135124133876e-02
1.165051958130561144e-01 1.117455222898004613e-01 1.077183055202877576e-01 7.630005886571634977e-02 9.477486497898188200e-02 9.073707044200508831e-02 1.033716360897589809e-01 9.112365119142080971e-02 1.129461869891753706e-01 9.477750781979718542e-02
1.454279898617346356e-01 1.162446573388718485e-01 1.111405415290007137e-01 7.552811667488695813e-02 8.380259459988279036e-02 8.527609713365870425e-02 9.295116776550300941e-02 8.591629478965916167e-02 1.199037823362389121e-01 8.380875797056328014e-02
1.555045863133684980e-01 1.070632626373011070e-01 1.119049468179698220e-01 6.507511837200395666e-02 8.782407052952782844e-02 8.435950948555938356e-02 9.347358181202403138e-02 8.643264426935250155e-02 1.205358395809603966e-01 8.782644018193243307e-02
1.499631005202990142e-01 1.021629708413055726e-01 1.114090612254059198e-01 6.677442286646156910e-02 8.965646675972825663e-02 8.649820167352520461e-02 9.701821495089778258e-02 8.941244068379219923e-02 1.173720099972264813e-01 8.973311048135795831e-02
1.358992718905411290e-01 1.147998400350314363e-01 1.145486998861277167e-01 6.907623558996391078e-02 8.932794905370551597e-02 8.490753450886240339e-02 9.573740255570353797e-02 8.783165089445924001e-02 1.185240027225672316e-01 8.934741286303789221e-02
1.045715734532807195e-01 9.759713903544423030e-02 9.626817054963951459e-02 9.673732692602775296e-02 1.019311213247980213e-01 9.814287785986060275e-02 1.043924279699708912e-01 9.926713342111344318e-02 9.912235333601493448e-02 1.019698761238499174e-01
1.105653590663665392e-01 1.049255429843891224e-01 1.005111083221284785e-01 9.615019913125846807e-02 9.409752996609964393e-02 1.007880019701958979e-01 9.381098488512715217e-02 1.022993315537241710e-01 1.026252165173564268e-01 9.422672560335412784e-02
1.314601449950029144e-01 1.224869333640187102e-01 1.098371378592887943e-01 7.893119952725903554e-02 9.046153664213818502e-02 8.479391666975570618e-02 9.733892458650106327e-02 8.627784698278608000e-02 1.079423687099725498e-01 9.046999066327697514e-02
1.540292265057259802e-01 1.109910176487351047e-01 1.071693196152003758e-01 7.189638073511425698e-02 8.912366050706391207e-02 8.827053329011695648e-02 9.422386280157518668e-02 8.709478508761279991e-02 1.080739557319130850e-01 8.912725807694231450e-02
1.432694017055217428e-01 1.195344830758960086e-01 1.100771772336052723e-01 6.826734304446595292e-02 8.978455546040298163e-02 8.360393619240169549e-02 9.499503075463895663e-02 8.738496980853441287e-02 1.132965985525118263e-01 8.978650417202109490e-02
1.312941486013483317e-01 1.066377473734075043e-01 1.111766428986181582e-01 7.961575913837007357e-02 9.047382327787878431e-02 8.565804901713332253e-02 9.865740837377298678e-02 9.081476245825544080e-02 1.152262157423954714e-01 9.044544311881994036e-02
1.350337494023650386e-01 1.136347849400983628e-01 1.137695350080680234e-01 6.788858485321293268e-02 9.073121923428434377e-02 8.456195353916355628e-02 1.002872123762863360e-01 8.746277431901185173e-02 1.159003286528462601e-01 9.072985767466329454e-02
1.354449034046029399e-01 1.072725850365429806e-01 1.109051565999079891e-01 7.684334960917980906e-02 8.931991872366830398e-02 8.651443300034350470e-02 9.922469614656573289e-02 8.890967322620492441e-02 1.161495808860662643e-01 8.941570336691756493e-02
1.452951305154217554e-01 1.011600860263674184e-01 1.115461953725897931e-01 6.781182170589837577e-02 8.904906645551037558e-02 8.893973186326969982e-02 9.850297140304263566e-02 8.797691374001678777e-02 1.206870588633827818e-01 8.903102405450041834e-02
1.342602336627201909e-01 1.251514904903097691e-01 1.185741839440443424e-01 6.926257342574031195e-02 8.582257727147452053e-02 8.606869831048273578e-02 9.696389500206317735e-02 8.745385273463367193e-02 1.105186305863683771e-01 8.592386457216293072e-02
1.369037448843936355e-01 1.102088968063434926e-01 1.081162219482655618e-01 7.183513305796208892e-02 9.126727845177523557e-02 8.569644247561100658e-02 1.017026448873647043e-01 9.007447471682238083e-02 1.128297836237658058e-01 9.136537914769610191e-02
1.554484986047288964e-01 1.058456477043838717e-01 1.126034724113020441e-01 6.951571216100360662e-02 8.511432316089448391e-02 8.320475728523589465e-02 9.731099030774233161e-02 8.719599992574215974e-02 1.185809993300118159e-01 8.517959910895485376e-02
1.402079368612376420e-01 1.083139571388578304e-01 1.092063809816178621e-01 7.563219213215240100e-02 8.956245807604748532e-02 8.315156827456311739e-02 9.863149070161281173e-02 8.888006893078678750e-02 1.169108717511722212e-01 8.950307515195184138e-02
1.305712608815126630e-01 1.112124007683531757e-01 1.126052299153407488e-01 7.617152987297835798e-02 8.977397078844694123e-02 8.221018723393287708e-02 9.712271527654113557e-02 8.815093013183609993e-02 1.224294298687940569e-01 8.975234526226394394e-02
1.635496082802519180e-01 1.098734690933965003e-01 1.112719029718076680e-01 6.810337949620161313e-02 8.463162005998832449e-02 8.232308597078838441e-02 9.092969870065537030e-02 8.391736010351756592e-02 1.207118072872241515e-01 8.468806803616844847e-02
1.279231628278095223e-01 1.202242421931790650e-01 1.128995527755652789e-01 7.840339655336782398e-02 8.578974218078068426e-02 8.842906104305807424e-02 9.656041324944920901e-02 8.747955648686343844e-02 1.164386705118434923e-01 8.585220217808339771e-02
1.542263333643836554e-01 1.183089208822705879e-01 1.112831834880972093e-01 6.775840633043876682e-02 8.535118705916563964e-02 8.184928432252294717e-02 9.184509247786824815e-02 8.412490118659118887e-02 1.198928389816573958e-01 8.535985190700436098e-02
1.245719264816156496e-01 1.009441193326216790e-01 1.115409171724341675e-01 7.747972794720520140e-02 9.416130062697546099e-02 8.969820810199176375e-02 1.000943357358092672e-01 9.370774792914342288e-02 1.137343936656843441e-01 9.406732300651901579e-02
1.599957048185787489e-01 1.136754793298370286e-01 1.158255616549270228e-01 6.844207088696577235e-02 8.256270766416519413e-02 8.116139362649726907e-02 9.361028977695146081e-02 8.413974351530537077e-02 1.179129665171120278e-01 8.267408220966010468e-02
1.356622291949256820e-01 9.913284251956504256e-02 1.081015609368735919e-01 7.917292894425750904e-02 9.173544483378393011e-02 8.841881014704829067e-02 9.965182718828088926e-02 9.265854153637854973e-02 1.137004365564768527e-01 9.176537814240971758e-02
1.275957490708241882e-01 1.087961757646942473e-01 1.099268039571376088e-01 7.616385756286563058e-02 9.067162053603189387e-02 9.134745662420618029e-02 1.002557103706478298e-01 9.412183779702495978e-02 1.104288386406331868e-01 9.069194967593433021e-02
1.466785704343969432e-01 1.256890367246601692e-01 1.126906291513646019e-01 6.863979545266075954e-02 8.381615513121157268e-02 8.085654365689523559e-02 9.172878005230365728e-02 8.249647598046745689e-02 1.235407964251502844e-01 8.386321699088933324e-02
1.309918720712744400e-01 1.068961307564461616e-01 1.065859137314035948e-01 8.601025464197453729e-02 8.808538987722105973e-02 9.232345647334881666e-02 9.482760635037151831e-02 9.380137979904704104e-02 1.123888729819359222e-01 8.808912331697686671e-02
1.321191678613289899e-01 1.047719533788644963e-01 1.136267964416402959e-01 7.429589723173660176e-02 8.879049997827442864e-02 9.382610308833629065e-02 9.974676560383070878e-02 9.509044802664562424e-02 1.089053436878018033e-01 8.882702470154076047e-02
1.380080666532088052e-01 1.099483039886883090e-01 1.087005349871692367e-01 7.223598896225878752e-02 9.098845003412016352e-02 8.392609981142135078e-02 1.008015414453962560e-01 8.820675821720859455e-02 1.162163226448576503e-01 9.096793325567087418e-02
2.052344665169931470e-01 9.954720176895437422e-02 1.003329613906583512e-01 7.133259568454225485e-02 8.237722440900506482e-02 8.347321176538720355e-02 8.860737958574532724e-02 8.264224652135362947e-02 1.039617503104542234e-01 8.249096204690647971e-02
1.625669563337991119e-01 1.229397745801126124e-01 1.101687966494601240e-01 6.805638892015576646e-02 8.354162236895706917e-02 8.117877540640799916e-02 9.215512280134544043e-02 8.277675721286188726e-02 1.130571984962751575e-01 8.355860723062481787e-02
1.416437324109955098e-01 1.128864353129472309e-01 1.133175851882088775e-01 6.890882251453867013e-02 8.738169584175874138e-02 8.355381663817848525e-02 9.959944778842669266e-02 8.654628933543602465e-02 1.187820872170097936e-01 8.738008775249993254e-02
1.214462191645411665e-01 1.210794742812196512e-01 1.096072361242015902e-01 8.521588484681599796e-02 8.694458161120911799e-02 8.970741431769281571e-02 9.708812279568447556e-02 9.345893741998677340e-02 1.084696484094150593e-01 8.698248102923336611e-02
1.189600554029557472e-01 1.020745858683745760e-01 1.085321740019394299e-01 8.836705557044594039e-02 9.319886282229036811e-02 8.583363522503419107e-02 1.068630122849350411e-01 9.300551780702062676e-02 1.098847513724129921e-01 9.328034964459107348e-02
1.384736636086623396e-01 1.043388955487992570e-01 1.128826470421918499e-01 6.839506272908772722e-02 9.235915417680537476e-02 8.784825777317804840e-02 9.892023304962978270e-02 9.266278747981350483e-02 1.117092885901155852e-01 9.241001000171654434e-02
1.257410586052923052e-01 1.121066566755233307e-01 1.075804623941520738e-01 7.719833933841810381e-02 9.400175987109800346e-02 8.648983627440405553e-02 9.888678221956881398e-02 8.862156875961210711e-02 1.154327737594503245e-01 9.394076210248089587e-02
1.454168345072594237e-01 1.119890269808649780e-01 1.132879803433418514e-01 7.302157291515141979e-02 8.495957709526068269e-02 8.732242491318352451e-02 9.622598080505698204e-02 8.675691866233124772e-02 1.160691207179576079e-01 8.495056305959232390e-02
1.320404790367100401e-01 1.180083545760915037e-01 1.126979120422574865e-01 6.906450172266689891e-02 9.065310443541454988e-02 8.493078998751980857e-02 9.787209547280500965e-02 9.062415024047587586e-02 1.135476462178446888e-01 9.056096626821413809e-02
1.423546348019797403e-01 1.025651056874232886e-01 1.085681930957778374e-01 7.496852103582279936e-02 9.055854694740464450e-02 8.701544910033158498e-02 9.855177091398961697e-02 9.028578458706552901e-02 1.145512130541422036e-01 9.058078077606272760e-02
1.403177215527343369e-01 1.047767178392454285e-01 1.156439861423545767e-01 6.778418038330817630e-02 9.011249785969348280e-02 9.064416950226687753e-02 9.815098439696268162e-02 8.895753572540480991e-02 1.135228549532706355e-01 9.008935164475899426e-02
1.316417005182779765e-01 1.121306099158274061e-01 1.108605454080718311e-01 7.595664116988598558e-02 9.258781705703200693e-02 8.795393118845376557e-02 9.771679853262987825e-02 8.826258282559114321e-02 1.104045121981037658e-01 9.248486118612624096e-02
1.362730014098415543e-01 1.029213145965833243e-01 1.077824582407313631e-01 7.232015002305905438e-02 9.321522513800731269e-02 8.739899181356931834e-02 1.004095676520994213e-01 9.106201324636233052e-02 1.154312412652046538e-01 9.318603661454163967e-02
1.252530550976608537e-01 1.056197609311642638e-01 1.099499709048091523e-01 7.255990402952992857e-02 9.319675963859729018e-02 9.426746392856909240e-02 9.877853850543111269e-02 9.163937789673116951e-02 1.154987031919613022e-01 9.323646587554589027e-02
1.418529714275608145e-01 1.039408095323334641e-01 1.092840437886130889e-01 7.680590961828553942e-02 8.913284164747242722e-02 8.480053643352979120e-02 9.668140816124053127e-02 9.078649067503710701e-02 1.174632119268473746e-01 8.925177678907979251e-02
1.442571167894010353e-01 1.020960322677386956e-01 1.130902611602303265e-01 6.975800827290606909e-02 9.043384873767108811e-02 8.508994829386205827e-02 9.848203326105803290e-02 9.030594489103847822e-02 1.159228197652342890e-01 9.056398656085996868e-02
1.436911073206265099e-01 1.211949547913082764e-01 1.136779010785243654e-01 7.188397252966102768e-02 8.516916224353648923e-02 8.754047621978831850e-02 9.206228683274275681e-02 8.636005413015571119e-02 1.132329901093172969e-01 8.518709474433927564e-02
1.398074927599786410e-01 1.349224032525023487e-01 1.119640377496994299e-01 7.263030901789303828e-02 8.378500348831821598e-02 8.329569653651099082e-02 9.361266225614629788e-02 8.321520867581966296e-02 1.129486226009379646e-01 8.381856366219338217e-02
1.216276985388185516e-01 1.023083801507288365e-01 1.095264767694551222e-01 7.249114634738096363e-02 9.926796615948137170e-02 8.814967722965896813e-02 1.013321327637258518e-01 9.210518972599365806e-02 1.139186058002017582e-01 9.927272651455489039e-02
1.600431813446114016e-01 1.109316498059916001e-01 1.135297855261464955e-01 6.748606525375168419e-02 8.522174211067082283e-02 8.471218491069945622e-02 9.319395883162348571e-02 8.416113185384538342e-02 1.153724545716975358e-01 8.534784579096212076e-02
1.304920141557007474e-01 1.144366728875900047e-01 1.108582481290455168e-01 7.562823409126835650e-02 9.064193326713546051e-02 8.379657412582852682e-02 9.865297719719251512e-02 8.918345581342193573e-02 1.156280682389540099e-01 9.068182209386282944e-02
1.406548341321723905e-01 1.154757987353531717e-01 1.155649318121696051e-01 6.713157896076894782e-02 8.798250904500254377e-02 9.025564600062210840e-02 9.774226563210637597e-02 8.790545175916381071e-02 1.091793383668396983e-01 8.810764555580133384e-02
1.357227870514946533e-01 9.927683462954026150e-02 1.142588759276858129e-01 6.979566090388795996e-02 9.218767754624387911e-02 8.565030789242966680e-02 1.015591197348918867e-01 9.052164693082614955e-02 1.188798809710335663e-01 9.214720841196610834e-02
1.559893222035894367e-01 1.090534626997285705e-01 1.151809958020322128e-01 6.816938676879150116e-02 8.528246397117339450e-02 8.365435211457669662e-02 9.489346294706549334e-02 8.580963154483953192e-02 1.165344013380241878e-01 8.543252061017900245e-02
1.378507586163786047e-01 1.166733939655661828e-01 1.083286670625707299e-01 7.512030000169704624e-02 8.794681554491286246e-02 8.776575258545260549e-02 9.360897846448625048e-02 8.652544645426481218e-02 1.182375944217797098e-01 8.794229288289118207e-02
1.409869006268815450e-01 1.061251182950586347e-01 1.106514782577017186e-01 7.037201134310609729e-02 9.118157515539905555e-02 8.988202105916391627e-02 9.854921682742912026e-02 9.044507489376039933e-02 1.106734906774938798e-01 9.113311286400563316e-02
1.384424647184055168e-01 1.241429738902255914e-01 1.096977519423836811e-01 7.278229138023231681e-02 8.748607264244580295e-02 8.417550979600191274e-02 9.283579515954841488e-02 8.629751647681817295e-02 1.166437519688292290e-01 8.749587202510940298e-02
1.217960427846465771e-01 1.044575747060147858e-01 1.053486496718381016e-01 8.996488869290275581e-02 9.111671018589521942e-02 9.446372445824201269e-02 9.492192130015944529e-02 9.717244059916074761e-02 1.095996299747176855e-01 9.115841762642266921e-02
1.398183759003110704e-01 1.139140283835319983e-01 1.120643955026675159e-01 7.525170945334946904e-02 8.999310436433016758e-02 8.497998218339768151e-02 9.677523686670298775e-02 8.730184956176509359e-02 1.099571389107139446e-01 8.994417887323011285e-02
