7.883547624225950567e-02 1.146011618780083535e-01 9.547918144377909311e-02 1.044330051457486169e-01 1.043455542500504318e-01 9.679837121498904851e-02 8.264066081388611595e-02 1.202138755546944410e-01 1.207845426741117056e-01 8.186817078247268786e-02
8.210275298478234007e-02 1.190604509305850794e-01 9.572103525146660741e-02 1.019882053788540438e-01 1.020661113570179301e-01 9.940025292340898266e-02 8.352863105726128501e-02 1.148311461667529676e-01 1.158708833399600679e-01 8.543053060991068204e-02
8.564793385386768043e-02 1.121020570469820898e-01 9.469610347563714448e-02 1.024398831009761118e-01 1.024656121463230485e-01 9.898865683583296660e-02 9.109175290443249917e-02 1.115870634138730055e-01 1.122094985620502444e-01 8.877143866002525086e-02
7.637411695868243089e-02 1.282403915066029354e-01 9.232165066798916908e-02 1.030499917072211086e-01 1.030555003210077009e-01 9.848937203782132110e-02 7.772479147284887258e-02 1.200573753881165467e-01 1.211114166990729657e-01 7.957539324063693520e-02
7.898306108400927894e-02 1.239021257799969716e-01 9.519041832791977353e-02 1.018750404328750692e-01 1.019021077097968936e-01 9.699501329770236768e-02 8.391379334511392396e-02 1.171101602669229608e-01 1.178866572953371356e-01 8.224162246032568069e-02
9.399786867908367649e-02 1.195477733896307820e-01 9.534296909584655255e-02 9.728086648480974152e-02 9.726076862016005964e-02 9.973399036256133665e-02 8.704154101000359522e-02 1.066030052071926665e-01 1.067051605874398679e-01 9.648605656327169378e-02
7.721782736843314787e-02 1.195153044447690438e-01 9.335560541608547980e-02 1.051277490767434791e-01 1.050443706807373950e-01 9.669918591442926148e-02 8.832474978785812003e-02 1.175312036626454254e-01 1.179233990856990294e-01 7.926060456259961806e-02
7.911892233210617020e-02 1.279869631981119804e-01 9.462191902413601141e-02 9.991141590867180788e-02 9.988586436042783123e-02 9.648072586916608961e-02 8.606377451789526400e-02 1.151824536363745405e-01 1.159698101229768852e-01 8.477815103013347509e-02
8.648337863090915789e-02 1.115502924682983954e-01 9.583002803125088842e-02 1.023892345070830101e-01 1.023194463275771404e-01 9.543131179378887274e-02 8.880297450771250378e-02 1.138719725107699282e-01 1.143877876317300896e-01 8.893357359088001346e-02
8.229306729704302659e-02 1.188998753561543303e-01 9.472823480796288553e-02 1.036991523000313914e-01 1.037918573132476652e-01 9.484277401069098057e-02 7.914645028123928894e-02 1.175716641308710425e-01 1.187177089310893774e-01 8.630921557166995606e-02
8.175188578672040740e-02 1.286531555973605967e-01 9.285998727717958978e-02 1.014027021401377876e-01 1.015301081167744729e-01 9.651725988227798092e-02 8.605973615076925598e-02 1.127285338187650199e-01 1.138233357322028794e-01 8.467329549781202336e-02
7.534507334457878069e-02 1.225382925111141441e-01 9.158466426764173829e-02 1.030505044552322003e-01 1.031167002204520233e-01 9.620240365005770788e-02 7.964979553543118096e-02 1.239489743971076419e-01 1.255004889532223833e-01 7.906310266516215768e-02
8.156947442912054758e-02 1.185536658942633881e-01 9.147068812533776239e-02 1.002263109797349866e-01 1.001113655993169649e-01 9.387059500550944124e-02 8.621030101619596431e-02 1.209390110604146307e-01 1.214207185816624790e-01 8.562786930844376587e-02
7.245855048531008036e-02 1.394741319601769947e-01 8.958754369743966717e-02 1.005880946522104274e-01 1.006592038324825300e-01 9.141064887337188583e-02 7.824543078467459389e-02 1.245118148808485731e-01 1.261849658291506748e-01 7.687961500433458661e-02
7.344108436829929754e-02 1.328345331695251763e-01 9.198630763627510531e-02 1.021010359863055300e-01 1.021038460982242185e-01 9.462086353785618964e-02 8.305802518200314233e-02 1.210373023988221552e-01 1.220848831592509787e-01 7.673211846343822029e-02
7.829180711037486695e-02 1.266683451455767606e-01 9.179227196159539526e-02 1.014020073500965513e-01 1.014965836843593899e-01 9.678474113522654576e-02 8.320705144009292453e-02 1.186385664197748963e-01 1.198752850243397783e-01 8.184334072856283560e-02
8.092431836860140837e-02 1.190868598207899948e-01 9.427219676225415124e-02 1.011499449821084001e-01 1.012577781082626416e-01 9.645570913280951397e-02 8.519898083959637214e-02 1.167188027800163397e-01 1.180008423260965889e-01 8.693456687946463091e-02
7.929074584535432402e-02 1.146064232415717754e-01 9.818776897557762728e-02 1.062734130667108839e-01 1.062356706987374194e-01 9.977559652986189853e-02 8.494015433956426941e-02 1.146528873110880670e-01 1.153407133020140501e-01 8.069662668951968487e-02
7.462433578448550431e-02 1.125719960531763042e-01 9.587688866972934876e-02 1.075739943905580226e-01 1.075378879076811650e-01 9.843003232551150727e-02 7.912514168444492735e-02 1.224243116242609980e-01 1.233208021947170135e-01 7.851460936543518121e-02
7.757094378351522823e-02 1.276609902829791698e-01 9.317335342534369125e-02 1.020506672411823079e-01 1.020061782968900294e-01 9.517994183423433840e-02 8.061144380742202298e-02 1.188216698247272080e-01 1.195920472730940126e-01 8.333276423061200533e-02
7.858294580839786381e-02 1.186562160751371553e-01 9.481548252422587753e-02 1.031998303720158550e-01 1.032232033300272828e-01 9.715089832712474338e-02 8.337617117530352062e-02 1.186439089193540575e-01 1.195735116529763609e-01 8.277783181543731106e-02
8.287341627221637974e-02 1.224604193147947329e-01 9.462184284655493494e-02 1.017979714222287391e-01 1.019155457051518499e-01 9.845261755632674083e-02 8.659204762310486470e-02 1.118822939228678592e-01 1.129712963832342904e-01 8.643254895351960843e-02
8.256363775298888874e-02 1.224241740224335934e-01 9.355717052252335297e-02 9.989761441798378216e-02 9.994379343032087915e-02 9.462604236825453152e-02 8.798538492057460247e-02 1.156999559598927696e-01 1.166928522624891551e-01 8.660937434253847267e-02
7.632112303524470065e-02 1.363037753756678183e-01 9.370477896338784418e-02 9.976986693109635151e-02 9.974887540873837721e-02 9.457754750943030142e-02 8.255041326186689232e-02 1.171887050585166123e-01 1.181263201652430206e-01 8.170859429080810921e-02
8.299999907738037086e-02 1.132462443862624624e-01 9.425813561385452954e-02 1.012079607841516182e-01 1.011613542800760129e-01 9.482884646283845642e-02 8.453558847757347561e-02 1.202029985684218011e-01 1.209191552081790577e-01 8.663971714126228463e-02
6.644111285611249695e-02 1.960655006846857840e-01 8.643600646204140092e-02 9.672836974380651098e-02 9.665808568961664626e-02 8.725783734818177984e-02 7.062923788844756301e-02 1.148303963541370265e-01 1.157337030140900280e-01 6.921974995888074966e-02
8.474179564900628792e-02 1.098516301980847765e-01 9.586794579060622934e-02 1.026075459641725973e-01 1.026239958905369315e-01 9.714709239967771193e-02 8.807668336644394746e-02 1.152535973436411842e-01 1.160584038653074690e-01 8.777130953252286483e-02
8.345555421233201432e-02 1.167006048699101850e-01 9.343362180064791744e-02 1.052875379872373340e-01 1.053416305287521587e-01 9.675452839526445248e-02 8.670176567165698012e-02 1.126800909044854831e-01 1.131673265983445392e-01 8.647733903136886613e-02
8.106703131308432009e-02 1.212908639495969970e-01 9.334318138371716644e-02 1.032070551383908047e-01 1.032945332550658374e-01 9.504346369857483157e-02 8.464690546135049398e-02 1.167402238943822529e-01 1.177801928697026906e-01 8.358654903613461917e-02
8.453366347937961434e-02 1.232377551925559062e-01 9.164219066887402398e-02 1.005066649628693076e-01 1.005054723775686415e-01 9.654765592276713659e-02 8.874502752929330773e-02 1.130505879038804368e-01 1.137632647343733566e-01 8.746771722843829644e-02
7.824280786722688508e-02 1.208369170440982965e-01 9.322285145166442355e-02 1.049972322076926090e-01 1.050378665816870394e-01 9.662569244550373027e-02 8.037456651897691151e-02 1.194081192177259693e-01 1.202958867844945712e-01 8.095805988092959204e-02
7.996098507902912877e-02 1.183237180554538720e-01 9.347839381802169889e-02 1.031292887525609991e-01 1.032629996518963228e-01 9.456504225261505581e-02 8.470851623393896301e-02 1.185872556053174653e-01 1.199910639672262525e-01 8.399273658394025566e-02
7.772069912798870717e-02 1.204286479082026379e-01 9.495818434140612663e-02 1.029950315567298991e-01 1.031117224867489912e-01 9.603602168096787850e-02 7.887940864808977437e-02 1.210566490714722748e-01 1.225115925093059749e-01 8.230204266908774935e-02
8.643314358817986987e-02 1.052443785190841086e-01 9.427119052615365313e-02 1.068738378079444051e-01 1.069846602448700362e-01 1.029347840672352465e-01 9.987693780219798756e-02 1.049378433796853832e-01 1.052589369516455098e-01 8.718428711300378608e-02
8.802786836921862312e-02 1.187396329851918703e-01 9.724099981378443724e-02 9.913620402812248211e-02 9.907841657907436039e-02 9.994096830151168176e-02 8.627751569348030003e-02 1.101410446981113955e-01 1.103634825401961922e-01 9.105386699130861572e-02
7.801262705315342716e-02 1.393722895809678120e-01 8.690696367637119890e-02 1.009881706710731852e-01 1.010243058433825392e-01 9.061948068902227205e-02 8.338625977236281683e-02 1.185615187957353434e-01 1.196177449848283975e-01 8.151063893310302177e-02
7.130426581885786208e-02 1.347831336651728051e-01 9.098653754962703066e-02 1.036904359839565110e-01 1.036280734084924771e-01 9.603768759953135170e-02 7.640994129766782994e-02 1.242870378956451999e-01 1.251553147145421652e-01 7.371757206650675354e-02
8.049628912815796900e-02 1.136020797524100595e-01 9.505164938355641080e-02 1.044204177687685503e-01 1.044214763283524139e-01 9.616071304679928156e-02 8.220498456336461368e-02 1.197025495669898354e-01 1.205721541172594807e-01 8.336768634434142677e-02
7.809952368199911399e-02 1.362051641002438584e-01 9.124972869186320779e-02 9.859528672538389604e-02 9.853908712174445916e-02 9.285867287836672979e-02 7.970377665889132046e-02 1.208958083850279058e-01 1.217353868480997858e-01 8.211756490837973654e-02
7.489232843815987750e-02 1.336268956149786746e-01 9.153935604581536767e-02 1.007185977404626842e-01 1.007547955326536238e-01 9.294882391086622953e-02 7.794171504314884036e-02 1.234253048097491562e-01 1.246255609231566031e-01 7.952662194100892923e-02
7.980285846687198981e-02 1.258918418473807810e-01 9.432377538279008988e-02 1.021129580657348102e-01 1.021388545542899484e-01 9.382675598579434673e-02 8.227888495127341772e-02 1.167559785289758179e-01 1.176566851983018580e-01 8.521140701858699595e-02
7.879801803240106539e-02 1.259247276300616003e-01 9.328329236602263264e-02 1.021797217678271225e-01 1.022954047560041685e-01 9.617015895714826901e-02 7.986613221647388683e-02 1.179591642124849238e-01 1.191922292592606791e-01 8.433115080231565197e-02
7.943203745115658132e-02 1.193883794748816923e-01 9.441482424780614502e-02 1.035870068837625585e-01 1.035070244522372784e-01 9.757062622772483262e-02 7.883447886974070951e-02 1.189531391102072316e-01 1.194801665359078446e-01 8.483231674657508437e-02
7.769184138864070055e-02 1.223828949326501991e-01 9.350107030036072797e-02 1.040365830231046451e-01 1.041110478137511342e-01 9.490145509204668539e-02 8.255145190916438058e-02 1.192452381753789370e-01 1.204936794238809367e-01 8.108473794102172283e-02
7.686707152633624751e-02 1.176026415310150730e-01 9.325496310838631009e-02 1.063926792548513245e-01 1.064480531986511103e-01 9.582608718614198107e-02 8.541005036363209790e-02 1.181899479151406196e-01 1.190652585547140319e-01 8.094324736113130137e-02
8.382861736385231743e-02 1.155105119987053924e-01 9.232339369350256453e-02 1.051344555841131345e-01 1.051367955659588266e-01 9.707865982596271259e-02 8.746324475691763523e-02 1.141542917489827280e-01 1.145555327039572552e-01 8.481449675804747512e-02
7.140286223446652702e-02 1.255564966005999483e-01 9.339156115894584054e-02 1.044997417809926527e-01 1.043678314984232552e-01 9.296333428534019061e-02 7.873868425262857407e-02 1.263070543866186279e-01 1.269130113701644746e-01 7.585942243181993672e-02
7.698523534345556862e-02 1.161185624553211920e-01 9.121358550054137204e-02 1.046933167482173160e-01 1.047151766704279424e-01 9.541082216526657056e-02 8.195897698498798289e-02 1.243099609396621508e-01 1.254197062194600532e-01 7.917465697265990698e-02
8.197105164128705435e-02 1.202839505810185255e-01 9.489286503240719484e-02 1.038125039712607112e-01 1.038381198986221277e-01 9.526692330313650536e-02 8.690711754390237354e-02 1.128700818690143021e-01 1.134032617277816180e-01 8.675412443156960141e-02
8.296608755329995533e-02 1.188765099375243411e-01 9.244717826534655514e-02 1.061657153721073665e-01 1.062452877877894525e-01 9.844536278641813354e-02 9.017318864949024071e-02 1.098337319592777167e-01 1.103526663967980825e-01 8.449427129194808650e-02
8.916238929504720356e-02 1.083141908199802411e-01 9.755347305086921328e-02 1.048847826001015199e-01 1.050228313716060208e-01 1.010498054882549290e-01 9.527090543084537622e-02 1.025496709446108157e-01 1.027221874977426314e-01 9.346976350094207686e-02
8.423668279671747694e-02 1.176299713687699727e-01 9.297860563487637953e-02 1.038314952957782727e-01 1.038677965907407186e-01 9.839083886635509313e-02 8.438971473780729204e-02 1.138732810197293083e-01 1.147292900114930958e-01 8.607232367773237636e-02
8.382333273122610784e-02 1.076774663999797710e-01 9.592278461506981158e-02 1.069092596640831699e-01 1.070641148960629063e-01 1.014784560774397298e-01 8.622022178539245907e-02 1.118191342972806035e-01 1.127362204259726025e-01 8.634900910749283842e-02
8.206356170866201116e-02 1.181348717465767195e-01 9.740029615747392011e-02 1.025658652139053162e-01 1.027440976541668383e-01 1.011664340853575400e-01 8.714513969885746836e-02 1.097728741037601180e-01 1.109693521483271772e-01 8.803750748291297445e-02
7.711719650896002587e-02 1.328330116108145109e-01 8.905163119368506019e-02 1.011537387332471505e-01 1.012065903977141385e-01 9.424361440366661735e-02 8.443144610581637677e-02 1.196462482907727082e-01 1.207748589692308472e-01 7.954166378609256460e-02
7.062702803644993477e-02 1.291345727670625831e-01 9.205532628579853049e-02 1.048761323460888073e-01 1.048239880357271642e-01 9.300650159902454361e-02 8.199492339780094230e-02 1.243726363008168384e-01 1.252390616898354514e-01 7.386982954139517665e-02
7.666329668210680737e-02 1.367887005386873023e-01 8.723592213726193145e-02 1.007187568638078373e-01 1.007976307617253764e-01 9.252307264350195792e-02 8.366783109758851866e-02 1.202525475442998842e-01 1.213735851212092570e-01 7.997865660981116898e-02
7.328959793104920795e-02 1.345463243032130052e-01 8.982447396757754776e-02 1.009940977532267914e-01 1.008991480966448528e-01 9.026516970012560259e-02 8.415221096992403504e-02 1.242498912837663172e-01 1.249563296825999953e-01 7.682275631187265863e-02
7.933169927495106744e-02 1.179057271411753510e-01 9.461161624488508004e-02 1.040519239747228347e-01 1.040463350484997218e-01 9.639978102823169859e-02 8.139668121791533706e-02 1.196146095671827281e-01 1.204301310223589161e-01 8.221149548007726515e-02
7.955106206441242556e-02 1.183136704815510587e-01 9.481223464132974843e-02 1.065753377003235691e-01 1.066601252147009460e-01 9.695518668280980745e-02 8.839676582185931886e-02 1.131620992161807143e-01 1.137424212364891302e-01 8.183109694034325365e-02
8.483606385175124220e-02 1.289318638100818704e-01 9.096056234578911437e-02 1.002602758830327817e-01 1.003019237568343880e-01 9.569686743986846600e-02 8.137613664087617327e-02 1.155781886928212987e-01 1.164563576420718782e-01 8.560175993687275942e-02
8.590196658268467456e-02 1.112377760145197292e-01 9.447244415558930797e-02 1.060694059368447045e-01 1.062000161311478091e-01 9.763808004431838439e-02 8.921684551552426512e-02 1.097308410592966882e-01 1.101648654676660316e-01 8.936775909240843307e-02
8.160996085875461825e-02 1.230533103858938576e-01 9.487596271764389688e-02 1.007329879605476514e-01 1.008302789623211765e-01 9.567133376891436003e-02 8.363787020756223434e-02 1.157681049959511099e-01 1.170413997592285593e-01 8.677879038318260518e-02
8.122410816443162429e-02 1.173933214297360056e-01 9.380028616425543919e-02 1.046629842312480074e-01 1.047549625887669589e-01 9.827164573382281276e-02 8.743337954622140695e-02 1.146230716157617124e-01 1.156531200587496006e-01 8.218312046700637641e-02
9.150164378729419568e-02 1.189079461229442941e-01 9.633386214068846709e-02 9.783252798104508097e-02 9.783429261043448399e-02 9.768288542001452024e-02 8.347621210422694060e-02 1.100056535298189891e-01 1.104102789100402104e-01 9.601469739349283161e-02
8.011646574411057653e-02 1.086881899589126621e-01 9.383554821110172417e-02 1.048277434144262166e-01 1.047692879222751478e-01 9.721123997265020134e-02 8.473911253277353894e-02 1.208176697094813512e-01 1.213513067798994843e-01 8.364343575436912481e-02
7.893073087024940482e-02 1.180868410673099889e-01 9.065324715539506417e-02 1.043560203582826057e-01 1.044743396469020869e-01 9.161065827617423385e-02 8.761193046208524959e-02 1.208165359360329344e-01 1.218628190897671770e-01 8.159687713780125473e-02
7.945005788323809826e-02 1.249833023545832422e-01 9.253961512566505343e-02 1.006459213985319706e-01 1.006553923227205688e-01 9.396516206647748115e-02 8.778552573552481086e-02 1.178155499731083494e-01 1.187920481245997723e-01 8.336742501555062523e-02
7.674974332350091577e-02 1.233301511858510835e-01 9.432636418170504966e-02 1.040325535196206519e-01 1.040097461146270164e-01 9.598429095625125862e-02 8.509531265181635717e-02 1.172977505872925263e-01 1.179602312392654118e-01 8.121385624006974280e-02
8.658512857706289478e-02 1.098004173568553482e-01 9.504301160575211183e-02 1.043638376289313940e-01 1.043079247867074177e-01 9.720720735734991735e-02 8.450807240928208397e-02 1.151408848924806994e-01 1.155420081665518434e-01 8.750150721902631712e-02
8.371199994204442385e-02 1.272717221904915430e-01 9.042555362880920489e-02 1.027603422587490822e-01 1.028637194470973376e-01 9.605479396542314363e-02 9.175844167948322971e-02 1.092376441997477410e-01 1.097381215062367271e-01 8.617766118191758085e-02
7.801539871930229797e-02 1.286879221626158198e-01 9.315957489295556559e-02 1.016446322368670246e-01 1.016540471178777189e-01 9.581058052853634599e-02 8.222010044212019197e-02 1.178869079485686394e-01 1.189234411941659381e-01 8.199739475699048541e-02
7.998243264047032175e-02 1.267425441077700554e-01 9.187960363804804909e-02 1.011191867646840659e-01 1.012276847722041045e-01 9.239195682641861140e-02 8.622240563029609506e-02 1.173165868475497114e-01 1.185422170201723274e-01 8.457538175238663025e-02
7.514868506760623290e-02 1.292394219278065470e-01 8.835254932841588027e-02 1.028699079835726504e-01 1.029112033567487899e-01 9.343038434201055009e-02 8.439625099273691256e-02 1.224479498900684221e-01 1.234854241424964416e-01 7.771822296853767020e-02
7.581307622247242251e-02 1.344374423829937104e-01 9.046644797006503369e-02 1.003820477001149403e-01 1.003345723966355685e-01 9.119653766717691901e-02 8.497211313628226514e-02 1.216694076742912134e-01 1.223876276342003161e-01 7.834072721576755549e-02
8.555784278624620209e-02 1.261762871398902086e-01 8.976908071001844791e-02 1.006104628627723790e-01 1.006103127967043209e-01 9.382262707967597981e-02 8.383470587193730950e-02 1.184839595242140747e-01 1.191825851779448747e-01 8.195213605059617490e-02
7.320897965318148848e-02 1.271270353021435595e-01 9.000873245906698683e-02 1.027429538033879236e-01 1.027955728721628853e-01 9.233250368452596002e-02 8.451200544785743285e-02 1.243126261632999247e-01 1.254579190012818368e-01 7.750167161309205743e-02
8.239681051951833202e-02 1.265668032191196168e-01 9.376557753756187275e-02 1.010577520839798377e-01 1.011575938818013998e-01 9.879511291222206615e-02 8.486618254989315713e-02 1.121233999856571101e-01 1.132041132880033524e-01 8.606665402224328298e-02
5.426772060407093756e-02 9.405456680886072063e-02 1.006612459511305596e-01 1.223638002836030525e-01 1.219732332256033142e-01 1.055845648569499334e-01 5.706186014375466686e-02 1.435944071583299397e-01 1.447912083282525408e-01 5.564739263944434161e-02
7.701966442848701133e-02 1.178626105290059844e-01 9.434128387368377611e-02 1.070967075790752315e-01 1.072114174553311233e-01 9.655749020571463559e-02 8.491681610395153401e-02 1.164703814474622318e-01 1.173807646184364117e-01 8.114286375885207403e-02
8.011143783574878330e-02 1.192237387829402778e-01 9.432828712817815930e-02 1.041906041516605236e-01 1.042367204303343148e-01 9.575815518994197639e-02 8.159988823028595240e-02 1.182103474656116260e-01 1.192756642908042730e-01 8.306515649449409955e-02
7.990143947711766947e-02 1.210841316764209724e-01 9.410868286263882054e-02 1.016030281575771299e-01 1.016444104177799679e-01 9.581227402220546252e-02 8.614211698755067093e-02 1.168766080646394673e-01 1.177606542668252348e-01 8.506665406724456258e-02
7.859149136888515796e-02 1.316165412397385381e-01 9.244271462898520642e-02 9.769992897333071302e-02 9.772728827914557714e-02 9.479310754970760033e-02 8.028035681496467624e-02 1.197164711946536869e-01 1.207986196953538122e-01 8.633348025523503166e-02
7.598091514366511756e-02 1.245298322437327215e-01 9.046241721866472851e-02 1.055067635891918654e-01 1.055507203298229196e-01 9.360773870522795526e-02 7.837148656844640515e-02 1.233286103983225468e-01 1.245369366071785583e-01 7.812457919574716803e-02
7.867288212162168448e-02 1.201540509334134560e-01 9.364138161327967280e-02 1.050833126149630370e-01 1.051505839520753133e-01 9.228104158884425923e-02 8.579389227017787667e-02 1.181003544192672228e-01 1.189257682757390716e-01 8.219673221061840618e-02
7.486930494676310999e-02 1.251270881553906422e-01 9.472626194255497067e-02 1.050650362325099424e-01 1.050640871149294830e-01 9.795561668645325071e-02 7.800578501293888023e-02 1.203943157457507407e-01 1.215410024126265670e-01 7.725150175008238529e-02
8.459395426784108163e-02 1.235791720632169188e-01 9.475427566675401203e-02 9.897936487370420644e-02 9.902850766412295280e-02 9.504283651312138426e-02 8.818207938503165588e-02 1.130720680117116156e-01 1.139430419378901355e-01 8.882469961660602320e-02
7.635501833257114790e-02 1.288173892911476381e-01 9.230477539258989672e-02 1.038760938652821125e-01 1.040044017762979667e-01 9.547146052197898192e-02 8.032907108311937439e-02 1.182702506612933885e-01 1.197642911937055743e-01 8.080724788201397446e-02
8.175468758092843680e-02 1.187104430938698135e-01 9.403594987710481301e-02 1.019186898074050523e-01 1.019865734287338788e-01 9.829772440631673325e-02 8.856292416801395118e-02 1.130874604683832774e-01 1.139218797697609253e-01 8.772366739948316006e-02
7.642703957295490791e-02 1.095553418707589238e-01 9.389455134315224938e-02 1.071993441194231400e-01 1.072228399336493249e-01 9.737610762573717382e-02 7.913601604259068445e-02 1.244618851494115191e-01 1.255056555337862312e-01 7.922121880853583153e-02
7.733568808743292167e-02 1.234250111380395393e-01 9.235386290677942422e-02 1.055276518426498944e-01 1.055308834142134056e-01 9.471516545015246091e-02 8.376145442552425380e-02 1.183294398895409077e-01 1.190934197199483013e-01 7.992742312571890495e-02
7.710330169036049008e-02 1.347585701433363647e-01 8.872501001369682838e-02 1.014681850280845371e-01 1.015680339963071499e-01 9.368264738685942727e-02 8.526951315434184997e-02 1.181443112281598540e-01 1.193811187944002067e-01 7.989930856445334739e-02
8.272509448938378251e-02 1.144912397558269096e-01 9.524613229829546890e-02 1.061735652820859493e-01 1.063065531384273787e-01 9.958556519855926714e-02 9.163888450756162152e-02 1.085474406854671503e-01 1.090528754223901581e-01 8.623264922200227223e-02
7.844951365195813875e-02 1.220784612197690355e-01 9.346910518327718187e-02 1.026341403193549023e-01 1.026800169249069555e-01 9.515323139987763579e-02 8.409122858784252863e-02 1.192417685478081441e-01 1.202853028632164811e-01 8.191723130198901026e-02
8.220645307160140414e-02 1.130424042475288715e-01 9.310554659186719151e-02 1.057897658938496965e-01 1.058751687024571397e-01 9.752842033555246537e-02 8.341769615656648151e-02 1.172356699346556869e-01 1.180871397015633706e-01 8.371173536435763674e-02
8.163539788383677998e-02 1.184722953688579355e-01 9.501466156337409763e-02 1.024560975754805897e-01 1.024605391712263835e-01 9.595269660032516856e-02 8.184535415630442290e-02 1.181593773596431307e-01 1.190184873229082896e-01 8.498509299804320183e-02
8.097308271108770439e-02 1.247396908038319596e-01 9.171337000923275584e-02 1.067624176888031379e-01 1.068867258038206230e-01 9.962675757120025011e-02 8.518874906596250740e-02 1.101053594284355508e-01 1.106757585815206779e-01 8.332808833610487464e-02
7.977703955248081902e-02 1.243272010239535458e-01 9.349349493297630376e-02 1.044942613482291449e-01 1.045994238028751383e-01 9.578202542806617259e-02 8.031119606324685356e-02 1.172397474924797151e-01 1.182336029094191582e-01 8.174200744627314885e-02
8.162990991168436739e-02 1.356351669772724033e-01 9.203533391615806303e-02 9.944116277633466283e-02 9.946581355406083902e-02 9.557660268879142329e-02 7.861074995704170343e-02 1.155646913751140342e-01 1.164725277865223119e-01 8.556804105702023322e-02
8.284997500085275468e-02 1.183098123111008398e-01 9.497694418520842563e-02 1.021451304476802963e-01 1.021445980167263873e-01 9.922314441094602644e-02 7.995600833300206545e-02 1.150852149350322096e-01 1.157695135438768508e-01 8.953965881557418571e-02
7.624887205342519014e-02 1.184077631441523420e-01 9.369216114313179411e-02 1.043874387122838837e-01 1.043766785436109623e-01 9.720288505914775889e-02 8.329102584702131884e-02 1.215679845786209745e-01 1.225420659076538049e-01 7.828312501095191500e-02
9.041732053087164767e-02 1.191952041103626347e-01 9.256806083095985016e-02 1.050446389016460313e-01 1.051532632794963673e-01 9.398445985585419937e-02 8.574325078886464724e-02 1.092616493465314587e-01 1.097033143458241849e-01 8.892883800958893692e-02
8.114047012902722567e-02 1.331666109498656769e-01 9.093889103530587714e-02 9.846302858770335231e-02 9.855297595876519323e-02 9.543251887871792571e-02 8.145003351356479293e-02 1.173404116975801798e-01 1.185029024115622359e-01 8.501215683790755429e-02
7.436030144278064913e-02 1.264713557428563395e-01 9.508700866200645030e-02 1.027992375040014533e-01 1.027618518637750250e-01 9.439817076485253200e-02 7.991931587043618612e-02 1.227278562370685555e-01 1.238580128771657879e-01 7.761688903505704895e-02
7.751622888174609927e-02 1.163195448901123419e-01 9.711346131276446525e-02 1.052329906105203966e-01 1.051113747274513843e-01 9.793552363684071560e-02 7.897873260062888978e-02 1.206659118149590038e-01 1.213437373609962538e-01 7.978249416398044969e-02
7.286240830682481906e-02 1.272357828017585957e-01 9.422719592063268090e-02 1.026487739144101297e-01 1.025937552073730719e-01 9.798918594746693078e-02 8.066150253015552662e-02 1.224975279276645096e-01 1.235834780096513597e-01 7.570038943406237619e-02
9.625189874133506518e-02 1.009749750318224698e-01 9.970452288870707003e-02 1.048165116016841342e-01 1.048402923709339934e-01 1.047498466453611748e-01 9.799572641271753204e-02 9.673404720400285983e-02 9.640303312412629166e-02 9.752914597930942286e-02
9.943692979516392805e-02 1.083054451794232403e-01 1.033214747309044584e-01 9.464550304756046140e-02 9.452401112466231325e-02 9.971880457239469531e-02 8.965212613413492404e-02 1.015487600737373791e-01 1.013117360607279915e-01 1.075352092812905808e-01
8.140073094282797295e-02 1.253080542017186438e-01 8.989447419351455359e-02 1.014309229883351704e-01 1.015219185315117678e-01 9.059562275024121702e-02 9.410827024746945546e-02 1.142069699088542056e-01 1.149055859879266062e-01 8.662745024760040713e-02
7.948399294058731968e-02 1.213148642438485053e-01 9.440727755014156897e-02 1.021349424596265931e-01 1.021653743259357261e-01 9.208596270176021281e-02 8.925225192262820073e-02 1.159265478083906092e-01 1.166564009117664752e-01 8.657238513531484436e-02
7.740243743430358370e-02 1.322209541878363315e-01 9.383206680711554670e-02 1.019796412478813502e-01 1.019737472437117071e-01 9.368195854050807847e-02 8.221274344960032010e-02 1.178946594089793770e-01 1.187690598118977953e-01 8.003273186816586837e-02
8.295933302286449817e-02 1.146813125187691462e-01 9.441546546433178533e-02 1.026268202014545272e-01 1.026622202427626557e-01 9.705127408924119070e-02 8.868060457288816367e-02 1.152806601297201305e-01 1.163083992693967339e-01 8.533391048857114081e-02
7.700891695681136295e-02 1.219818602423281689e-01 9.227776123673865627e-02 1.058119458301383098e-01 1.058539413886757513e-01 9.649208878492689101e-02 7.991782721088146191e-02 1.196762863705199270e-01 1.206977005390372643e-01 8.028167143994220656e-02
8.022765972419065861e-02 1.177054154070535236e-01 9.332393289660791125e-02 1.040510464285685360e-01 1.040255804541875967e-01 9.773228380643164681e-02 8.607479263965200911e-02 1.161582075681211607e-01 1.166424057616269050e-01 8.405867531356009392e-02
7.650843285699350516e-02 1.176032702135174218e-01 9.507756640989852015e-02 1.064912194896856790e-01 1.065272459465769345e-01 9.799297978035370615e-02 7.900929665604117247e-02 1.201900454238313265e-01 1.213147665691895749e-01 7.928517665391217328e-02
7.666926960205448782e-02 1.224676391347846449e-01 9.212015318626012861e-02 1.020653800813854234e-01 1.020637055880288108e-01 9.357522768884617148e-02 7.878769998633904093e-02 1.245508956842928117e-01 1.254975139907916482e-01 8.220251505721687391e-02
8.115312478652700334e-02 1.202491543199894070e-01 9.421803056667861498e-02 1.062746667685099816e-01 1.062539496521233001e-01 9.727925094652087323e-02 8.329474953253085401e-02 1.128809664859233008e-01 1.131637393270483877e-01 8.523236761414826335e-02
7.731314322888555024e-02 1.195294908481364521e-01 9.381826227814571428e-02 1.046603704372516680e-01 1.046440664278422000e-01 9.743626618863676647e-02 7.881232165800391987e-02 1.207950511608926747e-01 1.217691642896400611e-01 8.122186348256504873e-02
8.043423242146838237e-02 1.217980252454515799e-01 9.341428037896544467e-02 1.037819729626368315e-01 1.038844448966986939e-01 9.904737629492110784e-02 8.398083691672959816e-02 1.144809175405191587e-01 1.155854660168427334e-01 8.359244732576646963e-02
7.818003228778892810e-02 1.267604165599733324e-01 9.247771609591605435e-02 1.019326098694618293e-01 1.019861171332644423e-01 9.684509916423077180e-02 8.374633165250748579e-02 1.178115338371980153e-01 1.188893517860576815e-01 8.137079161360137591e-02
8.052069779774875813e-02 1.301453129725387847e-01 9.162516331378782464e-02 9.923654103404780380e-02 9.925097200594105995e-02 9.112503605214659907e-02 8.146635971470243820e-02 1.211943303036968067e-01 1.220752449833407832e-01 8.336034182204919707e-02
7.956857822724011653e-02 1.289415879056357017e-01 9.084925545292488192e-02 1.002728660356066032e-01 1.003156097281963921e-01 9.526582196818440817e-02 8.510394184753609925e-02 1.169651315649369722e-01 1.178233964775907278e-01 8.489381079214811110e-02
7.390392612352028601e-02 1.393727756235359772e-01 9.173929316690326852e-02 1.001450143252270719e-01 1.001467415494445845e-01 9.245649765201237325e-02 8.156524138490957310e-02 1.209856525773904401e-01 1.221425833663861010e-01 7.754227423067033831e-02
8.203309312123706343e-02 1.071992559195839856e-01 9.780105418512446969e-02 1.045954974528971737e-01 1.046707125571584157e-01 9.867139362147150927e-02 8.714842368005949746e-02 1.161294489156071280e-01 1.172598220886763576e-01 8.449129845818433016e-02
7.218581756394343296e-02 1.263027210246949195e-01 9.203033865188213480e-02 1.022492190885602725e-01 1.021571151451760723e-01 9.640100638761625595e-02 7.892883218826442226e-02 1.262493256833640554e-01 1.272928949321735781e-01 7.620272933432488405e-02
8.769795859341671107e-02 1.080063099587891262e-01 9.632502527483209620e-02 1.035818783853231922e-01 1.035789087181718804e-01 9.931852231193721847e-02 8.672809794056320076e-02 1.121662253418658078e-01 1.127232308104925973e-01 8.987384266460818338e-02
8.174097754514017544e-02 1.135205247086776420e-01 9.783340020979319762e-02 1.042537340333535151e-01 1.042895178115489235e-01 9.808252842867222487e-02 8.419426461121021221e-02 1.140457987708567433e-01 1.147650254246711382e-01 8.727422845607624158e-02
7.580522629338562468e-02 1.485969973023423540e-01 8.832380719549584591e-02 9.817267824602020354e-02 9.819675537363763140e-02 9.064183845137452344e-02 7.937121406552066771e-02 1.202987398180531131e-01 1.213471583306519191e-01 7.924558492351808925e-02
9.118812851915442108e-02 1.165099391767242393e-01 9.683615195556063981e-02 9.799735385377041086e-02 9.806943624009499538e-02 9.818091620976818201e-02 8.566448844743486390e-02 1.099008889956582108e-01 1.105986937532752457e-01 9.505400284855879123e-02
8.412416144715817445e-02 1.044996474484558013e-01 9.885030392304949842e-02 1.037519494701397427e-01 1.037932344276729785e-01 9.621106227693537738e-02 8.183129871696706581e-02 1.178783656067583924e-01 1.187819956423761258e-01 9.027798104048688488e-02
7.868541713532309356e-02 1.239402557340060496e-01 9.297709112571690693e-02 1.063129658956207951e-01 1.064119934555350089e-01 9.756540849401874882e-02 8.309259061254863077e-02 1.143138592907994439e-01 1.151316915113376749e-01 8.156872674509361987e-02
8.518092830343326760e-02 1.179124274199651046e-01 9.452060389796834716e-02 1.012079069125454561e-01 1.011535556834898958e-01 9.386153716072803688e-02 8.948538550542024794e-02 1.145725727937100119e-01 1.148134279766012678e-01 8.729165434613839203e-02
7.433692656456211689e-02 1.387874882886130090e-01 9.086246973716764763e-02 1.011826314075878752e-01 1.012525306362108551e-01 9.217634424164830587e-02 8.157922699051041449e-02 1.205961397730967444e-01 1.217111992569580442e-01 7.751504310364501493e-02
7.708200406405196770e-02 1.252264221340194661e-01 9.165441129502657769e-02 1.055390743101024958e-01 1.056313443318533246e-01 9.483510810505928201e-02 7.933719361189446595e-02 1.196451810673369587e-01 1.208174997794506100e-01 8.023176130120483751e-02
8.194152331299472958e-02 1.225800681451643809e-01 9.560779408016803482e-02 9.940187285602267164e-02 9.947573580972343676e-02 9.621862316863261100e-02 8.774802959952414383e-02 1.119571400793679533e-01 1.126991588088016721e-01 9.237005413960037992e-02
8.940453003744786020e-02 1.035289679688446984e-01 9.320440374619876067e-02 1.070982872449001699e-01 1.072230621542636375e-01 1.010088423385622214e-01 9.042617420161384867e-02 1.086495029353437974e-01 1.088596169565785587e-01 9.059661241624648864e-02
8.315974051034090431e-02 1.086331813244466316e-01 9.753584910318897905e-02 1.040795561149482074e-01 1.040695140118810952e-01 9.475346165327942771e-02 8.198462215102110540e-02 1.185850339491009153e-01 1.192082243224791976e-01 8.799081685931352259e-02
8.012170033911293621e-02 1.260421251902129336e-01 9.270958403423895655e-02 1.034928624171682077e-01 1.035575772919953425e-01 1.003340121810547270e-01 8.738414369401306669e-02 1.122897628647544777e-01 1.130698285279433113e-01 8.099840345950604092e-02
7.846019140652672752e-02 1.221962974856779655e-01 9.242276053453417350e-02 1.026126986402823016e-01 1.027195850817023692e-01 9.427061419068644144e-02 8.284915942840215264e-02 1.203370383139185512e-01 1.216682323104209401e-01 8.246342260784837730e-02
7.542613466898660801e-02 1.259953583025111290e-01 9.609219618868025670e-02 1.039158905321120457e-01 1.039954841180945611e-01 9.762801411282158448e-02 7.909116827358644852e-02 1.191421063442765910e-01 1.205571950120070818e-01 7.815645244692366600e-02
8.248365532380268206e-02 1.143482367489560697e-01 9.566766402639527433e-02 1.044121744028647242e-01 1.044149182888005484e-01 9.795370437884987069e-02 8.538073044313246318e-02 1.147872320810456176e-01 1.154642227951629269e-01 8.508746151098983690e-02
8.057742318764644918e-02 1.097967238285476321e-01 9.496180383048849483e-02 1.048333096108505502e-01 1.048996919852686893e-01 9.399408955936956744e-02 8.079194686879552501e-02 1.230941521086636459e-01 1.243368040419611381e-01 8.271405497840834953e-02
8.222527039696736484e-02 1.170528017437582058e-01 9.251188322668896236e-02 1.025598901405659208e-01 1.027033566176746987e-01 9.496254453784803984e-02 8.900729461387942021e-02 1.159173214482832198e-01 1.170708937094826901e-01 8.598874356485146364e-02
8.430268168561998177e-02 1.152014835166011858e-01 9.541884801423229645e-02 1.052546462704778973e-01 1.053028771171613531e-01 9.570422533039205093e-02 8.501395080287982298e-02 1.127002507162731954e-01 1.134190346385915704e-01 8.768200190777057645e-02
7.983930068271685720e-02 1.171270085952538509e-01 9.698187881180203584e-02 1.044584370916279981e-01 1.044030778186740005e-01 9.617627503270377576e-02 8.524077009483563283e-02 1.161063865351039809e-01 1.166584743927249895e-01 8.300839094455686462e-02
8.492394615474138653e-02 1.167732453381451208e-01 9.511863198573496103e-02 1.011792146779665891e-01 1.011293353066597400e-01 9.571213778670192851e-02 8.651555219339680802e-02 1.143157430987703088e-01 1.146103673956010566e-01 8.972182606228211454e-02
8.314625841763581549e-02 1.104661114532783650e-01 9.560703021677612046e-02 1.040949735975259527e-01 1.040052662400731132e-01 9.643180508171696197e-02 8.066250900368139576e-02 1.194708853920920244e-01 1.198515551659226769e-01 8.626360543129754643e-02
8.156581127697072608e-02 1.282541280135272577e-01 9.177115693943961594e-02 9.784789360586600149e-02 9.787396149080442032e-02 9.281743822922006171e-02 8.161844753663161089e-02 1.204645952949998239e-01 1.216479698321581704e-01 8.613859778038232551e-02
7.775284763922464537e-02 1.439026342475303311e-01 8.784113489601400038e-02 9.883098687093559709e-02 9.890294043910315136e-02 9.118915615166342525e-02 8.282328321291879125e-02 1.178592218171763545e-01 1.189210297465706084e-01 8.197676497886308145e-02
8.019930361659916018e-02 1.113622728685804419e-01 9.664293148455890825e-02 1.062439225896715661e-01 1.062241149159237480e-01 9.840886424547087841e-02 8.841681194046226155e-02 1.147167772092899801e-01 1.150837720464338576e-01 8.270122908300917008e-02
7.696439295906680467e-02 1.232624980980654011e-01 9.217807760581137044e-02 1.018897497298758142e-01 1.017937717043548018e-01 9.346860944783320913e-02 8.127289681235511098e-02 1.239913831228149632e-01 1.246583113401866089e-01 8.052030917963594325e-02
8.142223791889195705e-02 1.243241036520570664e-01 9.291947239349104826e-02 1.027281815122760428e-01 1.027035747005415195e-01 9.600674577544629495e-02 8.510423218120491407e-02 1.152130576925244204e-01 1.159099060780760526e-01 8.366848809549069788e-02
7.895776407289704923e-02 1.159151070820599871e-01 9.354819584145283862e-02 1.038735089380741911e-01 1.038200757530348683e-01 9.357294145176618672e-02 8.045010028108018352e-02 1.226747876969175172e-01 1.232777194144144273e-01 8.390979946830276481e-02
7.621178688457615202e-02 1.092899159398803693e-01 9.626680426132780410e-02 1.080581759592770946e-01 1.080947031651714879e-01 9.973075014028101593e-02 8.072187175523659608e-02 1.211331770785426670e-01 1.223330191991470750e-01 7.815979561655971020e-02
7.633286964402920260e-02 1.197898497062582085e-01 9.335184718857850172e-02 1.030383467904660566e-01 1.029322424749481574e-01 9.437325615021018022e-02 8.022018265328197117e-02 1.249569057454481824e-01 1.255710397826141633e-01 7.943345986416541771e-02
8.248768200526782057e-02 1.351830745717835791e-01 9.137121450477257711e-02 9.888633143865496744e-02 9.895131278946836528e-02 9.558827264253123845e-02 8.267233631210993416e-02 1.141549994709512711e-01 1.149928999493067400e-01 8.571187631515352068e-02
8.111625050422077710e-02 1.129073082090199104e-01 9.627974743206102470e-02 1.049983798179412592e-01 1.050774299500053938e-01 9.722352646390802766e-02 8.264098556695850806e-02 1.175055583462200903e-01 1.185503323200270548e-01 8.370048138963794015e-02
7.694500918993189831e-02 1.410688365518398824e-01 9.176794018052274182e-02 9.870451245141324825e-02 9.870328717031798260e-02 9.518858177841327262e-02 8.294318763188766874e-02 1.163516968989029010e-01 1.172681656405588496e-01 8.105878250621154080e-02
9.464092039758335850e-02 1.105749109951500303e-01 9.882464801882266670e-02 9.655717678869238374e-02 9.655150459124947626e-02 9.955973995732807225e-02 8.585654277299116510e-02 1.070621211214152491e-01 1.074172341629752586e-01 1.029552011937923534e-01
7.861932238379325255e-02 1.189471879732527521e-01 9.293313923981069702e-02 1.031108687231662990e-01 1.032262797915434183e-01 9.546526130325941328e-02 8.694816679396481784e-02 1.189923723706939468e-01 1.201302460324778221e-01 8.162715538803760884e-02
