9.617148760058330526e-02 9.763107600106804562e-02 1.235328078437183674e-01 8.249421246851913747e-02 1.216832731847589666e-01 9.247727590093263172e-02 9.247928251828553547e-02 1.154942639901382628e-01 8.681300941802094773e-02 9.122331107397478600e-02
9.509132033893055724e-02 9.863590987310948133e-02 1.257560577024415538e-01 8.497222617745761597e-02 1.148337452183565421e-01 9.103624371860014053e-02 9.113341491973490915e-02 1.182773253217044018e-01 8.941321679855102067e-02 9.085053993111374959e-02
9.518204597005761047e-02 9.947890384527999230e-02 1.215188339960188019e-01 8.928360546288999222e-02 1.126809517108791070e-01 9.172477990049898722e-02 9.176645719958173575e-02 1.127506903520790332e-01 9.598798642919204038e-02 8.962574513352267180e-02
9.265237236944838528e-02 9.883765098718952369e-02 1.215134377254371151e-01 7.993522853405515827e-02 1.213794040231001847e-01 8.865438200583850015e-02 8.871430244376010688e-02 1.284755942542378238e-01 8.186447456596571137e-02 9.797315309096746305e-02
9.422837295293189086e-02 9.602947580741198752e-02 1.284262130629627574e-01 8.144410934792759016e-02 1.164319461379529769e-01 9.024467707606360911e-02 9.024963963258730848e-02 1.228062174505110266e-01 8.892929110779060342e-02 9.121005742386026349e-02
9.449887392048648971e-02 9.890504083869532115e-02 1.155089033678861760e-01 9.556186968137357629e-02 1.056134105141606633e-01 9.223164847804656008e-02 9.214043489200667014e-02 1.187106902613296738e-01 8.995420089390669671e-02 9.687492715210814509e-02
9.349007468634146223e-02 9.699739255474444655e-02 1.261697549251550032e-01 7.938516482726966361e-02 1.181715824037519180e-01 9.109922207483785173e-02 9.107589294642108591e-02 1.197968203910498852e-01 9.380558923041344699e-02 9.000850596001530590e-02
9.374897322006109368e-02 9.559851832097565616e-02 1.195726490937669834e-01 8.406548498955666859e-02 1.147817166740048023e-01 8.713869712879136753e-02 8.717600064105562874e-02 1.266226269104763769e-01 9.206077545288042507e-02 9.923455756843101161e-02
9.628713742839128953e-02 9.596788476325217310e-02 1.202575349695398782e-01 8.941664093500402422e-02 1.149950589382272431e-01 9.359378775868412714e-02 9.364366677371414871e-02 1.120852739712481089e-01 9.272494347641413448e-02 9.102807098552491427e-02
9.550618895143360432e-02 9.557003307335584785e-02 1.250864213524773838e-01 8.711693143151404140e-02 1.193811048266177621e-01 9.074797168876630460e-02 9.083285679632395471e-02 1.198444414464110569e-01 8.322265128125021227e-02 9.269139915184983203e-02
9.180609968419507771e-02 9.530495408101780086e-02 1.259612319376831047e-01 8.381066099220824128e-02 1.121973287672883707e-01 8.835117726207815381e-02 8.844431923530397810e-02 1.271233447068482181e-01 9.379593212350878506e-02 9.320495120986825588e-02
9.267082526788623931e-02 9.728384660854745569e-02 1.297390692782135757e-01 8.010744823196590259e-02 1.266219169951742496e-01 8.790242463606105783e-02 8.800050885580737448e-02 1.239045179192613810e-01 8.374706078162812151e-02 9.002238142545461452e-02
9.283615642493352194e-02 9.546399775123705356e-02 1.179934713934996382e-01 8.687029243590156657e-02 1.231788953266534092e-01 8.855719288953362023e-02 8.848531887445323929e-02 1.203852334393224061e-01 9.135182530182096861e-02 9.487761616264452080e-02
8.994022063989423610e-02 9.174094141908874234e-02 1.267595265399758531e-01 7.727612235661686368e-02 1.262121698974850992e-01 8.429157343635848565e-02 8.436719012629953496e-02 1.397052149534945831e-01 8.137901177744891190e-02 9.832802885333766230e-02
9.159743657326994970e-02 9.426051407260044313e-02 1.254523221890858631e-01 7.646465669600630011e-02 1.213447052712294805e-01 8.733928889980011046e-02 8.737235383574763758e-02 1.321416187376250051e-01 8.763294250318189038e-02 9.639416122145334775e-02
9.179311316569974122e-02 9.671467654370542733e-02 1.284127332521200759e-01 8.191616000891477345e-02 1.194686534746927792e-01 8.751854879965524636e-02 8.757378434181783966e-02 1.266874500290789407e-01 8.850010350036296991e-02 9.141477688395219237e-02
9.504227712853258181e-02 9.712426583702724048e-02 1.211772944116116524e-01 8.775960596697524041e-02 1.185637302664067361e-01 8.805223098685345529e-02 8.813965050462589657e-02 1.199567353707022971e-01 8.932980678201633828e-02 9.485440274524853388e-02
9.747751629007088414e-02 9.905723193599084986e-02 1.210770345354105632e-01 8.022859795278586281e-02 1.146148424820888079e-01 9.556484162449183084e-02 9.569819796691550473e-02 1.136358974641251129e-01 8.974134098297002760e-02 9.290449876515058381e-02
9.694753150512262774e-02 9.959162471445585918e-02 1.321008491953497566e-01 7.947374852266529677e-02 1.246924536541169498e-01 9.168094413070895787e-02 9.174077620297360625e-02 1.139073272838627415e-01 8.364811707773224525e-02 8.621662771301197292e-02
9.338358296145658766e-02 9.547346395328781821e-02 1.228687684107052785e-01 8.356426655922043201e-02 1.197743992455523321e-01 8.664867518104255040e-02 8.665343874018868742e-02 1.278364242569866582e-01 8.651779539815643294e-02 9.727918529340325027e-02
9.480011305915680975e-02 9.713770785743711111e-02 1.292061806900329235e-01 8.282865604594948084e-02 1.193407475062169681e-01 8.965729973406028064e-02 8.969635431835572270e-02 1.187345779015949315e-01 8.973642764653197434e-02 8.886193524066378358e-02
9.400461034638468716e-02 9.765747948260286582e-02 1.192789402670356297e-01 8.599685617862155851e-02 1.119575510820953884e-01 8.976229935380844460e-02 8.988672527965417547e-02 1.214714364048993384e-01 9.374355992432972795e-02 9.624054168056821179e-02
9.346274088601344565e-02 9.449968595155856799e-02 1.227452804602945646e-01 8.659320929299720027e-02 1.162808773587956368e-01 8.887587036398596207e-02 8.892764940779064597e-02 1.222758577626151116e-01 9.259818909348851990e-02 9.374063942246037284e-02
9.258431710321225749e-02 9.346084703929191662e-02 1.219916873721371142e-01 8.080781758392824310e-02 1.165569765536576402e-01 8.603590756156617725e-02 8.608195762135716078e-02 1.343916130272107545e-01 8.672426527899405879e-02 1.013646108586446770e-01
9.503575870714719986e-02 9.570949995323133064e-02 1.259773361992231611e-01 8.736738822530559778e-02 1.217415279631660907e-01 9.099639773491502437e-02 9.098017290872589813e-02 1.143695891015980848e-01 8.992211541970068778e-02 8.790021378698689714e-02
8.297957704698555315e-02 8.386322709354405991e-02 1.149296275472464768e-01 6.651697838674341945e-02 1.110962316707063691e-01 7.933304865737222933e-02 7.938051232662945988e-02 1.865554086930298894e-01 7.092385742734438892e-02 1.244215311503980848e-01
9.642649518407990505e-02 9.770297884984974202e-02 1.214194081071644643e-01 8.835930845213660345e-02 1.165872271113131409e-01 9.291480569356214136e-02 9.298033294570898222e-02 1.105428434963487971e-01 9.379289048350678004e-02 8.927370967632945742e-02
9.443368465819955426e-02 9.784678366607951761e-02 1.198067531857832518e-01 8.740771790916504469e-02 1.142446927870413992e-01 9.111324692446513829e-02 9.109109660953751408e-02 1.180530227269666332e-01 9.241920666220446168e-02 9.358379487055749901e-02
9.366933962145135295e-02 9.534385134956527286e-02 1.237538302400614243e-01 8.395116357046353284e-02 1.178891164208905051e-01 9.063665280457723628e-02 9.070026560773919444e-02 1.217023830686332075e-01 8.941945916538994454e-02 9.293393815122834301e-02
9.186533768452102844e-02 9.679748573676844048e-02 1.165420378938845369e-01 8.772889619608366385e-02 1.139380051119442405e-01 8.875414073050882924e-02 8.878978265015247118e-02 1.233891055877431170e-01 9.500463972081503450e-02 9.719056868757859624e-02
9.354817858540984132e-02 9.699768170481626317e-02 1.296446368055872711e-01 8.128326999314594570e-02 1.204986794243648740e-01 9.024255679823406373e-02 9.026348839245469657e-02 1.213816339623443041e-01 8.703186935889527243e-02 8.910800497474741233e-02
9.461934647353499594e-02 9.561946245122750210e-02 1.241618836062121506e-01 8.513483459130685715e-02 1.210302869900531375e-01 8.967034287897344969e-02 8.977738535761761729e-02 1.196947217521364404e-01 8.792121653074812249e-02 9.237051936818961584e-02
9.565355887702391147e-02 9.663722843639545312e-02 1.247935320512612717e-01 8.301565141143232851e-02 1.229419235897697277e-01 8.977670322536636383e-02 8.987286756719431446e-02 1.212400420825874986e-01 8.209978942417930914e-02 9.396870333478983539e-02
9.675794074780075249e-02 1.056008196428572243e-01 1.096005278122681448e-01 8.951668603128801194e-02 1.079935549891624796e-01 9.592111169883869859e-02 9.594686201610781728e-02 1.080242537293442245e-01 9.490550450756018996e-02 9.573273882477245644e-02
9.630578443891645024e-02 9.904048285161438925e-02 1.166536131199824300e-01 9.016626699200513961e-02 1.092422133481733837e-01 9.311919968566348405e-02 9.307822075782916371e-02 1.176951939603583241e-01 8.737649288471728559e-02 9.732253196073994972e-02
8.750759477052470758e-02 9.130796364395245279e-02 1.244924732246481258e-01 8.210591782423720675e-02 1.201897723909773480e-01 8.372425841334342478e-02 8.373602889018469386e-02 1.401351130197500683e-01 8.967525390811399710e-02 9.712562391426793340e-02
9.117888255139351694e-02 9.636490889817346528e-02 1.239795570990357559e-01 7.390323630394932120e-02 1.253219812087963125e-01 8.804368972795237336e-02 8.803884240113761528e-02 1.349033640126361122e-01 7.967256494677898981e-02 9.859297285014659296e-02
9.564705218319492774e-02 9.680702239967879652e-02 1.301373626895488966e-01 8.394959327823771356e-02 1.211770022785502304e-01 9.216593066050292327e-02 9.220890579423207667e-02 1.144576674573437314e-01 8.708166560496162500e-02 8.636779765374910656e-02
9.048777617038020193e-02 9.218503465116344164e-02 1.308070946390534617e-01 8.144420357520541776e-02 1.205050059392599598e-01 8.595564844781154734e-02 8.593422142520470985e-02 1.351267065439286930e-01 8.403727615994603661e-02 9.351703244804653037e-02
9.177297150858991504e-02 9.322104229916827745e-02 1.288596428940760041e-01 7.976484848447257248e-02 1.245127867364440172e-01 8.608147178382316578e-02 8.607990038820434453e-02 1.339901607281419882e-01 8.034483296994458790e-02 9.537234220713514121e-02
9.429883334631634917e-02 9.381858438793744259e-02 1.273558191465173905e-01 8.525551417604353144e-02 1.174187247070955231e-01 8.799378696804628641e-02 8.802949271119757391e-02 1.258436020851627646e-01 8.599083995424898486e-02 9.399480251743413950e-02
9.398141828418840604e-02 9.680643105268985082e-02 1.217090466432736301e-01 8.504526672194755166e-02 1.196568417652864313e-01 8.740823398281045986e-02 8.746183285440659039e-02 1.267549515845489416e-01 8.321323180083378679e-02 9.796274531001435137e-02
9.496009416490849842e-02 9.825860434198789573e-02 1.296904244280576435e-01 8.533808869931512608e-02 1.201735457271861235e-01 8.875003449403486011e-02 8.872389425486577885e-02 1.202179220763283513e-01 8.425921946220335523e-02 8.962817235111236736e-02
9.428296060056351457e-02 9.565160320603320609e-02 1.255973390304344073e-01 8.186966067615583653e-02 1.212328015860431318e-01 8.995305419760338261e-02 9.005427480469220536e-02 1.232780329754355891e-01 8.450669984032066484e-02 9.357357308271806173e-02
9.521798011101691162e-02 9.787672919835267715e-02 1.228876694178904355e-01 8.270323508609028762e-02 1.213992737426014129e-01 9.011004969798784570e-02 9.013814577245961301e-02 1.200624648101536601e-01 8.570441304356198053e-02 9.390003911988523133e-02
9.320098500646774309e-02 9.810981146830288768e-02 1.217518306350437035e-01 8.560821120011848084e-02 1.155879786148304722e-01 9.226196377662997106e-02 9.222910891433086511e-02 1.167669198912032191e-01 9.420499768146166353e-02 9.027819281161097997e-02
9.466248547109450129e-02 9.445102349443841583e-02 1.261295955672652458e-01 7.689902514171775838e-02 1.286538662130650990e-01 8.873860574916347943e-02 8.868503314531303583e-02 1.272788636923294914e-01 7.851875482413389618e-02 9.598274670147907695e-02
9.290349911549618256e-02 9.724026592058145069e-02 1.297087189347286285e-01 8.068204436520626244e-02 1.274731735289345580e-01 9.024583818029602300e-02 9.026724785941567242e-02 1.184047504431452597e-01 8.637652301107652530e-02 8.669793864111949300e-02
9.560477536410587340e-02 9.603465042132139362e-02 1.215427607980061608e-01 8.743282174257389905e-02 1.141389946258451332e-01 9.015851187889482865e-02 9.015226893735116265e-02 1.212258498717853072e-01 8.787285926998281149e-02 9.583650709013344371e-02
9.307817929926567868e-02 9.912463996345931283e-02 1.192269774983270164e-01 8.510733618105809084e-02 1.110360460300719998e-01 9.137570440415761219e-02 9.140136559212937162e-02 1.196847696212074014e-01 9.606837063789737396e-02 9.389661077242607290e-02
9.852011647537765870e-02 1.020033431652133532e-01 1.057844051964548782e-01 9.438751822248332701e-02 1.035756849673925284e-01 9.390164049488752829e-02 9.385815140692128911e-02 1.094429817504516261e-01 9.676383152381611008e-02 1.017623267970017009e-01
9.327547140716693774e-02 9.867118085534576366e-02 1.214757600449265090e-01 8.643699492287559849e-02 1.150121563131707159e-01 9.117428000593746917e-02 9.126676250719568950e-02 1.179113535042694699e-01 9.316367107450718166e-02 9.161236936460466496e-02
9.747964079450240071e-02 1.029825651692572314e-01 1.168053636382517801e-01 8.786157021244611620e-02 1.143424623877237478e-01 9.432147695610354488e-02 9.443373089693378464e-02 1.093852691184480502e-01 9.002193978281286535e-02 9.236598104352046479e-02
9.697625295351038066e-02 1.004558294997561774e-01 1.163508436557496584e-01 8.783354018046918288e-02 1.101557296097716993e-01 8.972553654520036559e-02 8.989006805801856570e-02 1.173654700310469701e-01 9.275880184850388011e-02 9.848792761797307838e-02
8.929603304177147205e-02 9.451455803355031382e-02 1.272634871174572746e-01 7.980228783111724400e-02 1.207738121534401993e-01 8.646758593688984307e-02 8.649339528898707108e-02 1.331584901705234192e-01 8.889352106984770019e-02 9.333682935641546274e-02
9.286474814339799877e-02 9.396699089650380199e-02 1.289918221312696955e-01 7.455472679965591265e-02 1.262440238331085374e-01 8.847001425427213073e-02 8.846541174038517752e-02 1.302431230468560908e-01 8.189295373962690583e-02 9.430618541492372109e-02
8.770292749648796182e-02 9.305538127711091012e-02 1.283770418691753679e-01 8.041451373670753522e-02 1.215821788683435350e-01 8.400768709539183088e-02 8.398704017419457435e-02 1.375885988997676834e-01 8.999806798981736800e-02 9.328656259300316389e-02
9.046599035308944270e-02 9.110943611130518927e-02 1.243937643521858954e-01 7.735983289215106473e-02 1.257256063329265094e-01 8.621781370563662283e-02 8.615735502479154873e-02 1.354765244796583279e-01 8.538934462295942607e-02 9.770433212529595901e-02
9.523762031205082468e-02 9.709347772901733009e-02 1.241773896870455585e-01 8.280237430636359919e-02 1.210749987716694120e-01 9.172455433123852253e-02 9.174963741779738891e-02 1.187271803666656855e-01 8.524733434615611172e-02 9.216543273199563624e-02
9.625390937315328466e-02 9.845549755374757850e-02 1.191777007248749215e-01 8.310531395982072300e-02 1.153025640767860044e-01 9.342365839758066948e-02 9.342918390021132113e-02 1.201406575193506299e-01 8.336892012988836309e-02 9.734259436458651826e-02
9.048836221375047839e-02 9.520144378104127003e-02 1.299884851643315631e-01 8.519087884708288760e-02 1.155821614655030832e-01 8.968973836492756535e-02 8.971933130446410609e-02 1.283700177444808133e-01 8.562051886700934589e-02 9.014906224740881768e-02
9.670966667780905857e-02 9.996066373212966760e-02 1.126885723885363844e-01 9.147451962423880367e-02 1.125369807643003955e-01 9.292665214247523842e-02 9.288602648959540242e-02 1.139704206388086338e-01 8.898872617154031384e-02 9.785777137056607400e-02
9.462972130661934100e-02 9.530209003601190776e-02 1.240617124016812345e-01 8.668351268155306821e-02 1.163812512947981631e-01 8.855272716720603843e-02 8.866544508211350595e-02 1.226020096562029510e-01 8.871361968382070196e-02 9.440791068999312974e-02
9.367242727639027433e-02 9.805555955810947577e-02 1.237287033017267779e-01 8.217686452799559393e-02 1.153041856416568561e-01 9.240621622340691732e-02 9.252791172161412003e-02 1.171739578122826808e-01 9.485353371672562706e-02 9.010064022009166285e-02
9.574708671852250053e-02 9.710067672715293197e-02 1.138996613812887498e-01 9.541834208994595667e-02 1.095164610200364819e-01 9.130098999548594274e-02 9.126152006219209745e-02 1.182634381938232337e-01 8.824401199580293731e-02 9.924781181574915401e-02
9.550498930613814108e-02 9.908615015789694336e-02 1.269712083023606941e-01 8.512539291052398371e-02 1.234455860071482780e-01 9.145001923064871585e-02 9.140487695279059244e-02 1.108730774780343209e-01 9.072811372503590543e-02 8.541058592942239736e-02
9.349407156678296582e-02 9.453119272355038627e-02 1.206065258892592001e-01 8.416135552970559208e-02 1.252066095783133104e-01 9.035805669007951346e-02 9.033656065866610407e-02 1.218929041873463986e-01 8.469772383262665072e-02 9.471499934366985063e-02
9.304116926612307492e-02 9.449310159073606719e-02 1.183274735964309210e-01 8.388240884400992303e-02 1.192147683113987666e-01 8.844426508291727829e-02 8.848617707224698536e-02 1.254900143004687163e-01 9.002313449860566141e-02 9.859748743706261975e-02
9.487120500509522991e-02 9.661548793633721599e-02 1.226278735100818917e-01 8.172530644581564585e-02 1.185745138820526734e-01 8.933623733357663743e-02 8.934294418026755835e-02 1.239940205489260122e-01 8.653035013619884974e-02 9.638206102164828537e-02
9.586196815392367121e-02 9.815902540870402593e-02 1.213791365482239787e-01 8.826977244588647686e-02 1.165694437598712857e-01 9.497130861988539730e-02 9.497397968519911970e-02 1.108740580224672895e-01 8.999588973583941276e-02 8.894541761999932850e-02
9.052085804058358776e-02 9.617585730642325137e-02 1.174744683979694615e-01 8.625511935352474235e-02 1.096252012026525807e-01 8.796795100289449276e-02 8.793110515489874213e-02 1.274634538030907926e-01 9.913744524745264630e-02 9.744854049050970246e-02
9.283364769873247990e-02 9.546560443149378072e-02 1.246749902259385451e-01 8.179732932590969008e-02 1.183350877986923955e-01 8.799892324516991882e-02 8.806950939580056315e-02 1.280635204629210211e-01 8.700455836057022219e-02 9.575682905477143902e-02
9.322379634432668982e-02 9.369709670657640210e-02 1.186324279799248066e-01 8.589066927323825429e-02 1.198520376286166533e-01 8.787399750640911833e-02 8.792890225102256707e-02 1.284131923380875118e-01 8.396071236374035018e-02 1.005271676080576881e-01
8.976148503503329767e-02 9.499940448366454848e-02 1.230955328465740822e-01 7.896678446336656554e-02 1.251155179699197373e-01 8.674307993379926085e-02 8.672218348599372573e-02 1.312925118623406162e-01 8.802337131804172099e-02 9.528012860126643113e-02
9.050473745612790111e-02 9.138729674449859453e-02 1.257405149852276194e-01 7.836035144206694725e-02 1.222187873829725935e-01 8.757835870700113323e-02 8.752413885430415652e-02 1.345608718444715191e-01 8.590012585377421184e-02 9.622481672955532361e-02
8.966778521325723117e-02 9.381980997995148508e-02 1.298569827325665171e-01 8.183939034286824565e-02 1.187902840892571532e-01 9.401655873306091760e-02 9.399804968020203377e-02 1.262931545525316779e-01 8.362355644695533552e-02 8.809442822934933359e-02
9.138682532372700840e-02 9.381730333750999684e-02 1.278951244094328199e-01 7.870337483003564394e-02 1.269466952123868009e-01 8.603802805075008719e-02 8.601072997646710960e-02 1.291836665981392906e-01 8.735463406828899990e-02 9.266361819326228433e-02
9.295300770637542065e-02 9.779439316928326131e-02 1.209967816378958727e-01 8.544201711757005990e-02 1.119614436432165155e-01 8.865134537972860218e-02 8.876641001955926091e-02 1.252602390084390505e-01 9.163740696873558245e-02 9.653695534919637389e-02
1.024197092287589123e-01 1.076776392965894391e-01 1.588539146431296178e-01 5.679413994129118431e-02 1.483495989851926766e-01 9.919326947344617174e-02 9.943508100372264180e-02 9.581886003017325848e-02 6.213479079515385473e-02 6.932299660254225004e-02
9.616112322171861682e-02 9.840246094308359448e-02 1.216813598129814072e-01 8.277244225844382353e-02 1.193919170843747435e-01 9.086911763129239261e-02 9.090723684478121958e-02 1.201164365624392827e-01 8.408653780400868194e-02 9.561136783687632090e-02
9.503500207642134878e-02 9.645621139264157207e-02 1.234117844937646785e-01 8.378335958146747309e-02 1.199760170384796543e-01 9.137586663058383518e-02 9.146618271842812953e-02 1.200199717798286769e-01 8.499479022662186078e-02 9.348081406176282637e-02
9.419295515680384256e-02 9.589761772100348358e-02 1.254026430810044890e-01 8.519020657954622100e-02 1.175869694381871527e-01 8.818564094889196070e-02 8.819943932986254453e-02 1.212734645764943220e-01 9.202396429994920413e-02 9.204709886825675202e-02
9.264437945989299761e-02 9.499286319773181386e-02 1.219906944818669459e-01 8.655408919465068518e-02 1.206243405480309921e-01 8.408204344573309841e-02 8.406611463071823886e-02 1.318617870206525988e-01 8.366252048561464982e-02 9.952116753510795166e-02
9.182152002588506168e-02 9.506212714136687281e-02 1.294471270155502507e-01 7.936126748395326558e-02 1.261652195891281303e-01 8.916773008474618289e-02 8.922001224695338961e-02 1.263686788851856868e-01 8.262506814489534168e-02 9.076124938233577633e-02
9.554753561554847618e-02 9.422196902734586432e-02 1.209070447368725265e-01 8.390048570998064059e-02 1.210766126799114606e-01 9.123404478421115460e-02 9.123379134200299001e-02 1.226165707801021160e-01 8.207923886875144459e-02 9.718270645527335438e-02
9.426859669078463400e-02 9.746133346604489434e-02 1.281724536691441207e-01 7.699592586088506441e-02 1.208806906993852293e-01 9.098751144073673192e-02 9.111485655089344993e-02 1.243236224557496272e-01 8.299386909679824786e-02 9.280114006957801420e-02
9.397088041407979098e-02 9.421147282768117803e-02 1.234261145401240323e-01 8.815853370266540923e-02 1.127127594586753573e-01 8.928018439808867168e-02 8.932701401316138490e-02 1.225744871075067771e-01 9.239559850788124640e-02 9.394295503013617987e-02
9.258964424532863113e-02 9.564543291669175273e-02 1.287965158806117782e-01 8.119762732390271853e-02 1.198013863246310817e-01 8.695972163884649331e-02 8.709539317145487125e-02 1.289750299064895689e-01 8.529801634961278745e-02 9.364123224243024735e-02
9.526192813073780519e-02 9.952098313122630102e-02 1.182566789807874275e-01 8.893542255186102918e-02 1.151726958647677490e-01 8.851803674421208912e-02 8.855265287664512708e-02 1.201874263240275686e-01 8.842439836542732856e-02 9.716977703030760249e-02
9.597691183295839479e-02 9.959004346985887712e-02 1.276815971429229313e-01 8.103186991174235465e-02 1.280758687263805762e-01 9.236581949027045102e-02 9.239736607050300088e-02 1.121212685852253643e-01 8.435646943118307872e-02 8.640278533895502655e-02
9.358376832528793321e-02 9.605986699313670552e-02 1.243648062769021623e-01 8.103591950878902272e-02 1.205987768703667001e-01 9.042402525287059067e-02 9.044691540741357783e-02 1.250184530256518156e-01 8.381402293189268993e-02 9.465344540768882986e-02
8.916847391104536225e-02 9.412056897906563580e-02 1.237468562090303231e-01 8.035913021704987891e-02 1.195947224602413594e-01 8.587205567253020089e-02 8.591895058944022667e-02 1.352655712803304544e-01 8.923963794843335628e-02 9.671403273283317448e-02
9.663481245577161538e-02 1.009938358412968834e-01 1.166245322841059917e-01 8.752349052193038326e-02 1.104550301847103538e-01 9.250128904837011390e-02 9.250783223169067870e-02 1.162121549689012351e-01 8.990842278001513754e-02 9.663859968320766269e-02
9.367232484619858468e-02 9.536078238544520858e-02 1.269188708436821134e-01 8.215795063949783705e-02 1.202597467788144858e-01 8.942909073086445504e-02 8.947180943218376037e-02 1.223805910561469035e-01 8.891146049865092382e-02 9.143737278851565842e-02
9.463222226945033899e-02 9.913292039516170828e-02 1.199779869182053954e-01 8.512313867584522797e-02 1.197694193256288037e-01 9.288210739104083014e-02 9.290908215257125125e-02 1.149650583606499493e-01 8.901500375286602873e-02 9.159306075858041074e-02
9.515542194358146688e-02 9.611981964161316061e-02 1.267994780715622771e-01 8.516864826728826054e-02 1.190054774670728649e-01 9.120563567594215659e-02 9.124398524378592168e-02 1.187213814813244950e-01 8.606409701784667465e-02 9.051605518998268041e-02
9.244067750024986818e-02 1.003984186344216711e-01 1.169473581244276361e-01 8.401531807078449487e-02 1.114020860421034570e-01 8.975776166105507714e-02 8.976438587380831946e-02 1.256602885850959250e-01 9.069244855060447363e-02 9.892125695744916070e-02
9.333518544750397938e-02 9.559638518848079247e-02 1.311355188261050242e-01 8.165979364154751785e-02 1.177066807747099986e-01 9.091720131721053866e-02 9.096275266630376999e-02 1.242442986455589149e-01 8.462157331135064520e-02 8.982061018122887430e-02
9.109770473723603768e-02 9.459396215859834645e-02 1.307832569974994585e-01 8.474682910315346762e-02 1.150349488256400265e-01 8.675960777462055074e-02 8.678850042577564150e-02 1.342566225458818874e-01 8.220705274289860642e-02 9.373151468869593550e-02
9.548843139870578922e-02 9.976415756125354972e-02 1.203730537405870854e-01 9.006719391238213190e-02 1.162593096698578132e-01 8.818997813539955488e-02 8.819667561889894813e-02 1.189415397418300546e-01 8.772116588978309815e-02 9.499849433130196086e-02
9.412258269898624019e-02 9.769083253670826639e-02 1.277375013441852114e-01 7.870785369905700102e-02 1.229644855139754162e-01 9.150297598385222220e-02 9.155685921216391576e-02 1.189826915630221721e-01 8.743388062865339871e-02 8.930033681939614221e-02
9.412460754440965527e-02 9.561134250431264914e-02 1.171876613141532436e-01 9.041645068724293854e-02 1.113594832527624451e-01 9.581079724494423466e-02 9.580288542390963391e-02 1.212792650296285052e-01 8.109427360763246662e-02 9.731323339100421410e-02
9.051599139020502505e-02 9.492817275710986602e-02 1.276439307588253802e-01 8.466074508978221891e-02 1.174660610339352956e-01 8.622567294291329232e-02 8.624610907505127211e-02 1.326052541617499247e-01 8.576174164660343990e-02 9.394632114382429899e-02
9.445577846108324516e-02 9.380943015470039059e-02 1.328671531161779162e-01 7.719706117040205096e-02 1.229076538411859876e-01 9.004733896515189351e-02 9.013367198941528435e-02 1.255638858252335344e-01 8.204412176051158190e-02 9.097390471613811536e-02
9.678896424819750932e-02 9.771358049667096257e-02 1.276312202989198785e-01 7.959988480883643802e-02 1.210908809518962820e-01 9.383980582450295038e-02 9.391610038405817651e-02 1.158951178104109941e-01 8.368463449359767048e-02 8.983981068290916583e-02
9.368723724703754974e-02 9.745044335905581057e-02 1.272997746921039064e-01 7.535895832656279436e-02 1.227985538255146475e-01 8.977506562815532054e-02 8.986003959953869913e-02 1.263291677364178633e-01 8.348657673337159246e-02 9.395418285224181598e-02
1.004512763572416034e-01 1.055804427703245785e-01 1.000863740884598702e-01 9.819734945471164655e-02 9.722563066588259251e-02 9.927369824356735428e-02 9.918720613860058932e-02 1.018077368357264839e-01 9.623312216056972845e-02 1.019571632849155529e-01
1.022391635462308879e-01 9.875557436736789874e-02 1.024186869198818323e-01 1.063472094019543845e-01 1.002936256720425717e-01 9.484093148930150541e-02 9.474329675206011325e-02 1.072091150874559945e-01 8.631329997447056979e-02 1.068390967892341864e-01
9.198068219064285678e-02 9.276578173469055000e-02 1.155776650996375304e-01 8.861356647056235769e-02 1.172088514580078011e-01 8.645282861540923292e-02 8.639151365131626792e-02 1.282430526314878305e-01 9.171689742950772661e-02 1.010491607187378182e-01
9.578819159956018792e-02 9.349132641832222368e-02 1.194437999280510976e-01 8.786776573161847459e-02 1.181256406571845330e-01 8.765591420581490822e-02 8.763732845349871126e-02 1.230810117548850752e-01 8.811129413696006107e-02 9.879772711410474140e-02
9.316209730931529487e-02 9.305801328380955417e-02 1.215163457057230889e-01 7.952303132082279291e-02 1.177651936547463446e-01 8.987229049290693106e-02 8.991877963761234216e-02 1.310787598833475509e-01 8.396221485824080510e-02 1.001432738534752537e-01
9.463933103015420567e-02 9.722323131238792826e-02 1.209542427858825986e-01 8.565388472934901132e-02 1.164454410778628102e-01 9.176387220672758971e-02 9.188701969464341257e-02 1.148419288205943106e-01 9.541773818375014204e-02 9.117331015864799104e-02
9.367067817247685946e-02 9.796568646369951949e-02 1.249268567707248478e-01 8.156563628887719686e-02 1.223577566393494881e-01 8.960072514333053406e-02 8.965660216965595786e-02 1.237333280693998089e-01 8.289157867954186076e-02 9.363115160294396833e-02
9.390305554786340658e-02 9.843904654358288930e-02 1.231661493763686333e-01 8.458287672277765845e-02 1.173045793979187873e-01 8.955724414940718914e-02 8.952395911466895506e-02 1.185598196132872234e-01 9.365437665774392628e-02 9.130889287638133123e-02
9.524974078651995968e-02 9.814504452983827121e-02 1.318341991737684571e-01 7.953854880625949031e-02 1.214073354980977210e-01 9.153329210568626750e-02 9.164470154270731861e-02 1.178081138282658646e-01 8.536790181016584711e-02 8.747112191869073350e-02
9.416913200647877846e-02 9.576010684590691158e-02 1.194237427751081021e-01 8.402846332102691107e-02 1.279302593605973204e-01 8.760737081664259074e-02 8.755604087134201408e-02 1.252162356405563948e-01 7.975414486428961114e-02 9.855450349805133792e-02
9.521878696017967159e-02 9.843580707175715594e-02 1.195655263043524513e-01 8.613541570417432292e-02 1.144039960306778847e-01 9.060817444524317532e-02 9.056806179106732801e-02 1.215538352897089641e-01 8.646815429731238845e-02 9.704224210552671315e-02
9.435432307496455229e-02 9.802629003951389419e-02 1.292127002797384683e-01 8.176368278468881812e-02 1.223742264276670433e-01 8.950330106089526838e-02 8.956127969036738190e-02 1.202043212873698530e-01 8.547747558548626778e-02 8.952239976930850829e-02
9.343735627917813813e-02 9.895792756583518535e-02 1.240375580188262244e-01 8.372689074616809779e-02 1.153830824768535823e-01 8.957978005056933812e-02 8.969138233976536867e-02 1.217042443606072138e-01 9.079187233638646992e-02 9.268990582581039528e-02
9.218650662787818140e-02 9.650398335981578979e-02 1.292473686494927110e-01 8.118735206240039470e-02 1.182400772654165627e-01 8.830378715003303625e-02 8.836247142601352800e-02 1.263609094518495235e-01 8.844092227419587948e-02 9.116662173290442095e-02
9.141306844647381635e-02 9.100420780529518139e-02 1.326068038767120316e-01 8.315170752899346540e-02 1.213739587697684474e-01 8.828073473774135371e-02 8.823141189519595473e-02 1.301388133245691692e-01 8.337486248194717064e-02 9.042443113330342341e-02
9.116091631057622602e-02 9.561689843587037330e-02 1.221368772010548859e-01 8.519668206248300069e-02 1.179036251421781423e-01 8.532956151805792810e-02 8.530454622306386792e-02 1.294106116865942346e-01 9.172862401383440056e-02 9.621165740628696839e-02
9.078288147661917051e-02 9.152233660278372152e-02 1.305960171349067056e-01 7.680041024640214820e-02 1.205995649004153458e-01 8.615692175872068093e-02 8.620206271996785907e-02 1.377842964469521703e-01 8.393149290645339489e-02 9.562401580677880319e-02
9.832005952369622659e-02 9.908368768555864126e-02 1.202329325139897542e-01 8.508327416971334101e-02 1.176821375702028771e-01 9.504115487638606363e-02 9.520077613087170321e-02 1.077070165410125568e-01 9.192740649787004004e-02 8.972155449069878219e-02
9.226254413241413710e-02 9.674612451475292363e-02 1.300621333175465688e-01 7.645011566345537302e-02 1.275305199610649032e-01 8.703510697588789924e-02 8.705712883005507774e-02 1.265742280695481281e-01 8.528750124901249285e-02 9.099459728626249633e-02
9.675362583421115437e-02 9.976558950031910733e-02 1.192806041453987886e-01 9.033757231143908772e-02 1.131966678613235966e-01 9.433373055535645979e-02 9.439087013432444218e-02 1.085422053349724969e-01 9.399329812277699980e-02 8.940583619987794994e-02
9.841268640337247353e-02 9.864233298949844075e-02 1.159856852884116052e-01 8.787028801290097668e-02 1.153085591248400321e-01 9.175684474739778662e-02 9.180554032352997162e-02 1.141195846336979930e-01 8.864052843663967896e-02 9.745795003971099990e-02
8.751204617579158573e-02 8.987344194555223209e-02 1.323347679425539991e-01 7.852499101608199916e-02 1.198323864001898109e-01 8.360730196650499602e-02 8.358310188538459196e-02 1.472674913468996483e-01 8.166437189275495279e-02 9.580009942828621172e-02
9.603730767580762051e-02 9.728056670940499195e-02 1.158607677644526435e-01 9.431663170902297721e-02 1.093414703287880485e-01 9.200661449329605723e-02 9.203054429102348888e-02 1.156183121217877474e-01 9.138884018311263513e-02 9.611894472330377581e-02
1.006539561433161534e-01 9.795016370335662970e-02 1.157743231178204463e-01 9.200781372152140591e-02 1.206919659206671380e-01 9.340675117412759743e-02 9.345509939694962576e-02 1.064307197119568199e-01 8.617171307509473299e-02 9.345749403518946452e-02
9.360280683980552741e-02 9.820292175988676320e-02 1.242161832785538822e-01 8.217810510896297882e-02 1.157242206997080997e-01 9.007178308951577228e-02 9.011599576885705176e-02 1.247401218971883885e-01 8.659306329697429028e-02 9.455479826054724590e-02
9.454776193620889613e-02 9.404775210843496769e-02 1.192244601813166466e-01 8.726717858387174342e-02 1.147464771656542398e-01 9.240270015007556736e-02 9.231735928938256119e-02 1.181540822456311479e-01 9.329451274284394913e-02 9.399771559658030851e-02
9.049628578794029210e-02 9.183220906680766848e-02 1.245918793755498022e-01 7.723317161135163922e-02 1.207910681690445576e-01 8.652228044992396616e-02 8.652281998964403420e-02 1.381644114087342834e-01 8.465037564380546720e-02 9.919549849719833112e-02
9.267242027768983481e-02 9.587715158755465150e-02 1.282886366573113002e-01 8.120002036340631668e-02 1.218824991724980211e-01 8.876570710850202606e-02 8.882979933976888065e-02 1.265635592968701595e-01 8.355767840312612604e-02 9.236252779327271123e-02
9.628751383070671688e-02 9.685375736261329915e-02 1.123097049933300950e-01 9.306464193877847513e-02 1.131530859538597694e-01 8.522777455716594452e-02 8.520511255241501603e-02 1.233552521956511605e-01 8.928234648402093299e-02 1.052608101314585626e-01
9.548743518505582728e-02 1.035295442965476070e-01 1.130398818776306852e-01 9.274972346180911098e-02 1.113293381685871025e-01 9.439213367132891219e-02 9.430112051876993196e-02 1.063373759549805092e-01 9.855017002896387934e-02 9.028327683632640654e-02
9.938527863406479423e-02 9.663729444009762359e-02 1.202203267771628364e-01 8.968165823845250517e-02 1.212949004585265472e-01 9.372185413445532909e-02 9.370598933334657599e-02 1.108253427811015379e-01 8.187087199170939300e-02 9.265648321108285734e-02
9.226771402513503362e-02 9.979792143367756385e-02 1.210325402154175389e-01 8.068136709721195066e-02 1.123904480679263074e-01 9.118964625698047777e-02 9.126148974412348625e-02 1.253223585108544924e-01 9.032567175600730858e-02 9.573084289266584057e-02
9.322438309427037717e-02 9.503727650066165489e-02 1.258756354297031477e-01 8.325941410834371281e-02 1.222849421882672427e-01 8.836126027430994678e-02 8.842364966525192993e-02 1.232463448288764474e-01 8.808007143875637435e-02 9.220702247155915243e-02
9.549758016892459511e-02 9.690069172691621879e-02 1.207010435602140080e-01 7.782218603287693881e-02 1.195511249309587076e-01 9.158024378688899014e-02 9.175308263995557434e-02 1.248545650943501950e-01 8.200690572527057076e-02 9.933257633364424299e-02
9.587094324720728256e-02 9.818139737202540018e-02 1.223062367762622338e-01 8.533537309457014941e-02 1.156527307802799609e-01 9.277513526483943673e-02 9.283087902971876026e-02 1.146069052467756644e-01 9.130692734414637413e-02 9.113347184417470992e-02
9.692439416545796382e-02 9.593970035718039913e-02 1.245396790231278888e-01 8.450273205288036382e-02 1.265485690976769495e-01 9.420117795878908684e-02 9.427551571013789711e-02 1.121392616369977641e-01 8.195267550630680464e-02 8.897629449144493774e-02
9.416341203710880403e-02 9.657919327707677193e-02 1.186818845295640606e-01 8.759769237409208154e-02 1.187242279902743641e-01 8.980219086792018413e-02 8.985787966741833055e-02 1.191138460625914275e-01 9.051452745979994552e-02 9.496514573415398841e-02
9.627219793467912956e-02 9.656012428987076346e-02 1.228176766789798452e-01 8.855039267139727666e-02 1.143564249594693771e-01 9.236419161747484730e-02 9.243677149054792264e-02 1.162096967448052742e-01 8.809950495005984539e-02 9.233301866271570457e-02
9.704024760474869171e-02 9.631898718105726120e-02 1.228267255619745896e-01 8.311700939601614213e-02 1.167596558064634693e-01 9.310034628932532808e-02 9.313740543935580818e-02 1.171858823231733959e-01 8.681420287863721164e-02 9.369953751924813001e-02
9.512107130209346284e-02 9.584308821171212689e-02 1.235462884356596514e-01 8.968803053046782436e-02 1.145156380614066605e-01 9.007796467516628047e-02 9.000215040431538971e-02 1.170235216347212254e-01 9.316754254419158665e-02 9.101470420026577801e-02
9.684231177490428000e-02 9.784621191799024176e-02 1.246235611953463440e-01 8.736390848708278090e-02 1.213924673301765289e-01 9.338286483925299641e-02 9.333210474508450705e-02 1.121102454719025837e-01 8.445295445073175422e-02 8.865336978752796915e-02
9.225479251541179870e-02 9.330807172081752310e-02 1.218585066890603003e-01 8.663961312734336229e-02 1.218623895502280174e-01 8.720466060949710885e-02 8.722524589609027823e-02 1.288660085038401404e-01 8.344361423967036617e-02 9.733709714804114621e-02
8.802060830488270260e-02 9.140326124668830821e-02 1.203452091701514570e-01 8.215554800774550748e-02 1.187287493541525907e-01 8.340128152792485039e-02 8.338199790994801908e-02 1.440260670116622066e-01 8.576637312799893775e-02 1.027709043388454202e-01
9.799524595687571227e-02 9.988406095171387111e-02 1.215677933091520307e-01 8.387533171633085316e-02 1.166838572177193029e-01 9.493145170118393039e-02 9.491536361856361959e-02 1.130515690089829300e-01 8.486964780635536387e-02 9.222567871312242760e-02
9.294303912574265747e-02 9.442143303207346794e-02 1.279173005286541320e-01 8.118150983874335147e-02 1.255879112178386880e-01 8.878072775039960729e-02 8.873056354711017502e-02 1.244229549693105924e-01 8.469166096362455709e-02 9.132289902650282676e-02
9.272489838234750092e-02 9.585735633194988892e-02 1.208345193845989651e-01 8.354977870850929800e-02 1.156367240212633207e-01 9.016370931934628019e-02 9.020986191372289131e-02 1.239370197491048986e-01 9.162420485368807932e-02 9.546192733546884912e-02
9.611568355553953835e-02 9.631031279388801991e-02 1.195689417451604591e-01 8.619393319028133271e-02 1.265080737194028970e-01 9.034546024032086287e-02 9.027778203717456984e-02 1.191872054255450064e-01 7.930086935289419603e-02 9.619173793979314546e-02
9.706745210391538869e-02 1.005102389950404407e-01 1.284824875762082264e-01 7.894143438184107742e-02 1.232620304345798945e-01 9.428512462370249037e-02 9.443758555884256001e-02 1.101767816449689824e-01 8.701436749362678746e-02 8.582249718727413823e-02
9.412418312675627230e-02 9.534417347582367641e-02 1.282659946232750370e-01 8.008340509974050392e-02 1.265305185273580546e-01 9.038803340575002343e-02 9.033385599466257909e-02 1.209611642881881638e-01 8.391126425716118054e-02 9.005740720128446730e-02
9.057151075235342352e-02 9.473480728875524615e-02 1.248375904769854217e-01 8.497987653965292931e-02 1.136282943812698953e-01 8.708475544797165957e-02 8.707906978351066807e-02 1.340520513481953113e-01 8.645694441113033202e-02 9.657509957017511304e-02
9.726378997081844280e-02 9.816439155436974817e-02 1.197858291395366842e-01 8.465374015679304198e-02 1.195106317528489837e-01 9.394449917314416643e-02 9.404038949467799502e-02 1.140107065781826717e-01 8.498203047978729330e-02 9.364399169984095883e-02
9.059370377678585551e-02 9.397703194675233185e-02 1.233887680538676562e-01 8.007436575051499195e-02 1.155443935118480037e-01 8.572239456967879756e-02 8.574910184000023028e-02 1.390411256520790173e-01 8.507062719847724441e-02 1.008384876999958435e-01
9.907864851605484302e-02 9.977768280729576444e-02 1.121772894350091254e-01 1.032347408719843235e-01 1.075045860748232440e-01 9.125682689644691592e-02 9.123075721710086072e-02 1.109381455754104018e-01 8.662273542080273225e-02 9.817858718507183058e-02
9.386616962794429309e-02 9.638492061805649380e-02 1.190320425899984574e-01 8.249939646779783087e-02 1.208934624830635962e-01 9.014444275410214702e-02 9.017749995822083031e-02 1.201447509615211073e-01 9.176064339145452442e-02 9.509667114784070563e-02
