1.162955276312442748e-01 1.150109597896338404e-01 9.397203351811964089e-02 8.725935139325995127e-02 9.969839913978001400e-02 9.112039703834355631e-02 9.401859995892276889e-02 1.166983259156278291e-01 7.798637288890877817e-02 1.079400327261592768e-01
1.195930096321102809e-01 1.104466568830049927e-01 9.284563386400539187e-02 8.769224494519266278e-02 9.772865707362940468e-02 9.146089794466406853e-02 9.294737406685929515e-02 1.205067712914681816e-01 8.188258241351029088e-02 1.048961718855554170e-01
1.168179601348573599e-01 1.091155889917791721e-01 9.353363823173183045e-02 8.881319524229333573e-02 9.994111499671434751e-02 9.225026824358235900e-02 9.359126186988930840e-02 1.174137241032178064e-01 8.653226197974460410e-02 1.019909862061898903e-01
1.119870359760959527e-01 1.126693539766752822e-01 1.017535650898081234e-01 8.229513433475157957e-02 9.635722215623419851e-02 8.615499453600740376e-02 1.019186130806191415e-01 1.126200601042676580e-01 7.429926180657284163e-02 1.199447589389678742e-01
1.216594224183688983e-01 1.114167536808595566e-01 9.316127031620237420e-02 8.623638601660305048e-02 9.658622102433851719e-02 9.018049337873443316e-02 9.319637763523942742e-02 1.223808646343564344e-01 7.791366158824236665e-02 1.072685493070549279e-01
1.127250045069060208e-01 1.035973258243255701e-01 9.689126411643121661e-02 9.014740878200142027e-02 9.437803796903417031e-02 9.264902395407818847e-02 9.684186470347472264e-02 1.129269930739857236e-01 9.350518763835553859e-02 1.063378894314074008e-01
1.191542099442306213e-01 1.121096995460670320e-01 9.578955367642108532e-02 8.621805772900656417e-02 1.001231939522121278e-01 8.893636639354297879e-02 9.582631310279471348e-02 1.195765653673542261e-01 7.527977494412321779e-02 1.069862653442474471e-01
1.131567807729164238e-01 1.093846273200759778e-01 9.997234523081892366e-02 8.299863131685429607e-02 9.460203674955576514e-02 8.944940744593901649e-02 1.001019127279218351e-01 1.137505620334189893e-01 8.020972849854578202e-02 1.163739679039529490e-01
1.151580071275451755e-01 1.106011769359221408e-01 9.331273702450758323e-02 9.002042191691921047e-02 9.928619762294675632e-02 9.281368948122706297e-02 9.338149160626264822e-02 1.156274242578381045e-01 8.610714130175481373e-02 1.036917127250765180e-01
1.163506626998265375e-01 1.121942836614394506e-01 9.506813908877626007e-02 8.536764038990719838e-02 9.855492469733315164e-02 8.977805429793925263e-02 9.518376523234332864e-02 1.171733867317264893e-01 8.201239746599305047e-02 1.083167457347152945e-01
1.190467141478130514e-01 1.074516308693888311e-01 9.739108341651027401e-02 8.474012088600364756e-02 9.626609228115842742e-02 8.789339978367978479e-02 9.752927540475658796e-02 1.200609734038652759e-01 8.040268687011113691e-02 1.092180229367129413e-01
1.194056978160479426e-01 1.179010395740478778e-01 9.396938964854774368e-02 8.193898469717915412e-02 9.751123563842784003e-02 8.638959702471558921e-02 9.411697105503535887e-02 1.204100780205391297e-01 7.474841923658544218e-02 1.136085872888739079e-01
1.108071363331018383e-01 1.159423414188345547e-01 9.784822244322349816e-02 8.299841974445784643e-02 9.582892481845976806e-02 8.757175569716518782e-02 9.786611144361598291e-02 1.109787204190018223e-01 8.162301326256699019e-02 1.185353544195724973e-01
1.145461560449796135e-01 1.154474517272861683e-01 1.014329642929660824e-01 7.712791472819313654e-02 9.270819075631535344e-02 8.233265982116340365e-02 1.016427295367613587e-01 1.155033990644721148e-01 7.079852570593635208e-02 1.284600083219264444e-01
1.160788375505106135e-01 1.132686391737248166e-01 1.000463715758901778e-01 8.145591176291797075e-02 9.516973253844211722e-02 8.562019376476362464e-02 1.001774099240968219e-01 1.167862209004165014e-01 7.141897811661308826e-02 1.199777046926242957e-01
1.199275241207139742e-01 1.129861957097696296e-01 9.529980127464990347e-02 8.276676366513410765e-02 9.610624477660080489e-02 8.680809678509061877e-02 9.540445833245111973e-02 1.208693192326923821e-01 7.753283031444678508e-02 1.122987657884506885e-01
1.137302253396463708e-01 1.124715929037987255e-01 9.640017189621481741e-02 8.361512658846456669e-02 9.701147579343767646e-02 9.012502801755771509e-02 9.653654920638095327e-02 1.145520461014329361e-01 8.341742794103514103e-02 1.121403562120310560e-01
1.152063166506361175e-01 1.096250353381682113e-01 9.594973825421677927e-02 9.163063314130272252e-02 1.014659038578188122e-01 9.347568588869929751e-02 9.609177983532486700e-02 1.158433691275695676e-01 7.696727990804544395e-02 1.037442579982181812e-01
1.230154068870129291e-01 1.169655580122210964e-01 8.995342538356779216e-02 8.599604402414966209e-02 1.025072961009416417e-01 9.118272808823636721e-02 9.003015600236942417e-02 1.237755291692476250e-01 7.467946065359215568e-02 1.018943956786613203e-01
1.141807973727465564e-01 1.119942160739707537e-01 9.974480238979333002e-02 8.087560538149611566e-02 9.590494624680444280e-02 8.748312378125815136e-02 9.985418323289843578e-02 1.147153555285505694e-01 7.817403666446437471e-02 1.170729333280172285e-01
1.218268133801857778e-01 1.136328188307527687e-01 9.168733191201779154e-02 8.532522968944909747e-02 9.849557411629687731e-02 9.034465005587313802e-02 9.175166411271963585e-02 1.226265390337923367e-01 7.893254172405757274e-02 1.053768371448550317e-01
1.131945902646980529e-01 1.073805171002653047e-01 9.928555591752695475e-02 8.630519430273649040e-02 9.734283057008823181e-02 9.015063436766554417e-02 9.945813891480091706e-02 1.140485496814643285e-01 8.269961103080991638e-02 1.101343778499442594e-01
1.162251566209765163e-01 1.111919862612720244e-01 9.560393651058071707e-02 8.498687388518462449e-02 9.562544244907983382e-02 8.938511801216852959e-02 9.569960269797787855e-02 1.169675468833756699e-01 8.288116656130516124e-02 1.114331701180790168e-01
1.137786143219308432e-01 1.096076993593758098e-01 1.017570064952112996e-01 8.087986690992225725e-02 9.299313401837994153e-02 8.717824202961449442e-02 1.019208187111912828e-01 1.144712435825765567e-01 7.609513613319396352e-02 1.213182384386035928e-01
1.195145304621955118e-01 1.162824024841410814e-01 8.975956764464310123e-02 8.671856971771403633e-02 9.758689642996878910e-02 9.087864652251059772e-02 8.976831073163210606e-02 1.200249084748936934e-01 8.339988208638486611e-02 1.060662854459162308e-01
1.009459871786076435e-01 9.825497603443715533e-02 1.268992330324559825e-01 7.014201062112758456e-02 8.251085956342302241e-02 7.361377573245694861e-02 1.273878435169561452e-01 1.015525258172927658e-01 5.891877434767294613e-02 1.597740141555697990e-01
1.162411050815504443e-01 1.124218113510352252e-01 9.178134974690224657e-02 8.963991142925964439e-02 9.979681766164706647e-02 9.306409017228758906e-02 9.184683783441213722e-02 1.168577045590129260e-01 8.531484160635700864e-02 1.030355305575357955e-01
1.128462418626812874e-01 1.082377285539167372e-01 9.966113285653842302e-02 8.613951056420174335e-02 1.009173250716013936e-01 8.953220096406579176e-02 9.969963335826849404e-02 1.132386801848281888e-01 8.274925722351376967e-02 1.069782893603841989e-01
1.158387263261866501e-01 1.114460166572338456e-01 9.692635231661203554e-02 8.571500810516799462e-02 9.814149919491776952e-02 8.857239157280291653e-02 9.703135180393936132e-02 1.165898721690594025e-01 7.943861320115054581e-02 1.103001686529294784e-01
1.102711050931012571e-01 1.084512412067248355e-01 1.016590143464179835e-01 8.444063764252596194e-02 9.615781972896576824e-02 8.756441495623094873e-02 1.017842474932183078e-01 1.107663609293440959e-01 8.356444480211359938e-02 1.153407138013572558e-01
1.209035697267952930e-01 1.134393416641849978e-01 9.399039794214447685e-02 8.486255582302727751e-02 9.940693838335326604e-02 8.815833482782807484e-02 9.405058988218303884e-02 1.216391818316752693e-01 7.653197560712654557e-02 1.070171143116817464e-01
1.154780670748767751e-01 1.138708296564182876e-01 9.557713120898952974e-02 8.450162247695672257e-02 9.853964962923672521e-02 8.900879215226979724e-02 9.571774493899797009e-02 1.163860576722337975e-01 8.026792064370726065e-02 1.106521845463131620e-01
1.156043505165974955e-01 1.152029675604895192e-01 9.527038619504278605e-02 8.422657435313646301e-02 9.750169814982759253e-02 8.960111651548181844e-02 9.540196858683792913e-02 1.164912029825252993e-01 7.793519684736403830e-02 1.127645382926970863e-01
1.048543763780862420e-01 1.036214489857449489e-01 1.038744574339617865e-01 9.202282764827016126e-02 1.054346862013387093e-01 9.289567679923825538e-02 1.039427740391347665e-01 1.050888802663495908e-01 8.591336900921536790e-02 1.023515032386601853e-01
1.129835510427876638e-01 1.062618132321131031e-01 9.647744689035103738e-02 9.036909200154863431e-02 9.549224746733585290e-02 9.372577025883027657e-02 9.647743854858922830e-02 1.132506268444480324e-01 8.761623010748711970e-02 1.073457836065090515e-01
1.135160302460812703e-01 1.106268647624473606e-01 1.046761562562847359e-01 7.693306811091102371e-02 9.383917430483348920e-02 8.066555994318995448e-02 1.048382917163950545e-01 1.142188345345011707e-01 7.557278326171269767e-02 1.251132368636433123e-01
1.128219128782906588e-01 1.146691432669895289e-01 1.032968161384528183e-01 8.038092283104035507e-02 9.534491927142003942e-02 8.363954573321007169e-02 1.034220957111934847e-01 1.132953321301880117e-01 6.760794829352784197e-02 1.255213637456871756e-01
1.224624723828225958e-01 1.150287886991620823e-01 8.946463963895909255e-02 8.745591974713727568e-02 1.000261751310764918e-01 9.091994562656278978e-02 8.951254118284837635e-02 1.232099199976137427e-01 7.975418272039287715e-02 1.021654148734246481e-01
1.218625653834086997e-01 1.133487385896761734e-01 9.506641795471554301e-02 8.063341026027388836e-02 9.208455241030118199e-02 8.522443573724405863e-02 9.512477687870928011e-02 1.225760897142236377e-01 7.655103871844111396e-02 1.175279743530064508e-01
1.181402243595635754e-01 1.154074318656853337e-01 9.728477663092401084e-02 7.961386300767619995e-02 9.369594283170089299e-02 8.507963757408493199e-02 9.736875404672791501e-02 1.188979419290197848e-01 7.389637236078354376e-02 1.206150553938338116e-01
1.189155367073913838e-01 1.107083885149140606e-01 9.581237176039032744e-02 8.291426178379078527e-02 9.649408112515511782e-02 8.897909827304048558e-02 9.590899151266346623e-02 1.196927704637956169e-01 8.045954994910543834e-02 1.101149499097533596e-01
1.124358134058621589e-01 1.117009125307840134e-01 1.002102559351650962e-01 8.158837420619219349e-02 9.629912555946074093e-02 8.769675627671087714e-02 1.003476664630500725e-01 1.131829650331175607e-01 7.947302090409186226e-02 1.170651096855654244e-01
1.215982204750295226e-01 1.133681651023431963e-01 9.238892558862947524e-02 8.349824761401299089e-02 9.851061133703978290e-02 8.978497874472726736e-02 9.241967364326310330e-02 1.221345535050099573e-01 8.048792472006577325e-02 1.058086992698789447e-01
1.161380518926421607e-01 1.132370829753944208e-01 9.706169689755032859e-02 8.413679538452806250e-02 9.838666133647379353e-02 8.815030001799641080e-02 9.721623206680225782e-02 1.170008450073436179e-01 7.663529370066891888e-02 1.120370407206000146e-01
1.134258217751071690e-01 1.128115855117806376e-01 9.925903571315194962e-02 8.365803112055794633e-02 1.012377291684771058e-01 8.859665785891102097e-02 9.936039333852983435e-02 1.139819735865487821e-01 7.690222765605080057e-02 1.107665442708847259e-01
1.152193057986378860e-01 1.099414418879975375e-01 9.736430806271795246e-02 8.753955138952518311e-02 1.010637904862171782e-01 8.878039289225976571e-02 9.738202052672680076e-02 1.155777544103901849e-01 8.133305289974453178e-02 1.057983816457829934e-01
1.151564442777762293e-01 1.178323463511314617e-01 9.834219357535840811e-02 8.095960826250801767e-02 9.723222360728361879e-02 8.696025417862494888e-02 9.839437138155091023e-02 1.154665535458248155e-01 7.037055511585070533e-02 1.192854497040908707e-01
1.200901156020401372e-01 1.190540949724139125e-01 9.222598757743340203e-02 8.417300608232371195e-02 9.984449166005768261e-02 8.689680125609394734e-02 9.228370144073139159e-02 1.207898049257837142e-01 7.535501710129705044e-02 1.092869793818250501e-01
1.141656669906390420e-01 1.079030105157264691e-01 9.899683370760918588e-02 8.508740332109021587e-02 9.902442568063750394e-02 9.045250741802282612e-02 9.905684824883058404e-02 1.146398516213023994e-01 8.265054767545278180e-02 1.080229048206889780e-01
1.125335683085156857e-01 1.054769963516743181e-01 1.023165189124268237e-01 8.675443137563412788e-02 1.017763946676997211e-01 8.851854139768083884e-02 1.024106392998110487e-01 1.130323840852404255e-01 8.087136314746685983e-02 1.063091624538501645e-01
1.021126588587518980e-01 1.002887515964076687e-01 1.059199319954095553e-01 9.074816394992488156e-02 1.024579010071798024e-01 9.528231260339957431e-02 1.059294651090082889e-01 1.022256731172840882e-01 9.129746369612345980e-02 1.037376780665107967e-01
1.148628619674963991e-01 1.095892260686724962e-01 9.725027813346436012e-02 8.698891135417831377e-02 9.966195982509984397e-02 8.902328885880951559e-02 9.738453364433398429e-02 1.155666090553149616e-01 8.252232332690878636e-02 1.071500077657213390e-01
1.105467572615881355e-01 1.090428179865357283e-01 9.767814999903988438e-02 9.013350369961589670e-02 1.039564901893438587e-01 9.296739181860953771e-02 9.779850643004860122e-02 1.111720800923113733e-01 8.396851919393920338e-02 1.027357833289678085e-01
1.108013988656518928e-01 1.060802364378882201e-01 9.981497901448928289e-02 8.673395750483657574e-02 9.874024420739102581e-02 9.329451491062117074e-02 1.000213527321416468e-01 1.117049951303571431e-01 8.491456819027005942e-02 1.078937530063530520e-01
1.176478729801415241e-01 1.128640466842197598e-01 9.920765274302795200e-02 8.071576762790842741e-02 9.498863633042732568e-02 8.351603763567666538e-02 9.932331688457954333e-02 1.184473392596748081e-01 7.457817283793520546e-02 1.187111570164088165e-01
1.177596575445632315e-01 1.160116067070862123e-01 9.869766179522594662e-02 8.111870216207342499e-02 9.750664573899051057e-02 8.554686870116030850e-02 9.879088741245278804e-02 1.183324969700725871e-01 6.850971485732844368e-02 1.177257581110465329e-01
1.179051118895502459e-01 1.129792339219522906e-01 1.003558597710586947e-01 7.784341696737645533e-02 9.415355431526811758e-02 8.151272309083526513e-02 1.004399970110355644e-01 1.186672441834969866e-01 7.462798239375767473e-02 1.215148764556686356e-01
1.138221880695382132e-01 1.156161770172824399e-01 1.014178065366950210e-01 7.895412942970239656e-02 9.365669813984789371e-02 8.338004583853896035e-02 1.014821387448219120e-01 1.141844733046835925e-01 7.102768383879254355e-02 1.264586590800969579e-01
1.161750936607185009e-01 1.140407000633362616e-01 9.517494993324564223e-02 8.631396974719174331e-02 9.889360823769882680e-02 8.982590236598186895e-02 9.524276080369649400e-02 1.167316433514754004e-01 7.802130138192345243e-02 1.095800704547318233e-01
1.108217686142309727e-01 1.078623882237728371e-01 1.022488806817108409e-01 8.729183360052369944e-02 1.013455103043238437e-01 9.008118370781621753e-02 1.023177451389805370e-01 1.112343164634083253e-01 7.772397623940341393e-02 1.090723970258292846e-01
1.221320225178341712e-01 1.098703091546863880e-01 9.427202886206935417e-02 8.520456425773507980e-02 9.495153839449566036e-02 8.605673561918740500e-02 9.433819335336894596e-02 1.229903279015502060e-01 8.097350244121001572e-02 1.092107774978627460e-01
1.058450622785537115e-01 1.061900851637408161e-01 1.035297784650600350e-01 8.747520451582956047e-02 1.024165199993723047e-01 9.120586183389303714e-02 1.035505125468808574e-01 1.060682177694474426e-01 8.620213816194660650e-02 1.075166192652756286e-01
1.167439966378977234e-01 1.108409730353769745e-01 9.534891194507053025e-02 8.450026554828519998e-02 9.601195304768918304e-02 9.010543295828651877e-02 9.549838241277854023e-02 1.177121783676548933e-01 8.276841789131032801e-02 1.104694881556500669e-01
1.171747070130968876e-01 1.102858633484434109e-01 9.578141019026531477e-02 8.858267333732129656e-02 1.003744795749837992e-01 8.967617821306655967e-02 9.591601893757356612e-02 1.180323005603962500e-01 7.877580902431159660e-02 1.054005598005412908e-01
1.098718876167296271e-01 1.062387524113748427e-01 9.771584333423793955e-02 8.836153746646173424e-02 9.423851477032253732e-02 9.282148215706732819e-02 9.772224018692472758e-02 1.101665207067026586e-01 9.245423245512564281e-02 1.104089888950529341e-01
1.200249804697852141e-01 1.172716389331716624e-01 8.986350227916936606e-02 8.659596058066355850e-02 1.014998952230549700e-01 9.090261405940351647e-02 8.985114320450784953e-02 1.204147087777693581e-01 8.078104766704786999e-02 1.027945088054266487e-01
1.102897696890129120e-01 1.153994996746926099e-01 1.003138204607902095e-01 8.306690448621702194e-02 9.920794464794445433e-02 8.613975664824359557e-02 1.003634881718357685e-01 1.107382403891382788e-01 7.745883771752666569e-02 1.170217381145985669e-01
1.104480484674818658e-01 1.120473839501084090e-01 1.009561144450338149e-01 8.308852133926554473e-02 9.535967687345568711e-02 8.753722263620383748e-02 1.010905033423444566e-01 1.110015971717351890e-01 7.890680097424648820e-02 1.195641308001246794e-01
1.142801941424530232e-01 1.111387151747951080e-01 9.960997140572976083e-02 8.360408209002011259e-02 9.832583452835914894e-02 8.907475318859364721e-02 9.970149585434910644e-02 1.147728020632009932e-01 7.662907428655214848e-02 1.128630772659469372e-01
1.157273851381004637e-01 1.115770284861870160e-01 9.301660018792390350e-02 9.078302505953173007e-02 1.009736572579955916e-01 9.194304832269147021e-02 9.303872489815379065e-02 1.160867650605860169e-01 8.447766979727476533e-02 1.023760957915552106e-01
1.108540031582810059e-01 1.042304314008707239e-01 1.056630619015627714e-01 8.342800075194506393e-02 9.779698624793252415e-02 8.605691771247238331e-02 1.057205290453870211e-01 1.112800922880169546e-01 8.189292662200353679e-02 1.130770508715279871e-01
1.162847421486566252e-01 1.113788386564212862e-01 9.839171157184740946e-02 8.286425018363925699e-02 9.568907095247244921e-02 8.749995035349229788e-02 9.854187893229873763e-02 1.170725558640082764e-01 7.712081911992804684e-02 1.151561822172356003e-01
1.090059156679192565e-01 1.111684718726553694e-01 1.028732359853408301e-01 8.150340092372812539e-02 9.536099832302771806e-02 8.644475993937374148e-02 1.030299015314626865e-01 1.096650787905316393e-01 7.974042713894832768e-02 1.212078098270123472e-01
1.124016024519064461e-01 1.151397202017565430e-01 1.024024962617692130e-01 7.960383982219317034e-02 9.629954688376740624e-02 8.268743417690482822e-02 1.024937169000729037e-01 1.129188707257203772e-01 7.258731210539653977e-02 1.234654604705125447e-01
1.162357045571515979e-01 1.137843811513846587e-01 9.961115106336201896e-02 8.123125018545568343e-02 9.353343170233609227e-02 8.436486244792265610e-02 9.965391317831004403e-02 1.166924323574091704e-01 7.282243422202092087e-02 1.220704391346471157e-01
1.218770694406549615e-01 1.125611260950094283e-01 9.324640493202414337e-02 8.891132715794848596e-02 9.523575859887783990e-02 8.502897173976399492e-02 9.325171465217541034e-02 1.224974066189668809e-01 7.740281821166306031e-02 1.099874025529158084e-01
1.171437955345736165e-01 1.174036604980044640e-01 9.768260978057939636e-02 7.932193821647001708e-02 9.655080143848082663e-02 8.455150491370852506e-02 9.774172026768139510e-02 1.177814663065303163e-01 7.270038799473817204e-02 1.191221150492332292e-01
1.144826506338912919e-01 1.071121696821303315e-01 9.958563537253575793e-02 8.499478847312050278e-02 9.618484100383981050e-02 8.893697569179477569e-02 9.976266493000772451e-02 1.153769801381067939e-01 8.194684400770774202e-02 1.116164500668652693e-01
1.430372000384539100e-01 1.339443136105686882e-01 7.314058565195639960e-02 8.999406846389981784e-02 1.141309997649879865e-01 9.346365646852553000e-02 7.324463574067392735e-02 1.443380139173010002e-01 5.167384326805207762e-02 8.303268307558063499e-02
1.122281616611522093e-01 1.109687856170173959e-01 1.006337420676546440e-01 8.441720560952563346e-02 1.017044737989570569e-01 8.941496514874287815e-02 1.007406754370732266e-01 1.128107447931698121e-01 7.698752921570788110e-02 1.100937166509992210e-01
1.148961376348744678e-01 1.126372112835387906e-01 9.672311435368953492e-02 8.588036371471578778e-02 9.892830726270888941e-02 8.932862089892679158e-02 9.685680212344260909e-02 1.156302340154195807e-01 7.880736668667760736e-02 1.103118420260059546e-01
1.184347392769907054e-01 1.121148869902728606e-01 9.451755372062965732e-02 8.397335051431978337e-02 9.710353753579359370e-02 8.982847452325894155e-02 9.457783906895148029e-02 1.191309035007081518e-01 8.124209875874092990e-02 1.090766161103338960e-01
1.133997377438614867e-01 1.132109251636510133e-01 9.879125255029680419e-02 7.870810235845386582e-02 9.193306856308493258e-02 8.691449776532932103e-02 9.887353660548844903e-02 1.140158340728618658e-01 8.119404688734700726e-02 1.229589982896252681e-01
1.180044295364589546e-01 1.160945880092761895e-01 9.709666476416198289e-02 8.202175111433909760e-02 9.890364565942814934e-02 8.464460927017979086e-02 9.722079255655803609e-02 1.187952386930648668e-01 7.308980141735924030e-02 1.141284789791736781e-01
1.111084376283975467e-01 1.120105873064474455e-01 1.008089715206776649e-01 8.425794731130958892e-02 9.932193914724182782e-02 8.843036111520181930e-02 1.008836051390813032e-01 1.115643949262314361e-01 7.758971505208042685e-02 1.140240408533308852e-01
1.189298560737123700e-01 1.131854411644721142e-01 9.620853393379188989e-02 8.537983559472878126e-02 9.845201770813070963e-02 8.847592983745272699e-02 9.638360153308642153e-02 1.198460784785758126e-01 7.230849481555591540e-02 1.108302108604932307e-01
1.178532826102383912e-01 1.087685064700241871e-01 9.459604187440084910e-02 8.615831592307930664e-02 9.486389503141318125e-02 9.065274917744352290e-02 9.467394572576802447e-02 1.186267978575196308e-01 8.514315819603146540e-02 1.086633071340813994e-01
1.184198566276075670e-01 1.116260757967295902e-01 9.810655927670251797e-02 8.123148275352151670e-02 9.758104695747238377e-02 8.633650887901819782e-02 9.831945123141555554e-02 1.195721162330781046e-01 7.590126213633088814e-02 1.129056401081236505e-01
1.112481895506291923e-01 1.091676302211271460e-01 9.978079858614539999e-02 8.385873597260432022e-02 9.806898621248592851e-02 9.031352830203270843e-02 9.988802200076311866e-02 1.118140620455181228e-01 8.437557061776258804e-02 1.114844764909314750e-01
1.184857410860157834e-01 1.197034793633437177e-01 9.128483882129266591e-02 8.624457462175758038e-02 1.027169865649005948e-01 8.984630939356090529e-02 9.133624206910415100e-02 1.190980650226170362e-01 7.577002310020623799e-02 1.055137399572013135e-01
1.145449752740664295e-01 1.117801464694846841e-01 1.001754253249365623e-01 8.372253184135924897e-02 9.941908903481391779e-02 8.691350169518642643e-02 1.002827028747222682e-01 1.150925203557130461e-01 7.514396904913886455e-02 1.129251380805785382e-01
1.136616834168044932e-01 1.110688538508554368e-01 1.031767440119761570e-01 7.972040340302374850e-02 9.493661138018502643e-02 8.284828593042663225e-02 1.033411633698560345e-01 1.144634783258376975e-01 7.467115417552210033e-02 1.221116221355126596e-01
1.100921837471276060e-01 1.049438462681862166e-01 1.021584498764269572e-01 8.780190038033390543e-02 1.024389183072699494e-01 9.178838773609425405e-02 1.022186930694395229e-01 1.105109807518733084e-01 8.315006953245292209e-02 1.048965703307953162e-01
1.187851595174821001e-01 1.136778367470204776e-01 9.463477896440729287e-02 8.449871441490067192e-02 9.745223394653268478e-02 8.859828523222672281e-02 9.471963382487386118e-02 1.195575824710120305e-01 7.771340587496529395e-02 1.103623690065788365e-01
1.122665041749951603e-01 1.128419671196947693e-01 9.760357603409906824e-02 8.744468145317736696e-02 1.014842704383207977e-01 8.920721128781614051e-02 9.766845333633741855e-02 1.127604038936374092e-01 8.019804452024602293e-02 1.085248877416758739e-01
1.194350790983887273e-01 1.130682243253325198e-01 9.243165920589843654e-02 8.661491569673862578e-02 9.771586974029297656e-02 9.049251208244563083e-02 9.249411781107622077e-02 1.201347804502221062e-01 8.097480120925412694e-02 1.066380403803506016e-01
1.086344275156287398e-01 1.041598562551838414e-01 1.081101043104486653e-01 8.382362582627082837e-02 1.007805102173091466e-01 8.648204628024019902e-02 1.082281364577934724e-01 1.090793602885099800e-01 7.853938837808509266e-02 1.121625444705300484e-01
1.221414450879266256e-01 1.109734236982476835e-01 9.421839101522191950e-02 8.570322586980902435e-02 9.852444308764016223e-02 8.799855223550527572e-02 9.428922482779729386e-02 1.230445984659372383e-01 7.701669123040365272e-02 1.060900044815111659e-01
1.222496786713808820e-01 1.088349388781660737e-01 9.581136245298642329e-02 8.202038902343150584e-02 9.329971341477219515e-02 8.623365574455336968e-02 9.590580668736278791e-02 1.231705944948268266e-01 8.021483488544202400e-02 1.122590257470778979e-01
1.136777951710313123e-01 1.104896716628928216e-01 9.697648991320463596e-02 8.368752046635327679e-02 9.779984200713812137e-02 9.083650794187085598e-02 9.705007771803722538e-02 1.141815295722131141e-01 8.563890343432389862e-02 1.096616621129347796e-01
1.194998470962052445e-01 1.159516287082371921e-01 9.338850469269736887e-02 8.627229039042080827e-02 9.922605585974164644e-02 8.891911062054996817e-02 9.347389162484577574e-02 1.202095687534981694e-01 7.429319029990184842e-02 1.087659119539019642e-01
1.090504923464547249e-01 1.042645672909134069e-01 1.034336737352005153e-01 8.960009231351227788e-02 1.000255518256525367e-01 8.812754162629332644e-02 1.034779894272666867e-01 1.094019268998448202e-01 8.456089246051277930e-02 1.080572720743489812e-01
1.193181885533230457e-01 1.112742524791471427e-01 9.633116484547146752e-02 8.158886134003555390e-02 9.289202147404236609e-02 8.567435601773486231e-02 9.641292070851950613e-02 1.202125951775822182e-01 8.017913137627523390e-02 1.161165080278685618e-01
1.234608062078502849e-01 1.153628363260316980e-01 9.210037786035189800e-02 8.459022828292031559e-02 9.627302106774385249e-02 8.883952273277008482e-02 9.222018756739033818e-02 1.244173704734613806e-01 7.260888016226610397e-02 1.101267693192140851e-01
1.201626311700532274e-01 1.145625417452727918e-01 9.178324682575716986e-02 8.883086099835177385e-02 9.973390519801321463e-02 9.188711428380978707e-02 9.187787482272902206e-02 1.207870188409242568e-01 7.546511772268464646e-02 1.049096883924041934e-01
1.185176976618501216e-01 1.152361838861644117e-01 9.600337362812276509e-02 8.431233594707446266e-02 9.622898781755566400e-02 8.813564961087912153e-02 9.615092810378900179e-02 1.193086263554973964e-01 7.086647718365361726e-02 1.152397398054135075e-01
9.895445951354725489e-02 9.591976420427791861e-02 1.057291319805896135e-01 9.770329879243705440e-02 1.040640135635053781e-01 9.912295616060973202e-02 1.056826838756009107e-01 9.878446864516186865e-02 9.672179482541948259e-02 9.731742843885078653e-02
1.023558872637152922e-01 1.001105839406732229e-01 9.755191924048388363e-02 9.435210035988830790e-02 9.330894070950468411e-02 1.020349388557498793e-01 9.749869978545049054e-02 1.022304940933073808e-01 1.059991767409736163e-01 1.045572590102532284e-01
1.066110395305368830e-01 1.088227571825178125e-01 1.063401765949118644e-01 7.996272511368143765e-02 9.628975409331037849e-02 8.536127282208928746e-02 1.063936486467631781e-01 1.069278353649226049e-01 8.211034824590528192e-02 1.211804424053613549e-01
1.112469530598883816e-01 1.107302669721088456e-01 1.001915080370748695e-01 8.197149592702154819e-02 9.724226087407747410e-02 8.981877696665825639e-02 1.002609832333218182e-01 1.116865412138789010e-01 8.234487355661074259e-02 1.145063401593591768e-01
1.127392703767863269e-01 1.100655759092317304e-01 1.019795326659717061e-01 8.397748503671181863e-02 9.489642561464922688e-02 8.718457387754151300e-02 1.021209940215399015e-01 1.133424735518590715e-01 7.438849301052528895e-02 1.193051759351834301e-01
1.150838436489320521e-01 1.117094722005807783e-01 9.482052586684036610e-02 8.822627818849561321e-02 9.912915977713895876e-02 9.091080767877848801e-02 9.495986851613193169e-02 1.158532244905995517e-01 8.238836828956508374e-02 1.069184513429371902e-01
1.147410321140626410e-01 1.132538293527879103e-01 9.920011803208896028e-02 8.292510774629692494e-02 9.979465196703250773e-02 8.685234330265007019e-02 9.933566909578106507e-02 1.154188292908006480e-01 7.559096984131569164e-02 1.128874492571835669e-01
1.164704490643895390e-01 1.115275759326124494e-01 9.647432760457259893e-02 8.491374802249815334e-02 9.968605692106741190e-02 8.942064668979028685e-02 9.650337504236082553e-02 1.168803245391666634e-01 8.035621488493251141e-02 1.077672812986095741e-01
1.228589496232583983e-01 1.143082624994058855e-01 9.162328203073609456e-02 8.632533345663746804e-02 1.009437046902711271e-01 8.984732734817503508e-02 9.174356539620631690e-02 1.238408722209438512e-01 7.507653253024217099e-02 1.034321702041236107e-01
1.090721866399242679e-01 1.174743037374900712e-01 1.003491748801265959e-01 8.013774099642644033e-02 9.583990217377064136e-02 8.652214303648522731e-02 1.003988734704832214e-01 1.093929593743940276e-01 7.704317053047575470e-02 1.237695451604237801e-01
1.115814686202910161e-01 1.071245995104985610e-01 1.024922020381586057e-01 8.460671486576487599e-02 1.007377463563748771e-01 8.932832879097793444e-02 1.025445277344333439e-01 1.118579200401964707e-01 8.059951810821956719e-02 1.091269739350846923e-01
1.203432730401290257e-01 1.149146211778327709e-01 9.336189999411619034e-02 8.404244183151915459e-02 9.925067677221417750e-02 8.879524836094154772e-02 9.346489148545847336e-02 1.211199223888100307e-01 7.689834255798963514e-02 1.078086823909889802e-01
1.165336803013208300e-01 1.095680166674805611e-01 9.759615792228737430e-02 8.522773563145477627e-02 9.897407690242154832e-02 8.878857313218514735e-02 9.775455057547909055e-02 1.174378245774046481e-01 7.969802098212679098e-02 1.084213633078392608e-01
1.210336389062352663e-01 1.120063641732361309e-01 9.498288981070777959e-02 8.365842656151682710e-02 9.652056446817545987e-02 8.738670923811371616e-02 9.508908018299690179e-02 1.219529999062268916e-01 7.698867488283385463e-02 1.103806518699571027e-01
1.236049173636313420e-01 1.144386207297515279e-01 9.210158201018144031e-02 8.295020821568740987e-02 9.327315709108843778e-02 8.616524825797029774e-02 9.209865858713739417e-02 1.243161683257210937e-01 7.823953601153005311e-02 1.128119034073009896e-01
1.141350754298852965e-01 1.111491490049473368e-01 1.002343792614117240e-01 8.022158133804489777e-02 9.490672408711138541e-02 8.595203928943921656e-02 1.003040852280753653e-01 1.146983768598469067e-01 8.024343280676984880e-02 1.181551566944680359e-01
1.206395401128654010e-01 1.126888421267396162e-01 9.767657805738545751e-02 8.046700279697022173e-02 9.286718627716912533e-02 8.492630709600910988e-02 9.781204446143197673e-02 1.215654573890286999e-01 7.182719020150192535e-02 1.195298514808984802e-01
1.147366028439994606e-01 1.132452318343795811e-01 9.195143607649572393e-02 9.175730152627939451e-02 1.016497324140715197e-01 9.467499254219265137e-02 9.207613937796998993e-02 1.155203043441405952e-01 8.214058121597002382e-02 1.022476778245010043e-01
1.204282848195196431e-01 1.189391190423874228e-01 9.411479944034890910e-02 8.105412227195496477e-02 9.597174315827312896e-02 8.629426304365264699e-02 9.421483067847960524e-02 1.211259530123879047e-01 7.135844973341125275e-02 1.164984347995844799e-01
1.149216015011498698e-01 1.096578907890411875e-01 9.276423307308159782e-02 9.142037648696318963e-02 1.010793690949239459e-01 9.385366982026059623e-02 9.282107738068055836e-02 1.154236305529858925e-01 8.761717217071884889e-02 1.004409791301942578e-01
1.097302092503847359e-01 1.096725825974956270e-01 9.865546057505047983e-02 8.727174076453607376e-02 1.000035956783785346e-01 9.365862910760507087e-02 9.875415465277838367e-02 1.101865117664735383e-01 8.368811508202821103e-02 1.083790005252693034e-01
1.214319047653073108e-01 1.113758183832648796e-01 9.933531850014748477e-02 7.748201696565842900e-02 9.044628040632417265e-02 8.135926513890361089e-02 9.941864295350891223e-02 1.222922711077168573e-01 7.288953445022557098e-02 1.239689473289427996e-01
1.122881543934691057e-01 1.069032218437634407e-01 9.500141195581310316e-02 8.992647317479914026e-02 9.499381671102127833e-02 9.375392686698301448e-02 9.503664845314764575e-02 1.128218302587195437e-01 9.221925364247710033e-02 1.070552626998066137e-01
1.096553077866649628e-01 1.149156886212719664e-01 9.312382319247082541e-02 8.892442059025847112e-02 1.007971644536539979e-01 9.584273855515536289e-02 9.318224682295984940e-02 1.100817771280062085e-01 8.770772732127211924e-02 1.057691055282862086e-01
1.151830470123280520e-01 1.082573396310390623e-01 1.010260037213674134e-01 8.424360831810234762e-02 1.003939351981750078e-01 8.763574587645546476e-02 1.011445411688708940e-01 1.158683116711996947e-01 7.693578352087014627e-02 1.093116838815919034e-01
1.139545511004299710e-01 1.101127925219121118e-01 9.643662708113123760e-02 8.832096773729217198e-02 9.707280104595826520e-02 9.080222250660205385e-02 9.640484969535929871e-02 1.141495871843575399e-01 8.354893086033862715e-02 1.091966702666187089e-01
1.142215163440132714e-01 1.119080781977598443e-01 1.027326184062539866e-01 8.000580301233724267e-02 9.343717182435742896e-02 8.383342853264409700e-02 1.028420547176457783e-01 1.149051071199986285e-01 7.150394565907802757e-02 1.246102761859117225e-01
1.175358234319411332e-01 1.128407826791976293e-01 9.823303107979367010e-02 8.219463828254620907e-02 9.913535397817259398e-02 8.588841413791017954e-02 9.836912192187240167e-02 1.183853250693642500e-01 7.526802235833378318e-02 1.121494870608681360e-01
1.057573175745300936e-01 1.072587202303430798e-01 1.038058939955556620e-01 8.059090916909011915e-02 9.488944674147584135e-02 9.117087056444594939e-02 1.038899756444254530e-01 1.061385894634985921e-01 8.820050821483535475e-02 1.182977684017998826e-01
1.084164454693830049e-01 1.071686038477117214e-01 9.914236949024697598e-02 9.053025044256952925e-02 1.054581194053393484e-01 9.188220731296693755e-02 9.908518544139918727e-02 1.085218708873426779e-01 8.904257597220910370e-02 1.007523717308314720e-01
1.130244141018046516e-01 1.145627539996380423e-01 9.303717359006075105e-02 8.833602437000233343e-02 1.002673685932764375e-01 9.392957587028394340e-02 9.304920541029006176e-02 1.133598695558421798e-01 8.467098870920103382e-02 1.057626257996006208e-01
1.140980273043021298e-01 1.068515726980036606e-01 1.016952705619484226e-01 8.676679844850922196e-02 9.821597557518080279e-02 8.780566973119174889e-02 1.018338639347993319e-01 1.147800655342212373e-01 7.679424806161129491e-02 1.111585081502320660e-01
1.167798642209860460e-01 1.147501245725900121e-01 9.580964677325615186e-02 8.292625845046946997e-02 9.735715541606568268e-02 8.747480610568518500e-02 9.592188820869509969e-02 1.176329788698638190e-01 7.820755353093722384e-02 1.131397238514513515e-01
1.118082193804432189e-01 1.118216134427258840e-01 1.005668332639585161e-01 8.597217560790568203e-02 9.711418545179498207e-02 8.940317525695462564e-02 1.008026050816931696e-01 1.126962264763160804e-01 7.305816429604836126e-02 1.167568017421594245e-01
1.161809142893728136e-01 1.105752564716939168e-01 9.476299462532333795e-02 8.872019905447599275e-02 1.003546302227501241e-01 9.179801923398897556e-02 9.484259297886886431e-02 1.167653981740577190e-01 8.168712449556703170e-02 1.043128704539012519e-01
1.157374672582421465e-01 1.186052798125726837e-01 9.145961098575099146e-02 8.833006757226334604e-02 1.005527349050388403e-01 9.088563883956314593e-02 9.153078241484248478e-02 1.164137554270805036e-01 7.928031561121702542e-02 1.072043471734288045e-01
1.108163853575827446e-01 1.119192739227960615e-01 9.908526876915417503e-02 8.466341301628364790e-02 9.857085240737099852e-02 8.870765967208521507e-02 9.919418151705261533e-02 1.114691589593277132e-01 8.263629021894458582e-02 1.129375161594022431e-01
1.155446348334282780e-01 1.083864735941357377e-01 9.619381981692737282e-02 8.760831026219892403e-02 1.010027818314854081e-01 9.135700729992758673e-02 9.629738505634659329e-02 1.162021467262699670e-01 8.406884673205006209e-02 1.033385938472300702e-01
1.159972200448991797e-01 1.108175204405491970e-01 9.559021134255440977e-02 8.832486189455313053e-02 9.952088045176463171e-02 9.229117960158322864e-02 9.566672079374252680e-02 1.164935081494206104e-01 7.896899328989860634e-02 1.063289039910344236e-01
1.183539132415664663e-01 1.103108209413947993e-01 9.300615721391311541e-02 8.643456044329184129e-02 9.743461052594516725e-02 9.170123372011977636e-02 9.297695087662713465e-02 1.186863319510706033e-01 8.623937720996716072e-02 1.048560438761038938e-01
1.177527350179869009e-01 1.151203044574311274e-01 9.104583552540330971e-02 8.827523207315705889e-02 1.001063748918877422e-01 9.201792146067619416e-02 9.103025979066013684e-02 1.180435091189237645e-01 8.275415822930654031e-02 1.038536694345671835e-01
1.132463482225468249e-01 1.143377221362732871e-01 9.742141041703282489e-02 8.171615636727745657e-02 9.239832177387601042e-02 8.655272198894119196e-02 9.751753935498853887e-02 1.139010236870755810e-01 8.129103184336161636e-02 1.216177242086266264e-01
1.096962372602571234e-01 1.092956102543558017e-01 1.074143189941878240e-01 7.656819546699263068e-02 9.120135420391049796e-02 8.101665731891426192e-02 1.075490190160108828e-01 1.102878099325903111e-01 7.554229872102634358e-02 1.314284988317543368e-01
1.148134170079464500e-01 1.106397875976886241e-01 9.570243825045204877e-02 8.984619843629146341e-02 1.023114768514096634e-01 9.305650083726289823e-02 9.572060890497174901e-02 1.151386752309484229e-01 7.950043090761588216e-02 1.032704659754127702e-01
1.188820167272758299e-01 1.173735048203452674e-01 9.411448139016416470e-02 8.267123348608464151e-02 9.614638368493035048e-02 8.704825848750814832e-02 9.413635643848847212e-02 1.193116560206467225e-01 7.577525692283355874e-02 1.145408520217227749e-01
1.136744816998637581e-01 1.094484903216110527e-01 9.996400385155923551e-02 8.532311628412529714e-02 9.735714272733812791e-02 8.794079041441109357e-02 1.000876814546785565e-01 1.142327781134064441e-01 7.915957066067275116e-02 1.128119444723336279e-01
1.100000558338518897e-01 1.167273462682866664e-01 9.839337231984333909e-02 8.301734012162888254e-02 9.853823868884470372e-02 8.881615486241299651e-02 9.841079567036485620e-02 1.101939028856464275e-01 7.940148500162605427e-02 1.165013083474941979e-01
1.204450672304620135e-01 1.165574280668031648e-01 9.027083373188120319e-02 8.940980198648194877e-02 1.036432853934413367e-01 9.198961689645183959e-02 9.039780006248140931e-02 1.213592311947899183e-01 7.489435982644734868e-02 1.010325756107597894e-01
1.194699290922923984e-01 1.184415851876180203e-01 9.268751672977565415e-02 8.429678242126636967e-02 9.737641273626924943e-02 8.830241711044936603e-02 9.269377824646628239e-02 1.198573747511759574e-01 7.486313405339471705e-02 1.120110696712919990e-01
1.172110739486115077e-01 1.078879645261746761e-01 9.935580595916494728e-02 8.253948946262502917e-02 9.308052537576934349e-02 8.595292715016659979e-02 9.942436828960021789e-02 1.179270190512843181e-01 8.062292746145068023e-02 1.159978987751526663e-01
1.122945396737563828e-01 1.128935472086425029e-01 9.615911833768484018e-02 8.886261651770083203e-02 1.005165584431912812e-01 9.192020935352822331e-02 9.627124984212832859e-02 1.129289088002429220e-01 8.010698190040858868e-02 1.080462699227161122e-01
1.149603045377324689e-01 1.086765487525571672e-01 1.023756022039516295e-01 8.055321253816587201e-02 9.184815764058570919e-02 8.528249378584881746e-02 1.025201021984667171e-01 1.156773543455952569e-01 7.535414339894080937e-02 1.227520805981555663e-01
1.094909272954097956e-01 1.054615144426255674e-01 9.408573068085394897e-02 8.935636814586014887e-02 9.490430557789066024e-02 9.710665576307224434e-02 9.408594865126362894e-02 1.097791817011251753e-01 1.012419014799176148e-01 1.044874662619811878e-01
1.111375892642842700e-01 1.138790647478189894e-01 9.925239121326448477e-02 8.485591451051235912e-02 9.821869959451735854e-02 8.837687586629587588e-02 9.934186294015941165e-02 1.117221383098168930e-01 7.771540137163399087e-02 1.155000621816963807e-01
