7.814844986457214482e-02 1.022600566030344021e-01 1.109671773455104260e-01 9.349927265339283422e-02 9.406772955421624505e-02 1.376852219814900802e-01 1.023111559979526242e-01 9.408373350032539495e-02 9.355632507659995822e-02 9.342087742290589025e-02
8.211423866097000701e-02 9.882541581090238669e-02 1.064414967101501713e-01 9.269320243182604946e-02 9.204885520396062504e-02 1.513088954697801025e-01 9.901108046241204053e-02 9.198218255342850702e-02 9.278080425189032254e-02 9.279382844467977398e-02
8.554092159709821008e-02 1.018830078226906355e-01 1.042018987758040333e-01 9.414791123163188113e-02 9.606766294546449647e-02 1.317587562122511935e-01 1.019992981639466362e-01 9.603063413118158309e-02 9.420792154532138529e-02 9.416198757460998714e-02
7.653959958437375755e-02 1.006671666582085872e-01 1.258689584412327755e-01 9.015292269459414254e-02 8.951755760263888084e-02 1.465314755175670669e-01 1.008278290737370797e-01 8.949498891362167585e-02 9.023959190846976564e-02 9.015990960555630984e-02
7.934116761963273812e-02 9.958499872877486780e-02 1.107751769666152492e-01 9.302561441283037358e-02 9.165070680667956882e-02 1.482473436433761893e-01 9.965196947980314857e-02 9.164892704521852840e-02 9.305719639086883210e-02 9.301689890620050416e-02
9.361576364026810704e-02 9.600374243477552416e-02 1.080300350160217221e-01 9.411023262642279064e-02 9.188484980225494758e-02 1.404244102738802791e-01 9.591372272615764083e-02 9.194097154282586393e-02 9.406197229362407708e-02 9.401429964376906145e-02
7.687468926850167528e-02 1.040899813381970657e-01 1.114188892957193311e-01 9.244318098259035610e-02 9.241935628317404783e-02 1.413661917089051034e-01 1.041203906940151303e-01 9.246148414253349546e-02 9.248302517059445171e-02 9.232281111576931543e-02
8.284839672791718956e-02 9.989728231951368331e-02 1.233277928380976801e-01 9.458915176412997783e-02 9.172293377010781734e-02 1.266262167962039220e-01 1.000046240645588863e-01 9.170883893128700670e-02 9.466578063193065162e-02 9.460898215625315744e-02
8.572696566945353647e-02 1.007639821928989071e-01 1.055281152451606197e-01 9.430423459605741243e-02 9.404531424879258861e-02 1.360766149262944424e-01 1.008536645637777840e-01 9.403444073665802316e-02 9.438279735757408584e-02 9.428387046333261412e-02
8.010759425210066398e-02 1.004374382833740781e-01 1.107943351933690368e-01 9.168516635896806211e-02 9.028862742965194921e-02 1.522754638022514595e-01 1.006375588310441938e-01 9.023614654786851763e-02 9.177089878393246414e-02 9.176677051743956093e-02
8.202757548589464931e-02 9.979888271121019339e-02 1.136485076843515851e-01 9.131676631489608897e-02 8.894292138964510208e-02 1.525519582208261504e-01 1.000088262873099904e-01 8.888807920622283920e-02 9.139688959018540948e-02 9.141959310945799166e-02
7.751705909366865543e-02 1.016374132342411224e-01 1.190152683643507653e-01 9.026780873446647868e-02 9.186491210835917576e-02 1.453140187394676985e-01 1.018756277472842586e-01 9.179518699330860287e-02 9.037709587157111146e-02 9.033560911328207543e-02
8.083495637993903804e-02 9.871021016102798917e-02 1.222456098691928200e-01 9.011725689936726791e-02 8.742684664125924265e-02 1.544065565544809893e-01 9.866587066379016446e-02 8.750160941403690995e-02 9.012735899983086163e-02 8.996372441707470302e-02
7.370969926485088086e-02 9.771586334495585557e-02 1.361690114911216498e-01 8.697156430504869584e-02 8.647798527088416953e-02 1.605026141038269072e-01 9.792828363441058448e-02 8.642966286956486888e-02 8.706580012516031142e-02 8.702951559017610417e-02
7.348060408969814272e-02 9.915265325986291622e-02 1.254688978592987947e-01 8.930263344142257143e-02 8.835808868432722119e-02 1.579522784823486625e-01 9.927538691295621776e-02 8.835006820279170392e-02 8.936965871392470173e-02 8.928973035336906783e-02
7.951710266890936463e-02 9.943199950329234538e-02 1.165734917395598452e-01 8.995069620563021784e-02 9.121376570671711759e-02 1.525332904145229040e-01 9.960046120576582229e-02 9.116268975060390356e-02 9.001538454314025883e-02 9.000111826185824837e-02
8.348043164675224281e-02 9.927879120155252979e-02 1.152310121405282911e-01 9.245696072170153657e-02 9.160442404377819314e-02 1.418032797465032524e-01 9.949026182867101720e-02 9.152942390556219332e-02 9.254824749097168013e-02 9.257716727397900802e-02
7.780542028374683172e-02 1.033498877980604386e-01 1.061515782638970118e-01 9.545456247762086621e-02 9.624283677072467680e-02 1.301697112437173176e-01 1.035503794865750560e-01 9.618043817252729111e-02 9.558579259458092892e-02 9.550939290854958130e-02
7.332352042233827860e-02 1.028723049804306094e-01 1.026296765118373117e-01 9.166232239274059446e-02 9.008484161440069582e-02 1.629027127487992221e-01 1.030364484553379090e-01 9.007313949637986428e-02 9.176260986804490871e-02 9.165242350969061980e-02
8.018554160900631667e-02 9.900101290263024767e-02 1.212442762334150909e-01 9.037934943224232298e-02 8.670884219264808623e-02 1.558860197110028822e-01 9.908547062375153147e-02 8.672873724691153308e-02 9.044161600579754545e-02 9.033913404259438784e-02
7.928569622199292677e-02 1.010207529882869715e-01 1.083740284553830757e-01 9.277891489684475523e-02 9.071833452475468185e-02 1.503287866375005721e-01 1.011493430156478329e-01 9.070300525004636183e-02 9.284609271556247545e-02 9.279504529398034662e-02
8.420698941935483850e-02 1.014646893214172507e-01 1.153120105761423209e-01 9.423218536287474023e-02 9.346042533575182887e-02 1.275302306968920663e-01 1.017085458162957923e-01 9.337168979464482987e-02 9.433846130683917752e-02 9.437477236978715489e-02
8.492861625371017631e-02 9.854100707852758712e-02 1.151816931268306171e-01 9.224505500037859240e-02 9.314354305351307817e-02 1.395893020621728486e-01 9.867227433279100735e-02 9.309568532579402811e-02 9.230946700036747610e-02 9.229335676591463034e-02
7.776472139917048332e-02 9.769844910718041009e-02 1.280018939818792778e-01 9.173615994321772382e-02 8.902421764891874090e-02 1.453665171658838351e-01 9.782152447206267365e-02 8.900598278343051228e-02 9.181906986554783101e-02 9.176146363270853978e-02
8.405327714579702292e-02 9.731037690047698863e-02 1.059150639458415893e-01 9.062898618938387829e-02 9.061255595400632967e-02 1.622869630897726123e-01 9.733705741035503234e-02 9.062878377145447417e-02 9.066030238429279020e-02 9.056663320861924049e-02
6.450812730986944799e-02 9.162465977808621764e-02 1.788040259691405509e-01 8.186640035851000530e-02 8.272887749685602088e-02 1.622125567780358657e-01 9.174904729765004374e-02 8.271623753017984249e-02 8.195547082854454102e-02 8.183459665312742271e-02
8.461151057076637949e-02 1.023429646963835288e-01 1.059554303268043646e-01 9.558562607917896192e-02 9.664059778845716930e-02 1.245041204787999123e-01 1.024792978267172749e-01 9.659426070890862748e-02 9.566276772139883922e-02 9.562342380258492813e-02
8.371276825147760947e-02 1.040758332860700491e-01 1.104464763494843321e-01 9.232661956144616600e-02 9.305262897456904880e-02 1.345622369722352940e-01 1.041443087391657613e-01 9.306417225893580392e-02 9.234443265282527014e-02 9.227052295379067903e-02
8.095963201514123908e-02 1.011582985746836971e-01 1.140509110641115681e-01 9.143372108343568450e-02 9.044468186066512150e-02 1.472366726286279681e-01 1.013266917104104214e-01 9.040954744204943161e-02 9.150047325416363342e-02 9.147937036671124900e-02
8.507440937174572115e-02 1.000689083223892523e-01 1.204189325662947258e-01 9.121831791717238680e-02 9.232174885131305686e-02 1.359297185291256926e-01 1.001785140148384323e-01 9.230203555011592953e-02 9.128108516481962809e-02 9.120632971218513296e-02
7.596672222648603867e-02 1.017292373041375070e-01 1.097773607912199689e-01 9.028554926880782983e-02 9.039778247550198098e-02 1.590047594377039797e-01 1.018482213466180980e-01 9.039098927371555514e-02 9.033622105044065986e-02 9.026315682536840967e-02
8.002426045426763723e-02 1.015466684282167187e-01 1.145260491165087935e-01 9.196221889533037763e-02 9.244368254062439172e-02 1.412021974985384065e-01 1.017950350180423374e-01 9.235941164009814353e-02 9.206041816668135425e-02 9.208005824169181175e-02
7.810842833670846030e-02 1.001977186936282710e-01 1.163708193943120833e-01 9.230490204858024517e-02 8.970843673786946249e-02 1.484239487067824659e-01 1.004200950874366283e-01 8.964674311529265138e-02 9.239774268055801765e-02 9.242116519883174230e-02
8.475885341663279282e-02 1.048468512521700535e-01 1.019157767768955891e-01 9.242827914907712772e-02 1.020342036160413746e-01 1.221937612421182540e-01 1.049752412303423671e-01 1.019641506348078486e-01 9.246126323241393719e-02 9.242161944950069707e-02
8.830690540730584681e-02 9.709872123575412350e-02 1.091832528468536512e-01 9.526008810150043971e-02 9.278913987014843212e-02 1.370221455274412692e-01 9.706094188027378222e-02 9.282442022794788750e-02 9.525992583819098414e-02 9.519445906458358364e-02
8.017899028415144402e-02 1.001139910115918380e-01 1.339969529914063484e-01 8.611945137581014653e-02 8.601585081416195100e-02 1.550604758879686740e-01 1.002450133061944942e-01 8.602003010096086200e-02 8.617317246229681815e-02 8.607607176545742367e-02
6.913543677337675997e-02 9.888512292739901066e-02 1.306343049126555411e-01 8.676778722615900719e-02 8.939880853763169932e-02 1.633175126285568435e-01 9.895340634471154473e-02 8.941222938551071642e-02 8.681987240239026626e-02 8.667551886160855534e-02
7.996873745244439946e-02 1.009928966666500672e-01 1.034187268093863937e-01 9.190441726508957743e-02 9.189087918828711676e-02 1.549649797630117121e-01 1.011140858231766443e-01 9.187360676627830125e-02 9.197289673593830872e-02 9.189877352973743752e-02
7.944732649391449131e-02 9.597416637132150097e-02 1.227717280844742159e-01 8.882767688023514296e-02 8.779255225724341694e-02 1.637534663967730175e-01 9.599858071901813672e-02 8.781845193881175626e-02 8.886027191057321861e-02 8.875577894763506115e-02
7.554267111109316812e-02 9.873513129753946904e-02 1.274521657820719966e-01 8.970604414506594404e-02 8.750498624450930851e-02 1.552904860438823476e-01 9.882459721058234337e-02 8.751090917532582114e-02 8.974448609029249402e-02 8.968852289963712143e-02
8.185044608675230704e-02 1.000368345029689493e-01 1.145113331694729841e-01 9.237047428885562794e-02 9.002369262867804256e-02 1.462012526526984546e-01 1.001665049854855161e-01 9.000618097690765707e-02 9.243841962082616215e-02 9.239486108735427139e-02
8.032640245127961598e-02 9.976572268845967928e-02 1.217206800944126838e-01 9.101312558796231800e-02 8.987814439285590762e-02 1.453490313210504814e-01 9.994778080183483460e-02 8.983003291532272450e-02 9.108049757423782034e-02 9.108858217258394840e-02
8.235161972805113417e-02 9.925049884299291802e-02 1.068008661480211868e-01 9.046975263757540964e-02 8.827888338501085896e-02 1.643523862963867099e-01 9.928475998461346042e-02 8.831588904592646561e-02 9.051353512810192403e-02 9.038180880331993239e-02
7.780469209808481279e-02 1.020521996632836881e-01 1.167524435834277896e-01 9.165487386007986625e-02 9.175178689020561940e-02 1.425221385074626479e-01 1.022820603647281584e-01 9.168845705862149753e-02 9.175962430094243560e-02 9.173172367316344278e-02
7.639077786856690588e-02 1.046209483936194062e-01 1.148139054214508403e-01 9.165707446651658041e-02 9.470714548465467009e-02 1.349892517049583185e-01 1.047774397190766732e-01 9.467411554554575059e-02 9.172157914618053742e-02 9.164776224943037286e-02
8.347744191327699514e-02 1.036788833550895683e-01 1.086295642982979537e-01 9.103189782813571329e-02 9.181178243939752681e-02 1.438358268718686050e-01 1.037133253592076726e-01 9.184634092509338932e-02 9.104597118158665181e-02 9.092896582804592398e-02
7.063075204440676103e-02 1.000275724655863979e-01 1.229894282734699806e-01 8.942063525974265625e-02 9.130937974897920806e-02 1.555089146800107680e-01 1.000255852124163625e-01 9.135537231844412243e-02 8.945718232405325265e-02 8.927517767289046280e-02
7.576674941040750788e-02 1.013321447052451946e-01 1.112186543937340316e-01 8.825426870229302612e-02 9.083634850399212313e-02 1.637908201417029863e-01 1.014549971080864754e-01 9.082469259324313371e-02 8.830991394246337500e-02 8.821141049883214624e-02
8.212650207828560422e-02 1.011941712280769040e-01 1.105794410124275595e-01 9.247348799319231316e-02 9.273160476647654415e-02 1.419401170087511710e-01 1.012706090889664429e-01 9.272844268091159914e-02 9.250850448880074128e-02 9.244711965411112065e-02
7.947067612815252036e-02 1.073212498607812176e-01 1.123444567787446335e-01 9.340417939373032996e-02 9.544197228267380095e-02 1.222971856145208674e-01 1.074627084243442998e-01 9.542446802445178622e-02 9.345128741238105385e-02 9.338181608021950408e-02
8.898643961458133078e-02 1.029796804012879791e-01 1.042099941839432775e-01 9.573314004306131275e-02 9.446179076730787383e-02 1.247035226980508227e-01 1.030190549469564704e-01 9.446582184299547047e-02 9.571022625097098946e-02 9.573032925084444533e-02
8.310512363634157962e-02 1.021422685981491635e-01 1.102550370446626488e-01 9.141870030625030841e-02 9.208528745250416092e-02 1.436473814116526471e-01 1.023368936597143092e-01 9.203865418766445095e-02 9.151468685748344323e-02 9.145596684557730227e-02
8.409796858123033680e-02 1.064043753889812316e-01 1.055140242287210817e-01 9.538195015404421495e-02 9.595940480511719328e-02 1.191359225325969301e-01 1.066599852641690049e-01 9.587806668268260279e-02 9.547459702170577045e-02 9.549370534075164729e-02
8.584525814597852855e-02 1.009648238674296927e-01 1.108934653020523242e-01 9.576956812860223933e-02 9.326092564958715636e-02 1.269372611877330193e-01 1.012782262639295716e-01 9.313396466820432484e-02 9.590367746010369787e-02 9.601282932637947298e-02
7.896666461742397891e-02 9.955873081519539536e-02 1.248347135596446639e-01 8.760726339300060894e-02 9.025688596302036681e-02 1.536052392398171429e-01 9.968870162610304897e-02 9.023291812113021226e-02 8.765885542772988703e-02 8.759002723693472270e-02
7.124707774543487249e-02 1.008557307616029797e-01 1.221497970961401280e-01 8.851986159338551263e-02 9.003291397983183286e-02 1.591992847573984737e-01 1.009362322892349562e-01 9.004712062340299028e-02 8.857571204275180299e-02 8.843626911081649278e-02
7.847494232974554229e-02 1.000220427594120803e-01 1.293857191855102562e-01 8.659193576027705841e-02 8.782297046030927701e-02 1.566081894847389522e-01 1.001125497754826732e-01 8.783009120870331754e-02 8.661188300548142149e-02 8.653967603033937972e-02
7.411831573841554111e-02 9.861229058675548276e-02 1.334327762234309711e-01 8.772496216693251303e-02 8.788195108615545759e-02 1.563670318187007913e-01 9.859966968557201672e-02 8.793916193163286987e-02 8.774425535767929607e-02 8.757958540472501885e-02
7.858646726273645078e-02 1.021026067443333157e-01 1.134288311849950548e-01 9.281710131403109187e-02 9.267949337658611120e-02 1.398416831512779568e-01 1.022026044409086454e-01 9.267374414146696548e-02 9.287520017023993824e-02 9.279226821342446974e-02
8.349936316035007355e-02 1.049333353578670858e-01 1.131161575088111965e-01 9.330604302306781672e-02 9.650284622377715282e-02 1.205003624192723527e-01 1.050396005736267957e-01 9.648061402943752807e-02 9.333571181867716948e-02 9.328596588511284260e-02
8.319369620374952867e-02 9.974869955381417130e-02 1.149893882933385181e-01 9.046287279320773533e-02 8.879853761602107820e-02 1.532071236990000251e-01 9.984661685124537889e-02 8.879870954166509123e-02 9.050400050151971576e-02 9.045035494643875740e-02
8.473909267726914551e-02 1.046831022236002495e-01 1.099127680740118046e-01 9.318745865838552744e-02 9.379816577915955911e-02 1.287985261187093722e-01 1.047456284833519075e-01 9.380526310183318062e-02 9.317820249605537897e-02 9.315179238762390235e-02
8.511385467333493215e-02 9.944470778671421485e-02 1.149352173426897022e-01 9.358995225423268061e-02 9.277143616217133071e-02 1.343612600611554797e-01 9.967172325190362669e-02 9.268325159635483479e-02 9.369649209352552688e-02 9.373210477791769912e-02
7.975828236635582047e-02 1.042330550605985728e-01 1.099029259258629543e-01 9.334609750868715083e-02 9.552016603186247456e-02 1.304489277358144017e-01 1.044721123172858840e-01 9.543997831293193901e-02 9.344934868255395932e-02 9.342910605804682911e-02
9.031488142631527438e-02 9.718013501885025551e-02 1.138831008527193267e-01 9.569014215679481905e-02 8.829391187228813331e-02 1.377946083505693642e-01 9.716133497849148426e-02 8.833753792626304613e-02 9.568091948049008144e-02 9.566342793721822890e-02
7.965750802331705849e-02 1.034221206425914585e-01 1.048345686782951591e-01 9.258286019501903163e-02 9.391387734071425519e-02 1.431309546646276354e-01 1.034355225465525274e-01 9.395084145516989504e-02 9.260611799798983135e-02 9.246562845572318945e-02
7.782034596381079417e-02 1.028803343572040757e-01 1.215332924516746432e-01 8.932011133716712126e-02 9.319996255865177492e-02 1.404726107054037332e-01 1.029749082232338103e-01 9.318772449653568712e-02 8.933066239466434799e-02 8.928004751165406760e-02
8.229693353590041005e-02 9.984843396074218058e-02 1.256535037230440410e-01 9.177601084916121865e-02 9.260613923115389168e-02 1.316374070006633146e-01 9.997318539866469067e-02 9.257569100734537593e-02 9.184560352094175983e-02 9.178709177238311701e-02
7.969067795332578086e-02 1.022812543443947231e-01 1.177242517819472034e-01 9.272256774488409070e-02 9.251520876356068845e-02 1.347158727859070482e-01 1.023708273620526354e-01 9.251731959924865134e-02 9.277974607607900048e-02 9.268227358860017806e-02
8.408342010303561376e-02 1.023052007720436363e-01 1.038806192804298395e-01 9.316842999568071548e-02 9.323773470406250541e-02 1.414179663892919381e-01 1.023479606109303636e-01 9.325939488430867730e-02 9.320976303514477701e-02 9.308951022507200301e-02
8.455486481374338559e-02 1.032251180660237883e-01 1.194475714516975845e-01 9.079151260751712471e-02 9.074997193316122757e-02 1.356536110755220126e-01 1.032843245374407137e-01 9.076913551543458469e-02 9.078766177969570250e-02 9.073622821976382036e-02
7.894816798804810132e-02 9.919717540949087031e-02 1.198986274799651863e-01 9.087953273436631674e-02 9.069918639165547303e-02 1.484684946812122042e-01 9.936169603208841461e-02 9.065877088532493799e-02 9.097202270056670148e-02 9.091632569728176627e-02
8.066726623716152789e-02 9.952122038725570718e-02 1.269809600492519397e-01 9.036426984261664019e-02 9.248501763876254556e-02 1.370048375162582210e-01 9.969718711695223223e-02 9.242162273974541264e-02 9.042931893327621484e-02 9.042829953871955873e-02
7.466549432230402961e-02 1.017143260739336308e-01 1.307349492372727739e-01 8.733012208770515872e-02 9.077994948664967756e-02 1.475808796406422596e-01 1.017981398856442621e-01 9.078580442768338643e-02 8.735691797196218356e-02 8.725341686620258219e-02
7.875863672530970805e-02 1.003331317407006734e-01 1.311423861033834404e-01 9.042927541002726555e-02 9.082041383502965914e-02 1.365804357833615978e-01 1.003238160353659425e-01 9.086674870499382439e-02 9.043697087617512398e-02 9.030818478565273699e-02
7.799907114468423996e-02 9.888209438123242434e-02 1.142878939226969481e-01 8.821884199224215573e-02 9.252079617517862398e-02 1.603246699421448374e-01 9.888999335735988716e-02 9.253981090991114655e-02 8.822034551128293822e-02 8.811648266326679857e-02
7.553568734624850622e-02 1.004735796092606076e-01 1.242243351042554428e-01 8.798817124735018591e-02 8.871487031229072229e-02 1.578403200892961045e-01 1.005536637978541453e-01 8.872606043687107646e-02 8.801187113449990274e-02 8.793144092207332008e-02
8.317176146035784590e-02 9.980247941903669373e-02 1.163424226882281420e-01 9.252882389212194192e-02 9.043901955516447932e-02 1.420310521267898196e-01 1.000309030972436342e-01 9.036850088524468749e-02 9.263177176597028883e-02 9.265326510984246700e-02
4.915752678089668065e-02 1.098220834265078300e-01 8.059433176721024494e-02 9.037720753493547199e-02 9.032810405659462416e-02 1.982356549250259004e-01 1.102032775650629709e-01 9.029304447159600122e-02 9.065688042880455655e-02 9.033188904336579561e-02
7.680101444572522140e-02 1.038912464078577125e-01 1.127815779134261898e-01 9.145452744909694787e-02 9.276834610409960546e-02 1.425081699701737925e-01 1.040698754102712259e-01 9.272868227424183041e-02 9.151429892111602460e-02 9.148226110399142186e-02
7.886282112944049960e-02 1.010898796583488690e-01 1.131895668363779167e-01 9.147058888969307466e-02 9.228630437002979803e-02 1.464936741029785328e-01 1.012853468870169027e-01 9.223073919879626326e-02 9.156657921583499782e-02 9.152449971148311769e-02
8.214900345313976004e-02 1.002619548442225117e-01 1.128749071393764097e-01 9.283185562591203532e-02 9.034711457245296617e-02 1.451109793209091614e-01 1.003631779756055109e-01 9.034003850408854619e-02 9.287800050796350682e-02 9.284296805632964722e-02
8.114057000672054987e-02 9.554342114784541984e-02 1.281033289645290840e-01 9.037814134870454652e-02 8.606544603468302412e-02 1.562995627760811468e-01 9.560531232555821712e-02 8.607486420071898403e-02 9.040796937275956402e-02 9.038138382239946367e-02
7.547542905113283074e-02 1.027632187143648901e-01 1.190566438763286800e-01 8.806598115127516058e-02 9.005074702789253593e-02 1.554240483489262858e-01 1.029448712386692028e-01 9.002526481402206571e-02 8.814366770250461891e-02 8.805012807488379889e-02
7.845810094596794571e-02 1.028593123162207246e-01 1.183285674256369796e-01 9.161929683905520316e-02 9.466445366436077036e-02 1.332154604753315041e-01 1.029619701850213176e-01 9.464429625829552661e-02 9.165283288160183672e-02 9.159570900850820541e-02
7.222887135079973653e-02 1.012172069236547955e-01 1.145682567331656326e-01 9.121259227148310889e-02 9.068814458881441221e-02 1.553851032291770351e-01 1.014500283943055720e-01 9.063133813228628488e-02 9.134395111877148532e-02 9.127450725754197858e-02
8.782826937109015908e-02 9.810949024802038954e-02 1.126637121876180037e-01 9.388175057400238721e-02 9.476067272460826640e-02 1.319470706061019183e-01 9.822148211578682342e-02 9.470868944021876290e-02 9.393673680967647155e-02 9.394212592287677632e-02
7.766335025950737991e-02 1.020220051080384799e-01 1.187461290062335056e-01 9.056919013173000965e-02 9.002968531360031057e-02 1.472918954561753813e-01 1.023341840369395433e-01 8.993882617540002733e-02 9.070040253350221404e-02 9.070433197887312060e-02
8.713190657810941653e-02 1.011496544693334110e-01 1.153165586778144430e-01 9.327784213955250814e-02 9.714418208032404856e-02 1.209476862827175980e-01 1.012917590272132545e-01 9.707977189283269193e-02 9.333876040708190269e-02 9.332187844502069785e-02
7.493991563910443188e-02 1.045225675590891606e-01 1.076602175834570768e-01 9.151531755728437023e-02 9.000350964403661114e-02 1.536193574665769279e-01 1.046647216220231991e-01 9.000573326461409895e-02 9.158167873129249847e-02 9.148698093252162489e-02
7.711106992869920518e-02 1.027713649592122275e-01 1.170951435463807588e-01 8.991506402333189485e-02 9.418284227114073759e-02 1.420221446851457625e-01 1.028943276991092365e-01 9.416129246691179455e-02 8.997701123467874429e-02 8.986973918538963824e-02
7.827949296960014236e-02 9.968395485078265783e-02 1.287322590385009402e-01 8.710628917766387314e-02 9.063266017186277779e-02 1.508277981284601998e-01 9.986050458891673753e-02 9.058285047470837625e-02 8.716798218318763669e-02 8.712620841631667223e-02
8.229603725457623753e-02 1.030924161604903355e-01 1.056929878590743138e-01 9.242264587773217632e-02 9.487197613293422982e-02 1.386909467874557766e-01 1.032120445679062248e-01 9.483891341586293822e-02 9.244621393015235722e-02 9.243581801381532681e-02
7.893626829642617915e-02 1.002659197303377991e-01 1.138884459466205229e-01 9.127124680237008736e-02 9.092204026452517518e-02 1.507920429104697424e-01 1.004028323901891839e-01 9.089575736337962564e-02 9.133446639683848178e-02 9.129097989884320252e-02
8.355707036232830343e-02 1.043083504842106934e-01 1.117813941537925959e-01 9.175252421080484777e-02 9.096513973513560558e-02 1.386984317270016087e-01 1.044413901233693515e-01 9.095980506452117087e-02 9.179549494502402263e-02 9.174039919381181407e-02
8.302538440254743357e-02 9.909323631865236959e-02 1.084227092670011078e-01 9.186996132023962647e-02 9.105505440012025276e-02 1.524885243298622906e-01 9.919941525446272779e-02 9.103826872237619217e-02 9.193172031056624782e-02 9.187572567417177927e-02
7.906403412339593761e-02 1.037935929581354222e-01 1.157546774024189040e-01 8.910496930103456448e-02 9.197692785390670922e-02 1.461981083763816691e-01 1.039313254033098349e-01 9.195804930006813704e-02 8.913615837566865596e-02 8.908215690568013767e-02
7.975210243339116156e-02 1.018540553954547789e-01 1.099404812254339975e-01 9.107355768683826625e-02 8.987778985592641268e-02 1.534150133779757230e-01 1.020068856282301956e-01 8.985537106282943942e-02 9.112421959415652195e-02 9.110052373976347539e-02
8.493031207687419537e-02 9.766991704895425230e-02 1.178572204362256237e-01 9.036520341010301216e-02 8.884632243040667399e-02 1.529292922444802638e-01 9.777457394008574887e-02 8.883331086247536756e-02 9.041895538756017370e-02 9.037489216283468851e-02
8.556145934245171225e-02 1.002084312972162383e-01 1.126325481398690459e-01 9.315422435710109250e-02 8.673648731677495449e-02 1.482968502404034550e-01 1.002973534401591510e-01 8.675715078797552327e-02 9.320768140870686058e-02 9.314781366934198059e-02
7.594588082424991171e-02 1.029806398673887985e-01 1.132624451118745268e-01 9.240288603868136719e-02 9.582046050129519599e-02 1.358119172467576463e-01 1.031193551014893406e-01 9.578436291783344603e-02 9.248257249371674704e-02 9.238947989671304761e-02
9.084305247906351855e-02 1.050308500590893118e-01 1.135398743257367976e-01 9.250970402700683937e-02 9.482139547975897143e-02 1.183564572957551408e-01 1.051019626754242237e-01 9.482271009349539648e-02 9.251095893005459314e-02 9.246303463461526262e-02
8.146038099351055051e-02 9.788474489258833233e-02 1.226596622496608502e-01 9.035633695935862963e-02 8.780941508728944134e-02 1.532608784079684816e-01 9.799461208917178978e-02 8.779591558852967159e-02 9.039079125425254768e-02 9.038726247766963595e-02
7.271212641606789040e-02 9.811207385411277460e-02 1.127367809550561262e-01 9.072637346006770520e-02 9.127622011451592965e-02 1.633414467118179669e-01 9.827245359761406507e-02 9.123128070721990557e-02 9.083366630885388038e-02 9.075757787467376991e-02
7.457047033376713874e-02 1.003889552603002971e-01 1.060198445012840024e-01 9.264573202202086577e-02 9.264890412530069064e-02 1.552072335069918096e-01 1.005095692044975370e-01 9.263401743649683773e-02 9.275604118679835197e-02 9.261923242254245514e-02
7.333898173679896659e-02 1.003317950526190633e-01 1.207406586988986896e-01 9.208016636694124624e-02 9.309973438659478739e-02 1.425703237183188754e-01 1.004922941007204279e-01 9.305839351157041417e-02 9.219177302139527908e-02 9.209587940614226420e-02
9.230335382013050982e-02 1.041162674553870460e-01 9.719284878419531815e-02 9.903875880680294841e-02 1.005839096216044892e-01 1.041571620237185386e-01 1.040511218346237554e-01 1.006204870606731971e-01 9.899098887129090252e-02 9.894510172157323924e-02
1.003196269792642342e-01 9.354962295283179852e-02 1.046841611694975943e-01 1.021930538922569964e-01 9.560857191081240103e-02 1.102926670660739905e-01 9.340889706538496595e-02 9.567231029423299560e-02 1.021489118270856450e-01 1.021221768425594340e-01
8.463930315154120920e-02 1.004883471610732992e-01 1.265725079259556185e-01 8.902312606467603640e-02 9.260230091175097877e-02 1.355705072542416900e-01 1.005252534862601521e-01 9.260818970893873459e-02 8.901171228500902310e-02 8.895875205055328583e-02
8.247539464946945786e-02 9.683937322276131576e-02 1.142545143431716315e-01 8.948663542520543523e-02 9.150585070437053381e-02 1.580521604404271363e-01 9.690885388560804836e-02 9.148825683413783216e-02 8.951763387232554436e-02 8.947132662252303692e-02
7.668509526300641699e-02 9.823344682966150820e-02 1.239558168929252024e-01 9.036053966371251911e-02 9.176296934884775602e-02 1.481289457462907078e-01 9.834801947022922541e-02 9.173407726717695831e-02 9.042932779035225965e-02 9.036176172779741833e-02
8.302947207035502042e-02 1.018779641695197191e-01 1.103791221279631918e-01 9.367329874620716756e-02 9.292462779783362825e-02 1.356104832717174857e-01 1.020960654794396405e-01 9.286068550074959294e-02 9.378952807332781305e-02 9.375875276288669902e-02
7.753603324683941422e-02 1.039028006507693724e-01 1.180017452139342365e-01 9.056721441863262168e-02 9.241223624443418994e-02 1.398926387506747859e-01 1.040891395240548800e-01 9.237725108531399942e-02 9.065117596805913336e-02 9.056976489728736646e-02
8.124370193543065111e-02 1.028450507552828297e-01 1.113301708861634265e-01 9.223590052106521442e-02 9.230830025961642149e-02 1.404101547453151799e-01 1.028809818095873935e-01 9.233790893092368168e-02 9.226169949987300667e-02 9.214613065674215342e-02
7.540304348795752454e-02 1.028850116072238252e-01 1.058961357273336401e-01 9.180490780882190338e-02 9.267131554861750276e-02 1.518252223146900615e-01 1.031185203732495476e-01 9.260877512373730247e-02 9.192241989583557760e-02 9.186464811253310103e-02
7.891970344865954778e-02 1.007296818720673504e-01 1.303111372536252255e-01 9.090389381509660083e-02 8.859563686321764164e-02 1.394089171519912185e-01 1.007560766509873196e-01 8.863544486762585384e-02 9.091728223039917400e-02 9.082222584633004026e-02
8.157746378165804668e-02 1.036900296724232451e-01 1.124736543434990133e-01 9.191866252236301216e-02 9.166546487715035441e-02 1.394836539615133264e-01 1.037274386329781611e-01 9.170135859170827630e-02 9.194241521746335244e-02 9.181985839924323989e-02
7.672692213405155059e-02 1.012532459460598194e-01 1.104092144110169899e-01 9.073573484604316453e-02 8.808833960981989064e-02 1.617305663765249979e-01 1.014123252833033090e-01 8.807972024815358125e-02 9.082844999587144641e-02 9.073548114915525042e-02
8.021959934117330049e-02 1.020572007682162413e-01 1.122992509292382451e-01 9.178926122176254976e-02 9.127811157256826569e-02 1.450637261043285497e-01 1.023026752247835208e-01 9.120901385833329877e-02 9.189426572063852383e-02 9.188689525895755994e-02
7.934341258982974265e-02 1.018171258259911865e-01 1.168410599758226420e-01 9.232544511712481583e-02 9.295409359775697045e-02 1.370662077509931243e-01 1.019797349900675443e-01 9.291253741227131768e-02 9.240001814723758367e-02 9.236036459290507261e-02
8.183171269141485682e-02 9.536377525716950576e-02 1.154124144380891115e-01 8.804004610863457037e-02 8.817665550837394672e-02 1.716074497852868586e-01 9.536238996484880381e-02 8.820329060543372068e-02 8.803376202254047100e-02 8.796850361820815478e-02
8.445917270033639901e-02 1.010622749824721667e-01 1.260594497381709311e-01 9.153596156028447062e-02 8.935358370306353826e-02 1.339765261943069996e-01 1.011267269144397601e-01 8.937167900874838644e-02 9.155700509986360036e-02 9.149762009831370613e-02
7.442999530295757449e-02 9.675288143949788144e-02 1.250390187914350304e-01 8.860333170586391638e-02 8.921929975872304464e-02 1.625942892915608340e-01 9.688090029717172369e-02 8.919033925744009050e-02 8.867680567250334212e-02 8.861313848284657624e-02
8.081878897966968123e-02 1.028730525734369433e-01 1.039429711543561341e-01 9.611854329294571009e-02 9.633237855812526451e-02 1.280386643981636097e-01 1.031307331815676798e-01 9.623032714870301263e-02 9.624958084946469428e-02 9.626495986356725654e-02
7.230147565276959232e-02 9.880613566913640233e-02 1.204136294075446034e-01 8.893210826378952771e-02 8.691871581742510733e-02 1.689051883684259681e-01 9.890137732206012722e-02 8.693568564344249239e-02 8.901311756442671641e-02 8.887256629097940730e-02
8.726395867409818263e-02 1.015732829177294488e-01 1.011701362107461782e-01 9.443104043851904827e-02 9.335414349780199461e-02 1.382404638904209671e-01 1.016886378480342662e-01 9.333452834146832577e-02 9.450125751157230358e-02 9.444255066960929867e-02
8.395365997647066814e-02 1.021685329478037585e-01 1.110437462637904882e-01 9.583596959776219393e-02 9.147613707867786881e-02 1.299610159260685960e-01 1.023075744300300516e-01 9.145738214272906841e-02 9.590913704654249750e-02 9.588684459012480898e-02
7.965064074008407213e-02 9.706397727733048764e-02 1.333529105694730987e-01 8.730537145794103893e-02 8.774261096127033976e-02 1.554405189346869109e-01 9.711469308110418086e-02 8.775611087272704169e-02 8.732420546262689709e-02 8.724896064275594609e-02
9.109188153999685233e-02 9.751040875423315490e-02 1.100163938281403797e-01 9.631799414832235839e-02 9.003480024753097999e-02 1.347010812621922682e-01 9.757494665931108757e-02 9.002794561690589947e-02 9.633797747841574277e-02 9.638657046495124892e-02
8.551471570945029521e-02 1.016127123395284965e-01 1.068905916790748728e-01 9.677082363816512378e-02 8.967032326182497459e-02 1.344591054885030390e-01 1.017438800561386303e-01 8.966179532521922901e-02 9.684005836943399004e-02 9.683599413266141820e-02
7.788698757990614174e-02 1.041618931337480874e-01 1.137540259116201768e-01 9.103713510990966984e-02 9.207407156093262712e-02 1.425538951758632544e-01 1.043389536723866862e-01 9.204210035216382757e-02 9.109928159915803292e-02 9.105165590431146816e-02
7.781189326157318675e-02 9.145494951261728955e-02 1.028336141999885572e-01 8.543067187960759479e-02 8.467244702546512791e-02 2.109585318260969733e-01 9.139137495816924972e-02 8.473110815009433916e-02 8.540895596576335291e-02 8.530645322062428704e-02
7.256265101530191830e-02 9.673766716486269235e-02 1.293625832787859420e-01 8.683205117412223784e-02 8.675151263495536891e-02 1.704984351766751782e-01 9.683092621867002425e-02 8.674669768888247645e-02 8.686102906994298822e-02 8.681644657780111796e-02
7.692748973778813781e-02 1.037826296055025521e-01 1.178730999009291180e-01 9.006754084366375146e-02 8.977511428058515541e-02 1.475946657277907581e-01 1.039935405342405222e-01 8.974150067770080008e-02 9.014871107535023242e-02 9.009570761644898618e-02
8.905543898238746370e-02 9.933731152483457616e-02 1.240595139667172025e-01 9.550722152668193743e-02 8.866575252809182073e-02 1.242165490457055183e-01 9.940820646090861579e-02 8.867334826758138666e-02 9.552779489279525360e-02 9.554886280429623902e-02
8.693411774256593061e-02 1.086620940949096364e-01 1.036559026843648507e-01 9.452562946216977458e-02 9.389465156081125419e-02 1.208256992745413982e-01 1.086570742467914547e-01 9.394923215176832765e-02 9.447906404011982562e-02 9.441653474195758899e-02
8.431986564107081528e-02 1.003838394355505564e-01 1.060118823275095074e-01 9.406128057754782612e-02 9.312268600048551059e-02 1.404275158057526063e-01 1.004257400577006770e-01 9.313155786266726077e-02 9.409045131634696801e-02 9.402518097536829988e-02
7.936348990002722870e-02 1.028342664352887154e-01 1.167809592016657433e-01 9.206913519751300234e-02 9.547922271178389819e-02 1.308088323189011692e-01 1.030025660754005090e-01 9.542440781096631075e-02 9.214103703700511627e-02 9.209608331144829296e-02
7.970157705240009383e-02 1.007795430250192498e-01 1.175374668235256298e-01 9.070715644939897349e-02 8.826324660054712945e-02 1.522660204742936063e-01 1.009685751895110645e-01 8.822907324103715365e-02 9.077873376211602341e-02 9.076860738215115909e-02
7.429054524849039443e-02 1.009534322904367676e-01 1.221396402512781726e-01 9.327553038825205090e-02 9.257691696438161144e-02 1.361898207039819453e-01 1.012444875698042118e-01 9.247335659064834235e-02 9.342221225449361122e-02 9.343405773823293403e-02
8.150484145783865042e-02 1.012751806944841293e-01 1.055686401232883431e-01 9.276392118521462060e-02 9.282998033547353034e-02 1.462372283979146426e-01 1.014053295119976134e-01 9.280467648330836816e-02 9.283829577183244641e-02 9.277190603864764185e-02
7.862356698149555734e-02 1.019872871336323789e-01 1.090744490770329256e-01 9.233212409271200627e-02 9.267944065020632116e-02 1.457269918565216871e-01 1.021582383910082659e-01 9.263602653277774879e-02 9.240755781160210625e-02 9.237431747301101670e-02
8.251332973173756968e-02 1.012165973814719844e-01 1.163143815739345610e-01 9.122716706582802149e-02 9.428442522377675217e-02 1.362511113511165606e-01 1.013994170775176090e-01 9.421383229792028302e-02 9.128351864564521190e-02 9.129621965105141901e-02
8.553948134705280371e-02 1.023402230465657731e-01 1.050427161506243406e-01 9.272886016858156166e-02 9.371905287206398760e-02 1.388609234975512197e-01 1.025156212427605074e-01 9.367075257877700845e-02 9.281282315932920524e-02 9.276954593669362037e-02
8.162222573515232060e-02 1.020932633737481748e-01 1.093796666922064592e-01 9.477716946646766449e-02 9.539811568395704933e-02 1.295544417465550879e-01 1.021858551903617185e-01 9.538430450182709686e-02 9.485091439337635377e-02 9.475404321634808835e-02
8.575967809214306292e-02 9.927735320446633149e-02 1.068221169697546880e-01 9.334585891223108611e-02 9.161412621358602792e-02 1.457103984956648890e-01 9.923150726194863991e-02 9.166828350855059371e-02 9.333520997147179421e-02 9.323546737018285901e-02
8.096659176641315958e-02 1.010030049538602342e-01 1.048539768346211237e-01 9.278629663678153450e-02 9.297789366979485048e-02 1.479368825357892103e-01 1.009846830306320581e-01 9.302449051389938273e-02 9.280351616478632604e-02 9.266266389342207865e-02
8.322225195844717982e-02 9.613466387245227229e-02 1.269198977923429728e-01 9.013555807935388908e-02 8.849463862084823440e-02 1.500559394473546249e-01 9.622415822540072994e-02 8.848165695319272495e-02 9.018163444184081057e-02 9.014960060876654746e-02
8.042047237496553758e-02 9.797544509242794852e-02 1.415829513454789357e-01 8.704301318589130476e-02 8.727251040526265435e-02 1.463028580699959613e-01 9.805559281933705351e-02 8.727672491855556491e-02 8.706203508784655931e-02 8.700839670023850780e-02
8.085003709732535571e-02 1.038872123675799869e-01 1.049758000857784063e-01 9.449008232079257608e-02 9.909822590574261791e-02 1.247358181309366904e-01 1.039303514961850278e-01 9.909334496549429550e-02 9.451972479517757597e-02 9.441940283498746755e-02
7.656042705829259332e-02 9.772183016325454441e-02 1.166034933795447176e-01 8.842591628746039600e-02 8.920669664291155931e-02 1.677686699607106868e-01 9.771366426820132789e-02 8.925173147457564349e-02 8.844927041214374619e-02 8.829830035290477108e-02
8.017150727082474060e-02 1.018962159596794453e-01 1.184811699405871055e-01 9.214663130890989040e-02 9.305761152353708709e-02 1.348422839498698289e-01 1.020163463613799754e-01 9.304126579567183197e-02 9.222169431279400587e-02 9.212527357674610284e-02
8.054507957754650227e-02 1.008320220626070379e-01 1.193444351696282824e-01 9.081686958621718042e-02 9.055499742298513122e-02 1.449573766931248064e-01 1.008237527298024988e-01 9.060480008095217475e-02 9.082653435211988924e-02 9.069413232501652433e-02
7.496048737062481482e-02 1.053647033287197221e-01 1.032295714136550330e-01 9.380673877814274531e-02 9.418986789481241517e-02 1.408468214364507476e-01 1.056453185510510262e-01 9.411282711189511430e-02 9.394980603765785976e-02 9.389385807699049402e-02
7.563097740382312972e-02 9.924030671766974343e-02 1.143049675240727786e-01 8.993350433965699442e-02 8.937269644782838696e-02 1.631156734305809763e-01 9.922242365869526903e-02 8.942902811462054291e-02 8.995468645983971390e-02 8.979573590321245080e-02
8.575775979809156790e-02 9.770566465589956839e-02 1.219731102061556716e-01 9.024609117958302951e-02 9.103260985372998992e-02 1.439922679390072680e-01 9.777099203519670767e-02 9.102144858858518539e-02 9.026259019820136176e-02 9.023746554554970545e-02
8.011112424645222552e-02 1.012143649944925866e-01 1.091862312746722241e-01 9.275050846782513514e-02 9.253792592472195877e-02 1.446455938663545049e-01 1.014088595742613369e-01 9.247927624819675396e-02 9.283825975713599910e-02 9.282785564588723337e-02
7.863441277541222130e-02 9.705589960935130656e-02 1.301803413809735910e-01 9.021214525704161769e-02 9.072475277795986892e-02 1.448518420988786082e-01 9.715315981181746330e-02 9.070277302027524025e-02 9.027085067653523032e-02 9.021382259175482476e-02
9.589817418108818881e-02 9.612899141606472131e-02 1.058678962242302485e-01 9.838574330175176019e-02 9.370767012763052406e-02 1.233771341871608973e-01 9.612170546323059450e-02 9.371376079662420422e-02 9.838983597902344058e-02 9.840908832319535116e-02
7.615715891992344555e-02 1.008360695525683526e-01 1.188829798109356795e-01 9.082378094088208731e-02 9.255472368481619527e-02 1.455304333063017763e-01 1.009789803318888735e-01 9.251343755162061422e-02 9.086652227627854683e-02 9.085591362478445676e-02
