1.413435797222238610e-01 1.051549568868670320e-01 9.905991181307755022e-02 9.584540672446839604e-02 8.226416603868738631e-02 9.607183064016526497e-02 1.230093683851841702e-01 9.651408728692559280e-02 8.330788721750476133e-02 7.742880528489599901e-02
1.527848115933521933e-01 1.000238415007321663e-01 9.514696702039351917e-02 9.361031430839727996e-02 8.376246439212167716e-02 9.366471746095572648e-02 1.235659415272439554e-01 9.289603547402237871e-02 8.483702433967446610e-02 7.970788238310670681e-02
1.321996643545225447e-01 1.024029881351683074e-01 9.590133517481840009e-02 9.443553102675805722e-02 8.866046222140935851e-02 9.454211544572581338e-02 1.204286990209647717e-01 9.635598731756181423e-02 9.213193863416439811e-02 8.294127866890649292e-02
1.505673119063162813e-01 1.036747193674818351e-01 1.095199570159565566e-01 9.253053394968759060e-02 7.992762115368408360e-02 9.270950059956016565e-02 1.211632911016821412e-01 9.190052634329351489e-02 8.242609046231721970e-02 7.558044810002059744e-02
1.498498862135426712e-01 1.007960550440957781e-01 9.727839955735777255e-02 9.405037223323341189e-02 8.131407113599184444e-02 9.412491026182069620e-02 1.280610259183531385e-01 9.267688930419887283e-02 8.469495084649723837e-02 7.715343948490868686e-02
1.391600626990918965e-01 9.505717481646802636e-02 9.756524677428900227e-02 9.328025712857818119e-02 9.424521114087433538e-02 9.329249070617240402e-02 1.140768848174213423e-01 9.113905984029016527e-02 9.162559345114230924e-02 9.055801862567229576e-02
1.426908823254861014e-01 1.052213809631771246e-01 1.006103516210468674e-01 9.318059895698918571e-02 7.914476061979335009e-02 9.342068868894795597e-02 1.256660195202790320e-01 9.327470955673969333e-02 9.100904222984336489e-02 7.578156551769729687e-02
1.284270333754042592e-01 1.015502973191565322e-01 1.073091051365379078e-01 9.588880380846921681e-02 8.607611616434686364e-02 9.602584910593954526e-02 1.221387311788889179e-01 9.299711489647427554e-02 9.097119213378178360e-02 7.861575688100065629e-02
1.373881920402625634e-01 1.019447894172938462e-01 9.577845097424268761e-02 9.508948153462040698e-02 8.840180708562568601e-02 9.528313198330767841e-02 1.186239572580403273e-01 9.487027238107639815e-02 8.834124026448317291e-02 8.427867706104720524e-02
1.552057569363181899e-01 1.025907793313774602e-01 9.910056099941298713e-02 9.343313491281043937e-02 8.534145237247030280e-02 9.350922957241637745e-02 1.221553670047483414e-01 9.196608760544022765e-02 7.873541457588102699e-02 7.796221668912464708e-02
1.520839719533899348e-01 9.972511856532327579e-02 1.010688706154738298e-01 9.108562396070760125e-02 8.326087336917344095e-02 9.112023738429567143e-02 1.247285424966923101e-01 8.865822443836224309e-02 8.927435373299276444e-02 7.899418348358891451e-02
1.487827002127300735e-01 1.043997239986736436e-01 1.007272532034940854e-01 9.238819744258019995e-02 7.999576161349213066e-02 9.253607628089999260e-02 1.290425309529055209e-01 9.398753007177222674e-02 8.242155572142423337e-02 7.571867050202792104e-02
1.565300588820952299e-01 1.000876893185016214e-01 1.020775529876382509e-01 9.118207813502614278e-02 8.531131467237927646e-02 9.140112543342343576e-02 1.158865669488692296e-01 8.860187733469572502e-02 9.057495541381822834e-02 7.834678087355280429e-02
1.654455833514846264e-01 1.010019886547063178e-01 1.106305545385811162e-01 8.961215815743331370e-02 7.710633788261782307e-02 8.974051321917574098e-02 1.260219078010082483e-01 8.908105746906681832e-02 7.964440948249225383e-02 7.171548944343371368e-02
1.613249609800584128e-01 1.014680030489448770e-01 1.066975573707369118e-01 9.113181449209360740e-02 7.614028570472046453e-02 9.129235952737327353e-02 1.246353467277145771e-01 9.020156949024964177e-02 8.516166259789018089e-02 7.194644006021803928e-02
1.542521251329064813e-01 1.007627169493573449e-01 1.000555964189321495e-01 9.099074487658299903e-02 8.127853544068654179e-02 9.106089321068482068e-02 1.270761584403740097e-01 9.223386246763239094e-02 8.527079882494288665e-02 7.701856823790034778e-02
1.441530183689530564e-01 1.011526245800563606e-01 1.006742997515973209e-01 9.400483161038435120e-02 8.693183735460947859e-02 9.404186899088562424e-02 1.196353800367008502e-01 9.305858622352104759e-02 8.724736618993968185e-02 7.910018689335221453e-02
1.335048968506672984e-01 1.063431175229431758e-01 1.005732453772586604e-01 9.776748334297437337e-02 8.061272492176189963e-02 9.798176226036410530e-02 1.212042849655804028e-01 9.856375746537084093e-02 8.503839637357429870e-02 7.841033091950495859e-02
1.667675288045447901e-01 1.055914352750096791e-01 9.267777729813676812e-02 9.369128404083751360e-02 7.690633649465997146e-02 9.392255986460844308e-02 1.274310310351201292e-01 9.212510008309379717e-02 7.940661989269029442e-02 7.148032721129865541e-02
1.586076763251392241e-01 1.008949152429581275e-01 1.049076842317452074e-01 9.183553933727940655e-02 8.224589143572368088e-02 9.202102869057976475e-02 1.206951868583480553e-01 8.817049004222289599e-02 8.450108734445474501e-02 7.612050049154892029e-02
1.518971704841340087e-01 1.022869922992080682e-01 9.527960475357456771e-02 9.372087781551562136e-02 8.195945532944715062e-02 9.384150322277150236e-02 1.275464726276062943e-01 9.165005141853224679e-02 8.561316167222290940e-02 7.620471037698761663e-02
1.286247559319731448e-01 1.026167864850291572e-01 1.048421203081843500e-01 9.507270790690909579e-02 8.712322279357634369e-02 9.511303963946032836e-02 1.203908158418581648e-01 9.420023111446647335e-02 9.055629804280343476e-02 8.146002193573949335e-02
1.411578830355055270e-01 9.984094424266941326e-02 9.990117877439054495e-02 9.328725755582821522e-02 8.651590249792874554e-02 9.335940093689952535e-02 1.223420402452352895e-01 9.416456454320848435e-02 8.747002005501308686e-02 8.196080811332115412e-02
1.483631305218805763e-01 9.994657524521288749e-02 1.093622348781745912e-01 9.356137908197784125e-02 8.175648297418329491e-02 9.370623919644203992e-02 1.230843306359889200e-01 9.080680427234319452e-02 8.509446337225788637e-02 7.431835982153872644e-02
1.645350934894819761e-01 9.875102856139762741e-02 9.081672490596291725e-02 9.179704589979141571e-02 8.441646171649277997e-02 9.194241441782242952e-02 1.215983296754216958e-01 9.184215414820673384e-02 8.253886284173715671e-02 8.176188434368526770e-02
1.710705696683896826e-01 9.687109516749907445e-02 1.488021011277789463e-01 8.616278363575612109e-02 6.915588079667284171e-02 8.640598450344848247e-02 1.191228743627568837e-01 8.712689848611700205e-02 6.988560597694747079e-02 6.539620627463348101e-02
1.261463898005913964e-01 1.039203662098985015e-01 9.563240757078537990e-02 9.681856789523655971e-02 8.881759847403183916e-02 9.693277158874305521e-02 1.217502960213161234e-01 9.786965700065694551e-02 8.922618122181909250e-02 8.288576421692107898e-02
1.360126760128005374e-01 1.052547930499454359e-01 1.040287469635330225e-01 9.328281905895097204e-02 8.635158248505579726e-02 9.338943786263398383e-02 1.182957336638988388e-01 9.406456366097368238e-02 8.749722153912031786e-02 8.182242570308738416e-02
1.489917086603192720e-01 1.025497011200353359e-01 1.014111248722385228e-01 9.251365989543351709e-02 8.299675089373563519e-02 9.259460360032481518e-02 1.220484367716328511e-01 9.149278175946461145e-02 8.589207557892945821e-02 7.950915684788596727e-02
1.368047180508840110e-01 1.008823000767768985e-01 1.066763195078210269e-01 9.172437813224805503e-02 8.767636002424693265e-02 9.187181977914000985e-02 1.162365061461664156e-01 9.285742623289566788e-02 9.239195374313872999e-02 8.287821830668226641e-02
1.614508086011001986e-01 1.034579197315877441e-01 9.789855780640366323e-02 9.162872727017679075e-02 7.966398617108094715e-02 9.176446605514866628e-02 1.268285986456224590e-01 9.177473827973603449e-02 8.084157897120070047e-02 7.469061846794279591e-02
1.439757487344716369e-01 1.038062744072092008e-01 1.008752179247062175e-01 9.378568795513120282e-02 8.451745545307468022e-02 9.384148203196727989e-02 1.228181888300760305e-01 9.419533557623081810e-02 8.442362960683046091e-02 7.776097948030243068e-02
1.523082220792576769e-01 1.030614193756341224e-01 1.008718861101271791e-01 9.473527326499633916e-02 8.233538194955204725e-02 9.478144687885008135e-02 1.233568417481462343e-01 9.200307093816803561e-02 8.078048685274083485e-02 7.576597080252742145e-02
1.238011841481986425e-01 1.062562775238848622e-01 1.048346554284318027e-01 9.358095805362248720e-02 8.661294676205566478e-02 9.365604462064888724e-02 1.059578896020091782e-01 1.032815574460546060e-01 9.688104137964523299e-02 8.513744503544869169e-02
1.379551926958241526e-01 9.778222055274866931e-02 9.873837437248425553e-02 9.586874269190277797e-02 8.974105352743674824e-02 9.594752806813379442e-02 1.161146279715426638e-01 9.344005806753193089e-02 8.832145544066545562e-02 8.609074661172955167e-02
1.563650304799891755e-01 1.011361071549937568e-01 1.128803746143142162e-01 8.677503954204797421e-02 8.148148341526351146e-02 8.694456442280416864e-02 1.232867784771986830e-01 8.672409956848731172e-02 8.684849017557644268e-02 7.755803214932473211e-02
1.699612774534726978e-01 1.030508020415698139e-01 1.115861316751343979e-01 9.012962473772685723e-02 7.308954693708961947e-02 9.036717108336056459e-02 1.224336123331258019e-01 9.295628686629574255e-02 7.670289624896477199e-02 6.972265062325974649e-02
1.573310140942589253e-01 1.027423501806921935e-01 9.193815499589977347e-02 9.324331761471514601e-02 8.191453100477322224e-02 9.339633377514133805e-02 1.266856007896927094e-01 9.325348701351124370e-02 8.099765479125208001e-02 7.849755574006340997e-02
1.658083821541409264e-01 9.732792153980637795e-02 1.004321473610059051e-01 8.989071763084748035e-02 8.093157609994351687e-02 9.005159287172678773e-02 1.298171201952332821e-01 8.891706930085641059e-02 8.011277135700199670e-02 7.671070148943735789e-02
1.588079855822862596e-01 1.011223714219482844e-01 1.050597732019555447e-01 9.173423920509263252e-02 7.976469081086490220e-02 9.183707107721454654e-02 1.286596246871353766e-01 8.951398492007514585e-02 8.053179444375083151e-02 7.296846464967646217e-02
1.481259107205095682e-01 1.015663755819075226e-01 1.009103990638065829e-01 9.356664341310762245e-02 8.467609566710232460e-02 9.367840617797670855e-02 1.261796218432080230e-01 9.119415002814247606e-02 8.225852462803029397e-02 7.784387287620884999e-02
1.487407933772040558e-01 1.022691427255899982e-01 1.065900405822057112e-01 9.314979510381839189e-02 8.438103696803847531e-02 9.319326060552916846e-02 1.204522078125290080e-01 9.194126726709925257e-02 8.234109392264835070e-02 7.694136163533758788e-02
1.665270978244348110e-01 1.007010439811147073e-01 9.439611326562000193e-02 9.153918211556827389e-02 8.230153246183069538e-02 9.174606767506295057e-02 1.249084055779705466e-01 8.941799255825422232e-02 8.017003053687510317e-02 7.829253400326868784e-02
1.456321137559219991e-01 1.045737750441076280e-01 1.032927295026919573e-01 9.361696568847316380e-02 8.141957039321189027e-02 9.374219487188417688e-02 1.244542993192018776e-01 9.367719314682732001e-02 8.333950370719038492e-02 7.625165457048956041e-02
1.386795422997145477e-01 1.076667001579898059e-01 1.056610030013160478e-01 9.409314962975100227e-02 8.179437276489165409e-02 9.424396309566952790e-02 1.212932125219992746e-01 9.723928810587727234e-02 8.461165264160025457e-02 7.471711578119061281e-02
1.444983503922037393e-01 1.042081199833661265e-01 1.004221843741873871e-01 9.136662846336644772e-02 8.392155476664925340e-02 9.152597490710172312e-02 1.193168842756210657e-01 9.223919447099687696e-02 8.947220152964119322e-02 8.302890683686615925e-02
1.623275707290182945e-01 1.045275103484139961e-01 1.055927948396644250e-01 9.314456200261450602e-02 7.567910808030965664e-02 9.341968231350461505e-02 1.240419019760554131e-01 9.525326272690705365e-02 7.637250572615009170e-02 6.964110125736194812e-02
1.671429536767593815e-01 1.035753370496689113e-01 9.573388308060624963e-02 8.997190780874100846e-02 7.818966668087391769e-02 9.014687301113404050e-02 1.254563406882018284e-01 9.264995783743050495e-02 8.183765064256866284e-02 7.529542952401557798e-02
1.440332420475984865e-01 1.027844092366319434e-01 1.028094251691106797e-01 9.379002969634002429e-02 8.580769496832948984e-02 9.389591591250928682e-02 1.191492596430168416e-01 9.408072819963896050e-02 8.470962928672613745e-02 7.893966584009816378e-02
1.226070561563535888e-01 1.077476544255224489e-01 1.084414191184852050e-01 9.361043262998634817e-02 8.564475959154779772e-02 9.373635676687488982e-02 1.198013228324510682e-01 9.567634590071670553e-02 9.436790401339943679e-02 7.836674856466252503e-02
1.252651518309284839e-01 1.033179827565439413e-01 1.069768090855098414e-01 9.618193843261979570e-02 9.210841325314246542e-02 9.612784323549607157e-02 1.032975410268589939e-01 9.489367076197204043e-02 9.646101150030078619e-02 8.536963811662756640e-02
1.447765148715809969e-01 1.031991291807489858e-01 1.007836340495839311e-01 9.205423941896143103e-02 8.543271791379439262e-02 9.221043855465414774e-02 1.196778168407744564e-01 9.271787563282758715e-02 8.712916432515609155e-02 8.201846921191797979e-02
1.211867695598335820e-01 1.084639690070258872e-01 1.021232057554122136e-01 9.702711206753009132e-02 8.757796097670628166e-02 9.707819088629505988e-02 1.160850898137549686e-01 9.753606794141324310e-02 8.987811335136049185e-02 8.304352064066815309e-02
1.283314189822696572e-01 1.023776648974547981e-01 1.037423870248777025e-01 9.688362064542128949e-02 8.794420728261714837e-02 9.685301989126350597e-02 1.159679067257885499e-01 9.418174641471005470e-02 9.286160458090135517e-02 8.085642355469593867e-02
1.556323430212766812e-01 1.010563720025078327e-01 1.056331311962743075e-01 8.873792654494291887e-02 7.935841584608079036e-02 8.886881987764745638e-02 1.262939349360138186e-01 9.144091343619316359e-02 8.530068013743746791e-02 7.767746300162556294e-02
1.643066483491171514e-01 1.042701392828581375e-01 1.055137879072899215e-01 9.122145375124648958e-02 7.327559590892572527e-02 9.145377928685617663e-02 1.265674407136395951e-01 9.286952390754180109e-02 8.008269175875196155e-02 7.043893913377305416e-02
1.578837861351156113e-01 1.009479236024208443e-01 1.077090846048652240e-01 8.730432370357088523e-02 8.006102883784037283e-02 8.741082256652597804e-02 1.276778672644601487e-01 8.858996035913602185e-02 8.638522365095843702e-02 7.602997927510649068e-02
1.606604500230990606e-01 1.014032661148928788e-01 1.096938912743715550e-01 8.998984642531734912e-02 7.694840705624608757e-02 9.022188148491970539e-02 1.236899453586890046e-01 9.028649110473722927e-02 8.423342487275152501e-02 7.287239628497561850e-02
1.430826711038868104e-01 1.046471858934918675e-01 1.007411678159355062e-01 9.489629919576413053e-02 8.256363412929219880e-02 9.505279274275194035e-02 1.235986704866640362e-01 9.479378680013088310e-02 8.289486702532965212e-02 7.772892480675294702e-02
1.233631398950982561e-01 1.075207455057986122e-01 1.086016741127124319e-01 9.551049480440483574e-02 8.248384968434245568e-02 9.559684960407577314e-02 1.181862754707709573e-01 9.879384267558050103e-02 8.679358435676857997e-02 8.314954389044758309e-02
1.523570990165440953e-01 9.936767980756115726e-02 9.872964488517765869e-02 8.997636089870406084e-02 8.475715739693762130e-02 9.007567825337833844e-02 1.290904749160828036e-01 8.834556130088110082e-02 8.520220883938059431e-02 8.209813468535256953e-02
1.306136651399681381e-01 1.060930974150651601e-01 1.074109581796103136e-01 9.449553807201070688e-02 8.935571557477688109e-02 9.451507661450313236e-02 1.101109326787855225e-01 9.513369470568650010e-02 8.951694603594347044e-02 8.275437558365018875e-02
1.363784289164227392e-01 1.012324455233349907e-01 1.006838447676984827e-01 9.503587531955098866e-02 8.720657456086934600e-02 9.507767996243661479e-02 1.243237824548091702e-01 9.411108878848727100e-02 8.465930274723985904e-02 8.129097695915046828e-02
1.318436690955681889e-01 1.056498708109300799e-01 1.009604730791168054e-01 9.433167425316989207e-02 8.288305090596412295e-02 9.444399309652896923e-02 1.243517295227152264e-01 9.647428786609314744e-02 8.938432462239707943e-02 7.967692674751646054e-02
1.376296537655043728e-01 9.705205280487851083e-02 1.006421552904064876e-01 9.558634754277432755e-02 9.523989445688203770e-02 9.559378932031668830e-02 1.137016655163580331e-01 8.823164854252499301e-02 9.013007216341713257e-02 8.619272059693740273e-02
1.453764488082800732e-01 1.051466290658045338e-01 9.307347611224774109e-02 9.393114769036481349e-02 8.372879550433824647e-02 9.413161194266773946e-02 1.248233966670913159e-01 9.538798119535149556e-02 8.665073448887611329e-02 7.774977852497795550e-02
1.444507928313325251e-01 1.058174722085909458e-01 1.071548319197185573e-01 9.183802395734971813e-02 8.266891505837591081e-02 9.190878231181300040e-02 1.184178498847023447e-01 9.584845716459476639e-02 8.433948044844537251e-02 7.755539421507683107e-02
1.344866691401315761e-01 1.022072629465329563e-01 1.082430907990252628e-01 9.370314605419700904e-02 8.456279715565563626e-02 9.383729890439387877e-02 1.190211897330879648e-01 9.455646647142848527e-02 8.914915548722221472e-02 8.023292330832504371e-02
1.378276878356107238e-01 1.048228925970433878e-01 1.061942220829760475e-01 9.477758137471245514e-02 8.169856776134570842e-02 9.495267046785167697e-02 1.223852693933601687e-01 9.461806144031585653e-02 8.552370895327369993e-02 7.719933809351024745e-02
1.430432044432773386e-01 1.035985875021445818e-01 9.541427405381612548e-02 9.411765625074877684e-02 8.670191756791945092e-02 9.430660525471840083e-02 1.190963825232346091e-01 9.426803683525106226e-02 8.518255424082735172e-02 8.427078132806230248e-02
1.348243265328767926e-01 1.026004797420368708e-01 1.109870218414446275e-01 9.024956117079138695e-02 8.597867208618038826e-02 9.030620411647968804e-02 1.170944894523125862e-01 9.024885155448023055e-02 9.591370934600633447e-02 8.179668415739110854e-02
1.512757680181071318e-01 1.013348075477403659e-01 1.042430738398239798e-01 9.253235925810823770e-02 8.164351035116355904e-02 9.268315795177255179e-02 1.240439936026943024e-01 9.234363005955925630e-02 8.325963810992115244e-02 7.664006126110943506e-02
1.405791919806413659e-01 1.022855586722722365e-01 1.105051328135373129e-01 9.272324228268187529e-02 8.551762342396893035e-02 9.277694605654414339e-02 1.178337122012996785e-01 9.484762857075698661e-02 8.452611647469591982e-02 7.840484752360150911e-02
1.512128546294985165e-01 1.043153055335303420e-01 1.109940312575748572e-01 8.941363668909557694e-02 7.867520249639610441e-02 8.956992074113069580e-02 1.225310160864749587e-01 9.301072870438441276e-02 8.612311709472884880e-02 7.415418676718571467e-02
1.393252424261701150e-01 1.024480358662694102e-01 1.090530673422997615e-01 9.219806135546720904e-02 7.980983596246250811e-02 9.236995663279395918e-02 1.280471003118957563e-01 9.270354441294621772e-02 8.609505905748893184e-02 7.795009663220615892e-02
1.608703729166227614e-01 9.928676190449255146e-02 9.723247075686056173e-02 8.849733802742328070e-02 8.075221091135537099e-02 8.862834718928282174e-02 1.281049701257244988e-01 9.288920857179516766e-02 8.201826650749910463e-02 8.172005308894395026e-02
1.612918194868592781e-01 1.027665836560250345e-01 1.040538240337820219e-01 8.988056152824253076e-02 7.741610824073999475e-02 9.000275616775316179e-02 1.256864980996030001e-01 9.067499984639042221e-02 8.514639945694887913e-02 7.308044948365563509e-02
1.426419022420180593e-01 1.004992718404785212e-01 1.042073841142690388e-01 9.293735826061455541e-02 8.557136222198899467e-02 9.299407570590402516e-02 1.207269288385977440e-01 9.076667775351399126e-02 8.964948492317170725e-02 8.000555409944337670e-02
2.111028548644920400e-01 1.178346709309809198e-01 7.536246460373208222e-02 9.568695486364585390e-02 5.325491318048875683e-02 9.639327186362137145e-02 1.476753373090450572e-01 9.578546842442373088e-02 5.583678499363628478e-02 5.106727896593393073e-02
1.462827442980373371e-01 1.067848892678114892e-01 1.058230913334141099e-01 9.383732188093653337e-02 8.083597884783669252e-02 9.392770223465075896e-02 1.186023868432264511e-01 9.516959070450656255e-02 8.379464393886519591e-02 7.494165065071485554e-02
1.500888395292902244e-01 1.038214714085471113e-01 1.015997628428352006e-01 9.364545660153857087e-02 8.267695003074577997e-02 9.378199470106036995e-02 1.213921210409270729e-01 9.445654572874583044e-02 8.055059635808277385e-02 7.798626175822705175e-02
1.461566986677140523e-01 1.011372798610243456e-01 9.851882588970170551e-02 9.350249635680889237e-02 8.461717337037544251e-02 9.358286571484603078e-02 1.243440511156097134e-01 9.100808378070707194e-02 8.923293626143885549e-02 7.789958898177387625e-02
1.590281902417265969e-01 9.730462746088273940e-02 1.046092803511408098e-01 9.195417146146225851e-02 8.594327610995550204e-02 9.200956228528861525e-02 1.209761538372368522e-01 8.758151602926922408e-02 8.512991634329089563e-02 7.546330587974652004e-02
1.592965364995178046e-01 1.055679646209302103e-01 1.037281973315328648e-01 9.017434001406604560e-02 7.802184617007322520e-02 9.036345677567746149e-02 1.269094567476482249e-01 9.223730125794851742e-02 7.836465249055651894e-02 7.533624809204911288e-02
1.374017899796707298e-01 1.061880995624068375e-01 1.078807828066629532e-01 9.446401217115177329e-02 8.297681125869657559e-02 9.456461698921095338e-02 1.194517102789688506e-01 9.762047911240970266e-02 8.184850139990001994e-02 7.760319644092161795e-02
1.594898573656700902e-01 1.042523176648470218e-01 1.019257933419816381e-01 9.350710773719163316e-02 7.651918905996353548e-02 9.371269601741016864e-02 1.268272650681100955e-01 9.295795364445051667e-02 7.890394728141034153e-02 7.190387281896498672e-02
1.328782823920455769e-01 9.898759047370302155e-02 9.879125692385422319e-02 9.459631148346604734e-02 8.882098310806545161e-02 9.463134145973123301e-02 1.240835629842176879e-01 9.543574822016326342e-02 8.745054559470935573e-02 8.432437736004413931e-02
1.497009709508156650e-01 1.040692154727533986e-01 1.048263273677511737e-01 9.204761017776419418e-02 8.089284189069757824e-02 9.215394680501202973e-02 1.276852711436569088e-01 9.142069353238412022e-02 8.253857171855168151e-02 7.466455094061331954e-02
1.231959608856351973e-01 1.032058329925425455e-01 1.051160051959948716e-01 9.501280956945148959e-02 8.878491207433622523e-02 9.508326045409717930e-02 1.178122649448697656e-01 9.890945884837093471e-02 9.005541022456071965e-02 8.282408481014105761e-02
1.574080327429291382e-01 1.072852469732206160e-01 9.541330108932269405e-02 9.366964633841122490e-02 7.914767123567668927e-02 9.384968726728558364e-02 1.244562761507026771e-01 9.217159101386838971e-02 8.238994372115193698e-02 7.420860346743114733e-02
1.458670928924692967e-01 1.057417436815255574e-01 1.065824345291701142e-01 9.224504722018596337e-02 7.993786129641100580e-02 9.243850893544074132e-02 1.224446539205249207e-01 9.666857446270663012e-02 8.131758108852617239e-02 7.675650197303965361e-02
1.533822926417458543e-01 1.015626819339833231e-01 1.105283751777496187e-01 8.856569015975236658e-02 7.988988818828660077e-02 8.867025788770968586e-02 1.227206113669703919e-01 9.213516860086211346e-02 8.564017598429721212e-02 7.690485805864288871e-02
1.404743292247704334e-01 1.044434286105710430e-01 1.043291343131850096e-01 9.360405389115215857e-02 8.480014078946199185e-02 9.363197532060356376e-02 1.129034170966747158e-01 9.606420037827180514e-02 8.970881195076799153e-02 8.004050842454130121e-02
1.530228087185614427e-01 1.019425582753037685e-01 9.907957055608548891e-02 9.259907660736528545e-02 8.128682340842625920e-02 9.270674673022169521e-02 1.252850676972183386e-01 9.224445922890402161e-02 8.501082554276023773e-02 7.682206323515335111e-02
1.408170274665372645e-01 1.060095715848094339e-01 1.020812332282403506e-01 9.310863446077641270e-02 8.379705887659927299e-02 9.321345156513533015e-02 1.179454970054478052e-01 9.233204609438062926e-02 8.733736161000717202e-02 8.335811810806634248e-02
1.548379157658135163e-01 1.008009329980981278e-01 9.539042016211062014e-02 9.323789207327363993e-02 8.352295211017490839e-02 9.336083581140647292e-02 1.240823138492394700e-01 9.242443674595354763e-02 8.128843595290882740e-02 8.105386453102089717e-02
1.480219437085824874e-01 1.051382081683940733e-01 1.129544451932489452e-01 9.016346007450089239e-02 8.197476431818633003e-02 9.025614462049419418e-02 1.139880244455553915e-01 9.308516049963221073e-02 8.653738662593322972e-02 7.788046234547217617e-02
1.547562892320588912e-01 1.029236864719314526e-01 9.857031028311100118e-02 9.190135443019346873e-02 8.045909314184264416e-02 9.197110400558228260e-02 1.289366939857056471e-01 9.068603968561649020e-02 8.121190090313977483e-02 7.858352786081836128e-02
1.534383372937179468e-01 9.820084246856837507e-02 1.008978041989301022e-01 9.068228960106303194e-02 8.442706972944763466e-02 9.078117647577847726e-02 1.299917596061210823e-01 8.916745188439510750e-02 8.100159640483188539e-02 8.141167233714648177e-02
1.494104745933294565e-01 1.010916149718106977e-01 1.002690070498100106e-01 9.378122094774159201e-02 8.852394987619384426e-02 9.390075815373612189e-02 1.181069466345609220e-01 8.735951938379987736e-02 8.756608255728952350e-02 7.999042583172795429e-02
1.393287985314590194e-01 1.059125457839458218e-01 9.971273912610469081e-02 9.472315063694669579e-02 7.929017709692486038e-02 9.491336430620204989e-02 1.283558793212098148e-01 9.825005458947837222e-02 8.351488471946535985e-02 7.599840588826328736e-02
1.192538684345162692e-01 1.058497387449462701e-01 1.095995744594915611e-01 9.322805518893215182e-02 8.954601058215992671e-02 9.328529387902625980e-02 1.160458663601480617e-01 9.558576721523913411e-02 8.444976302930884415e-02 9.315606210623157690e-02
1.534805323166019420e-01 9.817045146373973297e-02 1.019311977605410896e-01 9.055511726443017662e-02 8.474052698344172740e-02 9.058360886382915700e-02 1.275404024721934482e-01 8.798913021031706805e-02 8.696833521421053204e-02 7.804069745069519559e-02
1.676107228109885439e-01 1.009898759848996408e-01 9.661782400424037687e-02 9.300616238637007815e-02 7.612594511316628232e-02 9.319880538488671540e-02 1.305405724682382751e-01 9.357286109946882924e-02 7.675800067615851097e-02 7.157923007158273343e-02
1.596264059915350753e-01 1.035419713493141991e-01 9.521484559627518829e-02 9.508738186689709437e-02 7.831431386950571394e-02 9.536445246951731625e-02 1.251690736827209549e-01 9.515096524968853775e-02 7.792821139422627386e-02 7.460237853031964628e-02
1.468539748384593835e-01 1.036811059057730910e-01 1.034178636185634353e-01 9.473477957311970954e-02 7.631580781576872974e-02 9.495861329702709464e-02 1.284622237284986923e-01 9.580116872354214885e-02 8.297614968031452598e-02 7.279831281893323069e-02
1.043228873670550144e-01 1.041237020731017038e-01 1.058202701002092100e-01 9.916073061986006854e-02 9.685090616716855727e-02 9.917081055343594798e-02 9.888099036690123356e-02 1.007620430417390384e-01 9.957706062076372711e-02 9.133059908976549901e-02
1.107620451952496532e-01 9.386941193426853736e-02 9.798900975247641643e-02 1.026065447830147165e-01 1.066549762727383999e-01 1.025944962053522980e-01 1.028585044609783561e-01 9.605003228278864713e-02 9.305702717883418407e-02 9.355795193429881917e-02
1.376730645993693714e-01 1.020109969872758648e-01 1.127746193610392467e-01 9.039679551381858691e-02 8.705830363359502722e-02 9.044999964117382552e-02 1.135836016531172610e-01 9.406819488927578576e-02 9.100476209998163701e-02 8.097966162135337986e-02
1.620509162485010701e-01 9.933555371276077406e-02 1.024023977236889066e-01 9.168158604364616548e-02 8.413197532523379596e-02 9.176491493579801151e-02 1.142472170509511581e-01 9.376176500936572733e-02 8.287529809420905724e-02 7.774837585584529198e-02
1.525701871924270703e-01 1.013657060140989580e-01 1.089477718864068495e-01 9.298867317028310098e-02 7.944695749167469956e-02 9.313545175508691765e-02 1.211312955863907553e-01 9.444472682902656235e-02 7.951296568390522901e-02 7.645626439069988511e-02
1.367438625872162417e-01 1.030340602097329361e-01 9.864026891788822693e-02 9.439485494809606025e-02 8.558607407871919592e-02 9.453230489093777944e-02 1.204006224306490153e-01 9.360246397526897355e-02 9.164574724534019223e-02 8.141974071615146191e-02
1.436101260901012089e-01 1.069138860231471089e-01 1.063648315936529948e-01 9.288978922448105913e-02 8.098101372217322846e-02 9.306845295851488842e-02 1.236892143439108499e-01 9.479798564478188194e-02 8.121072034912067694e-02 7.647398005011608879e-02
1.418481842929067704e-01 1.039977176383204277e-01 1.006470254728609043e-01 9.309857080287715914e-02 8.387165642103851237e-02 9.326732664578522847e-02 1.220476510801711545e-01 9.325593677422358563e-02 8.941018942959265414e-02 7.855574144222356170e-02
1.550885549234478078e-01 1.054411757809554373e-01 9.579344455729527086e-02 9.370720848980308715e-02 7.838337430086338153e-02 9.388374642932668934e-02 1.293974026836801350e-01 9.457042292420515806e-02 7.934174540207453163e-02 7.439292450834850134e-02
1.442605225213049736e-01 1.042793569723959035e-01 1.091966687310422235e-01 9.399435181859518151e-02 8.386935697988964766e-02 9.412815091067966433e-02 1.191664864808179847e-01 9.168740365512259571e-02 8.298909780196192520e-02 7.642860412818996974e-02
1.418910047286218723e-01 1.055412185960297317e-01 1.073761729485484123e-01 9.338848255136265875e-02 8.449001979448506061e-02 9.356583520263486720e-02 1.172276262050570561e-01 9.322446965731323587e-02 8.407392319678395898e-02 7.922124711916313233e-02
1.642563348204495177e-01 1.030938869146163367e-01 9.700468976141400634e-02 9.203771063547096232e-02 7.986052096079476748e-02 9.223761611912628666e-02 1.258144317686297475e-01 8.939023007377461250e-02 8.198755333570706405e-02 7.431702561001674034e-02
1.463474576252533632e-01 1.032442869792672552e-01 1.019638566829829673e-01 9.258327097834702368e-02 8.309877945502001928e-02 9.268011343210763586e-02 1.226454737386561411e-01 9.201327878306907182e-02 8.749897862671081328e-02 7.792450369858573700e-02
1.383911003120355532e-01 1.030637617442645704e-01 1.015180195606321528e-01 9.323077433039880790e-02 8.219379575431910723e-02 9.334298179782138383e-02 1.304834641940337270e-01 9.385182317185435108e-02 8.681560570134522203e-02 7.710867343329518009e-02
1.733517659205607575e-01 9.638212989525740682e-02 9.520307498636329524e-02 8.895708485089245943e-02 8.089105891059256148e-02 8.903097181331927346e-02 1.289874041437370500e-01 8.915021131750644479e-02 7.805356044414051009e-02 7.999273771763022733e-02
1.348220788752648724e-01 1.018060181062775266e-01 1.075876480860728096e-01 9.212105406489413950e-02 8.611072612210884936e-02 9.221107085143291637e-02 1.233387792434372798e-01 8.996630716395817573e-02 9.214884428050150456e-02 7.988747320605181501e-02
1.659584381624341631e-01 9.899669576442503283e-02 1.041530420424525843e-01 9.039838801354134479e-02 7.655190765038169531e-02 9.054308267349273076e-02 1.298092804132118250e-01 9.103642511977509677e-02 8.002971065678975149e-02 7.252302950349578947e-02
1.308688416567441726e-01 1.054719289725725706e-01 9.553690049399411743e-02 9.821215613147191159e-02 8.515710477032251147e-02 9.830322144537483042e-02 1.198484277602960973e-01 9.833655572647961862e-02 8.808363436732345730e-02 8.018122867542067100e-02
1.727158908678607940e-01 1.012763187093523171e-01 9.925349137791183995e-02 9.077787219471461500e-02 7.529658955500731499e-02 9.103221843195655194e-02 1.277658348983578274e-01 8.880792517228650040e-02 8.286565009773654011e-02 7.020820869481571302e-02
1.391443887433677085e-01 1.024098166802275972e-01 9.402272376929689257e-02 9.496716487746652280e-02 8.875982154262922197e-02 9.509991761774583274e-02 1.169475734061121014e-01 9.389643733336938691e-02 8.899017422379781883e-02 8.576198180598691712e-02
1.327299001908507081e-01 1.045099105212181773e-01 1.031754832349273399e-01 9.782255270419511206e-02 8.743320071797920645e-02 9.791127512702250957e-02 1.151645236796649124e-01 9.336281161993000011e-02 8.747164338004248529e-02 8.041869882416950721e-02
1.573336310634431967e-01 9.839072741734659899e-02 1.080980488645588572e-01 8.839608025074810471e-02 7.932597952327677393e-02 8.850600066319527781e-02 1.335408762250913373e-01 8.888910614333069005e-02 8.022644727599226311e-02 7.729310257301691411e-02
1.343099345229618879e-01 9.728716414628771347e-02 9.739504250800898322e-02 9.611626701121252225e-02 9.442902435606861933e-02 9.606346671928125969e-02 1.158780442045390657e-01 8.980797311099532332e-02 9.148580619450125129e-02 8.722727722614334600e-02
1.377505058070392363e-01 1.042337240155010031e-01 9.638063547082009741e-02 9.908716385399576887e-02 9.066699905792667546e-02 9.914813983435780131e-02 1.138582359214909967e-01 9.180362872405617436e-02 8.528866647074527518e-02 8.178230084406694356e-02
1.447573390714679276e-01 1.059524854599096233e-01 1.067656669047016282e-01 9.241390471123646366e-02 8.120286448368807530e-02 9.252618005694987491e-02 1.224756224586392439e-01 9.346537359846449067e-02 8.403523146926981935e-02 7.640533178567286698e-02
2.129149020001299131e-01 9.215966950398765678e-02 9.151069346280875372e-02 8.605919672427717049e-02 7.938005704769718340e-02 8.616841053557552921e-02 1.085526262747233683e-01 8.539479229800910065e-02 8.114629220016220112e-02 7.671335995262905383e-02
1.747068375647750083e-01 9.921004199021817016e-02 1.091783243046647450e-01 8.895642108619264410e-02 7.593869765811833705e-02 8.903580085042972492e-02 1.223545839992181972e-01 8.889226551981957436e-02 8.030408239013880900e-02 7.142294463642473445e-02
1.502914890884486654e-01 1.059304977337123671e-01 1.051099712834285410e-01 9.167825199043180828e-02 8.042370820740253612e-02 9.181525556752952177e-02 1.266857987730665713e-01 9.137950037354999888e-02 8.130535797569340972e-02 7.538016900673651099e-02
1.254648734994791570e-01 1.003824371273876470e-01 1.099169561510490445e-01 9.650549205779992978e-02 9.330539296527091964e-02 9.648890809824586801e-02 1.125067737848816918e-01 8.957904746515930883e-02 9.570923280549310797e-02 8.014088604523335324e-02
1.204375189279837666e-01 1.081745811960740239e-01 1.018454593791015550e-01 9.423139785498987897e-02 9.144515296071745181e-02 9.426455971070596407e-02 1.116177574153942309e-01 9.367637003665943429e-02 9.862946900957969554e-02 8.567773350879398508e-02
1.446551689013320929e-01 1.034696204840820644e-01 9.603058700835827299e-02 9.681870896212201039e-02 8.738951794902953540e-02 9.692593507856640811e-02 1.170600138017694331e-01 9.589236052357512363e-02 7.953683068536847312e-02 8.222125660579654438e-02
1.323178998090952241e-01 1.042400362593353114e-01 1.080411286405044829e-01 9.310724595697691952e-02 8.149673170758042762e-02 9.322424400789999788e-02 1.219589529087241608e-01 9.653720182514884118e-02 8.962706578066052809e-02 7.944949310407414811e-02
1.543571208966872665e-01 1.023672152360620702e-01 1.008943390947215496e-01 9.195838340312256776e-02 8.221766846530005612e-02 9.202935149550767191e-02 1.239600386448673069e-01 8.945422823301578397e-02 8.579458634160004593e-02 7.696706818911568104e-02
1.411374078098826812e-01 1.049930479549207318e-01 1.088707306279055875e-01 9.661749699795012247e-02 7.890703471433199723e-02 9.672919780161783054e-02 1.218088030476852934e-01 9.579872576001818851e-02 8.086019840390668012e-02 7.427735688178091489e-02
1.483122161009402806e-01 1.029020645509196169e-01 9.721078998871372778e-02 9.399196095630640846e-02 8.374917634481134077e-02 9.413976063005929928e-02 1.197543138068563606e-01 9.407212918523998046e-02 8.566605688288823905e-02 8.020153155326470440e-02
1.501035953684095869e-01 1.052460692968343325e-01 9.583905037396142634e-02 9.505907877837002640e-02 8.296466575208658045e-02 9.516563568501179571e-02 1.219671157576604076e-01 9.539725797301550070e-02 7.932149816348864346e-02 7.893603285116172763e-02
1.388337120706941707e-01 1.032736899940952108e-01 1.040082164162589307e-01 9.297825903639514444e-02 8.657311155446527351e-02 9.300540458086983819e-02 1.170425570358333833e-01 9.603028292599770366e-02 8.777178717404861275e-02 8.048297921134173194e-02
1.409505974853336729e-01 1.041013845146246120e-01 9.923698311196620103e-02 9.406582954789986795e-02 8.663106789065783131e-02 9.419178072388784129e-02 1.198227964988710509e-01 9.505327662621960993e-02 8.241610030020553312e-02 8.353018330033377958e-02
1.327482071759016613e-01 1.048321073046114549e-01 1.006696780005889164e-01 9.701470423798258524e-02 8.317070536004772530e-02 9.720412189168227413e-02 1.226539296614537894e-01 9.769045116501925974e-02 8.347673632561361523e-02 8.053935887709877395e-02
1.463607703173314678e-01 9.973583726516666026e-02 9.517069030081991288e-02 9.371878618804625749e-02 8.833083098235940123e-02 9.383325014132488928e-02 1.217250611212601918e-01 9.207237288049986701e-02 8.724031031245367551e-02 8.181209049073767670e-02
1.510906671541440149e-01 1.032209140276819509e-01 9.382257567910017027e-02 9.463648988862376210e-02 8.537250761810050159e-02 9.483302136804794280e-02 1.217535442058608058e-01 9.494499326213130808e-02 8.039797974121842827e-02 7.992730705509108746e-02
1.529035321082343191e-01 9.809716262844477008e-02 1.034809939309183774e-01 9.183290138595072427e-02 8.630255556377584847e-02 9.191034821726766502e-02 1.211655317866400655e-01 9.016402113273663810e-02 8.369889687954613910e-02 8.044405636648550850e-02
1.488905281774813849e-01 9.979001082118425792e-02 1.176272669967157875e-01 8.858333026446099656e-02 8.269551675949907144e-02 8.866522564981084431e-02 1.210251033999871634e-01 8.884783473187504721e-02 8.606974905335698645e-02 7.780543414562850202e-02
1.282415421953665147e-01 1.069133027811750292e-01 1.000193562277521264e-01 9.707272513768187838e-02 8.310034529183790708e-02 9.722728767880589595e-02 1.203689893376667513e-01 1.018628852689464764e-01 8.445762091173755759e-02 8.073594516902986296e-02
1.716903727946914870e-01 1.000893199016083118e-01 9.789462598358622536e-02 9.035148641079775167e-02 7.892207109814163013e-02 9.056785264911640376e-02 1.242867850809742242e-01 9.126797795121262269e-02 7.984061990419052957e-02 7.508888822568082766e-02
1.367713914644318740e-01 1.035787441853974755e-01 1.063544770484066704e-01 9.336877741375840256e-02 8.421677441596829572e-02 9.355707113033562283e-02 1.215160250793472646e-01 9.432970651598285294e-02 8.703969380143083967e-02 7.926733894494064625e-02
1.499631391427093674e-01 1.043280249838615531e-01 1.041333476409036368e-01 9.381610995798939090e-02 8.411976762952186326e-02 9.399694845471678883e-02 1.166994317007852694e-01 9.365737110111239938e-02 8.065864503929080775e-02 7.862721434910895091e-02
1.446467187738178506e-01 1.086078491846236282e-01 9.468935708222316061e-02 9.623865646246093641e-02 7.842725267605246686e-02 9.643675754260656874e-02 1.270702499129935936e-01 9.659693763006695078e-02 8.220720096867407956e-02 7.507901976648072295e-02
1.671166585216932454e-01 1.017568786865618025e-01 9.677383484513217560e-02 9.199380028269514564e-02 7.826888195141419591e-02 9.221902666132987536e-02 1.253096936060628941e-01 9.155010191818656329e-02 8.035433246891904302e-02 7.465679105800505921e-02
1.449033938488878959e-01 9.842425337017728093e-02 1.051501761657366307e-01 9.087049943563352272e-02 8.527473218212414108e-02 9.091147961268708499e-02 1.251485030877838855e-01 9.166593297691882913e-02 8.448367194278871839e-02 8.316735737726205224e-02
1.486101257058613234e-01 1.041846912625905008e-01 9.979368952728520648e-02 9.523821639453580734e-02 8.299780856138748442e-02 9.532506301170197427e-02 1.171132042582429117e-01 9.497500070270711858e-02 8.200883089845294183e-02 7.975336967723471726e-02
1.474558540805416262e-01 9.899623228889331550e-02 1.103558284904051362e-01 9.180613632110053157e-02 8.121028885242918827e-02 9.192816057999085577e-02 1.248717635862680170e-01 9.233935622887058658e-02 8.490292262873951057e-02 7.613345694276130171e-02
1.234495993958278220e-01 9.620884014738173562e-02 9.538863120862843548e-02 9.848152714536152763e-02 1.026274881757005125e-01 9.845258528191587477e-02 1.114775553215608256e-01 9.378677719656280942e-02 9.152645330514970479e-02 8.860054282191080766e-02
1.491118095963010759e-01 1.034154588742629000e-01 1.046635447228061455e-01 9.305512362635250112e-02 8.183197233842474938e-02 9.310123457580672668e-02 1.178862116812774419e-01 9.480025084392879053e-02 8.687450061979265503e-02 7.525989312104701401e-02
