8.990101995376995059e-02 8.955323777631082893e-02 1.020900965843016955e-01 1.137158815028003755e-01 9.183083938739196317e-02 8.883355009519849910e-02 1.054227332848863136e-01 1.310901428930415502e-01 9.733193067949842681e-02 9.023056784280038267e-02
8.816841300883559995e-02 8.766182310461938243e-02 1.002750980908922868e-01 1.153913282489979902e-01 8.959500304658953029e-02 8.832969794248712869e-02 1.010167990628560303e-01 1.437490924267789405e-01 9.414128454716486072e-02 9.167146052077825014e-02
9.302393500570109441e-02 9.199296169271259371e-02 1.019025735376383190e-01 1.141872351342866770e-01 9.143159911742554380e-02 9.011349552244013461e-02 9.956424045891275332e-02 1.259701350919302243e-01 9.757226480862499218e-02 9.424155963032768146e-02
8.469153201125176333e-02 8.378397307164443808e-02 9.914575305450304410e-02 1.097411435535755320e-01 9.964334070304461943e-02 8.429512631512345311e-02 1.173670064151511594e-01 1.371041688981500806e-01 9.422254585422480677e-02 9.000541012333107549e-02
8.736944713408738294e-02 8.641394419648661118e-02 1.028449702169781377e-01 1.183150307409795710e-01 9.063285882423713358e-02 8.766116303045215497e-02 1.041702011368649261e-01 1.393275184284063495e-01 9.389532224768627755e-02 8.936954404382151107e-02
8.724425404514479787e-02 8.803098635383196924e-02 1.067021367880003069e-01 1.096801032806954124e-01 9.433066387548540155e-02 9.006781900431798382e-02 1.034556389636050594e-01 1.342224693161333804e-01 9.195664807040634936e-02 9.430928030237928361e-02
8.757057417341422567e-02 8.730458627207404732e-02 9.949571129361972632e-02 1.171258229788610661e-01 9.411421252671609006e-02 8.710528382245609491e-02 1.050847193893628684e-01 1.334600322596225797e-01 9.830079671228281191e-02 9.043826057159043419e-02
8.724936514409528665e-02 8.657668181975985977e-02 1.034881129319992626e-01 1.129753678210498324e-01 9.974527452632531155e-02 8.922406102306576492e-02 1.160671908220052423e-01 1.193568643886829955e-01 9.428905244647077522e-02 9.102802907654568287e-02
9.071179744501625675e-02 9.093141640248193769e-02 1.007473305307769740e-01 1.132156294932223223e-01 9.167544502167490617e-02 9.106352047777090120e-02 1.018347892832074941e-01 1.316075214733561927e-01 9.741728826409756792e-02 9.079526160839550275e-02
8.707961905381254863e-02 8.631380007732686321e-02 9.793272366504993109e-02 1.135725133515977370e-01 9.280810677222678384e-02 8.767543424094434434e-02 1.055136030547373510e-01 1.453079449453948402e-01 9.603966998768913299e-02 8.775658485122049546e-02
8.463454150702603984e-02 8.387034217881449150e-02 9.962484713328410846e-02 1.165698557242550032e-01 9.539695316549759441e-02 8.617082495549915899e-02 1.067542681129995535e-01 1.433409874356152414e-01 9.413628094774982580e-02 8.950109883925898291e-02
8.684087486175939841e-02 8.628065248911034879e-02 1.007165128038233770e-01 1.172149207443575897e-01 9.221878945224448731e-02 8.476592605261178137e-02 1.112342304776661461e-01 1.361895981895982488e-01 9.548416519160847493e-02 8.905432973722018919e-02
8.293974971154337295e-02 8.276815005386685409e-02 1.030181799296041034e-01 1.080676496101497103e-01 9.537148248967450281e-02 8.507152065055915979e-02 1.155099908145331422e-01 1.463126862666463968e-01 9.340774977203451790e-02 8.753284070138825368e-02
8.096526993565930641e-02 8.021926839506970941e-02 9.937813763289775337e-02 1.122595513442213866e-01 9.936637895640684781e-02 8.066085908828080075e-02 1.255998093858041731e-01 1.485704443242992223e-01 9.066316585791778238e-02 8.231711507944303174e-02
8.264146868707671068e-02 8.231982665041498448e-02 1.004819719046874532e-01 1.128486936937534713e-01 9.721827732048893278e-02 8.310802150092085061e-02 1.164657549206681575e-01 1.469661346240401234e-01 9.237518425962792934e-02 8.557466643832137287e-02
8.611098307504469473e-02 8.567714807381937581e-02 9.988971095320428595e-02 1.167058141383472969e-01 9.276950333413484795e-02 8.449800028740112046e-02 1.090519478633200229e-01 1.427884165345114642e-01 9.342003058280400063e-02 8.908844515741294601e-02
8.791430951620524126e-02 8.736011784029169835e-02 1.016567120518551831e-01 1.112214365435895969e-01 9.428464900190515474e-02 8.825243975165987520e-02 1.094224666888490710e-01 1.349556203839509527e-01 9.471146110713117572e-02 9.022078711456206490e-02
9.253878614003990810e-02 9.207793200673082545e-02 1.001757052468726233e-01 1.126351912091555496e-01 9.371363836970673933e-02 9.126382449864610391e-02 1.013044280595000179e-01 1.246076489617418820e-01 9.888610700184481683e-02 9.279673850576158900e-02
8.669667751857050575e-02 8.533671275995140248e-02 1.004987866696299137e-01 1.172433201975041084e-01 8.568422436664328845e-02 8.670510808252331059e-02 9.693036214353982494e-02 1.543297665258798745e-01 9.744446856855763783e-02 8.913057316720010559e-02
8.160911077557210513e-02 8.177075745035711218e-02 1.016388068929578586e-01 1.113130892543207212e-01 9.717368446376584146e-02 8.509952095234460390e-02 1.140112393624648918e-01 1.469844686635295994e-01 9.334642505453842609e-02 8.705289713014885411e-02
8.659068100119458877e-02 8.596512019029831086e-02 1.014569388532375882e-01 1.185698799614350041e-01 8.923901618547573633e-02 8.786557320485398337e-02 1.023763435785518955e-01 1.421283719890761299e-01 9.573113384877576792e-02 9.007694118710096731e-02
8.943459906471695753e-02 8.866966511219247227e-02 1.027486020283765039e-01 1.122076073362775761e-01 9.841781335320813617e-02 8.949796362562059682e-02 1.089810585078480609e-01 1.207146360453743156e-01 9.630143892771232672e-02 9.302661599867304010e-02
8.932979047313083232e-02 8.875029735474834758e-02 1.008624820157506125e-01 1.142754606996687905e-01 9.400294580685404633e-02 8.789805065777242521e-02 1.093779694847742540e-01 1.326912766832633594e-01 9.390969040179052152e-02 8.890203642224682457e-02
8.409706936850420977e-02 8.351071081263691798e-02 9.929430239605477326e-02 1.123448906216487769e-01 1.003943734575482166e-01 8.599861628831136084e-02 1.196576502280437548e-01 1.362070451425946849e-01 9.164627598117749963e-02 8.684906570347986077e-02
8.723782632101564904e-02 8.691140541651896922e-02 1.011582748352908429e-01 1.143729017472567833e-01 8.589663880726540468e-02 8.679887221366279493e-02 1.013437428720191102e-01 1.555127724857542637e-01 9.332125548443542806e-02 8.744630981678080950e-02
7.505812350121830734e-02 7.434687640462428471e-02 8.698100161525443297e-02 1.010003177351644493e-01 1.266569129998966758e-01 7.343653576005389205e-02 1.600196284075046105e-01 1.459054346142239500e-01 8.233257392917717188e-02 7.426259503288222541e-02
9.306524330601108341e-02 9.298637966893723295e-02 1.034139421888136123e-01 1.148984120973838841e-01 9.071155080864777565e-02 9.194547533827251984e-02 1.016733503890529522e-01 1.196209276107092767e-01 9.848503689145435280e-02 9.319968170071732394e-02
9.045924048088287150e-02 8.903457115125931742e-02 9.738787700793040403e-02 1.113770072283058882e-01 9.840024356845629427e-02 8.823745024684823135e-02 1.054884108683717264e-01 1.285588661437158664e-01 9.958111491300962459e-02 9.147521839121980358e-02
8.629635860741217968e-02 8.581685236938083050e-02 1.011652565999836967e-01 1.134529295907866636e-01 9.494865394860332874e-02 8.674937049818479129e-02 1.078325003245335922e-01 1.394029390013419023e-01 9.600016781840457758e-02 8.833497124136840961e-02
8.756647503098859142e-02 8.744888100865731706e-02 1.012328099780940294e-01 1.088630767167822200e-01 1.003110451144529347e-01 8.631972396264485370e-02 1.137585176300660444e-01 1.286872997251310158e-01 9.478882898592796979e-02 9.102334184725503763e-02
8.588786873726426963e-02 8.502550852760487610e-02 1.012851883250248525e-01 1.164989467009985846e-01 9.058292346397710249e-02 8.483260188123378787e-02 1.029462815961273564e-01 1.492403538960137555e-01 9.568643735382746651e-02 8.801388951792797621e-02
8.923778079245320294e-02 8.780495385284217691e-02 1.015201355076567613e-01 1.132885948088516725e-01 9.378436765995770696e-02 8.741786266100816383e-02 1.082853498122264557e-01 1.338007746359963501e-01 9.648986353352710654e-02 8.837031673548044475e-02
8.613764536236688529e-02 8.504264143475046001e-02 1.016778629022115771e-01 1.128519041688819946e-01 9.301872446410984485e-02 8.757223701096496227e-02 1.098025613888004293e-01 1.403808098855414965e-01 9.501604131951989218e-02 8.849957206285245792e-02
1.003032254250408595e-01 9.881929160593630468e-02 9.382423843568168942e-02 1.010759206380558023e-01 1.001706292583801755e-01 8.948610010216286048e-02 9.859860069890083456e-02 1.183897501251821721e-01 1.015756128723587087e-01 9.775663083830062050e-02
8.976328620045655182e-02 8.862427889770900513e-02 1.062336526134410736e-01 1.096946950340317167e-01 9.366504049771266771e-02 9.088189992278007667e-02 1.041866853638533513e-01 1.307285130089242409e-01 9.272013372040407986e-02 9.350181474068725018e-02
8.006217207160264138e-02 7.997770671196527403e-02 9.874691954963302210e-02 1.127487135508576238e-01 1.039337281392417600e-01 7.995337715594297290e-02 1.241047634423528973e-01 1.439026086116262093e-01 9.308486423405344656e-02 8.348514653272416652e-02
8.354358181925525262e-02 8.271676482558006083e-02 9.815991638532775565e-02 1.084165179751701569e-01 9.917754169878387205e-02 8.009709214638077723e-02 1.204958899073787087e-01 1.511866844632344942e-01 9.147818721877548631e-02 8.472782356011346327e-02
8.841088184140025175e-02 8.768541534331061871e-02 1.006513540962647724e-01 1.181706631955973530e-01 8.632534159001860330e-02 8.761516335564625835e-02 9.840392196971435579e-02 1.476485395825651026e-01 9.637197855783859179e-02 8.871674046764410626e-02
8.264601240487778888e-02 8.202310976236465434e-02 1.001186423096245975e-01 1.187245335789449130e-01 9.259033911995628863e-02 8.284818761786487407e-02 1.143622470733052787e-01 1.525954030137199879e-01 8.964852222785155145e-02 8.444300289149007932e-02
8.209796999227229886e-02 8.152196199688509226e-02 1.019312332187522624e-01 1.160520547955812692e-01 9.557822420123043838e-02 8.350236731149227043e-02 1.182601882502313517e-01 1.442204647503426695e-01 9.198289553499899851e-02 8.485263994821336253e-02
8.657270294108082576e-02 8.543206334260966539e-02 9.994269012443857125e-02 1.171601641770186469e-01 9.438722487861318788e-02 8.761789670912677186e-02 1.083281331410129583e-01 1.384271566439008727e-01 9.493894136834683806e-02 8.719302667385164796e-02
8.583468420473766569e-02 8.502953759403807099e-02 9.921451169402235870e-02 1.103563863408114909e-01 9.838077137965485497e-02 8.614081628124567458e-02 1.146712065849442158e-01 1.371929596890014424e-01 9.440921922155687263e-02 8.876990700998738104e-02
8.436801496010704060e-02 8.395416891574151996e-02 9.978936998086825050e-02 1.166184122399456929e-01 8.857096246790936711e-02 8.585511752070489055e-02 1.013664382312882695e-01 1.562185050345237247e-01 9.436220487647591082e-02 8.889680577243533333e-02
8.758533670641105440e-02 8.693060432287216810e-02 9.878151187934189337e-02 1.144264996108209920e-01 9.560664640280307214e-02 8.683990563718435585e-02 1.101570857343557308e-01 1.348180228897704613e-01 9.671426710352606926e-02 8.814011971291420278e-02
9.134008229095190445e-02 8.988419044267216551e-02 9.760647340424032092e-02 1.114243171259638870e-01 9.750154459554903619e-02 8.691061276242684208e-02 1.086433286722629510e-01 1.279961406952687952e-01 9.930603439747588690e-02 8.938727561318819681e-02
8.811561709936004128e-02 8.748737187015921679e-02 9.969971958470862095e-02 1.126513383209650221e-01 9.521191257598184132e-02 8.657608041991025905e-02 1.033528958836752859e-01 1.369227797188171392e-01 9.878057975060153262e-02 9.120170477582108248e-02
8.642141447585130476e-02 8.590507085010544441e-02 9.735419402746055273e-02 1.115612187893812723e-01 9.518637700277388092e-02 8.387655902693492982e-02 1.154546095868433514e-01 1.464393385985136853e-01 9.407276799375575982e-02 8.372844964837976300e-02
8.606869679921366756e-02 8.571140529126584917e-02 9.981576645338119391e-02 1.151590744542321937e-01 8.844209622704955753e-02 8.315557935682954538e-02 1.045761606545167199e-01 1.543526580473475185e-01 9.561705458277340586e-02 8.710150813339036235e-02
9.025674032514419132e-02 8.877199491410124599e-02 9.674242983357926595e-02 1.117591340394098604e-01 9.691817624395164532e-02 8.844747625934264168e-02 1.056511504472107676e-01 1.357080180190302909e-01 9.687368026598891513e-02 8.887119965224125895e-02
9.099317167988843491e-02 9.021694398529291059e-02 9.932108930006668113e-02 1.122856490652705541e-01 1.021087980689200925e-01 8.821005557175835843e-02 1.059872082943818655e-01 1.154037942377471870e-01 1.014573619883972072e-01 9.401592780827666695e-02
9.432864825416746590e-02 9.237843434093659378e-02 9.380892381972920357e-02 1.002856018261400195e-01 1.041262044166553075e-01 9.364121319940689470e-02 1.018524065933725381e-01 1.218749099621831283e-01 1.007226469080556991e-01 9.698101067935319120e-02
8.812565116996402825e-02 8.751261450532527020e-02 1.005626165858937437e-01 1.121447404850847707e-01 9.491060622030492167e-02 8.683157135558360051e-02 1.044602286504792144e-01 1.364360910342490019e-01 9.708464319754317451e-02 9.193123679557232975e-02
9.405591126092757714e-02 9.217578119906366663e-02 1.023763297878440559e-01 1.089213973744130454e-01 9.627347820370700526e-02 9.168922391684622419e-02 1.010389193995911011e-01 1.142862786160352279e-01 1.022502135184883421e-01 9.693246672308372669e-02
8.940132972377055898e-02 8.978205435357250463e-02 9.915581392898852042e-02 1.093948334746654288e-01 9.855957996930767018e-02 9.241311253913563062e-02 1.063080086962221865e-01 1.219560648795599694e-01 9.725619571966161170e-02 9.577300671511589092e-02
8.530229242773502973e-02 8.413132376734314133e-02 9.893411221412766465e-02 1.150723120225880941e-01 9.703792323865277625e-02 8.158566187916542478e-02 1.159128438035011421e-01 1.427911634677587749e-01 9.281181766869667227e-02 8.642054951043126598e-02
8.526227286873482025e-02 8.439792711686568139e-02 9.573100812473056553e-02 1.143428881015828430e-01 9.577489595599325556e-02 8.279887540063923801e-02 1.141609078736085386e-01 1.491763697824739499e-01 9.452803138107275516e-02 8.382682339429835261e-02
8.262230645075094304e-02 8.157901408411154243e-02 9.714569735299026509e-02 1.163646095065323793e-01 9.909184027706373354e-02 8.034016932527361654e-02 1.197219085333804667e-01 1.449139153689991966e-01 9.291446469241447514e-02 8.530607440848334000e-02
8.232702797333761591e-02 8.200616708134152166e-02 9.828761057010937385e-02 1.118714257408806034e-01 9.961089386419128000e-02 8.162610713300035015e-02 1.241856111572272325e-01 1.458535739577384582e-01 9.198540335436598825e-02 8.224617916780757598e-02
8.838051390123356776e-02 8.798931250593457210e-02 1.014743282820165099e-01 1.140234132966106845e-01 9.339305727260348300e-02 8.801965122046113976e-02 1.073882482921301035e-01 1.326202188044842412e-01 9.693231805376192889e-02 8.977893837076376948e-02
9.431535022874723562e-02 9.272753014855429632e-02 9.462469936786765956e-02 1.103200803265520918e-01 1.018225366355613587e-01 8.959855972623739784e-02 1.084700289550358798e-01 1.155934151095132367e-01 1.008423978093873630e-01 9.168540169254343897e-02
8.352492137675369965e-02 8.273615891994959282e-02 1.069031016197643930e-01 1.196206154818533346e-01 9.235955207791606003e-02 8.422206709139004599e-02 1.068076148555134469e-01 1.422175200621506042e-01 9.293992492723326948e-02 8.866852358747552565e-02
9.282524069884903750e-02 9.073720322394115967e-02 9.426444749522047695e-02 1.046041722414319530e-01 1.024073661542822394e-01 9.010388781891710830e-02 1.061620726418560784e-01 1.244489030695446335e-01 1.012781611220725936e-01 9.316854553388477511e-02
8.918628847859357001e-02 8.842618437025243083e-02 1.016247280919645724e-01 1.155277114378429199e-01 9.435343040477929544e-02 8.930188331559797688e-02 1.090832392691449410e-01 1.277134381679305708e-01 9.482168555423793610e-02 8.996141090965575904e-02
9.127071118057231147e-02 9.044681728999252879e-02 1.016565481487669148e-01 1.155036796328556270e-01 9.440936994823775907e-02 8.840363952050750429e-02 1.037037246940127472e-01 1.232722053200723950e-01 9.872861881207342649e-02 9.260468545290875819e-02
8.498426286531358953e-02 8.457300114723456663e-02 1.072330519402018151e-01 1.084524917767815538e-01 9.648493793037529742e-02 9.161430553329803772e-02 1.089108544574901444e-01 1.317497470236912438e-01 9.306817551181668924e-02 9.292917181379709013e-02
8.947628421218661865e-02 8.963090396777166624e-02 1.019746344498163731e-01 1.167715549473049286e-01 8.742975142652260889e-02 8.816153145347969955e-02 9.986580783801186911e-02 1.364796256102346617e-01 9.868242236849181226e-02 9.152748372617974804e-02
9.033889188355566369e-02 8.832676798866428980e-02 9.898369887955958679e-02 1.083947087277512822e-01 9.866333758276953081e-02 8.458550423345058411e-02 1.147879243404108379e-01 1.328545480079361685e-01 9.751641903541485856e-02 8.554819932048721154e-02
8.812486744880891620e-02 8.768235869470365762e-02 1.016114670343195858e-01 1.096783283067464670e-01 1.002049670944017701e-01 8.683894908623297770e-02 1.185617942622989446e-01 1.245181897440271052e-01 9.454585420532951590e-02 8.823322412313103213e-02
8.939165422070718958e-02 8.757617541155571228e-02 9.982097773498917193e-02 1.126792310265670033e-01 9.817088693487667495e-02 8.765031509560700096e-02 1.111693895460962034e-01 1.274215036842814286e-01 9.681292308909672517e-02 8.930694325622287599e-02
9.002460720416019524e-02 8.974031830345904903e-02 1.008994622429729981e-01 1.129605138618006988e-01 9.076942130377488316e-02 8.950887974175070205e-02 9.982841756021286483e-02 1.361143678136067792e-01 9.844943455074028904e-02 9.170457741752154057e-02
8.699967588665578899e-02 8.573914424109500831e-02 9.658233952390514465e-02 1.104921062083816657e-01 1.053910795920213889e-01 8.570063289358786918e-02 1.126373335782168139e-01 1.278141140926803143e-01 9.752882349501418302e-02 9.111475048844185076e-02
8.626033535108094952e-02 8.528715396588905373e-02 1.004169408482228215e-01 1.136088958959889372e-01 9.607179646710661824e-02 8.541137153017168415e-02 1.123338980899892398e-01 1.394380231602689590e-01 9.328702238250440038e-02 8.788456230877735031e-02
8.920760578201004931e-02 8.787095082719308115e-02 9.563457287856205746e-02 1.082456390191259138e-01 1.021668058280032071e-01 8.588480586212614287e-02 1.201360065268705368e-01 1.299256629416506159e-01 9.458539462668012765e-02 8.634255570777826794e-02
8.517481301532242588e-02 8.440647055712141578e-02 9.973624684200584067e-02 1.104465547534857345e-01 1.006271077636981121e-01 8.106383534718432371e-02 1.211253648921766790e-01 1.369860866804864519e-01 9.457255344865717062e-02 8.586096669986188756e-02
8.556310234909443591e-02 8.475295866456826477e-02 1.015755811372564821e-01 1.163445629072824422e-01 9.968686905109408469e-02 8.420281725275428897e-02 1.220641457798032486e-01 1.271453325139204615e-01 9.360627910065648372e-02 8.505835124356979360e-02
8.603501017206514889e-02 8.563946938151133226e-02 1.097710050792684022e-01 1.170957296002373416e-01 8.962778730724080267e-02 8.151399273652508437e-02 1.055370985899121428e-01 1.479182062170149858e-01 9.151925358600068727e-02 8.534244733022409990e-02
8.364170028059644824e-02 8.295108019323786663e-02 1.008597433296497536e-01 1.140181820699935622e-01 9.510991179344908952e-02 8.216418914069219259e-02 1.157182218790867995e-01 1.472016050557059530e-01 9.394484342906829488e-02 8.439052282852003983e-02
8.621162433430214211e-02 8.530044318923545033e-02 1.020823897123839530e-01 1.122999854735962366e-01 9.767496456950713890e-02 8.734142902033266431e-02 1.093058371655837996e-01 1.336685458771985080e-01 9.416190017188273698e-02 9.195288048597731467e-02
8.494150178149763308e-02 8.370454369397066496e-02 1.046747376085493120e-01 1.286519527156880505e-01 6.556496095801205015e-02 8.338787301338225488e-02 7.442317342962959104e-02 1.851132595369094636e-01 1.017320698287375036e-01 8.780592743362340691e-02
9.006049218047712523e-02 8.835819574925021791e-02 9.628722019961052925e-02 1.093410005518513917e-01 9.807280076065950924e-02 8.708563176926861771e-02 1.070882155933776531e-01 1.355764667590917960e-01 9.897501834395656950e-02 8.915495809245661818e-02
8.908310205747677069e-02 8.777340833625757455e-02 9.906946296413690622e-02 1.119294428307100048e-01 9.419459873752546175e-02 8.697514800477350316e-02 1.072678106017865146e-01 1.392256716364334845e-01 9.616480373033781115e-02 8.831655110056194080e-02
8.614619962178642065e-02 8.593379367691099391e-02 1.003758773609732535e-01 1.164064492206537960e-01 9.292032725593642184e-02 8.825945450549875504e-02 1.070357297569076577e-01 1.376636663878189892e-01 9.536781103029681739e-02 8.989069118321690866e-02
8.135453213998931898e-02 8.086225617053088843e-02 1.024182692408859702e-01 1.107637234229136430e-01 9.650374965738625632e-02 8.487969618774261760e-02 1.199019578490173182e-01 1.464859952126491838e-01 8.976412549295620380e-02 8.706569462592858577e-02
8.523236628265616621e-02 8.435749616849577692e-02 1.001277384113577751e-01 1.150896687091095133e-01 9.467549403149949638e-02 8.239478774551532714e-02 1.110868363571109046e-01 1.453992511084195027e-01 9.627512435867352503e-02 8.536123682716202643e-02
9.177604439951514426e-02 9.051831423408664146e-02 9.541263970443784881e-02 1.101017442161063564e-01 9.991956639616947355e-02 8.753974210639747788e-02 1.128300762877015723e-01 1.271994307779920896e-01 9.836539028494405146e-02 8.633705159264935813e-02
8.624650840860254020e-02 8.497101189029279689e-02 9.982367723074003774e-02 1.149496972266060013e-01 9.290296448350035541e-02 8.541189472599924892e-02 1.069271082044905979e-01 1.455493624456944135e-01 9.484867355695221491e-02 8.836910182712179318e-02
9.069737553666938623e-02 9.050683964060353415e-02 1.024304543836101339e-01 1.165331018952866782e-01 9.355579381730021182e-02 8.969974756902962532e-02 1.072850937870894888e-01 1.256208122046336695e-01 9.372372237480319779e-02 8.994705879097403267e-02
8.543408100478154521e-02 8.453153547821189162e-02 9.903813465239044711e-02 1.166279990025583940e-01 9.659871053422952603e-02 8.509570454296791486e-02 1.109340739646445251e-01 1.379509169622426534e-01 9.583147830725649574e-02 8.795736555071664853e-02
9.312430516179417972e-02 9.323828919629807699e-02 9.795861183386499194e-02 1.102818703723632970e-01 9.891926126027032751e-02 8.953384048674296880e-02 1.103614412087515623e-01 1.158830675848706998e-01 9.710707134197106571e-02 9.359224155307285797e-02
8.594431284081539835e-02 8.534273827503420506e-02 1.029243627950564149e-01 1.145043240061444506e-01 8.821743860748072763e-02 8.665961796846625986e-02 1.017465144793097270e-01 1.455708914591520575e-01 9.910732181059013490e-02 8.998247775795063796e-02
9.013859070837490495e-02 8.909262815043024475e-02 9.638936058319350075e-02 1.121882228932462866e-01 9.807652103759742501e-02 8.492792121071199296e-02 1.104695069036239208e-01 1.342701065121875148e-01 9.721960848545253830e-02 8.722753351518167109e-02
8.547834665529517595e-02 8.460499442120904268e-02 9.673896257232976470e-02 1.115728677663863910e-01 1.012869067323359379e-01 8.128242745237357347e-02 1.196531803251887349e-01 1.404449517171224016e-01 9.307799016038663387e-02 8.585937219737230230e-02
9.344557550092202902e-02 9.128777140081739683e-02 9.364928541522796190e-02 1.066481569207130414e-01 9.903200276631594912e-02 8.892961677631038009e-02 1.015199217601439607e-01 1.332772387723586693e-01 9.922153534354972992e-02 9.298889534364086773e-02
8.611791271160845751e-02 8.598722910253218943e-02 1.013371373803413078e-01 1.157384675551342973e-01 9.221382349179889359e-02 8.627795636425572567e-02 1.073330377867982854e-01 1.422901021348534911e-01 9.483371859477579546e-02 8.787061487790152892e-02
8.753045898915803869e-02 8.694078367384401596e-02 1.010407809570350174e-01 1.103829721152475851e-01 9.599972189347963369e-02 8.762694261534829943e-02 1.065256638250985100e-01 1.323973938571971765e-01 9.970187257250821833e-02 9.185340950108350500e-02
8.758809982670391625e-02 8.700746947725533642e-02 9.999551426858058201e-02 1.158879930600918290e-01 8.967971954717647576e-02 8.772603119533635418e-02 1.033022481177048452e-01 1.454741355855681817e-01 9.468996195239844094e-02 8.864882696918405247e-02
8.828469453796770894e-02 8.682243633952346773e-02 9.368047656167345638e-02 1.056815548910642749e-01 1.052106518777915500e-01 8.404889796850216477e-02 1.090355842472625209e-01 1.378728343058097661e-01 9.799432762710473532e-02 9.136854164330043826e-02
8.523184167348886453e-02 8.461424709642130504e-02 1.028112410151654776e-01 1.189822189577343092e-01 9.183423155643169467e-02 8.572347071278510477e-02 1.031591990488844451e-01 1.439012110247686882e-01 9.590518530427662169e-02 8.783715361004353073e-02
8.387373252016501468e-02 8.332276090296432403e-02 1.011293546351997863e-01 1.201391150994229051e-01 9.415809322044346730e-02 8.470141291225311009e-02 1.101725091260963990e-01 1.428992705355786874e-01 9.160096078266398434e-02 8.800279026521234949e-02
8.315266317737550483e-02 8.275004644981608093e-02 1.022069267498331990e-01 1.112388449700900117e-01 9.487734149972840147e-02 8.879398395629535534e-02 1.071807429912658011e-01 1.413782692159317178e-01 9.559139170516822714e-02 9.282978928449577005e-02
9.118093925093748164e-02 9.012814335192131932e-02 1.028885219004672807e-01 1.168845676190474886e-01 9.131033751674368093e-02 8.681351453410489361e-02 1.061948468330244505e-01 1.275639328088495894e-01 9.686788300942529573e-02 9.016731317547851954e-02
9.262233873520954452e-02 9.131531133069287209e-02 9.765906906665021425e-02 1.102468333669572031e-01 1.046417601496014149e-01 8.902138428116151969e-02 1.091659783000291928e-01 1.137153625526911987e-01 1.011575995179637422e-01 9.045436269904305604e-02
8.211574928349302249e-02 8.180574464313947192e-02 1.045655574404948385e-01 1.171765761298746017e-01 9.465685926334603539e-02 8.418294535772642695e-02 1.138170534513796434e-01 1.421398843175174231e-01 9.120407885429264450e-02 8.833555125873586433e-02
8.670939311214385936e-02 8.588277350250651809e-02 9.866624645196903076e-02 1.187008814036479842e-01 8.848179557028081066e-02 8.529694804870988079e-02 1.056819447140974894e-01 1.535168939070165051e-01 9.231873718962224640e-02 8.474438610000568917e-02
8.805918165548538845e-02 8.789165135780920013e-02 1.018702530430807135e-01 1.150685004831325520e-01 8.778561304768478513e-02 8.772938493494383816e-02 1.003303737357783831e-01 1.474257102137730702e-01 9.521851201090014705e-02 8.862081951741199171e-02
8.753392977764304361e-02 8.706273985834883655e-02 1.006233396605041297e-01 1.158853684714126892e-01 9.377192038158935206e-02 8.601455517216065327e-02 1.124953829814143019e-01 1.332471067373041940e-01 9.382627620207693864e-02 8.953938075754591663e-02
1.006684313565416738e-01 9.961119536574750133e-02 9.335606766320492245e-02 9.793332235735496827e-02 1.046877208764194767e-01 9.799258354156291373e-02 9.638738436873822701e-02 1.032173465652257011e-01 1.031004721245168121e-01 1.030454757806878036e-01
9.307580889805085189e-02 9.468425414440871657e-02 1.095794509169129988e-01 1.015111276369238674e-01 9.671834201160120492e-02 1.011327378261770438e-01 1.037624908967234028e-01 1.092599975695889014e-01 9.261072287422696114e-02 9.766506722538602359e-02
8.909336420968777537e-02 8.843106160649424896e-02 9.394254370974257362e-02 1.061857897714651860e-01 1.059809913159637934e-01 8.493541903696727458e-02 1.205706844997304211e-01 1.292112369410480244e-01 9.596909720705179558e-02 8.567981170184885142e-02
8.831409138442793127e-02 8.827615659379670077e-02 9.389166870099853457e-02 1.069409711710187644e-01 9.632006715592245083e-02 8.627447454033272678e-02 1.099425722654453763e-01 1.524040562673596999e-01 9.342742886222521470e-02 8.420851305847257273e-02
8.739489112457929365e-02 8.641261636783877098e-02 9.835255487712074585e-02 1.100808645307203987e-01 9.951679159283760567e-02 8.502203476392089510e-02 1.163628517929449213e-01 1.393929288352463713e-01 9.250964885066961796e-02 8.495481726412133783e-02
8.903783473082278743e-02 8.865389906154996780e-02 1.033119520519206747e-01 1.131561052471237727e-01 9.318701293933796814e-02 8.936821873383118953e-02 1.049333986905717359e-01 1.292752644195087619e-01 9.721520290749192938e-02 9.186111121784118483e-02
8.849193206546800139e-02 8.708331939651899056e-02 9.916778917092505807e-02 1.128175346951398456e-01 9.750357347676125164e-02 8.526095790706443578e-02 1.108096747296879458e-01 1.317048105368112954e-01 9.792284761698009932e-02 8.923756040464310424e-02
8.775691463338734788e-02 8.749453591614385350e-02 1.018759943752935437e-01 1.139475310908448918e-01 9.437990580576835487e-02 8.726439063255800321e-02 1.053327470606264943e-01 1.329385184024312605e-01 9.746515527656861300e-02 9.154430680637763718e-02
8.783026154005241226e-02 8.760581675867798457e-02 1.007769876885959426e-01 1.187274720748826284e-01 8.850706215873617444e-02 8.674984413531029726e-02 9.974340204581284841e-02 1.433338118881824219e-01 9.728014215969772727e-02 8.944519955005157674e-02
8.444590805088310337e-02 8.392404151834621795e-02 9.931580545313452302e-02 1.086006794767134936e-01 9.991312044703284934e-02 8.597073582115546952e-02 1.230397160381521554e-01 1.319296877435179594e-01 9.540117174807913325e-02 8.745913370298513678e-02
8.871943460772592494e-02 8.739861270783653990e-02 9.683395776157303902e-02 1.095570942816100762e-01 1.006118151359146201e-01 8.746569857461300446e-02 1.071086864403233835e-01 1.329843586049185844e-01 9.884497036521844304e-02 9.047537152026631502e-02
8.347559400506654459e-02 8.306191112651895025e-02 1.015124873955264018e-01 1.160301194025926408e-01 8.996673119948912778e-02 8.545360008698237031e-02 1.037622813985872167e-01 1.524213968872410729e-01 9.547153160087863688e-02 8.884434689711702415e-02
8.742820980031035250e-02 8.626237969308959974e-02 9.933698477678747085e-02 1.138456642220558729e-01 9.533633508706401694e-02 8.677616081462326270e-02 1.057230227785533744e-01 1.368367356901022958e-01 9.647914605894723772e-02 9.197536107846653042e-02
8.770530077776172995e-02 8.671802378301046721e-02 1.052749353336813326e-01 1.193045926406384599e-01 9.362713700064397015e-02 8.610431856858176414e-02 1.086065509433269682e-01 1.274599135048720133e-01 9.500160519393748004e-02 9.019762225354585605e-02
8.355782161852794154e-02 8.302578268918489601e-02 1.015673646764530119e-01 1.189094230863119578e-01 8.866275059168388095e-02 8.279847996375463981e-02 1.083552145868038608e-01 1.608979806153004455e-01 8.978406474589963049e-02 8.244111742607986015e-02
8.417032566256898996e-02 8.381390890075443578e-02 1.040587506678977564e-01 1.140199979068218794e-01 1.001579793240167104e-01 8.577836050036655169e-02 1.178796609541064855e-01 1.253018294598163274e-01 9.479249770246053752e-02 9.002668892119036759e-02
8.378476156285670495e-02 8.318275250158792267e-02 9.731218796356594369e-02 1.173830540041266440e-01 9.499812349072295214e-02 8.254552956572203115e-02 1.161150349131552240e-01 1.512152932535335836e-01 9.021136923730242729e-02 8.325189350742658034e-02
9.298911182611119264e-02 9.270684245359599174e-02 1.046712097730060215e-01 1.120915122656949980e-01 8.980979175794864822e-02 9.257869482734197575e-02 9.966567945174617527e-02 1.231189933669124131e-01 9.903705354687354634e-02 9.333111073076903741e-02
8.106890918894968379e-02 8.082041349422305898e-02 1.027970228537184311e-01 1.155240962426481721e-01 9.019456120991274639e-02 8.251625364510045690e-02 1.115681373423978162e-01 1.570567816167155184e-01 9.185247103183846740e-02 8.660135337449562098e-02
9.050942704883543910e-02 9.040038288708791836e-02 1.010653315992812024e-01 1.120075089622308978e-01 9.039459901190122215e-02 9.138119850286416379e-02 9.777013256018753096e-02 1.338315953987266604e-01 9.836081591728698670e-02 9.427900811159792283e-02
8.902720296113016130e-02 8.820697592075370241e-02 1.015367913513152698e-01 1.082684372290372982e-01 9.732274506535239234e-02 9.239989907402267055e-02 1.067971482827006491e-01 1.252767512740438904e-01 9.852335799402033023e-02 9.264069084762364958e-02
8.209621854189039225e-02 8.125502312892632362e-02 9.730262646880148691e-02 1.206846864262485497e-01 9.874428035069826581e-02 8.074890451129451696e-02 1.230359115670218439e-01 1.432827120411453714e-01 8.988257459129492255e-02 8.296706237267831296e-02
8.697884129916809426e-02 8.653914240382508394e-02 1.070862924875587568e-01 1.107839324676996307e-01 9.378790331231265376e-02 9.264872244440854054e-02 1.054813524656447038e-01 1.290989007879435879e-01 9.373298922197327576e-02 9.386192310946564477e-02
8.796439054777818733e-02 8.727636488982666585e-02 1.061746621071948254e-01 1.077396532068556900e-01 9.150077232369090152e-02 9.419729162257278743e-02 1.037203993649011141e-01 1.308571619655194140e-01 9.890352398922985788e-02 9.166577998243055636e-02
8.858776860452442781e-02 8.688001089047801828e-02 9.695638114467967916e-02 1.129246729879758715e-01 9.906271762320098540e-02 8.585787887517579153e-02 1.070263407750191437e-01 1.342612794907585283e-01 9.830410792791957619e-02 9.013884168026799204e-02
8.197441321418939830e-02 8.158160457713868607e-02 9.117269209155173804e-02 1.033480574754131048e-01 8.747862693817952395e-02 8.214680300340972130e-02 9.898168185511491135e-02 2.034983694733342729e-01 8.808938207867576808e-02 8.172836929299283348e-02
8.160102116814746398e-02 8.080246708717794824e-02 9.687514395538208978e-02 1.101915643224144897e-01 9.913188755404683805e-02 8.082380541405485841e-02 1.200241230010841570e-01 1.583947174364148114e-01 9.011014177704652905e-02 8.204512828423084214e-02
8.531558339420036718e-02 8.424484117288209839e-02 1.003497649505150219e-01 1.156909350710882967e-01 9.669216074518277582e-02 8.447324682485447822e-02 1.101749144825819038e-01 1.382032171065737114e-01 9.740721747625938343e-02 8.744811877586196325e-02
8.540565862800028607e-02 8.520385449359896279e-02 1.008747265992668424e-01 1.063991139337696762e-01 1.044681617852431244e-01 9.180624453504986071e-02 1.188846506848095369e-01 1.191368173736106345e-01 9.546225047630693683e-02 9.235852149034415315e-02
9.137744458577083673e-02 9.063077361670433818e-02 1.004876551482268704e-01 1.076627074701915765e-01 9.858260732552466543e-02 9.112491043326900741e-02 9.997260288518314275e-02 1.164077250881277031e-01 1.048790845261665799e-01 9.887448892083529339e-02
9.134264465115826681e-02 9.076586866978107737e-02 9.827029844632535760e-02 1.103493882453183278e-01 9.084470869415109395e-02 9.159141107262072645e-02 1.031101425746210193e-01 1.368285222290629155e-01 9.783559581656298132e-02 8.906141960039823391e-02
9.162267768458200179e-02 8.959934358749126193e-02 9.819742227150500546e-02 1.122984967854283034e-01 1.000785656240816834e-01 8.636756250773112986e-02 1.092817171320454583e-01 1.225268636744297618e-01 9.652195254247433742e-02 9.350539819023098720e-02
8.382716210838531135e-02 8.328360974850652909e-02 1.031706120038994867e-01 1.142382243161884914e-01 9.375128144055873414e-02 8.559946926054069760e-02 1.104215957225512662e-01 1.432953469801231672e-01 9.511380122888590805e-02 8.729889719036042217e-02
8.792457225045730018e-02 8.719896883159354573e-02 1.012547314189307102e-01 1.098699406017535213e-01 9.875411464220562596e-02 8.793245140149508199e-02 1.144915470991719475e-01 1.281831502422023095e-01 9.512519942087376001e-02 8.926532409131621160e-02
8.909579067526683660e-02 8.891901809772644050e-02 1.000698056002580216e-01 1.125041122888170014e-01 9.173894982848702917e-02 8.878644895118556479e-02 1.008780828515415812e-01 1.400211261641634009e-01 9.701216580373074605e-02 9.097449973882336394e-02
8.970942390251690490e-02 8.889964342830110333e-02 1.015392605742917315e-01 1.127974418660742384e-01 8.914923739251010004e-02 8.854804721044708116e-02 1.042255269941959883e-01 1.396200308563479708e-01 9.784553840234702649e-02 8.766584937296778568e-02
9.132279286775095428e-02 8.995594097861564498e-02 9.946006471209482835e-02 1.086996472576424594e-01 9.724417911458287100e-02 8.708673758199197978e-02 1.105507915182947359e-01 1.297185822658719068e-01 9.660616395264469414e-02 8.935509975050991149e-02
9.166572681574247650e-02 9.051814451080823776e-02 9.677698621241813404e-02 1.133034329744494473e-01 9.431406175047823970e-02 8.953253832205915197e-02 1.011973345650267336e-01 1.339993947359967574e-01 9.886159008732918474e-02 8.983079002569155369e-02
9.223664820465440894e-02 9.134156683551331035e-02 1.014125278448647222e-01 1.141350414888821357e-01 9.399814408908084562e-02 9.063250540002924793e-02 1.045163232120066565e-01 1.239945239135347849e-01 9.774465673453526515e-02 8.998806227689865045e-02
8.788717127813026886e-02 8.792329564060044622e-02 1.008176432989226629e-01 1.156624519335670009e-01 9.091579475436677160e-02 8.942762328192906118e-02 1.023984018274435581e-01 1.395827717427248482e-01 9.525162459274577609e-02 9.013322164956963367e-02
8.907721631739952406e-02 8.922654909268368240e-02 1.015260037718643815e-01 1.140458292868714585e-01 8.816615985873015038e-02 8.883765735972275202e-02 1.004768676486056528e-01 1.419471740144963579e-01 9.689830716473932237e-02 8.979823548488674589e-02
8.428949642854451085e-02 8.392148736786038399e-02 9.882691147479025218e-02 1.118320724797366716e-01 9.620033248167261797e-02 8.544591195315069665e-02 1.198743435801117446e-01 1.419897701650198463e-01 9.117034175528200557e-02 8.644933231383125638e-02
8.163736745847074983e-02 8.132670771879256522e-02 9.574220505846776919e-02 1.098306282486370550e-01 1.075638396681303371e-01 8.104243152019140195e-02 1.314190600193669012e-01 1.359319378272101364e-01 9.130453283550417354e-02 8.420128964522889670e-02
9.780053639851281344e-02 9.524253866372590915e-02 9.783142526505558823e-02 1.121206289883369123e-01 9.345772684054190482e-02 9.068208494305445011e-02 1.007582285340022643e-01 1.197935171409436339e-01 9.984075993611069011e-02 9.247255328971584754e-02
8.435173390272628080e-02 8.413528498111001730e-02 9.951429277664301798e-02 1.140115907994571492e-01 9.022161689885911662e-02 8.318576653829518053e-02 1.097156899665118063e-01 1.581736981638551254e-01 9.213684600029727056e-02 8.455347997224497980e-02
8.828456588333885580e-02 8.777301195555523017e-02 1.014423737951779397e-01 1.124252840705610018e-01 9.879985444793812355e-02 8.680260540384618362e-02 1.114633561100141917e-01 1.271077154407858623e-01 9.610700862253082621e-02 8.979422427025178510e-02
8.714331298157278194e-02 8.690350434430257898e-02 9.698909785749861012e-02 1.080330559743274549e-01 9.661432226419743030e-02 8.695869990633620095e-02 1.142853235016245000e-01 1.391673501026453597e-01 9.673958567336439496e-02 8.716574739413067430e-02
9.069547837156650971e-02 8.942993753459201056e-02 1.031087928262130332e-01 1.166805319524289036e-01 8.739997312350164527e-02 8.904134285827793038e-02 9.764144063762034143e-02 1.336718914358107080e-01 1.000635231159837657e-01 9.226708814400516601e-02
8.424216381284611865e-02 8.433499008230704863e-02 1.018250325255809496e-01 1.149358478092175895e-01 8.913660341919833752e-02 8.463611656914497849e-02 1.076259942678577941e-01 1.538747965273376539e-01 9.361166310946365809e-02 8.577679187704584374e-02
8.618668112637545287e-02 8.554594777758624258e-02 1.002141028457887301e-01 1.156173164862784875e-01 9.805353971197919294e-02 8.477798723438234596e-02 1.142812966173000627e-01 1.347754803090213949e-01 9.182548689632262506e-02 8.872216099496549324e-02
8.981618071687411109e-02 8.887487469760967096e-02 9.966199524613493510e-02 1.088221341865226177e-01 9.318306878198245879e-02 8.909915460578680946e-02 1.045016266651396519e-01 1.388544103611990266e-01 9.723168178076821433e-02 8.995487295798249017e-02
8.526366942990715181e-02 8.460932763188455663e-02 9.808823945617138607e-02 1.134340361882105047e-01 1.009681705535841328e-01 8.407205310784751640e-02 1.209963898278924588e-01 1.347878327378343177e-01 9.051629005498730562e-02 8.726399101168069716e-02
8.961006200590322657e-02 9.099805801681298822e-02 1.117302410800247725e-01 1.076683555125533959e-01 9.254586974701310698e-02 9.556368106314072630e-02 1.026719233206470766e-01 1.196176141208642879e-01 9.334492935444395345e-02 9.624926577859646559e-02
8.848968192615465356e-02 8.747884817620020514e-02 1.010559908297365556e-01 1.079332220808695980e-01 9.643713212198341822e-02 8.584760019566232969e-02 1.119433710233590090e-01 1.372976801994824081e-01 9.532961639175624446e-02 8.818685705479559211e-02
