9.720089884786045631e-02 8.079466627394692180e-02 8.080222723255087169e-02 9.417990031109269022e-02 7.869467274837568804e-02 1.207687738319524751e-01 9.726806308703650483e-02 9.476466961687145252e-02 1.387263722317329528e-01 1.167997558185800561e-01
9.219137706456892456e-02 8.121464414380083485e-02 8.125941235790171135e-02 9.080849858028391952e-02 8.055866085173214730e-02 1.196490983268783115e-01 9.232208165308893044e-02 9.016708658876565474e-02 1.482688762561446272e-01 1.235602641768349663e-01
9.428276058337355103e-02 8.722839066205920200e-02 8.728002543412516356e-02 9.293713176984999547e-02 8.450520938041308772e-02 1.183464831417728458e-01 9.435655567673571775e-02 9.482952557318850839e-02 1.300885465276206687e-01 1.161453712508612318e-01
1.054421466377975097e-01 7.707082929453785980e-02 7.711189431973636266e-02 8.927469750612739008e-02 7.583515223234398028e-02 1.167922367463088001e-01 1.056773351934106042e-01 8.864838414575806902e-02 1.451519574155047954e-01 1.189953665084746148e-01
9.469498174427323778e-02 7.917742849370244806e-02 7.914001853550307886e-02 9.161641744225323958e-02 7.814988489013838246e-02 1.243993615852148349e-01 9.473854639915263443e-02 9.026495769842504679e-02 1.460258622948054363e-01 1.217925409165316608e-01
9.502471772597360922e-02 9.178115851504936584e-02 9.171796564776299454e-02 9.082290317863037088e-02 9.025854866606124183e-02 1.107641704823712492e-01 9.495688648417031918e-02 8.868573283127161033e-02 1.355309889630710862e-01 1.104569275056381528e-01
9.899856955851732421e-02 7.795196981890457899e-02 7.793779297903835612e-02 9.181982543926099638e-02 7.629213447477857513e-02 1.236460261830638063e-01 9.905189453738642846e-02 9.181377004859210544e-02 1.404495260204229878e-01 1.220384909400347856e-01
1.042017232813872707e-01 8.368135491104893020e-02 8.372640570488065759e-02 9.326240202077314134e-02 8.174657508907173797e-02 1.186665171181743444e-01 1.043894133111327310e-01 9.043930948121246816e-02 1.248748683658200270e-01 1.150114307164987332e-01
9.390849852822968913e-02 8.677157694366288698e-02 8.685366099836251685e-02 9.336843429651513204e-02 8.490464048488664817e-02 1.164222627763250306e-01 9.400369263612229354e-02 9.311783375704908716e-02 1.347657862087721370e-01 1.158836133700745785e-01
9.502314827718928714e-02 8.190642417070062575e-02 8.196668676162117972e-02 8.971270958210236790e-02 7.851611477656979254e-02 1.171056574747403323e-01 9.517332955132974670e-02 8.833957546482910927e-02 1.490407262255101228e-01 1.232156277154074081e-01
9.770457973837858023e-02 8.056369995385900817e-02 8.061104404335379947e-02 8.817374741148611972e-02 7.932735437938968903e-02 1.204422016891892461e-01 9.788539215630169543e-02 8.587311999959842956e-02 1.473326988767142409e-01 1.220861617517292330e-01
9.681530288822869090e-02 7.699256268653527358e-02 7.705607865462611727e-02 8.897671934617849832e-02 7.649474324120583701e-02 1.240819304097846576e-01 9.701746626834238663e-02 9.054363449720415069e-02 1.432754189746509865e-01 1.287461430332433876e-01
9.930148421129227077e-02 8.307909508388845732e-02 8.308412641418831679e-02 8.880597464731226909e-02 7.957471372608718174e-02 1.127215839570867573e-01 9.933223815243849564e-02 8.617713290563971951e-02 1.522118912482854358e-01 1.157117596537810961e-01
1.045832230039761973e-01 7.301282523734285712e-02 7.305521409583050352e-02 8.490741506964115393e-02 7.203894820482582839e-02 1.191773609457447425e-01 1.048774643214216845e-01 8.442162766038707744e-02 1.567445511563839988e-01 1.271813703044459565e-01
1.025773288428565855e-01 7.328862870004546060e-02 7.328722176508679909e-02 8.777143808186736729e-02 7.223713137622234104e-02 1.198269634724437593e-01 1.027617802242663109e-01 8.684794193210325364e-02 1.552933503713380126e-01 1.261082152337701379e-01
9.661196581544918838e-02 7.854715983972296311e-02 7.856806016860154451e-02 8.797159947563004678e-02 7.783380224700904571e-02 1.225314691292445218e-01 9.674940019016611825e-02 8.920013626273494423e-02 1.492094468445910038e-01 1.227769600268506650e-01
9.743993610538896621e-02 8.421466477770363224e-02 8.428459520100770042e-02 9.110724412825617347e-02 8.241402468474773313e-02 1.157808551359668370e-01 9.762045373282446370e-02 9.025469427818073875e-02 1.397656069573933180e-01 1.171179249985304649e-01
9.929233464923840902e-02 7.968925022187456353e-02 7.974949365326866602e-02 9.672504872927760455e-02 7.892125481640825668e-02 1.199465828866360939e-01 9.949330766706052098e-02 9.752042821973204434e-02 1.319460407389222434e-01 1.167162584175815837e-01
9.036412721510851676e-02 7.506395050758868370e-02 7.509448675034961773e-02 9.151465407469056013e-02 7.324215939753989102e-02 1.243614227595797456e-01 9.046609226678790916e-02 8.994682125343332613e-02 1.627042853460226590e-01 1.272420004288990214e-01
1.007710818475814202e-01 7.910735485537233325e-02 7.914357793004474229e-02 8.836696351690698226e-02 7.839076973317593566e-02 1.159941214874924686e-01 1.009254586218064770e-01 8.478916722221496727e-02 1.524675976619918605e-01 1.200439071234128130e-01
9.280274375016220323e-02 7.988298988643549592e-02 7.989916104421378173e-02 9.139067917759978454e-02 7.814920477748983629e-02 1.241227276518297590e-01 9.288637571853443353e-02 8.936294072534005373e-02 1.481149319824415778e-01 1.233882452859530882e-01
1.020728803181744360e-01 8.491547062743698415e-02 8.499674887065925000e-02 9.271038500380866798e-02 8.302119941932697977e-02 1.172580265364205065e-01 1.023079134732569478e-01 9.193623783949123052e-02 1.254937252911677015e-01 1.152874126202573235e-01
9.674179067280368194e-02 8.384813142010275056e-02 8.389177090464439157e-02 9.044203525219358941e-02 8.333562768985917912e-02 1.183834879888821801e-01 9.686972563709658757e-02 9.131689880499524459e-02 1.368877079814797559e-01 1.182828236479426809e-01
1.049924481114936359e-01 7.859723050987274529e-02 7.863492512724058747e-02 8.999400521194668434e-02 7.635534471062190021e-02 1.182414947604057825e-01 1.052282004229076751e-01 8.733600080583613090e-02 1.426464260446606847e-01 1.179739242950141043e-01
8.804214773469765110e-02 8.188241656649505873e-02 8.189167234935940121e-02 8.906337322110653709e-02 8.254355499834116483e-02 1.177448005330686831e-01 8.805145809949294078e-02 8.905602337081935937e-02 1.595328200920167472e-01 1.221917330346024705e-01
1.360203655229516861e-01 6.342254724905932450e-02 6.344077657203243958e-02 7.908294283749317533e-02 6.232395069637918644e-02 1.092418886207215944e-01 1.367729525066392893e-01 7.992288520804841090e-02 1.567700997903291871e-01 1.130015909963456577e-01
9.406025724034197677e-02 8.742024581893824420e-02 8.747770567828422328e-02 9.533295166877781002e-02 8.447823056277667386e-02 1.197547332581086615e-01 9.414661754005396177e-02 9.638093503685252195e-02 1.241970919199431866e-01 1.167512312759226428e-01
1.015052768448255205e-01 8.431569232320658414e-02 8.430513481297778611e-02 9.110127123227054757e-02 8.257921561876377381e-02 1.153127101202299776e-01 1.015523559186707891e-01 9.182410382020364525e-02 1.327990274981453722e-01 1.147052118107060453e-01
9.834309793422579826e-02 8.055655711913571604e-02 8.058320862409019958e-02 8.983234071234842688e-02 7.960819170120947419e-02 1.182869492898017821e-01 9.848141967477920533e-02 8.885734105142084616e-02 1.446921952646222365e-01 1.207586986283663288e-01
1.034256733520284438e-01 8.512645609802373114e-02 8.520192557524210175e-02 8.907852549890571403e-02 8.311294925404252854e-02 1.127654286053846738e-01 1.036009891675546551e-01 9.015827366532706832e-02 1.327756792465779601e-01 1.147540995369131511e-01
9.447631075162460368e-02 7.693866802929191784e-02 7.693682441823179730e-02 8.853409819538259062e-02 7.451695109402065031e-02 1.222621236395752403e-01 9.455289145443061816e-02 8.864826355701643790e-02 1.559629564217294428e-01 1.271709124386967149e-01
9.761149752133065072e-02 8.186340938686846591e-02 8.192678298108474477e-02 9.088793724913192540e-02 7.924440530891065093e-02 1.188357124506619900e-01 9.779775504898388649e-02 9.135015528693216091e-02 1.395847914603199347e-01 1.208975533057755902e-01
9.745509109559946648e-02 7.960929442946519663e-02 7.964081010177291586e-02 9.165192138174002578e-02 7.769305194448207497e-02 1.191460575848599518e-01 9.763017597721164453e-02 8.906428253238198034e-02 1.474105583335691971e-01 1.206987566189175326e-01
1.045198032127049592e-01 8.641597953423650613e-02 8.641943446019376140e-02 9.339161295862122292e-02 8.565447837526553310e-02 1.056852990585723795e-01 1.046037363734169529e-01 1.030874291170955498e-01 1.234911046596565004e-01 1.067311222502366069e-01
9.633541196106326643e-02 8.757723000853850914e-02 8.754476092932005071e-02 9.356820579732794130e-02 8.668997942603905160e-02 1.131339129376852104e-01 9.633663839250677929e-02 9.115069064243062902e-02 1.346099642624991877e-01 1.130532056425893467e-01
1.073307343559349730e-01 7.761888946437837944e-02 7.767472519674868681e-02 8.268318918060374445e-02 7.696489403629426518e-02 1.172080350895329803e-01 1.075589548666402578e-01 8.259109551670491822e-02 1.489179331191818889e-01 1.214515491739799335e-01
1.072523496988446734e-01 7.035204726226307326e-02 7.033199603408557543e-02 8.680996045806788075e-02 6.912643446662139479e-02 1.177659639968043903e-01 1.074368425575495389e-01 8.945424874149286720e-02 1.634625608116510309e-01 1.180075959726195750e-01
8.919914952674104502e-02 7.953067056753955477e-02 7.955644572329984010e-02 9.057287409848760462e-02 7.883006621988160323e-02 1.228392755074473458e-01 8.925911726643305510e-02 9.056239342675323489e-02 1.527636020342850176e-01 1.268864056291316988e-01
9.598838647243326805e-02 7.742401889496043632e-02 7.742576312930939120e-02 8.602105987898216177e-02 7.689052521411759988e-02 1.238720282017073682e-01 9.607190759625856835e-02 8.502965384242081037e-02 1.586225518067082840e-01 1.226541049631021257e-01
1.003994074966612499e-01 7.628722936008087985e-02 7.626743452461165473e-02 8.777155608489389804e-02 7.393700262680472091e-02 1.227506279416771262e-01 1.005150380330162296e-01 8.562306290651895690e-02 1.519752898725708623e-01 1.244733511531644077e-01
9.691709603907389114e-02 8.140161001056601953e-02 8.143895003992837611e-02 8.998492769737355401e-02 7.979442803400281503e-02 1.211113697413249146e-01 9.704748613693407744e-02 8.769999365292065197e-02 1.424580558988053081e-01 1.221460827490703782e-01
1.022124759973914582e-01 8.099162012409039102e-02 8.101973924294324225e-02 8.944557977848195673e-02 7.904745738099189234e-02 1.154457524527098405e-01 1.023966202763387234e-01 8.832295616190825871e-02 1.428777251125710190e-01 1.182400734725732039e-01
9.086602015454146863e-02 7.929673600769615582e-02 7.931665486263303477e-02 8.822659035488046586e-02 8.023068954041301382e-02 1.201768626051080979e-01 9.090776604760915369e-02 8.610495711203654257e-02 1.603325552227131412e-01 1.245411680923689951e-01
9.983696432080675642e-02 7.879589850481100166e-02 7.885306434495936712e-02 9.065578057304687909e-02 7.706404776619912855e-02 1.203689569085668876e-01 1.000486521559561803e-01 9.074472246067852299e-02 1.410074109803109710e-01 1.226245019846643330e-01
1.031229603361286107e-01 7.991621087464115258e-02 7.993093218868545236e-02 9.197773282715758503e-02 7.670577832277745978e-02 1.184206999845277414e-01 1.032612032047225126e-01 9.503817741366231420e-02 1.354942942126160788e-01 1.161320106350810788e-01
9.814433773436623265e-02 8.208261328278843028e-02 8.207197354332507189e-02 8.938157674419325294e-02 8.187805146571278114e-02 1.164996929233251405e-01 9.816457532398314978e-02 9.016019056762425432e-02 1.412608867702923876e-01 1.203561016443893128e-01
1.013214489104996563e-01 7.269605526120133387e-02 7.266231956639229717e-02 8.952630234749642257e-02 7.064156230442052153e-02 1.190860032272092472e-01 1.014020537861559934e-01 9.143695563969915507e-02 1.557503484865327692e-01 1.254769504703925898e-01
9.256017651734810281e-02 7.566919371391120364e-02 7.567996182003287886e-02 8.711251277161502493e-02 7.477546424833773908e-02 1.212225434123819362e-01 9.263374114278892513e-02 8.966595623377221491e-02 1.617257058744006604e-01 1.289547442654112586e-01
9.986483741952557891e-02 8.341185324312971883e-02 8.341535620104448268e-02 9.119672464132057288e-02 8.100958103604703753e-02 1.156585946113738578e-01 9.994382329601446402e-02 9.145490931811196822e-02 1.400110669892966064e-01 1.140332532441357544e-01
1.070653614242035589e-01 8.465037759417337604e-02 8.467165882773598773e-02 9.255228933482458065e-02 7.881281444882305698e-02 1.182674967568845270e-01 1.071930246029481754e-01 9.457332309778931911e-02 1.211993408756229795e-01 1.110143130369944664e-01
1.057312270475486843e-01 9.102819130076138243e-02 9.095634242947361892e-02 9.505739866783388670e-02 8.838314622122736552e-02 1.019662345464134728e-01 1.057324221115996943e-01 9.379351000758276435e-02 1.238330539093045884e-01 1.035184737582545839e-01
9.821540147675182630e-02 8.337563887806241636e-02 8.347338462068436271e-02 8.987587108492645083e-02 8.178262321543992852e-02 1.167434251659273808e-01 9.839696611132701942e-02 9.052872105058291929e-02 1.412670053581158991e-01 1.163409630381817411e-01
1.010120839985375885e-01 8.669603609710804792e-02 8.675185868119568433e-02 9.609722658493290159e-02 8.487141919453365657e-02 1.148968526159478976e-01 1.011694417200870305e-01 9.666549859451098459e-02 1.200498653491042234e-01 1.117897171640420406e-01
1.015496900540075464e-01 8.616620864937706015e-02 8.626321104796481898e-02 9.498350432858537751e-02 8.539603022309424918e-02 1.136209748038276013e-01 1.018255011423920969e-01 9.247078761303581529e-02 1.259205469268026290e-01 1.118035452109127914e-01
1.015186559199858646e-01 7.636135037022565020e-02 7.637809262594741355e-02 8.541990198172424997e-02 7.698364005936447763e-02 1.212528248051623347e-01 1.016771677030628290e-01 8.800409371755446575e-02 1.498076642570428940e-01 1.225966085599298067e-01
1.016552434005783406e-01 7.067956640673177249e-02 7.065639633849594980e-02 8.804929267444273899e-02 7.081374278010861556e-02 1.219706220572713967e-01 1.017889903790440281e-01 8.956619322222433843e-02 1.584088193327206351e-01 1.264111334083821425e-01
1.029017185177026200e-01 7.656866400248706073e-02 7.655884422140780965e-02 8.351504162776669793e-02 7.565779163243077643e-02 1.217009631745539638e-01 1.030144674816604183e-01 8.470786245747047305e-02 1.510744760225116723e-01 1.243001708620085216e-01
1.058056364212264372e-01 7.430985199096300231e-02 7.427935328831142270e-02 8.693871553707403776e-02 7.335392830955231314e-02 1.192621922749275420e-01 1.059054647485910272e-01 8.711422591836677498e-02 1.550157783281675694e-01 1.180148531828198732e-01
9.818661352062563186e-02 8.053816649361730806e-02 8.054582994462854140e-02 9.261152837207133059e-02 7.843213596958301115e-02 1.204527842524832637e-01 9.827949425890054880e-02 9.247939259419722668e-02 1.395658126273000288e-01 1.189082419665930673e-01
1.061565086323422030e-01 8.067625919351474606e-02 8.063671831982477389e-02 9.345518037845125525e-02 8.357889702330871529e-02 1.154611565538076062e-01 1.062466264809421440e-01 9.665640775749771707e-02 1.207068164441200270e-01 1.164254292161908261e-01
9.492262725052130756e-02 8.155955044886431526e-02 8.158881041948032320e-02 8.660164342939319360e-02 7.966775659577352009e-02 1.238610024363266671e-01 9.500895436436382346e-02 8.501228008472502817e-02 1.466958385560988287e-01 1.250815364144529929e-01
1.050681665136836973e-01 8.743325394475839896e-02 8.738570371999031250e-02 9.247008976076075137e-02 8.409509916649055006e-02 1.075702681299270519e-01 1.050853367694914164e-01 9.307825397118586752e-02 1.278218913911305099e-01 1.099919366325814579e-01
9.738686548376583596e-02 8.443215368812687083e-02 8.451531360068709198e-02 9.205890304884520314e-02 8.388177311122557711e-02 1.202399284841723232e-01 9.758857622755215400e-02 9.123908664744620478e-02 1.321886860482690274e-01 1.164687136599096562e-01
9.914003587893557845e-02 8.147935716862381161e-02 8.153890211625398898e-02 9.278792184731315951e-02 7.939940264925693381e-02 1.221620198797722656e-01 9.932248928299557134e-02 9.493820752195694657e-02 1.296965876043174315e-01 1.195350760505742849e-01
9.765059538494187674e-02 9.242203127035593380e-02 9.240414074978113568e-02 9.275477297207905536e-02 8.758116143896546579e-02 1.101137854143007799e-01 9.765747729659553233e-02 8.559331692992133700e-02 1.335838136284487609e-01 1.102389049146101502e-01
9.138410176675391960e-02 8.225700160814750084e-02 8.224487701949630136e-02 9.230712440764997362e-02 7.936640943965089789e-02 1.224452695966902760e-01 9.136341071908253564e-02 9.364931763530179309e-02 1.427383021183014078e-01 1.222441856889253248e-01
1.036637506072962261e-01 8.002417743579752496e-02 7.998494258063168494e-02 8.892221697056637564e-02 7.747397659437230133e-02 1.143861365879363379e-01 1.037237560194273905e-01 9.278547764922580321e-02 1.398717608751249286e-01 1.191638046796214406e-01
1.050142117755269305e-01 8.214381369151042833e-02 8.218563133122572251e-02 9.106054719069874015e-02 8.168832678159249072e-02 1.155381951222638065e-01 1.052059172279354304e-01 9.188379404114548066e-02 1.306416808485032222e-01 1.146378819895977202e-01
1.032100413111771836e-01 7.948640836629064510e-02 7.949022081157815223e-02 9.225619471402711491e-02 7.927143427653382535e-02 1.189855994448687088e-01 1.033401838172119530e-01 9.205725386641075425e-02 1.340702560087110307e-01 1.178324073831906599e-01
9.347091526305205400e-02 8.500656156439678757e-02 8.503497745598384561e-02 9.230132758397907589e-02 8.326550746240288237e-02 1.166715754247623360e-01 9.349949841472070255e-02 9.238164199139956012e-02 1.401400046679477096e-01 1.182279901713550324e-01
1.083377600918119799e-01 8.398891454783299904e-02 8.396056737239797341e-02 8.816692525498372179e-02 8.208458049869239714e-02 1.140818166005159312e-01 1.084109846061363652e-01 8.813237565345603819e-02 1.317474895330695839e-01 1.110885858411029686e-01
1.003916739187322854e-01 7.873500331144146769e-02 7.879164083868604729e-02 8.928428285631441474e-02 7.762886253887645027e-02 1.195337540953601285e-01 1.006010640345136598e-01 8.910554675263493429e-02 1.459064086828773810e-01 1.200217629705631756e-01
1.059610206803696802e-01 8.209515708760904695e-02 8.213409072536706490e-02 8.904536924124108188e-02 7.959367055635346855e-02 1.129764778847656276e-01 1.061758102030338491e-01 9.112533201168640518e-02 1.350337978726035559e-01 1.158592737369702058e-01
1.070199224949649752e-01 7.594828509804882333e-02 7.593072158953988182e-02 8.634462028332619277e-02 7.379402867905998642e-02 1.180501243300448866e-01 1.071478090267911493e-01 8.976296342335068901e-02 1.459520143194277253e-01 1.200495107554456764e-01
1.049494529674174087e-01 7.687041068598453319e-02 7.682265686755500311e-02 8.883165057140247900e-02 7.726118796790616694e-02 1.230412072164769471e-01 1.050144420655524657e-01 8.923131600830944143e-02 1.341885166191861545e-01 1.237891590302093725e-01
9.407731221465015503e-02 7.817757369571444459e-02 7.814549221828279157e-02 8.569068239302495005e-02 7.570996879732469487e-02 1.236052130979138630e-01 9.408109365039395156e-02 8.987841380521313650e-02 1.557637096115505049e-01 1.248705405159315079e-01
9.998060273665734798e-02 7.444210314401189521e-02 7.440511579497785521e-02 8.646189821661309782e-02 7.418570791215170490e-02 1.205604799365293245e-01 1.000580734368676228e-01 8.718292103584740493e-02 1.551407345787934877e-01 1.275823632075502867e-01
1.007176157588199616e-01 8.280670373425573494e-02 8.289001260939814208e-02 8.997853512445039281e-02 8.103544606216883661e-02 1.167174314804321628e-01 1.009566643580426804e-01 8.793579622138160412e-02 1.381496716384633949e-01 1.188121230125871314e-01
7.426028253546290703e-02 5.256699343907774574e-02 5.259023779273010180e-02 9.468804474886327593e-02 5.153777700849038190e-02 1.466532509329139533e-01 7.440694390751097231e-02 9.465818693840670484e-02 2.078584374566382897e-01 1.507798452399056188e-01
1.024208372545797052e-01 7.830413497400688649e-02 7.829979213373811087e-02 9.094389014640168190e-02 7.642980792919749911e-02 1.147826638653474673e-01 1.025604427297312909e-01 9.224645037702380868e-02 1.417477101804042183e-01 1.222642704095693034e-01
9.850763265496655097e-02 8.025787381270542420e-02 8.031706265875750150e-02 9.095552508667695268e-02 7.850853134144239465e-02 1.177895736713267666e-01 9.868940094530828655e-02 9.176154672497943698e-02 1.457139223872027101e-01 1.174989307166340036e-01
9.544899487291841345e-02 8.202870517183151466e-02 8.203502858485361982e-02 9.067343601643436390e-02 8.028142210602755291e-02 1.203084102968849933e-01 9.552677617854735126e-02 8.824836247037318171e-02 1.417640433465141014e-01 1.236848209556149492e-01
9.988294148670651129e-02 8.211885481832530143e-02 8.212209242620252536e-02 8.788205553426316208e-02 7.895066329260644333e-02 1.153324191280802880e-01 9.999552213937673573e-02 8.369232057220088450e-02 1.520183377277863623e-01 1.180047928744517582e-01
9.968517868790058301e-02 7.508866821405642267e-02 7.512381151524036293e-02 8.683198345588973022e-02 7.443114707816388120e-02 1.219921645491337525e-01 9.985509396074070121e-02 8.879157483804928086e-02 1.532958058281555236e-01 1.249045718726697202e-01
1.046884402624546073e-01 8.058195482434880874e-02 8.055941964605740913e-02 9.177209649016748738e-02 7.860128138928654251e-02 1.158518213517675810e-01 1.047883417020702562e-01 9.482257029070866039e-02 1.334622129902474641e-01 1.148718610528911555e-01
9.865046345851367915e-02 7.417502621645691296e-02 7.423303909751644003e-02 9.071847303984947875e-02 7.193799454486773937e-02 1.229707330193729187e-01 9.889531492644253186e-02 9.019438044570261825e-02 1.546028406257455856e-01 1.236217346255320815e-01
9.571864389765587233e-02 8.610573394674404801e-02 8.613909949417555834e-02 9.173166633339084608e-02 8.588981959266657473e-02 1.200514934705598363e-01 9.582143141077627269e-02 9.258219486515424645e-02 1.289405457986028125e-01 1.170193711902739325e-01
1.007075860750821228e-01 7.783906566898546320e-02 7.793119167123495339e-02 8.863259494332229038e-02 7.616352930400281662e-02 1.227653929114941450e-01 1.009987541158014479e-01 8.809203919977007247e-02 1.441833106674021703e-01 1.226865354429045318e-01
1.022693854032165062e-01 8.645877930549671075e-02 8.650286553744600260e-02 9.255280855004996421e-02 8.651154404508303031e-02 1.146113920658305141e-01 1.024142329984092520e-01 9.637965794720676493e-02 1.200247388418335809e-01 1.122745953054277435e-01
9.330384134996909384e-02 7.745925795532122848e-02 7.746362665702238859e-02 9.172343411059924456e-02 7.513198108288955679e-02 1.217037456336785006e-01 9.336869337656843182e-02 9.021584027937118444e-02 1.540174393785462836e-01 1.256121401760341150e-01
1.030307198683534514e-01 7.737483034919233338e-02 7.739217953158873675e-02 8.933136125546298212e-02 7.659737721204935845e-02 1.184234937210488364e-01 1.031803520569955224e-01 9.357504325294889458e-02 1.411407995629221368e-01 1.199538431894376922e-01
1.055607441031224253e-01 7.640910896383351636e-02 7.643926725068141137e-02 8.474137462123863818e-02 7.618891368415765808e-02 1.171474685446698416e-01 1.057859844828311635e-01 8.816681302831101685e-02 1.467706184264755132e-01 1.227897068946788434e-01
1.024200652960897823e-01 8.328455574000426243e-02 8.325618901386037940e-02 9.195709783144631611e-02 8.191477132865801480e-02 1.107327043260304261e-01 1.024915089318884504e-01 9.438901554469640576e-02 1.380178863558686186e-01 1.115362056314573302e-01
9.585530847596844539e-02 7.870456323250962782e-02 7.871776925398876745e-02 8.969938287650670861e-02 7.762058870754076634e-02 1.211104789318610403e-01 9.596746335416171669e-02 8.935557660054267715e-02 1.482315269498425958e-01 1.247373416170776822e-01
9.991160415938005190e-02 8.207939638183134323e-02 8.208295591047405637e-02 9.123156518506132795e-02 8.306814802823041244e-02 1.153874551717961744e-01 9.999365056008069352e-02 9.045184773201125905e-02 1.379412986435341326e-01 1.178520782276005902e-01
9.220906434753076142e-02 8.079625755495754846e-02 8.082191235579318234e-02 9.023114218620151283e-02 8.155374657770354807e-02 1.198643752495362758e-01 9.229045905801210037e-02 8.943253560354920417e-02 1.498086163976164176e-01 1.229918906690994213e-01
1.094952263171597301e-01 7.955446341798495802e-02 7.954967891515016265e-02 8.752658655255371456e-02 7.767551165538075231e-02 1.104636011196603179e-01 1.096508552972681044e-01 9.034790392685557170e-02 1.436453833904646205e-01 1.120907894075221373e-01
9.528167872578706399e-02 7.782043616284536891e-02 7.781253940132756841e-02 8.892649211580809510e-02 7.790272444268506180e-02 1.243973702601245401e-01 9.536997779057118652e-02 8.775755183846646601e-02 1.498272817107567656e-01 1.249039475516279252e-01
9.614563455144696513e-02 8.052950892185159470e-02 8.056675762827421317e-02 8.652183956527870201e-02 8.133037878736754100e-02 1.236620419431811446e-01 9.627308449429659853e-02 8.506908183957256897e-02 1.464546517221403110e-01 1.234470205465903608e-01
9.769381534920866528e-02 8.632989388609248194e-02 8.637915394829127902e-02 9.148005462484719297e-02 8.406277371987723457e-02 1.150603405422612191e-01 9.779316832665461978e-02 8.518628888152453282e-02 1.456717856278963441e-01 1.103427250933464582e-01
9.732906420620587862e-02 7.747199311626432050e-02 7.748591661341031056e-02 9.260918620466937479e-02 7.613859220979950215e-02 1.253177239872179938e-01 9.744794037631061834e-02 9.603504444395294382e-02 1.361482319471061520e-01 1.240163068950629333e-01
1.066586237073230137e-01 8.720076166519263872e-02 8.718306011467029382e-02 9.079221657791369804e-02 8.908534006550739015e-02 1.127717327496430971e-01 1.067119826286228729e-01 9.306365924403592338e-02 1.161654289209124585e-01 1.103671943261785859e-01
9.787984716455357115e-02 8.142414136468099917e-02 8.142976454530434505e-02 8.703250797084720325e-02 7.853593554776813757e-02 1.221541726459294680e-01 9.798672722290328874e-02 8.457794496021270314e-02 1.476458485004221166e-01 1.213331100773782645e-01
9.263826463293044211e-02 7.307382823522180770e-02 7.310555852355386797e-02 8.934586411018245744e-02 7.166783534829472557e-02 1.252310587852146218e-01 9.280315536218808337e-02 8.988649267110569718e-02 1.609138123639273221e-01 1.313341299673809748e-01
9.299310045956162007e-02 7.658419859307258326e-02 7.663229979908242617e-02 9.305767179147513002e-02 7.492749566207748679e-02 1.224794222451870834e-01 9.312747236443759402e-02 9.306912102747355586e-02 1.559628511000166751e-01 1.211663669576158869e-01
1.005172540891722949e-01 7.427810944212666355e-02 7.430770088193112966e-02 9.228075497349474965e-02 7.354184439740514556e-02 1.250383189487717095e-01 1.007317275353056540e-01 9.330354422585085405e-02 1.429272472201999211e-01 1.230734982857419058e-01
1.059552919290725342e-01 9.696248139750425488e-02 9.687710010483380207e-02 9.926425261170648828e-02 9.247098990970030463e-02 9.895516642626828174e-02 1.058863753251297335e-01 1.008204717457997640e-01 1.043941092056516612e-01 9.841376134433316158e-02
9.575565022064570775e-02 1.041899974878841006e-01 1.041463648022985383e-01 1.002114282125183831e-01 9.836969040445456280e-02 1.004176424285441460e-01 9.569059109829239351e-02 9.376532518819606643e-02 1.081545363291938761e-01 9.929877382797229479e-02
1.086931558330439668e-01 8.396932749326165013e-02 8.393670767324085125e-02 8.719075703727288684e-02 8.284860439442727487e-02 1.092888233039871482e-01 1.087620725927433002e-01 9.069975177984346271e-02 1.327990541979659211e-01 1.118117456942135379e-01
9.842659834077883974e-02 8.092358384492240320e-02 8.092210432899957229e-02 8.820880230805884514e-02 8.128618784763930183e-02 1.097414133732686620e-01 9.851697846927789937e-02 9.019921891634059830e-02 1.558439094756020049e-01 1.159312030951118594e-01
1.048176671131993420e-01 7.652862306786552271e-02 7.653843056058629024e-02 8.962212337815732288e-02 7.607925738888951517e-02 1.165944294280788218e-01 1.050188438658849616e-01 9.101341944905066983e-02 1.469626882509552923e-01 1.168245174973323031e-01
9.702972732385745092e-02 8.429579525990918420e-02 8.439737879590498981e-02 9.302215468271762822e-02 8.257793095079257739e-02 1.185808867232780173e-01 9.722047863802991963e-02 9.227227488304928782e-02 1.347062273568846724e-01 1.158971453855763140e-01
1.030547121522528420e-01 7.857263615163587178e-02 7.861631235339919255e-02 9.017624436288718126e-02 7.724019136925547313e-02 1.199369273404648634e-01 1.032434977351172761e-01 9.201372502415390564e-02 1.393283813892219891e-01 1.178173721216113079e-01
9.831342652268441895e-02 8.199206255321486725e-02 8.198491179197421597e-02 9.103746718236227498e-02 8.014226478831633360e-02 1.191321615754844104e-01 9.835186752257724097e-02 9.112122363145347403e-02 1.386163244074727074e-01 1.193082900244600703e-01
9.264610244719308219e-02 7.589593804806257782e-02 7.594866949692474778e-02 9.080070485611263509e-02 7.466441346132124401e-02 1.252353811216346535e-01 9.280662675621986768e-02 9.165283278081501339e-02 1.502130443891548928e-01 1.301362866425612996e-01
1.052035615917684130e-01 8.086527369332859039e-02 8.083283843643529476e-02 9.065218044767645034e-02 7.866350648566290682e-02 1.147263538260615556e-01 1.052742198621387654e-01 8.836297040101519229e-02 1.390528608168459523e-01 1.163662344390668790e-01
1.041729019949954316e-01 8.205224816430642387e-02 8.204645429431886572e-02 9.071742337133026357e-02 8.045344115679668728e-02 1.137312685434809234e-01 1.042453268263762584e-01 9.048128380999695408e-02 1.376958696360105483e-01 1.144037822023876438e-01
9.406169323081280120e-02 7.753492878723163007e-02 7.758819625288210231e-02 8.940936648979873336e-02 7.565091063898055079e-02 1.220751223272456693e-01 9.420149881110066736e-02 8.680712505737968321e-02 1.594250832864451128e-01 1.232460751181230774e-01
9.904132304412681387e-02 8.081826184721173367e-02 8.089286467670553371e-02 9.009149704209466758e-02 7.886751138680501982e-02 1.191819367073448377e-01 9.925369729377785111e-02 8.958085655207309594e-02 1.424190529361293034e-01 1.198529985137311987e-01
9.867130880023947115e-02 7.996634059737448008e-02 7.999515329745829351e-02 9.074859055693158816e-02 7.805787852235147872e-02 1.267142510596011573e-01 9.881691029898963252e-02 9.136320761407086544e-02 1.347485209955416041e-01 1.209178382574414151e-01
9.076049284306894616e-02 7.713427316346585516e-02 7.708281722130019831e-02 8.484013881301140370e-02 7.876748044705894625e-02 1.225172602393151122e-01 9.075233369857328702e-02 8.497954321766200414e-02 1.654063169257919408e-01 1.277593434307523479e-01
1.036846863897657872e-01 8.305703663637875600e-02 8.305432672768907343e-02 8.887069334513189589e-02 8.198525533807407562e-02 1.186785500724690523e-01 1.037801010824433018e-01 8.675866356124062317e-02 1.300920506529604503e-01 1.200386361938469981e-01
9.925791961564477128e-02 7.304164372835457442e-02 7.305298991883785176e-02 8.630403064666108959e-02 7.252727952910896503e-02 1.236370459012986339e-01 9.944709596818288033e-02 8.690430426405255926e-02 1.584219851547922497e-01 1.274057052730663553e-01
9.442416515437132563e-02 8.423518270917844386e-02 8.431309421355799583e-02 9.721524222753043232e-02 8.191850146077288286e-02 1.186036009329855256e-01 9.459100651885461730e-02 9.741561301589712896e-02 1.295328247103219588e-01 1.177507690565297027e-01
9.561367676071394484e-02 7.263398822533881360e-02 7.265606721199255325e-02 8.762642116950469795e-02 7.123069087050096226e-02 1.231734663016795378e-01 9.575668681322001274e-02 8.565582122327047854e-02 1.664935965270503970e-01 1.291595848967285742e-01
9.261167659973972011e-02 8.749768497697246739e-02 8.756347948787139568e-02 9.364719120777034722e-02 8.658191598888675955e-02 1.152328365173059394e-01 9.268487259625646235e-02 9.258093698463754073e-02 1.371293334836821420e-01 1.144700721568772117e-01
1.012027169427489048e-01 8.582698356245453686e-02 8.585732105967926187e-02 9.606852959868461550e-02 8.423839227490677317e-02 1.130427122519046118e-01 1.013369063770313411e-01 9.169830897448824625e-02 1.303060975341499284e-01 1.104220314239517664e-01
1.023523129994968056e-01 7.518187880591217787e-02 7.515939604630249293e-02 8.380147767849535634e-02 7.639165522374838369e-02 1.260944483656924187e-01 1.024695534976363676e-01 8.422791303395210649e-02 1.492276080609193922e-01 1.250937562878445264e-01
9.466426462921265217e-02 9.178042926566211401e-02 9.178284738000888621e-02 9.343116048571128984e-02 8.847467483121913834e-02 1.123980030779822142e-01 9.470507553766439879e-02 8.733295203249172300e-02 1.306750480049510554e-01 1.147555447550965835e-01
9.433261004244919423e-02 8.877772139016247566e-02 8.881453856866113050e-02 9.705989751488175443e-02 8.588087093617693957e-02 1.114810198103277916e-01 9.440661586629445212e-02 8.993931558637217882e-02 1.348930062550464382e-01 1.144144040296276033e-01
1.031778886797662664e-01 7.855916738232053553e-02 7.857255416267153181e-02 8.944652418203657973e-02 7.657677423043139642e-02 1.183293235534951388e-01 1.033358775615167841e-01 9.046381653237864362e-02 1.400956881344949112e-01 1.214423855808881708e-01
8.931176142365783444e-02 7.749218094154516900e-02 7.743455461637398229e-02 8.401845923943529471e-02 7.642302342261203529e-02 1.057407599756164107e-01 8.927131563138701598e-02 8.328797202806220712e-02 2.075864879587706324e-01 1.094334847625393903e-01
1.044130960681156350e-01 7.268624621943624298e-02 7.264611710263928213e-02 8.518350865547023865e-02 7.119570459454468980e-02 1.168300604218169142e-01 1.045620804509154039e-01 8.510671654336655900e-02 1.673115592651275296e-01 1.200649106785675324e-01
1.013769587128878075e-01 7.766852080114340640e-02 7.770709503509413973e-02 8.858393715305015736e-02 7.572641631546446483e-02 1.221798540491691315e-01 1.015619027443385169e-01 8.829549755007838618e-02 1.452015166622502018e-01 1.216983009765237461e-01
1.064500824538638785e-01 9.040462436605763152e-02 9.040362065609469644e-02 9.351814153227012982e-02 8.728542111005971327e-02 1.088567910210358480e-01 1.065637442935039453e-01 8.681986991195772552e-02 1.216402867328926080e-01 1.080574179222638098e-01
1.007075534205978951e-01 9.042182889045284611e-02 9.034102206520730483e-02 9.316714565298053752e-02 8.563557424031269238e-02 1.101112752761807534e-01 1.006139224331814991e-01 9.255668870884370403e-02 1.190913463813800532e-01 1.173536429308627144e-01
9.362461770145565076e-02 8.522871897576587974e-02 8.521567226446440102e-02 9.445243279825912830e-02 8.465231257850246160e-02 1.140621388723379592e-01 9.363667352694179935e-02 9.351587899950723759e-02 1.410442502559103306e-01 1.145673040268551379e-01
1.058005111806463866e-01 7.990041655470435378e-02 7.992276886455244866e-02 9.132899375129820141e-02 7.877799049222049266e-02 1.194471712258843160e-01 1.059935112246171568e-01 9.470592700634888894e-02 1.297828953577279398e-01 1.143398143419998153e-01
9.720556673709920825e-02 7.928207062094272395e-02 7.931119207137794780e-02 8.871549804199137246e-02 7.803530889739819509e-02 1.193318116553055419e-01 9.735277272007467064e-02 8.632184319013244678e-02 1.489589926561020738e-01 1.254849434095758054e-01
1.055481572407832996e-01 7.661313047918327790e-02 7.667191884388650791e-02 9.388993808624815363e-02 7.494746679698874314e-02 1.183412418516459341e-01 1.058832288683987932e-01 9.317151971014436818e-02 1.371299231900864335e-01 1.178034749326345026e-01
9.499289106365313429e-02 8.191378452131695131e-02 8.195433706147116359e-02 9.197416391000827474e-02 8.084943843065531266e-02 1.170663363166600801e-01 9.509841190518454612e-02 9.204082702337047783e-02 1.450354950222572381e-01 1.190743147454228629e-01
9.337345439405891900e-02 8.088384082157608346e-02 8.090675104468758594e-02 9.272274353752779641e-02 7.903105541270270817e-02 1.188125640792331433e-01 9.346432466162707398e-02 9.306750767466578922e-02 1.463828349150259889e-01 1.213549234588948839e-01
1.007587992328186771e-01 8.393345867632914792e-02 8.396326539042259229e-02 9.017272864489134232e-02 8.166428455222289606e-02 1.133087727337619977e-01 1.008994302399852244e-01 9.318237245570674954e-02 1.347009967219837123e-01 1.174158913518776048e-01
9.636626288639522919e-02 8.421534889825255110e-02 8.428695781263849385e-02 9.148029910410529486e-02 8.444409458367801991e-02 1.164114810300345138e-01 9.650237873978667613e-02 9.245309136149003348e-02 1.370274993838354605e-01 1.168125861997837550e-01
9.867486447839751706e-02 8.159835587333279239e-02 8.161774596094965861e-02 9.523249858652502176e-02 8.200562693692556304e-02 1.203133180725032697e-01 9.878333893073119876e-02 9.586140104418840180e-02 1.302083795831167901e-01 1.157044705333298007e-01
9.247187962697127339e-02 8.584872075830699001e-02 8.581365459159194520e-02 9.109034386473655043e-02 8.361559966921450204e-02 1.180189876087427980e-01 9.243037258366371134e-02 8.941485603630712486e-02 1.422141004826716626e-01 1.190814847777934421e-01
9.146585125701747754e-02 8.327402826432106497e-02 8.326071923298489219e-02 9.233270961042298886e-02 8.050692946642452885e-02 1.186084155472619528e-01 9.144357502406379179e-02 9.254001904637798592e-02 1.472535952671271409e-01 1.193141572839981762e-01
9.890207361736387537e-02 8.255850132879810621e-02 8.258936715118365968e-02 8.787164455112730921e-02 8.117525958225427218e-02 1.156881330514885065e-01 9.903407264933894449e-02 8.627259002692999612e-02 1.463215276472362159e-01 1.195868303942791283e-01
1.116820963585131027e-01 7.861471740997973134e-02 7.860944346869268295e-02 8.422770632273468561e-02 7.780394014249111811e-02 1.147416615303019360e-01 1.118729496505410093e-01 8.445375207194653899e-02 1.415983305628143174e-01 1.163954024819848637e-01
9.851316217731878599e-02 8.188749556321242573e-02 8.185124438104013356e-02 9.569634934163777362e-02 8.182848607904709415e-02 1.185168259170652633e-01 9.853496692311286553e-02 1.003688284269310810e-01 1.263491456497857490e-01 1.164534955408488559e-01
9.439046368849628166e-02 7.616360700851848575e-02 7.614597461191709160e-02 8.722416601394203384e-02 7.542918355803690522e-02 1.197415933645212399e-01 9.442328999583018967e-02 8.801135920414436542e-02 1.655478892422325987e-01 1.229224733123608637e-01
1.032623303933528219e-01 8.188504309183256002e-02 8.194087054288737293e-02 9.082209781871210252e-02 7.905687740542055586e-02 1.180865752891929327e-01 1.034387233262021588e-01 9.172441115446984539e-02 1.329394213473913122e-01 1.168436496305383654e-01
1.008525288485715155e-01 8.153196835154472022e-02 8.150458669794891087e-02 9.095178958480497344e-02 8.057250137036564563e-02 1.129881985339663136e-01 1.008776379584992305e-01 9.070613171884921166e-02 1.452137870720504043e-01 1.148008698633990604e-01
9.339163173070487434e-02 7.744363819585282915e-02 7.750834316852171779e-02 9.511418613608724204e-02 7.611729547779318150e-02 1.255488560114711161e-01 9.356439651630069076e-02 9.549581439792238780e-02 1.428585623387700065e-01 1.229572760265759679e-01
9.424109493934446080e-02 7.627439898334553714e-02 7.624032655085000165e-02 8.968693031571568774e-02 7.532962668461889999e-02 1.219335984292136688e-01 9.425192120246993210e-02 8.914724263043957708e-02 1.627232197327543595e-01 1.201716405312478614e-01
1.004936704401195036e-01 8.154937320403754519e-02 8.153616025175373927e-02 8.691601735685562657e-02 8.257536082873592753e-02 1.193044702863850365e-01 1.005840906645959626e-01 8.767310575300445163e-02 1.386961691663203544e-01 1.206715820481919083e-01
9.721302074237066215e-02 8.091775381829996450e-02 8.095080494731680953e-02 9.290308793318720337e-02 8.033416352510229508e-02 1.141507822798483451e-01 9.736059149947963454e-02 9.268250720246709595e-02 1.449262913910229211e-01 1.185609966609051241e-01
1.058138710220315748e-01 7.796437850787858725e-02 7.797970427940813243e-02 8.817513513088066912e-02 7.688718253076369524e-02 1.196830165001270263e-01 1.060215748440496569e-01 8.867688905431515833e-02 1.416137168891014042e-01 1.171845312414440538e-01
9.245377357908379778e-02 9.946580725998216410e-02 9.949236784896811625e-02 9.543989362221787232e-02 9.313545061111760948e-02 1.078807114686106128e-01 9.245125480084921687e-02 9.090173451775930558e-02 1.196902470590136269e-01 1.090887592323977334e-01
1.016683900946610680e-01 7.953928486552445942e-02 7.952113577317751480e-02 9.048486726646609579e-02 7.595184221254405732e-02 1.144110895455107274e-01 1.017845661417975528e-01 9.220336986237752386e-02 1.450193159011596289e-01 1.194161383367813856e-01
