9.283951120356510878e-02 9.326795897872362795e-02 7.735479119904298262e-02 9.329183672509419600e-02 9.389022601200110174e-02 1.184792888297317021e-01 1.013116254576480191e-01 9.559580805767085854e-02 1.169910449805113273e-01 1.169779085560110760e-01
9.342618239807157221e-02 9.260055319028930032e-02 8.262994427346191662e-02 9.272510600308732365e-02 9.696369933498465155e-02 1.223844723482032382e-01 9.942209193747351959e-02 9.480406095208655792e-02 1.124950324807056645e-01 1.125488570816362832e-01
9.334976423362320586e-02 9.510502728861049138e-02 8.465061659777689540e-02 9.518376216408243329e-02 9.748100429839050285e-02 1.183429004809857799e-01 1.008487884179699035e-01 9.459861515709355739e-02 1.102101289792762617e-01 1.102293923821909827e-01
9.012028242772322784e-02 8.930398950871659691e-02 7.626834807312023179e-02 8.938387155544109952e-02 9.596728843818902455e-02 1.171643915726678781e-01 1.003655273377340590e-01 1.063426034716778851e-01 1.175303082203050381e-01 1.175533893944249730e-01
9.291341467827322897e-02 9.148273148555337297e-02 7.918048286115897394e-02 9.150507493334922304e-02 9.460200166526108734e-02 1.256978333670901449e-01 9.936025619180183233e-02 9.597551624237656009e-02 1.145917828131607086e-01 1.146909057619748401e-01
9.504128729886207605e-02 9.290657576563826625e-02 9.460919557744187913e-02 9.281902469470766637e-02 9.943954707591659559e-02 1.159984050360385183e-01 9.702136650653576944e-02 9.944803240260313704e-02 1.063055358941374928e-01 1.064110297481186129e-01
9.159825821317414685e-02 9.147781400962276543e-02 7.593619057279683837e-02 9.146423649587746840e-02 9.463782618278540615e-02 1.227903304349750591e-01 1.029168412559236245e-01 9.853172568050734548e-02 1.153320148268780071e-01 1.153147623274593525e-01
9.340979261251687593e-02 9.044491905658119668e-02 8.161554357132595749e-02 9.050615097172250156e-02 9.510103064687719376e-02 1.182325391506705292e-01 9.845385614249456407e-02 1.042860494088314188e-01 1.139677480710800106e-01 1.139823703678997380e-01
9.452354287538974886e-02 9.409341099325145563e-02 8.563343453891457402e-02 9.415725824565425450e-02 9.391684349453179037e-02 1.172316110793248933e-01 1.007608094245892594e-01 9.487014542476818191e-02 1.124306639514027761e-01 1.123822799721730797e-01
9.274808787617164207e-02 9.116901894402032469e-02 8.088725190485265837e-02 9.127761151228591663e-02 9.276720947103135606e-02 1.203718414627321237e-01 1.013951230347616000e-01 9.819433192934394483e-02 1.155606855260353366e-01 1.156288383387650970e-01
9.192450549856717723e-02 8.939376206713307849e-02 8.246556970481475068e-02 8.949903688412289005e-02 9.551386251428746477e-02 1.248394853390671771e-01 1.002877480179521774e-01 1.018943352786528395e-01 1.120499724375197681e-01 1.121317222578826628e-01
8.889011938455468331e-02 9.021723908339873699e-02 7.609062707701452766e-02 9.036000179654565811e-02 9.322354059391449455e-02 1.230072568864503529e-01 9.979717953247944917e-02 9.661576023500395571e-02 1.208649231840009525e-01 1.209333522266371336e-01
9.108143697035263331e-02 8.834792897980545123e-02 8.147709728607073487e-02 8.827997163531518809e-02 9.325136888244874023e-02 1.152931353478074683e-01 9.961597397890745165e-02 1.016471999358999623e-01 1.204730835252308258e-01 1.205328034581615582e-01
8.779249350002375774e-02 8.709810392733793871e-02 7.420233653952408581e-02 8.720938639135106252e-02 8.943942426133874579e-02 1.223416133123226279e-01 9.838022530229408036e-02 1.081335833969296334e-01 1.226428023834801595e-01 1.227600309853979360e-01
9.011666291189961153e-02 8.902451441366242280e-02 7.396358016493269349e-02 8.907724072875854160e-02 9.253143426061270771e-02 1.223298827271636219e-01 9.983394534898591688e-02 1.052283570938411378e-01 1.189165309019119404e-01 1.189778514482313920e-01
8.971796026552353309e-02 9.082819279368593846e-02 7.919186487481520709e-02 9.092348968275038024e-02 9.453892086573136011e-02 1.242857145568665445e-01 9.900410228219910791e-02 9.851164717120505787e-02 1.164381280781717071e-01 1.165599794290511082e-01
9.261659108587010081e-02 9.158361284769747646e-02 8.349832536842680120e-02 9.171766677642602394e-02 9.471891656070083321e-02 1.170410229152275272e-01 9.926544074949875118e-02 9.906267394340953492e-02 1.152012355322138554e-01 1.152945142205290541e-01
9.514765110876752252e-02 9.564545941610563817e-02 7.724773142806115600e-02 9.579623036627905874e-02 9.645243249373113004e-02 1.171057845487350479e-01 1.026800422940140622e-01 9.746653588880049845e-02 1.112809444411657217e-01 1.111771880143401781e-01
9.264466001823636054e-02 9.084598985862221698e-02 7.382744032195677486e-02 9.092363021132308931e-02 9.486478210722643079e-02 1.249841061168542600e-01 1.036537637008680124e-01 9.123438656804373770e-02 1.185315842559940547e-01 1.184896568408751044e-01
9.162885896842080935e-02 8.780218306589394894e-02 8.104486238525426822e-02 8.782100856876752515e-02 9.340690563714239281e-02 1.196520330984685715e-01 1.001485012348502235e-01 1.043539720687288175e-01 1.170618138830384763e-01 1.170798610894349806e-01
9.266488820261468973e-02 9.048263180491361579e-02 7.902717982910399674e-02 9.054067484829668444e-02 9.482203690903352744e-02 1.251756474319602741e-01 1.007039544431213574e-01 9.397934870500758431e-02 1.162747209859462116e-01 1.163289168400020307e-01
9.327645262068497145e-02 9.230494395661187346e-02 8.320946649986343813e-02 9.246066104916818296e-02 9.701307914976704805e-02 1.172524545264877066e-01 1.002254968382135375e-01 1.027244444206368013e-01 1.107459620607093853e-01 1.107870388778570969e-01
9.201223833156894905e-02 9.276312976520278974e-02 8.457545814286639152e-02 9.285463959176581961e-02 9.298366800226492979e-02 1.198596330206540689e-01 9.813730172754156489e-02 9.838610136456217570e-02 1.141728500393520834e-01 1.142549800142212413e-01
9.229790371955373662e-02 8.941823099373960582e-02 7.803729176979115612e-02 8.948884659269329411e-02 9.299864513321641490e-02 1.205518190466916412e-01 9.807777735732917113e-02 1.076169156385831938e-01 1.157449579293588077e-01 1.157676118190429787e-01
9.208311495585710937e-02 9.199089008924728195e-02 8.521550612522602042e-02 9.199678078815250182e-02 9.248735282520936796e-02 1.212839152855267610e-01 9.873052822976541298e-02 9.086934574856213309e-02 1.176343513400250479e-01 1.177082146124283635e-01
8.562750208556903220e-02 8.631473885427484727e-02 6.719042361343827152e-02 8.639236474673203658e-02 8.617798335982185254e-02 1.173981938576846434e-01 9.552481689581086843e-02 1.474360855775236900e-01 1.139865032962821545e-01 1.139513877128626451e-01
9.408004297739984423e-02 9.494530547083100680e-02 8.309870451742114306e-02 9.504290415943401904e-02 9.521274845212446269e-02 1.175863827664202776e-01 1.005363615889574430e-01 9.270288504085943959e-02 1.133862058913494980e-01 1.134084591352029214e-01
9.197620052037783211e-02 9.264817113985381047e-02 8.328771575844709507e-02 9.264998110846614510e-02 9.514848980598743233e-02 1.161134637125872532e-01 1.035604340737926871e-01 1.024202280362848799e-01 1.110657340769477530e-01 1.111295817672551117e-01
9.176524904972492569e-02 9.064071464255736565e-02 8.111816022543055782e-02 9.071948916406549768e-02 9.334986742437655083e-02 1.202256766822571293e-01 1.013437436339936770e-01 1.004271835498286858e-01 1.151633897617592023e-01 1.152465258660064495e-01
9.098516335686991641e-02 9.193698087661014706e-02 8.462364611865466624e-02 9.200024452182696544e-02 9.571263069822882885e-02 1.146308751590427444e-01 9.961122036873394647e-02 1.055614162290378910e-01 1.124588618830473230e-01 1.124789607879475573e-01
9.083676831727655054e-02 9.083509186692849402e-02 7.628004408192137764e-02 9.087676346984875642e-02 9.401811144878943760e-02 1.248249262635818674e-01 1.021596728267800541e-01 9.682051565394064752e-02 1.166387308612974322e-01 1.167093752096354242e-01
9.163493998969865495e-02 9.190687374114771269e-02 7.960016195380589799e-02 9.205597241061166947e-02 9.263147782646041772e-02 1.190663843243609243e-01 1.009665084572793498e-01 9.840401670818270385e-02 1.168188500535485286e-01 1.169148145349040852e-01
9.259333044591969153e-02 8.982479067853202381e-02 7.824168275391307770e-02 8.994430946864942489e-02 9.358626625836188873e-02 1.196605347404395420e-01 1.003134311398177353e-01 9.845061085497849862e-02 1.186353852856307095e-01 1.187496583737574080e-01
9.240267785283426405e-02 1.018338686484581562e-01 8.463839386640763240e-02 1.019340219275229331e-01 1.008550983473098378e-01 1.043228351546347937e-01 1.046838630108369167e-01 1.033966967049530922e-01 1.029605624739691749e-01 1.029719820130731989e-01
9.593650848773249695e-02 9.346246953596033802e-02 8.887418006676603421e-02 9.342701032619959989e-02 9.853219308984068059e-02 1.158329559657404750e-01 9.775016198738137319e-02 9.870506575823732864e-02 1.087173673300106252e-01 1.087620874521310899e-01
8.644217737580879579e-02 8.621762782914803303e-02 8.023051238107545280e-02 8.625024780738349550e-02 8.996403261058667777e-02 1.218584357106745064e-01 1.002613911724164336e-01 1.121662695650842562e-01 1.182613867440618083e-01 1.183479188037604712e-01
8.801744827813978711e-02 9.053685472173389481e-02 6.990362551441427208e-02 9.056283215746610549e-02 9.266847325499728838e-02 1.187733162895062006e-01 1.000617591522963423e-01 1.085816546868608179e-01 1.204291352633186929e-01 1.204649006812665568e-01
9.235199724492210160e-02 9.218801308873178502e-02 8.015020329875519045e-02 9.225180959466747210e-02 9.326522148262586520e-02 1.245550629976493323e-01 1.012686698972972560e-01 9.078612732631209659e-02 1.165754141856990417e-01 1.166074808833398868e-01
8.955659490488655783e-02 8.844388754388189666e-02 7.991332794394777339e-02 8.844015553231329707e-02 9.097071373861213839e-02 1.283757914841225367e-01 9.660953380966390280e-02 9.980877156287294716e-02 1.188949250827204124e-01 1.189862983969785515e-01
8.970228841393690367e-02 8.743616139592130798e-02 7.543997457794120176e-02 8.745470197643252785e-02 9.097926778389246738e-02 1.249021800985984088e-01 9.859024282287981444e-02 1.025716987058129526e-01 1.213820578186669136e-01 1.215414264059175159e-01
9.256006293686892816e-02 9.008587712994541030e-02 8.184790428030239151e-02 9.014636922929557261e-02 9.194430149054232115e-02 1.239137750047696468e-01 1.000549415237323436e-01 9.961387722417804069e-02 1.148912448534358532e-01 1.149416463269295058e-01
9.133386074557223178e-02 9.006590699903541108e-02 8.051737150996704506e-02 9.015759567010461772e-02 9.411911300837001726e-02 1.173216734493324337e-01 9.995832976916438350e-02 1.044144005870573239e-01 1.159942578043087064e-01 1.161174904570878713e-01
9.184382513517118374e-02 8.953500575874305534e-02 8.333666399058445307e-02 8.952659537419400959e-02 9.470152747157893625e-02 1.245126736587146149e-01 1.005556218913921662e-01 9.438105033437707569e-02 1.158018895813309745e-01 1.158051468039136139e-01
9.132838243672219969e-02 9.120384538713365019e-02 7.731776399004147704e-02 9.133633798561227590e-02 9.255698634497867838e-02 1.204255905527115561e-01 1.014208923455418160e-01 1.005048041868581987e-01 1.169328514940705388e-01 1.169725452763295814e-01
9.088757653085202670e-02 9.374054854198236864e-02 7.557536613145594828e-02 9.381999665797631505e-02 9.324153684888923654e-02 1.164370823026674301e-01 1.035172157163463669e-01 1.018022427365098959e-01 1.154679082684018643e-01 1.155105262649185616e-01
9.099776574705173426e-02 9.172967617829824727e-02 8.327502246295280519e-02 9.170653905358258640e-02 9.553640383740434616e-02 1.182630721013014641e-01 1.034945262556896950e-01 9.978567301870149009e-02 1.125829814290271458e-01 1.126283399159904303e-01
9.013140914780537472e-02 9.192410684053807512e-02 7.095673161217852520e-02 9.190610595964826546e-02 8.943757794493913116e-02 1.193573437513989477e-01 1.005944297075993255e-01 1.017577783576216754e-01 1.219596849605068395e-01 1.219748317177638541e-01
8.864668292043417774e-02 9.108849083482389863e-02 7.589493697870405842e-02 9.114120858460350583e-02 9.255243225895583292e-02 1.226907150277966041e-01 1.015554748049464634e-01 9.403104142439119850e-02 1.211555232814667260e-01 1.212434938838774789e-01
9.321661939733223712e-02 9.339429158917117446e-02 8.266527214252696043e-02 9.342197472821654747e-02 9.347131597615328247e-02 1.178199914028753570e-01 1.018711959976885267e-01 1.020112296104276478e-01 1.110428834207209670e-01 1.110852257348872996e-01
9.165840620068678446e-02 9.353518156257877025e-02 7.784878340689155296e-02 9.358574944433227516e-02 9.749553493711859975e-02 1.166547746918696615e-01 1.051276821228144531e-01 1.059763045129542280e-01 1.090494260326462378e-01 1.090681570881074230e-01
9.698315963548469198e-02 9.575453404105353783e-02 9.028078888792355483e-02 9.573513091343680004e-02 1.005424756196510172e-01 1.041183025563482412e-01 1.043677322396734664e-01 1.080039148968276602e-01 1.020667223730655632e-01 1.021472388365354533e-01
9.152940166348944029e-02 9.198393819669230254e-02 8.293109402443681055e-02 9.209579182668910236e-02 9.670037115389124027e-02 1.181249012993073610e-01 1.019934454963592474e-01 9.990388859288069912e-02 1.123757633460816807e-01 1.123614044001721296e-01
9.397770046559203450e-02 9.435140986137853514e-02 8.273018154680839009e-02 9.449246770157290753e-02 9.938204977630554771e-02 1.117953370482227815e-01 1.046259763566071144e-01 9.876593264057234589e-02 1.099236515829819794e-01 1.099552930199584055e-01
9.564301210203286774e-02 9.289850095914083117e-02 8.562908143421209262e-02 9.310787859512548170e-02 9.937120613576194694e-02 1.136729051856602835e-01 1.006200113119295886e-01 1.023474648683432298e-01 1.083372747809603492e-01 1.083726646268333843e-01
8.736936225298622127e-02 8.987120139355879445e-02 7.857193039372281640e-02 8.993275554043006492e-02 9.234213110401481850e-02 1.233674111092364217e-01 9.909679405174921796e-02 1.037872709468826010e-01 1.177742763257814823e-01 1.178868668816375337e-01
8.916860632732052927e-02 9.054774023072026390e-02 7.153770215794799658e-02 9.057404274024380419e-02 8.984883177940412857e-02 1.228357884568532232e-01 1.013435535648756353e-01 1.027594274470879088e-01 1.206765464487131317e-01 1.207077608468333924e-01
8.622909783996078603e-02 8.739482107172194536e-02 7.803349384306010328e-02 8.740274157134375610e-02 9.136638997594229150e-02 1.251631067356925031e-01 9.947005738719004453e-02 1.062409916964038303e-01 1.192579151357383710e-01 1.194413847429463826e-01
8.833569121656939527e-02 8.843634953204738969e-02 7.442167125498751201e-02 8.839391482861382043e-02 8.853306176401269656e-02 1.207180628078275003e-01 9.911722943502704330e-02 1.073303094977033634e-01 1.223170025378542136e-01 1.223967071253570932e-01
9.223282199198273856e-02 9.196916791974017735e-02 7.791186328543316109e-02 9.201401099046550847e-02 9.381567222949423190e-02 1.193913731385712745e-01 1.012613339491797715e-01 9.765033755974183993e-02 1.168553918568063649e-01 1.168980270785849457e-01
9.203527146507670120e-02 9.509156568290007272e-02 8.226957573648716049e-02 9.513596337729447738e-02 9.403442630437902627e-02 1.133806772886302300e-01 1.033763669837261256e-01 1.045245198906320921e-01 1.100439873592860135e-01 1.101076459115880868e-01
9.008750717083088833e-02 8.835495041436215724e-02 8.270849715546324532e-02 8.838126812977371849e-02 9.468983138679437639e-02 1.282456692254736186e-01 9.918945400353676445e-02 9.868431464528105990e-02 1.147805491151719093e-01 1.148779587533122620e-01
9.339815016357608246e-02 9.402023356099327434e-02 8.496021827856989339e-02 9.400783385015777649e-02 9.652728325634382656e-02 1.085902639540717307e-01 1.048888775921126698e-01 1.061765575452014165e-01 1.086596593189374238e-01 1.087709224800358782e-01
9.290557844475869076e-02 9.188482654765943447e-02 8.433722246616823237e-02 9.204053799654293710e-02 9.362701542412518729e-02 1.205629764063702591e-01 9.851305599246959477e-02 9.828023724649269377e-02 1.138907860585180870e-01 1.139577634168948972e-01
9.188220576124399297e-02 9.378441837234600953e-02 7.831200635969069734e-02 9.393400242816253576e-02 9.615037712229727862e-02 1.201676818826896836e-01 1.023396769884607066e-01 9.809565193003064176e-02 1.126588842521819983e-01 1.126750949028964277e-01
9.663379583907330539e-02 8.924245030768646059e-02 9.123906812345618234e-02 8.919088576778480548e-02 9.798914847585225851e-02 1.146429064452044316e-01 9.814915620848255196e-02 1.017574758029457516e-01 1.105239687095716100e-01 1.106311443199426703e-01
9.156298155059892918e-02 9.280630032499936899e-02 7.858987741596783205e-02 9.278773797441820792e-02 9.466241643013943718e-02 1.210284832099319252e-01 1.021131776125509399e-01 9.043680152655507454e-02 1.179827343300502984e-01 1.180294896247879866e-01
8.894766975597734326e-02 9.274758015634171349e-02 7.745425813105083490e-02 9.276961696267621571e-02 8.981955061951028829e-02 1.141513827517122576e-01 1.023531566313917174e-01 1.037017586325251067e-01 1.189304284119847566e-01 1.191245979468297106e-01
9.108401805865083689e-02 9.174978991812972329e-02 8.147495883680942741e-02 9.182740699236799364e-02 9.234605927506539524e-02 1.149900827912711671e-01 9.889509220249008414e-02 1.049810098769251437e-01 1.162977640017755776e-01 1.163538180465146649e-01
9.209049273681671477e-02 9.175901152723699161e-02 7.894131399974882446e-02 9.179552317827925634e-02 9.352956632181702590e-02 1.182136201380219742e-01 1.013767588527201002e-01 1.028950582425024740e-01 1.146922272804085513e-01 1.147064277224481427e-01
9.337110203964023303e-02 9.334210793010518092e-02 8.403436873211661551e-02 9.334947172039465002e-02 9.530411068983195289e-02 1.175630397664889498e-01 1.023393811009278426e-01 9.436015703270099475e-02 1.131719546490807526e-01 1.131643063387128140e-01
9.032995007647061370e-02 9.029100853455053477e-02 8.409329066050516555e-02 9.027033485094719534e-02 9.592449265603923692e-02 1.166828974989616574e-01 1.026378006157499662e-01 1.110534753237162886e-01 1.093017081635837134e-01 1.094150416194756281e-01
9.118577301619096298e-02 9.080823745059198038e-02 7.897824140335177323e-02 9.091050059065845790e-02 9.362060271482548768e-02 1.212791136268753928e-01 9.928137221815337699e-02 1.024357884473123120e-01 1.157406347933391672e-01 1.157597357387011028e-01
9.041469275459437793e-02 9.237770652088052314e-02 8.060750761208958226e-02 9.248669393825666163e-02 9.085576551593264882e-02 1.141894030829951057e-01 9.941509412108215371e-02 1.076522681214823751e-01 1.159380355946724034e-01 1.160628327380141822e-01
8.672820391350126445e-02 9.005652352099627334e-02 7.400371916404079042e-02 9.007225309206448594e-02 9.157052174735920425e-02 1.181146374527587972e-01 1.008407373124638601e-01 1.074335434818594337e-01 1.205189521608664022e-01 1.206609081540895578e-01
8.891029828285017256e-02 8.926345866264848161e-02 7.729027118791644002e-02 8.922488929468110064e-02 8.945897305983810388e-02 1.227675437438249112e-01 9.852279659509491361e-02 1.049320286970761157e-01 1.197552334339002655e-01 1.198745070421695091e-01
8.831414702904484548e-02 9.256874353683970658e-02 7.797822393535197572e-02 9.255409036635030284e-02 9.218336322597669996e-02 1.270038717622586633e-01 9.888721839629438515e-02 9.685430062471091228e-02 1.167612408134977575e-01 1.168948003096747512e-01
8.806718424480641794e-02 8.873023070121308087e-02 7.549335304801370328e-02 8.873639995296443705e-02 9.022288894162110162e-02 1.223364502120907887e-01 1.004214995261699106e-01 1.017772630084469582e-01 1.220197448963261516e-01 1.221949854683474779e-01
9.268978579420343589e-02 9.040646409214722623e-02 8.315325675083960755e-02 9.054179274759574514e-02 9.761038398723133336e-02 1.194720891134294916e-01 9.976028244665968714e-02 1.037720519653830414e-01 1.112776889878630271e-01 1.113162041146474046e-01
9.160188440276814670e-02 9.093635818606728149e-02 4.927540618437644543e-02 9.116149701514618398e-02 9.532198845778919183e-02 1.393016456866666419e-01 1.103727125139447873e-01 7.115137234819360335e-02 1.307093447931904906e-01 1.301677904118571927e-01
9.190201266701063243e-02 9.307996085303521516e-02 7.706484443398235740e-02 9.316144530079215058e-02 9.396890145793374005e-02 1.154828611618566869e-01 1.042117579057863092e-01 1.034747071479841241e-01 1.137920001608608706e-01 1.138615089107578859e-01
9.196536683764924835e-02 9.257148980200431698e-02 7.906914448712802634e-02 9.269282054256175463e-02 9.320930353508133370e-02 1.183420254135299637e-01 1.013802902518707444e-01 9.950331167853287972e-02 1.156223029402930619e-01 1.156439445113486980e-01
9.267698550572249505e-02 9.012037735859658449e-02 8.190646425149268606e-02 9.015629377695753843e-02 9.427236545266123868e-02 1.224579688973325420e-01 9.995966840939259079e-02 9.750191305733671432e-02 1.154273714743731805e-01 1.155205918161344436e-01
9.150669015664458783e-02 8.711406179571780373e-02 8.209136971906094704e-02 8.712196754743034566e-02 9.378300455921580181e-02 1.196936645388642501e-01 9.664845293647138236e-02 1.040196061222636165e-01 1.189278134103304851e-01 1.190933692140007522e-01
8.794846053701010913e-02 8.973961500475229058e-02 7.512530852930483782e-02 8.982010602279684452e-02 9.081240217512086266e-02 1.227498323349054954e-01 1.023460810731987025e-01 1.008334269402652444e-01 1.202835702608398977e-01 1.203411971218057153e-01
9.129320861551598609e-02 9.422230622812707845e-02 7.808356309523548089e-02 9.426775020609698408e-02 8.985568613364851298e-02 1.148693853591781916e-01 1.023525071265594111e-01 1.041084408043528725e-01 1.154235854314947102e-01 1.155235669997907860e-01
9.183401949937687603e-02 9.103070963180844022e-02 7.243345963038988478e-02 9.117489879282061893e-02 9.474255700854708473e-02 1.234187375459376984e-01 1.015549914072498422e-01 9.969247807688394469e-02 1.170828728959021903e-01 1.170352755110833920e-01
9.311169674432000221e-02 9.386037738410331344e-02 8.701972719231955422e-02 9.394895157489152604e-02 9.335154191134435731e-02 1.213423877999963291e-01 9.719268813941685237e-02 9.715014864164810138e-02 1.114686585351853387e-01 1.115538220767746391e-01
9.025026373416190906e-02 8.944724630647075958e-02 7.715940109297728111e-02 8.962291748162595773e-02 9.322887144340810672e-02 1.239472422537773871e-01 1.013528269778813246e-01 1.025204808431857961e-01 1.162168102077365817e-01 1.162539396587748963e-01
9.181675259288400726e-02 9.545526393052133907e-02 8.563088513216267350e-02 9.556273536712636685e-02 9.591764970574043203e-02 1.132269532205862489e-01 9.941153532491739386e-02 1.014439817518130449e-01 1.107364014402701796e-01 1.107978415339783557e-01
9.132819677506480438e-02 8.968754992959963868e-02 7.458777201372811250e-02 8.972859715431871774e-02 9.453369850793305607e-02 1.205262419803164869e-01 1.040639938028704442e-01 9.272285801784509174e-02 1.213814693616917378e-01 1.214396224566318822e-01
8.970285577700409796e-02 9.377837906738627216e-02 7.669682482325117234e-02 9.384694789868168463e-02 9.179904569787131208e-02 1.182868491073603562e-01 1.022855406142596513e-01 1.033218390523936991e-01 1.151329245584689354e-01 1.151487934033227772e-01
8.720167290913315161e-02 9.056183920709273694e-02 7.820225900994838553e-02 9.065715253128379947e-02 9.197870989503427464e-02 1.198929197404195873e-01 9.959333706446418799e-02 1.086490675917985427e-01 1.165724290222507203e-01 1.166906130285746135e-01
9.343849141884165432e-02 9.583887349439891568e-02 8.318159948813723392e-02 9.589006543729500232e-02 9.768608537152505267e-02 1.122665715479249371e-01 1.041376708128000789e-01 1.041064849467590453e-01 1.066930669476544719e-01 1.067610905346636357e-01
9.142184589172948350e-02 9.093915915706163311e-02 7.891804298076017521e-02 9.100758582910432881e-02 9.295538944128964309e-02 1.227980730253784986e-01 1.002470452622852837e-01 9.761853143723961401e-02 1.170057691661657434e-01 1.170885578089856244e-01
9.130561838414337494e-02 9.043477668242157208e-02 8.300849180768020419e-02 9.046851170543378229e-02 9.554891908979684656e-02 1.150514006275119849e-01 1.036346664346640412e-01 9.992967911061083341e-02 1.152652766336532547e-01 1.153526595240841057e-01
9.256388952075236820e-02 9.161574909370312492e-02 8.346629482414888446e-02 9.167369279838714913e-02 9.334470773953261469e-02 1.223486566376733309e-01 9.966049628801001981e-02 9.447542063379504862e-02 1.154007866208728861e-01 1.154503058431246287e-01
8.998549778696807167e-02 9.278621069725076498e-02 7.974241415820375323e-02 9.282918361818752462e-02 9.768565721270330848e-02 1.132033449746091130e-01 1.046664359158371443e-01 1.126054023146219468e-01 1.082193703218244374e-01 1.082764829997939632e-01
9.117492757536194148e-02 8.988107544360429690e-02 7.974429366222592075e-02 8.993635317819978492e-02 9.333720870859887886e-02 1.269313578763206773e-01 1.018134839980585210e-01 9.765618901126718598e-02 1.147102099069221975e-01 1.148149006394405675e-01
9.032569663779528579e-02 8.870587029862168904e-02 8.472527334794857645e-02 8.875354923431243159e-02 9.370572050283619558e-02 1.284230344722137596e-01 9.747076761070730400e-02 1.003251199219524908e-01 1.137432846814053627e-01 1.138216832922069321e-01
9.395684106845078598e-02 8.742629895282306995e-02 8.611883058852233541e-02 8.743580047494184382e-02 9.804244171619855286e-02 1.176856723769283963e-01 1.009062177529352206e-01 1.002456549523311480e-01 1.140728313329290589e-01 1.141094107839396021e-01
9.064036845522273345e-02 9.378611757661221848e-02 7.427436974845215423e-02 9.387870962038134814e-02 9.384666057870601208e-02 1.219010762448642926e-01 1.007624519612649872e-01 9.508824646684445325e-02 1.178998991289147980e-01 1.179221002187369749e-01
9.123863633623031932e-02 9.348976431085413707e-02 8.953519585919604562e-02 9.349109531010202367e-02 9.258422074339865693e-02 1.131442203265051460e-01 1.035170837678114769e-01 1.072128886757424820e-01 1.078482887595290374e-01 1.079386059106306889e-01
9.015564529800489113e-02 8.756568820697727129e-02 8.124004007942674244e-02 8.760021942389359384e-02 9.459971158209591613e-02 1.260351642586562126e-01 9.757557540796170381e-02 1.014347374667724927e-01 1.168077349878864357e-01 1.169854832883247264e-01
9.182583356069953795e-02 9.214317439491317985e-02 7.333906796776133719e-02 9.226213880631327358e-02 9.094299936559364916e-02 1.277075849810013486e-01 9.901009780943587080e-02 9.502595231566821066e-02 1.188758568081341865e-01 1.188672939904793086e-01
9.370884567803908216e-02 9.346743031005359803e-02 7.508462605875838858e-02 9.355775983991225508e-02 9.420262859842330749e-02 1.224108172128268862e-01 1.012031349472249514e-01 9.335556747437895320e-02 1.165555823222926696e-01 1.164536075580899083e-01
9.112838760909901248e-02 9.188786771724730129e-02 7.230250853235875574e-02 9.200446101202915117e-02 9.453565242814103431e-02 1.225295936212411063e-01 9.898414033478174223e-02 9.907269447929849260e-02 1.187908807709397024e-01 1.187638134948636598e-01
9.928483208558253059e-02 1.009150371057366963e-01 9.262226578487811612e-02 1.008475232533511956e-01 1.043362298045645287e-01 9.917067756202119222e-02 1.044337640795630767e-01 1.060017838975911286e-01 9.619633943066899229e-02 9.619154699604251513e-02
1.035115202217127411e-01 9.698191865678905399e-02 1.017129912430290994e-01 9.688911326714093331e-02 9.990413870683002850e-02 1.039147589469294336e-01 9.485634016130778390e-02 9.890205791371392552e-02 1.016565704070510751e-01 1.016705904754959394e-01
8.917371239993342191e-02 9.274484755811551739e-02 8.475855843097900022e-02 9.273330432827776859e-02 8.982138089625998911e-02 1.116513742049159430e-01 1.006142845918179263e-01 1.112349061699368091e-01 1.135483444859230889e-01 1.137192869338405632e-01
9.227186726758707103e-02 9.426189926384243023e-02 8.493287658179322908e-02 9.430354112850775072e-02 8.990148101872481867e-02 1.144476900613472098e-01 9.973854957147652855e-02 1.029306387740727274e-01 1.135618171488346345e-01 1.136496391838136000e-01
9.141901621563468250e-02 9.267165115478739890e-02 7.739470140148158039e-02 9.274946201128370094e-02 9.111125068789953374e-02 1.183059622306769504e-01 9.917632691406676193e-02 1.068508127299883370e-01 1.151437497252616737e-01 1.151770669289193250e-01
9.317632693621247242e-02 9.219646160474202767e-02 8.232661056204312877e-02 9.233546557705891999e-02 9.562716903589776885e-02 1.179498459352912865e-01 1.010579197376880317e-01 9.707206229140091791e-02 1.141349185736572069e-01 1.141232197460082393e-01
8.974158380102079113e-02 9.136963184469298893e-02 7.658702326812584504e-02 9.146275570189406345e-02 9.366165714683254151e-02 1.186158714520255120e-01 1.026812238972878155e-01 1.024399680239522631e-01 1.167082760513328543e-01 1.167320088128352834e-01
9.164161326977343647e-02 9.164833591725053685e-02 8.054656996598151542e-02 9.163752236187812372e-02 9.581069031895664279e-02 1.195091288100719462e-01 1.020237438790832785e-01 9.881885523793774995e-02 1.141624288037990792e-01 1.142011114352677326e-01
9.172703775922923242e-02 9.233332263401372586e-02 7.507780750098815015e-02 9.247543154001400256e-02 9.435021584910183168e-02 1.255057584268557680e-01 1.024788111997369522e-01 9.341958809421194165e-02 1.163248607366698939e-01 1.163071662591785155e-01
9.032409209224732949e-02 8.801337855378262021e-02 7.830687646133978330e-02 8.798278163760048232e-02 9.162218576015658533e-02 1.140205725021016803e-01 9.997111665383419388e-02 1.047540836899267108e-01 1.224231558844074419e-01 1.225817567646031170e-01
9.234810519981712096e-02 9.203438967223467881e-02 8.177320780855598659e-02 9.201565060882969938e-02 9.517441913196778014e-02 1.154202519862038562e-01 1.040081242895364161e-01 1.059158457777328172e-01 1.106537944360749953e-01 1.106562110890466355e-01
9.159722775102495385e-02 8.874900356153042624e-02 7.717998554586960602e-02 8.881679525171770617e-02 9.491900362501599908e-02 1.241983199802780269e-01 1.019253522750431795e-01 9.617463792520798693e-02 1.182235950087608817e-01 1.182160790755512614e-01
9.174967971180798820e-02 9.102499837735746058e-02 7.998836225606620332e-02 9.116265225910785697e-02 9.719031456033877525e-02 1.205527963750931408e-01 1.017581110131446920e-01 1.008221016075896981e-01 1.128622283433147189e-01 1.128887554961794520e-01
9.052158534462623196e-02 9.097518527401374233e-02 7.763159943046828160e-02 9.106554261790569815e-02 9.468995359775642107e-02 1.256464712128816108e-01 9.962426193574276667e-02 9.835451621190617610e-02 1.157103741642840494e-01 1.157805102104150496e-01
8.950620235206639685e-02 8.964992690711742762e-02 8.314513470379540638e-02 8.961978872484424596e-02 8.894081969717240743e-02 1.289347533744031882e-01 9.690446689692561177e-02 9.570351850789107773e-02 1.187003385871849281e-01 1.188950502485993377e-01
9.005086243604237817e-02 8.787392361023439735e-02 8.298897542311951814e-02 8.786943367887513345e-02 9.435478366925313665e-02 1.198764244189295253e-01 9.931594785347078180e-02 1.050497877558103643e-01 1.162426107917483437e-01 1.163772503625164212e-01
8.956989811987586814e-02 9.002521213238361131e-02 7.505222124571978015e-02 9.010518067863600156e-02 9.011180722957159994e-02 1.274982557110244386e-01 9.759146996287772213e-02 1.029352335651098765e-01 1.185201949629471480e-01 1.185905263918539398e-01
9.541638722492923330e-02 9.535666415632439163e-02 8.002897402538858285e-02 9.554395607822935288e-02 9.615436586176819012e-02 1.156067286468288741e-01 1.018505602824006512e-01 9.257176170064328191e-02 1.137373553026186784e-01 1.137332467208687914e-01
8.970465945856997969e-02 8.751105935408184933e-02 7.263725561038776590e-02 8.754692747561794441e-02 9.370179431301245421e-02 1.252256340305322180e-01 9.937244139171041990e-02 9.764478021786339446e-02 1.233256457205690881e-01 1.233298024276548721e-01
9.483807146435815905e-02 9.361476227192852551e-02 8.741875296747628199e-02 9.368061812578297454e-02 9.764819061265243849e-02 1.161517113027063647e-01 1.018122392253716368e-01 9.364617263717452122e-02 1.106019840414119437e-01 1.105874973511372095e-01
9.606871030407575229e-02 9.158703528850355158e-02 8.401361091186573815e-02 9.164964555300468552e-02 9.621154922771334161e-02 1.125638323064521856e-01 1.022395829814326390e-01 1.011426027429070257e-01 1.122524155005313329e-01 1.122710151835137476e-01
8.688647624144094084e-02 8.727088141136518651e-02 7.915110806954876732e-02 8.727124788217162366e-02 8.906213515519539881e-02 1.301959593615626687e-01 9.648295432921692727e-02 1.061068887952588830e-01 1.187010204688080661e-01 1.188713282854314823e-01
9.674576256381206552e-02 9.045369382556713023e-02 9.156187292822426382e-02 9.047006072748108030e-02 9.814940495391716313e-02 1.161828371252368458e-01 9.793844108735647036e-02 9.809187660127945130e-02 1.101401485731375862e-01 1.102659016139879572e-01
9.742807438263309527e-02 9.020373785861385274e-02 8.598372975505809424e-02 9.025081765148811053e-02 9.474014585463096105e-02 1.114832000254495775e-01 1.021519699888158578e-01 9.461540591697072122e-02 1.165401762207508435e-01 1.166027423455888862e-01
9.091274263434381830e-02 9.180348089604838113e-02 7.763399774209121806e-02 9.187825033939613084e-02 9.529391688182865805e-02 1.196708753036650474e-01 1.038138231915004261e-01 1.048318463117268728e-01 1.120578315154470983e-01 1.121032351839523628e-01
9.346282426744433047e-02 9.267802598740371156e-02 8.506023745075658171e-02 9.259974753745099652e-02 9.269181999507676573e-02 1.175271243255944786e-01 1.000163002535422729e-01 9.924815241469496507e-02 1.133138608537712783e-01 1.134019069142646330e-01
8.915624016848935907e-02 8.900723611266016244e-02 7.444099017526399631e-02 8.903256188334976451e-02 9.036442531172382553e-02 1.218194797042511518e-01 9.920565397367285543e-02 1.093178122414266568e-01 1.187449920885602223e-01 1.189106083406020198e-01
8.960496321701064137e-02 8.914380438844553278e-02 7.633636908703243795e-02 8.923088592545438957e-02 9.257442610309447872e-02 1.228093329691152119e-01 1.029964602720499639e-01 1.024762435090199320e-01 1.173817134624943609e-01 1.174458010662829677e-01
9.534595390741798515e-02 8.853552002853377900e-02 8.892864566471558874e-02 8.853766985629447916e-02 9.597230196427447568e-02 1.108014600611875733e-01 9.913691420053989678e-02 1.086399179822563760e-01 1.119863062232273748e-01 1.121153101115524714e-01
9.311146345995741092e-02 9.258306387939771454e-02 8.569460311326602964e-02 9.250020461657922077e-02 1.009256867692953780e-01 1.101369353229202097e-01 1.070524423741214814e-01 1.006483857002598847e-01 1.086099834467415398e-01 1.087372313174611443e-01
9.486627577031202241e-02 9.386022418963586855e-02 8.492466628122517791e-02 9.387108613747355279e-02 9.203601163093530491e-02 1.142488108282111031e-01 1.011275388507515555e-01 9.392117613422465427e-02 1.155378061357317798e-01 1.156064040414989669e-01
9.078833811989631131e-02 9.396310582007272316e-02 7.809376226561605405e-02 9.406871463555219193e-02 9.815783331698969827e-02 1.181123588126615359e-01 1.011944065870261922e-01 1.051374671238116676e-01 1.102300940927063017e-01 1.102539192256673101e-01
9.090964633176622234e-02 8.833464018721452760e-02 7.975255549839774249e-02 8.841360898708462701e-02 9.265078729554879211e-02 1.216218778212548313e-01 1.008183696894139614e-01 9.959060647829801050e-02 1.188907358224852162e-01 1.190171718885360691e-01
9.316203083382844363e-02 9.216900964354930725e-02 7.398586787167259204e-02 9.236742704061882969e-02 9.451958960814163535e-02 1.164744851501943040e-01 1.005173163141202669e-01 1.046984239833932961e-01 1.160521719751907987e-01 1.160536775792904707e-01
9.356156163622796063e-02 9.346477906287915804e-02 8.198975884912455825e-02 9.354082569876828734e-02 9.564087339859457526e-02 1.184622101552392087e-01 1.019250858029127349e-01 9.649288648559388448e-02 1.124643338542235943e-01 1.124576850564360103e-01
9.233869439810801771e-02 9.252172825280007007e-02 7.847575154901152705e-02 9.261589835684061467e-02 9.127356831721028518e-02 1.177033043958535391e-01 1.017883820407395473e-01 9.288275643090501688e-02 1.201527882638448036e-01 1.202471279946865090e-01
9.098900298992476654e-02 9.388925550382556939e-02 8.222990428447563005e-02 9.399996630389444163e-02 9.337498321195618345e-02 1.138780905128124882e-01 1.008143725636143490e-01 1.017155294317739767e-01 1.144873938192266238e-01 1.146215013784959713e-01
9.323148567142236498e-02 9.403627142606613143e-02 8.577196473658189879e-02 9.414249954794948194e-02 9.336764796372952480e-02 1.179778242705701308e-01 1.026635434714765760e-01 9.810722255306698891e-02 1.103552734477576402e-01 1.103462669113792899e-01
9.415421035205955025e-02 9.460315987119895242e-02 8.084321800043958728e-02 9.466726463205890618e-02 9.316735125841379972e-02 1.183309530042576524e-01 1.011934283937457740e-01 9.737870822340258248e-02 1.128476333706138895e-01 1.128140728938093612e-01
9.379370925887649257e-02 9.208006204523039306e-02 8.608684399780820728e-02 9.201964304880229373e-02 9.426619158674356957e-02 1.213269222182853518e-01 9.969977481981928680e-02 9.510061058543302359e-02 1.127755422377280520e-01 1.128507002012732879e-01
9.314414668106156536e-02 9.328521561451511013e-02 8.109170508760783769e-02 9.325194012400560284e-02 9.374867107672538169e-02 1.192899525829729523e-01 1.012452927908778499e-01 9.206149837449456586e-02 1.164261200838568044e-01 1.164554575838823852e-01
9.063505900668575310e-02 8.890088382982760939e-02 8.356154685592130649e-02 8.894363109007455415e-02 9.158635515329181798e-02 1.188340071352668725e-01 9.653966663726680497e-02 1.019989705337312758e-01 1.194260050322182437e-01 1.195738747257157619e-01
8.719791076181923617e-02 8.738010825980761787e-02 8.047309096033772313e-02 8.738951886900372945e-02 9.045071684845761018e-02 1.184030033888569533e-01 9.804205419698833190e-02 1.157089834084237823e-01 1.173877072313957715e-01 1.175669060749092443e-01
9.343979106178920691e-02 9.788234432650252947e-02 7.980703473816859461e-02 9.791133897892979887e-02 9.499557915541495534e-02 1.153636869607073956e-01 1.025824742616828766e-01 9.604415458895397550e-02 1.109803881763923444e-01 1.109932077514582949e-01
8.980760788987636467e-02 9.052963514155069891e-02 7.753956063313144353e-02 9.050219096663023044e-02 9.084342305320454447e-02 1.228034935530901428e-01 9.907407846165701415e-02 9.698138798380145920e-02 1.209266223838387777e-01 1.209919999332193657e-01
9.148786393470374756e-02 9.221888671829502060e-02 7.934639355331045418e-02 9.228669708736457478e-02 9.433434534477375122e-02 1.182845858166255010e-01 1.009228108335794294e-01 1.038836699548382897e-01 1.136238200889288369e-01 1.136109266675803531e-01
9.125576299263701840e-02 9.096177940168650999e-02 8.076708691613534996e-02 9.091989590881394134e-02 9.109799027980136632e-02 1.130928042802597511e-01 1.011846074343677460e-01 1.010396155833680060e-01 1.197953478556933876e-01 1.198851093472369511e-01
9.289228876136519653e-02 9.296766029799252706e-02 7.393676663799388094e-02 9.313869267522592588e-02 9.602312236799118161e-02 1.215608518854387476e-01 1.039667266413290964e-01 9.100221922216936155e-02 1.172812102508644094e-01 1.172304612596296453e-01
9.076696739680710502e-02 9.014623925559567263e-02 7.612662570785297400e-02 9.010531592202873641e-02 9.153089676397337116e-02 1.229383759970373580e-01 9.998609862285529060e-02 9.515342761883743838e-02 1.215935175292386788e-01 1.216525351857733611e-01
8.987118907177205074e-02 9.060939087454548957e-02 8.535256008175887144e-02 9.063239462859619400e-02 9.399644931634988654e-02 1.229892805894224200e-01 9.723168491910584577e-02 1.039526166773714622e-01 1.126097153702792369e-01 1.127547184707985845e-01
9.371800007122112197e-02 9.331944215888228478e-02 8.078977732857597904e-02 9.343715904168149733e-02 9.453677466306593946e-02 1.145408230528352084e-01 1.020572094684059211e-01 9.800370968515476067e-02 1.147757312078367120e-01 1.148213733223405475e-01
9.023180123885429782e-02 9.061127690684156466e-02 7.848978830511876836e-02 9.067342236272567246e-02 9.347523902916274330e-02 1.218506967834181165e-01 9.690431618192522911e-02 1.082587839785372902e-01 1.147192076243459535e-01 1.147854675890703086e-01
9.866428711480716707e-02 9.400615956171265442e-02 9.621989944986254761e-02 9.400101799582603890e-02 9.943232089235606863e-02 1.114458094442288966e-01 9.642058894119491519e-02 9.559398482953053444e-02 1.070694637762719392e-01 1.071464679942092380e-01
9.118721833696576129e-02 9.281625773832526127e-02 7.641784231485514167e-02 9.288792424481066845e-02 9.363049543477068581e-02 1.148929000092587666e-01 1.011141565383954360e-01 1.024807585074725830e-01 1.172104844100178983e-01 1.173619624651278115e-01
