9.994012789048854761e-02 9.108043011722995186e-02 1.172288817377403342e-01 1.080399231946397309e-01 9.144773392029803549e-02 9.137415602138873605e-02 9.191027076709773480e-02 9.187988725758169939e-02 1.172155314549180177e-01 9.988305763861725362e-02
9.798422701702334814e-02 9.156457776081798616e-02 1.210823170435756935e-01 1.047318546613037332e-01 9.180727081999043304e-02 9.189041715606109662e-02 9.103260947316543783e-02 9.105054554034774927e-02 1.211338756028665087e-01 9.772230492484802744e-02
9.977790286422981436e-02 9.193056194058571440e-02 1.174097393299900899e-01 1.015739414917321698e-01 9.217482483259882564e-02 9.218310297660130270e-02 9.394394602701841568e-02 9.394847362134964297e-02 1.174396095224646691e-01 9.961789739342935546e-02
9.961713443646946775e-02 8.881123876261926009e-02 1.167177908251677970e-01 1.235238508551231851e-01 8.918908774802017381e-02 8.918806907007284512e-02 8.842747647888943296e-02 8.841486385959537730e-02 1.167108661786743495e-01 9.939962178536811133e-02
9.723561107246013469e-02 9.066823181768010609e-02 1.233487925262315016e-01 1.076793138727017013e-01 9.081858434195028140e-02 9.080968087323665339e-02 8.943362602562553165e-02 8.942469169092114034e-02 1.234407001613456456e-01 9.714076761784729008e-02
9.633700541438515452e-02 9.458205366456680363e-02 1.151960624874360933e-01 1.085192371860011773e-01 9.450177575235044203e-02 9.442204759712707896e-02 9.235303406226343104e-02 9.232861964183365633e-02 1.153009597607407705e-01 9.645920443329537852e-02
1.010261039360861451e-01 8.945776451972106691e-02 1.208766968561178490e-01 1.078472481453371656e-01 8.980793645573283135e-02 8.969963413485977644e-02 8.972312463157025575e-02 8.968086589825405297e-02 1.208846737542413757e-01 1.009959516680794533e-01
9.702084585026710117e-02 9.155426816232409282e-02 1.169224173625414698e-01 1.190106094886976273e-01 9.186179893568686972e-02 9.187331116149106969e-02 8.897865228158871598e-02 8.896505009914593143e-02 1.169314166780040104e-01 9.688162998025308392e-02
9.954587386245399017e-02 9.281780400613642845e-02 1.162122449039815486e-01 1.038041823558174259e-01 9.319936101449405319e-02 9.317477784156036336e-02 9.282049500732823810e-02 9.280204548867411474e-02 1.161888881561137093e-01 9.943432736344011424e-02
9.998683397750197932e-02 9.091188496906633942e-02 1.191129090051017136e-01 1.093901948381551248e-01 9.117560862693843693e-02 9.124210176181284104e-02 8.965912996956544589e-02 8.966833154391865013e-02 1.191507198290996800e-01 9.970228547883977499e-02
9.858272524662965719e-02 8.987519052868740699e-02 1.231803075953906979e-01 1.113040403725092525e-01 9.007999628338167475e-02 9.016555473651430286e-02 8.762750005512613682e-02 8.764074510606444102e-02 1.232619948077296745e-01 9.828194526796674158e-02
9.907468696181803702e-02 8.752291294346746520e-02 1.227065098853222513e-01 1.147926053618008591e-01 8.790603928342158313e-02 8.795639436153027124e-02 8.927653512258769408e-02 8.928743285832810295e-02 1.227269433273958654e-01 9.874993989432788444e-02
9.933111744820292965e-02 9.053684598967975949e-02 1.151695924852983166e-01 1.227434690171332193e-01 9.081383461531734869e-02 9.067441630410670583e-02 8.810233590260926895e-02 8.804598799910447193e-02 1.151761723397751874e-01 9.940622789877279208e-02
9.706274850815131694e-02 8.597195837841754840e-02 1.212551905673135422e-01 1.336421835511018563e-01 8.630912647912517000e-02 8.635313091836221977e-02 8.567226399676666770e-02 8.567514293373633405e-02 1.212925244301451821e-01 9.676573023688020414e-02
9.811244258023928133e-02 8.803855188783611674e-02 1.206615888139686704e-01 1.232227244994810178e-01 8.835751224846076501e-02 8.834074979974386455e-02 8.732276719148979183e-02 8.730652931841002828e-02 1.206913272399251086e-01 9.794580642044534158e-02
9.783385432602230425e-02 8.821136625726222480e-02 1.232567273267773655e-01 1.137597649093349400e-01 8.842387510727435507e-02 8.846401566082466583e-02 8.955148969502531309e-02 8.956463958406651882e-02 1.233402791067296916e-01 9.759398802668262096e-02
9.859474680796517787e-02 9.146629336422586187e-02 1.166466876175350498e-01 1.133760399380184247e-01 9.169675053012177335e-02 9.179722599785768156e-02 9.071025452573669434e-02 9.073302264162277919e-02 1.166856327719580783e-01 9.829334580495849294e-02
1.006935390087368293e-01 9.247511896535959286e-02 1.153494363964333719e-01 1.027104464384370891e-01 9.297448086809639856e-02 9.301113954694049946e-02 9.353080111492406701e-02 9.353021898313554350e-02 1.152912410313989000e-01 1.004335776465376806e-01
1.017490684298017617e-01 9.019765130122386898e-02 1.232430499618518138e-01 1.008620186253178092e-01 9.066187134198512576e-02 9.064422528770475773e-02 8.895529430296968132e-02 8.893144631741825568e-02 1.232222753977444546e-01 1.015330990339824990e-01
9.900773206108363922e-02 9.007394836855948939e-02 1.186829226861148279e-01 1.205520187664388121e-01 9.041590984771265271e-02 9.037469587485755240e-02 8.666972671471444289e-02 8.663674603715047773e-02 1.186883802488334499e-01 9.889791939453461411e-02
9.895816091159259642e-02 9.058196653615098459e-02 1.234534373228662330e-01 1.055204358002001935e-01 9.085534712981201133e-02 9.086464476250413758e-02 8.874552959813623854e-02 8.873512021803228733e-02 1.235029928136139044e-01 9.878236490709142725e-02
9.912778903833595334e-02 9.166166127713998302e-02 1.163912157232193795e-01 1.116105204502509385e-01 9.192213392721573784e-02 9.203921104863060920e-02 9.100682881253313594e-02 9.103384928629192074e-02 1.164197000078504435e-01 9.878709042853188460e-02
9.706751369644049665e-02 9.059758530792277886e-02 1.189382591213077461e-01 1.126756503509726143e-01 9.081222929110344122e-02 9.085061890242036864e-02 9.158581406862108254e-02 9.159706015841180549e-02 1.189914666324312781e-01 9.688380247036837423e-02
9.615552271361471615e-02 8.994450054645884707e-02 1.186663625661106003e-01 1.250132878129678882e-01 9.027628772130304180e-02 9.029209279228861407e-02 8.749622554250903461e-02 8.748332823590390661e-02 1.186794585998282858e-01 9.599293346901502377e-02
9.801228882636360551e-02 9.109670952186495196e-02 1.207254948532115041e-01 1.063024940261206447e-01 9.133245863848031554e-02 9.127415042833866843e-02 9.126410036274670845e-02 9.124155976499419285e-02 1.207704202226805024e-01 9.798032335519893388e-02
9.194606042409091129e-02 8.172995954262669838e-02 1.135476559610995168e-01 1.773622394626492571e-01 8.218318414901240598e-02 8.214629698459043061e-02 8.289956490606777140e-02 8.287777638347421094e-02 1.135213804033654433e-01 9.178588178302340972e-02
9.942525924516561198e-02 9.254187411481039349e-02 1.166522783605195568e-01 1.023497309917632131e-01 9.282532601585836984e-02 9.285265008221889327e-02 9.371988172378541149e-02 9.372566961108343142e-02 1.166655834491196753e-01 9.924174640567542949e-02
1.025756452224446807e-01 9.083110644840083903e-02 1.151513496920729407e-01 1.085059199500311711e-01 9.099142387750058791e-02 9.094152417966526458e-02 9.167200346826978596e-02 9.165735225916608886e-02 1.152000316102643890e-01 1.024736432921842522e-01
1.001094881652720425e-01 9.017930070212495930e-02 1.191173091710035076e-01 1.120375407266598206e-01 9.040944377806872656e-02 9.044534670058258785e-02 8.933094216978129665e-02 8.933376343400549480e-02 1.191675267690941731e-01 9.986933838340737724e-02
9.923665340052570394e-02 9.015624471776612081e-02 1.145196709085600090e-01 1.187062918774912101e-01 9.045522473615985604e-02 9.043976364984225580e-02 9.144026755388483252e-02 9.143228519811452681e-02 1.145258753135841023e-01 9.908772264407138264e-02
1.004281082521478463e-01 8.885211338217839649e-02 1.230867080480280290e-01 1.077631489373615803e-01 8.911072027926349171e-02 8.908730602235953588e-02 8.913913998704525721e-02 8.912674721186632232e-02 1.231448737941066712e-01 1.002611340856428418e-01
9.993395925155400261e-02 9.010119430314909861e-02 1.182776340321905068e-01 1.115846848614513720e-01 9.036404737876070625e-02 9.046072861133826193e-02 9.067593846990773532e-02 9.070165675495524271e-02 1.183175399386445503e-01 9.958261639804846799e-02
9.914979773159006415e-02 9.097096101320130412e-02 1.186995492977053895e-01 1.140255947460541153e-01 9.121346636897838256e-02 9.130986889971309806e-02 8.851907447442118604e-02 8.853329780556849771e-02 1.187445851071832342e-01 9.883380455558468669e-02
1.047635821387351840e-01 9.213944624514844306e-02 1.044382624239994645e-01 1.015026909032279712e-01 9.229655881622859936e-02 9.228914601037491172e-02 1.017610068596278561e-01 1.017945133532094509e-01 1.044436984140551666e-01 1.045710948353929526e-01
9.657896368829331502e-02 9.472155651240406204e-02 1.146067939759406185e-01 1.085117762475286407e-01 9.481580393891922420e-02 9.475885535194183973e-02 9.236917241536739265e-02 9.234443849886359024e-02 1.146569916467211625e-01 9.663564772402011283e-02
9.942261520419895526e-02 8.520689403690108465e-02 1.212360592984550872e-01 1.320039188488353610e-01 8.551247466308517509e-02 8.546955074279563580e-02 8.532421475521921594e-02 8.530319166686446686e-02 1.212818995835578950e-01 9.923918120008715094e-02
9.871502162215663179e-02 8.630424084292639964e-02 1.175495511188528464e-01 1.296041177517746612e-01 8.667788939327213116e-02 8.659052651937142187e-02 8.920438968578338346e-02 8.917566524731489197e-02 1.175489313085312654e-01 9.862966651001636720e-02
9.970341626651542388e-02 9.040737872985631085e-02 1.230798967359505308e-01 1.015387821623465608e-01 9.072126117460886652e-02 9.071095050054736597e-02 9.059854819227315670e-02 9.058771823788513977e-02 1.231126299962867626e-01 9.953941800372985427e-02
9.482976418106690841e-02 8.757450865395263739e-02 1.264643478091165563e-01 1.207156366881885906e-01 8.782590543133782235e-02 8.775994051114131833e-02 8.675669957002316024e-02 8.672786540949402323e-02 1.265423475825758481e-01 9.480298416310310727e-02
9.692884098491250100e-02 8.785377480985472054e-02 1.231723789608300534e-01 1.242367252527264015e-01 8.804890904827490650e-02 8.803128346206134935e-02 8.584110749643372729e-02 8.582501596504910069e-02 1.232595344971313539e-01 9.680242952272594126e-02
9.817861763617899418e-02 9.035563545392986950e-02 1.220283428151153760e-01 1.116569194690002764e-01 9.062075060256878645e-02 9.063732718025760415e-02 8.822714011296353687e-02 8.821816776656631054e-02 1.220763820069323685e-01 9.800071695648686354e-02
9.909370654598970152e-02 9.010736819919826224e-02 1.166310776208967226e-01 1.198446380507083159e-01 9.029650777367546899e-02 9.035929648031519601e-02 8.906924929251684719e-02 8.908108215892485138e-02 1.166867508031095985e-01 9.883032307466511901e-02
9.931933880256758884e-02 9.027560885391022749e-02 1.233852092117140864e-01 1.065289084242166673e-01 9.060562293358256913e-02 9.052299676804090311e-02 8.835573685051995030e-02 8.831559868573393701e-02 1.234087052431476483e-01 9.928227422656646373e-02
1.000347593228656934e-01 8.939965849080797056e-02 1.192692311243327280e-01 1.133655220838611644e-01 8.975129497740499951e-02 8.981049653681656697e-02 8.967963880779861174e-02 8.968895832249310085e-02 1.192824600700615467e-01 9.971798026355767341e-02
1.023004983864944095e-01 8.928833359462368113e-02 1.153608988489575604e-01 1.115472664171878042e-01 8.958681607974852690e-02 8.957377467980620622e-02 9.244296691697787005e-02 9.244250773062992477e-02 1.153734658960134385e-01 1.020834714495606060e-01
1.026966037301633994e-01 8.999750669831980965e-02 1.175268893534441444e-01 1.073481184307867736e-01 9.021200320605937684e-02 9.012004956149655133e-02 9.095645956170200774e-02 9.092683028668592515e-02 1.175681796448609928e-01 1.026473595264810190e-01
9.889385326697125445e-02 8.814981902576403405e-02 1.176742955264684087e-01 1.211656212685096462e-01 8.852939490046093929e-02 8.839673627073561801e-02 9.032972790779193739e-02 9.028415691813372612e-02 1.176632373203789494e-01 9.891315759478547243e-02
1.008787804881885741e-01 8.754042703064784936e-02 1.222686329193061472e-01 1.100099624466037013e-01 8.785467017100874465e-02 8.781194901848987655e-02 9.031662374328786047e-02 9.030445063777495229e-02 1.223064493181054840e-01 1.007080542265867823e-01
1.002400137200895186e-01 9.140131342446354556e-02 1.161659393017780428e-01 1.091136940223332852e-01 9.159585697784786151e-02 9.157055663175842075e-02 9.179211456898690724e-02 9.178219318363335655e-02 1.162069555495886808e-01 1.001313626195203810e-01
1.036578154012919306e-01 8.993894575666740165e-02 1.152372950622370940e-01 1.080062038152844461e-01 9.017604157915602714e-02 9.015362018949721334e-02 9.205456814318371817e-02 9.204989807561000936e-02 1.152666509213088886e-01 1.034589610557632711e-01
1.038848190365256746e-01 9.661613833152862818e-02 1.035235686535462829e-01 1.050273852751776454e-01 9.651045674130667718e-02 9.651281572894028493e-02 9.526867943454704613e-02 9.527305444249017929e-02 1.035760148304373657e-01 1.038070675255002295e-01
1.012910381294245266e-01 9.022688035037386423e-02 1.177469511726697698e-01 1.085321423466875934e-01 9.060225064997473599e-02 9.062749640044806543e-02 9.110413417891509436e-02 9.110428416465612966e-02 1.177416722751320199e-01 1.010231503317182145e-01
1.041203995751251582e-01 9.294424556953526095e-02 1.115043754011297988e-01 1.024614522819183304e-01 9.318967612734710415e-02 9.328108609210861157e-02 9.360130663770320492e-02 9.362657627685724848e-02 1.115129105459510966e-01 1.037579714923241997e-01
9.971855320514305676e-02 9.412865267598621855e-02 1.130616321051142181e-01 1.083447287786775542e-01 9.436761065524866543e-02 9.457291278775320498e-02 9.170294872128841035e-02 9.174960031702550367e-02 1.130800369759861757e-01 9.927332377777699224e-02
9.815560436830481073e-02 8.608831293102939264e-02 1.226040272012593607e-01 1.221364876444025194e-01 8.634311247632606157e-02 8.632418136962241584e-02 8.885221115384553392e-02 8.885007870900853144e-02 1.226735560183865592e-01 9.797242812781484234e-02
9.950367828683058524e-02 8.700928810965999349e-02 1.210241758755745967e-01 1.198157434669291782e-01 8.738248900768622041e-02 8.730357213803216498e-02 8.877727243346129893e-02 8.874772280019747883e-02 1.210344434971385996e-01 9.940161438448981424e-02
9.845839883746522470e-02 8.505464353028223401e-02 1.241930409283402564e-01 1.265051483213676109e-01 8.521885433583130387e-02 8.517208067104550806e-02 8.638896148930352847e-02 8.637654357832569296e-02 1.243086550123427281e-01 9.832367329569588477e-02
9.764275072415050383e-02 8.666924160560940393e-02 1.192232643636017692e-01 1.315877032205102770e-01 8.697122646107185995e-02 8.684033159953964687e-02 8.709541414978781704e-02 8.704841051843173472e-02 1.192505283153466322e-01 9.767112904195032752e-02
9.993582260187515443e-02 9.055837641147054806e-02 1.181731316522474512e-01 1.104252169576406956e-01 9.085155422727921037e-02 9.082541875626369554e-02 9.062555702559087212e-02 9.061026627077593820e-02 1.181925905141698041e-01 9.980206558268663042e-02
1.023491897729144617e-01 9.081223409385130729e-02 1.123919306513945643e-01 1.098613633865562073e-01 9.097058275127010984e-02 9.095184724180675750e-02 9.401651495823704074e-02 9.402038633111682586e-02 1.124318420577557626e-01 1.021941087550969629e-01
9.768509539974357114e-02 8.837028289736520437e-02 1.267217201638578261e-01 1.119716987667341290e-01 8.856952142467945654e-02 8.855611499759415139e-02 8.688497439229331265e-02 8.687180643831526883e-02 1.268218560139482420e-01 9.754692950546883790e-02
1.044193577498625375e-01 9.289959731962706135e-02 1.080612587083411291e-01 1.093592822817246457e-01 9.290730495125126831e-02 9.287833896859395977e-02 9.352350513222877637e-02 9.352088544310292739e-02 1.081180808669540000e-01 1.043123885783137500e-01
9.729623588022368041e-02 9.117764959589072515e-02 1.195779306793182395e-01 1.113674009898551753e-01 9.144037245646211010e-02 9.155720677043176214e-02 9.047797442778639232e-02 9.050461882841395744e-02 1.196202178105869318e-01 9.698039256103101191e-02
1.009252041463653826e-01 8.994968381729660789e-02 1.189633082582553375e-01 1.055282966931346128e-01 9.028136479318155105e-02 9.034544368885281951e-02 9.220448841931447315e-02 9.222398275124983613e-02 1.189807290879773272e-01 1.005974983443720244e-01
9.726178389341630370e-02 9.579291054180154308e-02 1.137054057510152733e-01 1.137744537314727827e-01 9.578712788514687215e-02 9.576623683832122258e-02 8.843822711840536310e-02 8.841122402028507576e-02 1.137785441935537656e-01 9.728408602658182580e-02
1.011348925749702421e-01 9.033859844145129825e-02 1.201353194381457046e-01 1.022773000292583473e-01 9.061262099386470370e-02 9.050812372046758425e-02 9.186985873212621945e-02 9.183570078927301428e-02 1.201644461330704100e-01 1.011231391473725039e-01
1.018499910634029088e-01 8.828022214034363102e-02 1.136866839916012978e-01 1.196267557122052821e-01 8.838442347091989004e-02 8.834945319188777790e-02 9.217830363765662505e-02 9.218163475027603415e-02 1.137594267155492694e-01 1.017031053261572976e-01
9.817256606578880773e-02 8.992228964839481253e-02 1.144955052877819623e-01 1.226410506606678136e-01 9.021506310244331583e-02 9.021960209060959912e-02 9.091374458821785409e-02 9.091120914406899955e-02 1.145056851568039408e-01 9.800328425522292219e-02
9.992937030983528590e-02 9.029857367686121294e-02 1.168571880956476849e-01 1.144403659918447197e-01 9.060996548244235060e-02 9.057024645829975240e-02 9.031840182238841386e-02 9.029804307412313269e-02 1.168657246970166985e-01 9.981212039154079008e-02
1.013428211937761614e-01 9.204757673066170376e-02 1.166918958595093286e-01 1.026322323663540481e-01 9.234951867030882777e-02 9.227620742210512761e-02 9.235141953239923984e-02 9.232210524027889553e-02 1.166948862564053530e-01 1.012913367282013144e-01
1.018020332846264059e-01 8.945384691516729270e-02 1.158078214965859026e-01 1.174066397672921813e-01 8.951528554725948772e-02 8.946843074272933793e-02 8.947784601501361512e-02 8.946521998607639969e-02 1.158983152232915120e-01 1.017045610219579066e-01
9.785662730087626993e-02 8.925606041226506748e-02 1.200474535764624734e-01 1.173126451458247760e-01 8.961454614444830380e-02 8.963960829385832219e-02 8.929098688653966387e-02 8.928861923739049578e-02 1.200593057566433086e-01 9.763414724569138836e-02
9.862549759438235530e-02 8.926085847503438531e-02 1.135690532934727215e-01 1.247078595384535221e-01 8.945616182562859953e-02 8.950878327913233679e-02 9.143304133849369797e-02 9.145423630673613080e-02 1.136127405298215098e-01 9.837176781884469923e-02
1.001951676846664918e-01 8.580168041656373312e-02 1.175994908034512648e-01 1.279622533510884619e-01 8.603327831964113770e-02 8.596384904029105711e-02 8.936525895306450529e-02 8.935048494137454167e-02 1.176536329928718067e-01 1.000749034969870832e-01
9.694544412261776878e-02 8.724507222874824941e-02 1.210708040853560458e-01 1.262391282653307634e-01 8.745277848605402526e-02 8.734776306984454175e-02 8.781586686555174770e-02 8.778108481461043000e-02 1.211401028169079158e-01 9.696195524497847051e-02
9.732885364866447619e-02 8.672415632548885478e-02 1.252792753769176037e-01 1.121339600017134119e-01 8.687995319362167013e-02 8.679039764242764410e-02 9.108566839482232225e-02 9.107026262801923289e-02 1.253918555387931177e-01 9.731561724953168013e-02
9.940610687323067629e-02 8.685968758037519721e-02 1.213743674081802781e-01 1.221378919697207188e-01 8.704837245467393625e-02 8.699695724755510118e-02 8.772327159667568652e-02 8.770688087648531583e-02 1.214577836840010916e-01 9.928868030910201203e-02
9.862306838626265504e-02 9.103671592048663552e-02 1.185767412458250819e-01 1.139035143370909775e-01 9.131225385882138501e-02 9.141476408970522494e-02 8.910202760031257774e-02 8.911882366026749325e-02 1.186102941220994883e-01 9.830179677912845304e-02
1.067206636293391575e-01 8.661628805194208913e-02 1.363080671057415594e-01 7.754502337528365596e-02 8.791313097115581454e-02 8.784502389965766211e-02 8.743877843625387503e-02 8.737289033763791235e-02 1.359669970250340088e-01 1.062731371679542652e-01
1.029259057896637075e-01 9.029812961293642859e-02 1.142939368182214060e-01 1.109801914729706962e-01 9.052370055586901609e-02 9.054430444655577059e-02 9.171721431260532187e-02 9.172408062225613501e-02 1.143246619814084070e-01 1.026678743875130279e-01
1.001793708615586892e-01 9.023120395851759457e-02 1.173772026437079757e-01 1.112555936748025609e-01 9.058147202431790501e-02 9.062166629586258793e-02 9.122899939680209624e-02 9.123527974622891445e-02 1.173800178104214276e-01 9.990919358778019288e-02
9.851236042474653676e-02 9.099280364912544494e-02 1.210243137863748902e-01 1.102871196729330316e-01 9.118006882537298130e-02 9.118720473687112749e-02 8.868194432771200897e-02 8.867256866900084800e-02 1.210921681485144230e-01 9.836944775934869378e-02
9.567945185187952395e-02 9.036115072643098600e-02 1.187869974875928325e-01 1.274505272260538224e-01 9.048932288837371885e-02 9.049119037793793008e-02 8.614992464837314956e-02 8.613463784303551640e-02 1.188677026408634929e-01 9.558909430945906893e-02
1.013204271375597043e-01 8.642480992098992842e-02 1.219837504954391638e-01 1.164109179331276750e-01 8.679485696945883622e-02 8.677432368965000420e-02 8.861264476338194529e-02 8.860314399234925364e-02 1.220049901556723715e-01 1.010701349423711315e-01
1.010179000701715984e-01 8.976857240201933930e-02 1.135545194833984251e-01 1.155857041549409464e-01 8.995066488141546801e-02 8.992820672137094573e-02 9.286415330001404622e-02 9.286535292114089790e-02 1.135956617442983596e-01 1.008692643212299317e-01
9.954625404782679876e-02 8.915938832647243850e-02 1.216294620594026432e-01 1.116108920819431499e-01 8.965349122877359911e-02 8.969669561505348720e-02 8.893568461110167023e-02 8.893248444414568465e-02 1.215998337451820038e-01 9.923581384009853845e-02
9.576790852684601008e-02 9.143122104917308923e-02 1.199374247472747568e-01 1.093130217252389624e-01 9.158405560098113740e-02 9.163383906250117950e-02 9.234579661943595474e-02 9.236288250541067890e-02 1.200131785079165542e-01 9.561067165522164901e-02
9.981582591648838210e-02 8.807692541471472125e-02 1.227009347875661210e-01 1.147893427569832148e-01 8.845979079307410287e-02 8.856766669244264811e-02 8.773081210487573833e-02 8.775120731017647946e-02 1.227236973897372491e-01 9.938379683394135689e-02
9.906460756619560326e-02 9.108804804968999302e-02 1.130981692999249583e-01 1.122184640037434677e-01 9.129207539248980485e-02 9.132685260181017117e-02 9.494833320748732874e-02 9.497032334507617135e-02 1.131288278893757826e-01 9.886429864420667735e-02
1.032226063566933916e-01 9.002467713987688525e-02 1.199113835314303822e-01 1.056672175686811793e-01 9.036291114914349332e-02 9.033246690964517878e-02 8.877541141388078927e-02 8.875259955331793460e-02 1.199234555853178202e-01 1.030272707920128761e-01
1.009883493764764245e-01 8.801711329035753761e-02 1.171325546973206594e-01 1.143886775370648035e-01 8.835917805239813794e-02 8.831415547046354841e-02 9.242346230192778622e-02 9.241511917342527804e-02 1.171389979780699808e-01 1.008223921224958158e-01
9.877222348317851730e-02 8.599151229450621714e-02 1.192810710063867408e-01 1.263896420676133003e-01 8.623764200329742113e-02 8.625091043851183803e-02 8.960191924660701468e-02 8.961382946662502236e-02 1.193421651035966174e-01 9.851908488967736632e-02
1.030681131864726180e-01 9.224131265466092855e-02 1.111966886090973577e-01 1.052555825740274786e-01 9.232549332442047119e-02 9.233710223739716172e-02 9.471374502359969361e-02 9.472779686357778173e-02 1.112499918932320087e-01 1.028841736335144863e-01
9.878764240543860820e-02 8.963141911597630185e-02 1.214165811440583304e-01 1.114408662852568316e-01 8.988324531276478679e-02 8.989621144445920919e-02 8.944032829532365392e-02 8.943771732334310220e-02 1.214695088254509892e-01 9.859647984792820063e-02
1.034593167371685718e-01 9.075046829365059076e-02 1.150552935884343736e-01 1.102535478041385408e-01 9.095992288240684065e-02 9.094653083910246572e-02 9.011461808432096043e-02 9.010411476563520705e-02 1.150903464280492033e-01 1.032658405770932597e-01
9.838369297088278564e-02 9.093065280983644860e-02 1.211908639078217165e-01 1.070438024165081825e-01 9.119877717527406780e-02 9.119943079276782161e-02 9.029596027174706385e-02 9.028741482754588932e-02 1.212310602193006348e-01 9.823834460831538939e-02
1.040005343136950894e-01 8.905162578977790511e-02 1.126098511530421731e-01 1.154045108168557376e-01 8.922552413971923668e-02 8.920352197047586029e-02 9.202871974367189678e-02 9.202993491170473328e-02 1.126526923567112703e-01 1.037930848043460558e-01
9.987166516319800902e-02 8.904456823639081420e-02 1.248941453691091996e-01 1.071042256510697649e-01 8.922820703460174196e-02 8.924889469330871128e-02 8.798326136582938772e-02 8.798248270415645611e-02 1.249909165289020824e-01 9.965163325343383283e-02
9.584363648629161403e-02 8.842810550530137703e-02 1.267741159264443307e-01 1.149175850918988245e-01 8.865144953561171492e-02 8.865642409609952868e-02 8.708581947026329539e-02 8.707771711118732216e-02 1.268661575709190137e-01 9.569898920598300662e-02
1.002793341278337136e-01 9.296587053599014716e-02 1.172591239367133525e-01 1.121597969196965056e-01 9.321655075930378176e-02 9.320709751093556039e-02 8.675175958561423539e-02 8.672234467126949120e-02 1.172813545615866843e-01 1.001567673910565559e-01
9.934973896865173515e-02 8.877331353964089400e-02 1.206569606989017635e-01 1.085496583936107901e-01 8.914064130464828539e-02 8.912257693872030484e-02 9.228792360774354386e-02 9.228421011480734959e-02 1.206665317660693265e-01 9.916844466720597939e-02
1.029954319826883319e-01 9.061395429585780703e-02 1.126210625196151366e-01 1.110073045398662223e-01 9.068511753662056307e-02 9.064568467681512198e-02 9.293157219335397567e-02 9.292911320774401018e-02 1.126887296137501632e-01 1.028820294336886404e-01
9.621735494553505796e-02 8.864783204115353477e-02 1.246454309079679662e-01 1.197057050400903155e-01 8.875328194434399520e-02 8.877929343002960438e-02 8.621179289224319142e-02 8.621057057812085700e-02 1.247731225116744253e-01 9.605561570884105227e-02
9.654701209752997171e-02 8.883437318591196064e-02 1.252101435528764073e-01 1.100419033538588831e-01 8.926669522030791781e-02 8.928509673537883551e-02 8.963375491862152211e-02 8.962911408372245536e-02 1.252144648254324699e-01 9.633744202635954879e-02
9.913968947878751270e-02 9.101370822766038926e-02 1.205062795411728921e-01 1.041081765586917979e-01 9.154720493547542637e-02 9.151359515042518933e-02 9.137664928467732761e-02 9.135048628731189113e-02 1.204498135483761390e-01 9.899439698742139304e-02
9.727571282179620082e-02 8.880948871771769670e-02 1.210293825764040682e-01 1.160902749057614453e-01 8.927710966238891488e-02 8.928116832232516065e-02 9.008418541871354712e-02 9.007533936813237607e-02 1.210056052422353590e-01 9.707173296452525912e-02
1.039233781141230273e-01 9.897704547134424102e-02 9.853015641598351915e-02 9.731251300186878617e-02 9.889581404449043767e-02 9.881865994663646680e-02 1.005024528471318568e-01 1.004918370712929027e-01 9.854374461235917981e-02 1.040043984747695688e-01
9.393904181258401487e-02 1.028333762181814354e-01 1.028996485428587543e-01 1.054502342046838848e-01 1.027334738026509514e-01 1.026762581978113015e-01 9.621646842176735659e-02 9.618534280504137390e-02 1.029201729841298235e-01 9.414598301029110383e-02
1.002647217603905017e-01 8.877134853800326686e-02 1.112911149354345458e-01 1.257833376634593103e-01 8.881274239534102388e-02 8.875789450413541781e-02 9.237623739383858668e-02 9.237463660722579351e-02 1.113697145628301244e-01 1.001982516393414291e-01
9.870749269164291739e-02 9.103665204188669813e-02 1.134692146626331000e-01 1.159003171951381306e-01 9.120118353421906299e-02 9.118576501972702752e-02 9.319148795516497830e-02 9.319225982056816848e-02 1.135108821754116371e-01 9.860474490360833510e-02
9.739761795950993561e-02 8.927700712317722387e-02 1.165743568297548938e-01 1.220546918192770003e-01 8.958342980478842255e-02 8.957918496644086404e-02 9.085263228551486436e-02 9.084887772389534100e-02 1.165893566812840343e-01 9.724284480635742023e-02
1.001256365930012215e-01 9.159518566284016727e-02 1.173507905985384930e-01 1.075695291647409818e-01 9.198640311755341969e-02 9.205225140513460802e-02 9.107341659952124246e-02 9.108020289925536361e-02 1.173372880092246467e-01 9.982929595018986968e-02
1.017518577991225609e-01 8.828244757422654132e-02 1.179476460632402357e-01 1.146588602031857057e-01 8.865075001947450573e-02 8.864610088950942990e-02 9.031008879176520565e-02 9.030524166816845943e-02 1.179497068481054206e-01 1.014973001432019489e-01
1.009027403601200079e-01 9.029704789941042642e-02 1.184419438395947627e-01 1.089079085139781633e-01 9.054255100275668267e-02 9.046194828882100913e-02 9.057158102721532544e-02 9.054208360665576272e-02 1.184759738615670799e-01 1.008562215998808215e-01
1.005391230117652773e-01 8.921065831445855465e-02 1.237463252427080523e-01 1.026056992794500272e-01 8.964318526328213244e-02 8.968568027502618611e-02 9.029755739805082893e-02 9.030148090203511668e-02 1.237459885651195912e-01 1.002243017481042053e-01
9.963305421208419610e-02 8.977145910525144434e-02 1.137959053267121323e-01 1.282552055502210464e-01 8.995071775946822390e-02 8.987808787232329233e-02 8.765825217465871011e-02 8.762622356554802816e-02 1.138358023374319850e-01 9.959529209630095525e-02
1.027722904020154926e-01 9.090304664323607675e-02 1.142227539788062546e-01 1.112212579879281321e-01 9.115534561565737104e-02 9.106599611747769052e-02 9.086727211893533274e-02 9.083386565970628934e-02 1.142356377745417650e-01 1.027225337016956092e-01
1.005113131763903100e-01 8.964281794024497874e-02 1.230129337512499699e-01 1.088242632318796865e-01 9.006005351345296173e-02 9.005185313120787904e-02 8.730520828418013302e-02 8.728236524296001386e-02 1.230107217188922270e-01 1.002984700095418263e-01
1.005859965054846372e-01 9.002695321142800688e-02 1.196418264307296114e-01 1.096751373992376072e-01 9.035076322597605791e-02 9.042882186812979672e-02 8.968443339436460437e-02 8.969824582564997484e-02 1.196651845721571766e-01 1.002426375668424990e-01
9.796085239066872064e-02 8.850018993925817812e-02 1.240410029821839566e-01 1.115658233721659731e-01 8.877384802642278305e-02 8.879858555667310971e-02 8.925694298204431276e-02 8.926054068941256803e-02 1.241025693559908577e-01 9.773964470517951253e-02
9.530024759812302793e-02 8.793431290464566452e-02 1.270788025527706255e-01 1.149132799164355873e-01 8.801018361549838021e-02 8.794812227465878540e-02 8.815349660114472907e-02 8.813619431401360782e-02 1.272281345497769112e-01 9.529722567293266722e-02
9.859785731900988504e-02 8.914979277638121480e-02 1.192501074681280304e-01 1.223350176722501903e-01 8.929674163686827926e-02 8.926270787288059783e-02 8.714666802669351897e-02 8.712764952271709329e-02 1.193296263918128125e-01 9.850383131325837760e-02
9.532703669943783098e-02 8.696746771866889492e-02 1.251090100592933130e-01 1.221881564536130560e-01 8.728029610071172395e-02 8.728320527150883190e-02 8.776526045348528871e-02 8.776055630773775540e-02 1.251646557530795567e-01 9.515435518246370683e-02
1.005999145209523354e-01 9.350660530009792526e-02 1.146398871959881244e-01 1.007502379895081623e-01 9.387195985602662940e-02 9.398996757189570506e-02 9.387190189719583910e-02 9.389930311091908288e-02 1.146229592812819387e-01 1.002472632761342297e-01
9.808079461782820418e-02 8.788227268882183030e-02 1.241777520312300764e-01 1.187092693658398507e-01 8.833561948514292994e-02 8.827514814155618117e-02 8.622235157723152910e-02 8.618477389072910777e-02 1.241675296767057735e-01 9.796448852491451698e-02
1.010139439676396161e-01 9.359944500243763676e-02 1.155627267194855312e-01 1.001699492096044253e-01 9.389770399744311324e-02 9.390267920251085809e-02 9.272155362344824958e-02 9.271238606551854278e-02 1.155624846506727588e-01 1.008571275612392681e-01
1.011715721311469141e-01 9.459885710450148533e-02 1.116462059395560286e-01 1.093294433965224799e-01 9.485025506893782210e-02 9.489029266105872273e-02 9.044951607227792734e-02 9.044090743812574495e-02 1.116448998085980832e-01 1.009780503792748058e-01
9.454404744619739065e-02 8.488578604724893173e-02 1.279860677007726710e-01 1.290751405207123115e-01 8.504945778228260866e-02 8.499962392586109250e-02 8.544140558646391714e-02 8.542537170819329562e-02 1.281218880827139084e-01 9.447121119955384505e-02
9.702163782279596416e-02 9.578214436474179194e-02 1.152692045863684817e-01 1.090052190918800318e-01 9.576614307443769014e-02 9.582817189337632102e-02 8.952447126229261254e-02 8.952433461476508314e-02 1.153573728554258687e-01 9.692130043391616878e-02
1.015487616225371204e-01 9.643735219547190651e-02 1.110529693193884337e-01 1.062022130184545193e-01 9.665154026509834018e-02 9.670536010361890922e-02 8.949858083914206952e-02 8.948548471637644830e-02 1.110545275704562518e-01 1.013632103494559733e-01
1.022865249020626505e-01 8.907577512010947385e-02 1.182206895233062632e-01 1.109722039015642453e-01 8.932960914421654575e-02 8.933799528480947105e-02 9.023986086313723343e-02 9.024071202706074324e-02 1.182616395072323134e-01 1.020349897265010464e-01
9.866610916361572003e-02 9.217105817470172546e-02 1.160326125104878536e-01 1.109287450493997018e-01 9.226296336059050529e-02 9.214603956850206390e-02 9.148440423776180164e-02 9.144691213097441707e-02 1.160970991257353341e-01 9.876405667823087708e-02
9.736235605618009936e-02 8.720702570137792153e-02 1.198438915815622646e-01 1.292679814588731380e-01 8.736070246158850194e-02 8.734537095912631166e-02 8.723121043181115974e-02 8.722450582359191074e-02 1.199341731485098622e-01 9.722278237737885798e-02
1.016130938842987191e-01 8.779023770444328856e-02 1.215983252422403321e-01 1.144209730896245253e-01 8.810812417405726460e-02 8.812652701950460243e-02 8.769582554955651643e-02 8.769250416963336736e-02 1.216355776896714258e-01 1.013188114769699860e-01
9.855706790968724040e-02 9.467182993112091549e-02 1.102656125441394963e-01 1.224626334250396714e-01 9.469897683969399904e-02 9.473652011841206255e-02 8.792354817279650347e-02 8.791329588468434209e-02 1.103223573183551021e-01 9.844815785607062553e-02
1.069716309804660676e-01 9.310611012538358433e-02 1.099140568215861424e-01 1.020506459283261336e-01 9.305471718149134486e-02 9.296461537720954182e-02 9.250702793747242469e-02 9.248365147264671349e-02 1.099917387751863929e-01 1.069558054002316405e-01
1.002032850193290969e-01 9.372771882397590293e-02 1.133928881852043630e-01 1.054756675179688019e-01 9.391174748362915436e-02 9.387810960696527096e-02 9.293220120309216015e-02 9.291613285867560135e-02 1.134166535696608108e-01 1.001455957314988376e-01
9.997920246203313710e-02 8.917876247414198432e-02 1.170488055729595189e-01 1.127717316247145302e-01 8.945512877622217862e-02 8.947337357433768346e-02 9.262851802417497449e-02 9.264028420810613285e-02 1.170776192048534059e-01 9.974657407845644030e-02
9.982040171030198694e-02 8.952081281110184363e-02 1.208144445002269640e-01 1.154005083082405431e-01 8.974935743116903286e-02 8.979893303069211297e-02 8.723409509883878199e-02 8.723565321862866706e-02 1.208761152459426474e-01 9.954967864485746165e-02
9.889534900290866681e-02 9.082158997329287109e-02 1.151408637032930588e-01 1.182337931132965286e-01 9.123947644068312879e-02 9.136668570723205374e-02 9.033114091906013776e-02 9.035554035980951360e-02 1.151176876172622515e-01 9.849787316316181707e-02
1.005876099179351807e-01 9.179493129595113488e-02 1.172773008045158716e-01 1.042954400687525623e-01 9.211696318822240603e-02 9.211825522422904811e-02 9.206247816283613661e-02 9.205522906523183613e-02 1.172813921743137977e-01 1.004104000980120537e-01
1.009659184971154616e-01 9.106718777319816605e-02 1.171012950356329491e-01 1.071725986596710894e-01 9.134177897456405293e-02 9.137366993414308691e-02 9.156118368169655075e-02 9.156609257259487600e-02 1.171247694804452011e-01 1.007255053909386078e-01
1.004023445121980801e-01 9.023143930114028988e-02 1.136415159233248318e-01 1.144626162457218904e-01 9.037996586159909029e-02 9.043811315032732057e-02 9.329232976336669647e-02 9.332098832887247841e-02 1.136968423736401945e-01 1.001338445398091276e-01
1.013707570044294765e-01 9.147722578879179112e-02 1.168638085410109856e-01 1.034088673719292806e-01 9.179275382547913420e-02 9.182238830510079663e-02 9.263037081242139759e-02 9.263542355592993549e-02 1.168713987663626969e-01 1.011270060285444639e-01
9.939831176443697514e-02 9.194460498102380308e-02 1.166154414075346174e-01 1.060155680915992882e-01 9.230325655068689905e-02 9.227711942754855678e-02 9.278767865433783235e-02 9.277248744943868142e-02 1.166032080444697056e-01 9.928232362892368268e-02
9.820732984875717164e-02 9.230686789394949854e-02 1.196799257980576958e-01 1.056068805182963505e-01 9.242024558811351431e-02 9.232445948037454331e-02 9.073069278691918427e-02 9.069603864109493374e-02 1.197543369900501559e-01 9.827322245438697979e-02
1.000423269218794903e-01 9.174388428654330074e-02 1.181125593084833558e-01 1.037040343466919257e-01 9.200373686014041985e-02 9.189277537011049379e-02 9.216454749928064405e-02 9.212561437801565500e-02 1.181331382552611164e-01 1.000773827735935567e-01
9.589399112232827038e-02 8.969953909135115755e-02 1.183823188276773575e-01 1.256688269249799650e-01 8.988504404374124401e-02 8.989488335861164914e-02 8.818447860589935516e-02 8.817874967165136024e-02 1.184450509724582212e-01 9.576711738130137819e-02
9.711197234651589016e-02 8.611789459649503431e-02 1.175085002412381147e-01 1.393152672676069015e-01 8.625258963460175066e-02 8.622148321915983071e-02 8.644601315926329910e-02 8.643622606236851802e-02 1.175987960804034532e-01 9.699125739234708277e-02
1.010658908569279507e-01 9.172880870101653150e-02 1.138540083640016687e-01 1.018868739135880552e-01 9.196114133669325286e-02 9.189774510612454261e-02 9.636718409936735619e-02 9.635851016235276456e-02 1.138704230121844463e-01 1.010094144477434036e-01
9.788666140272679617e-02 8.838053234240976497e-02 1.216686918034200066e-01 1.164187200730508603e-01 8.867764702296059010e-02 8.856099239277276380e-02 8.941798781676142671e-02 8.937747134049099651e-02 1.217020194504799535e-01 9.790927635492681358e-02
9.960545099068246477e-02 8.971979180883936367e-02 1.171383305687993120e-01 1.151298350088405809e-01 9.008315516673449930e-02 9.005828235437694784e-02 9.084881786684360916e-02 9.083470315587441335e-02 1.171333385659803356e-01 9.944829451302850121e-02
1.008364669039714251e-01 9.067643442718208158e-02 1.128497896576004661e-01 1.190106027610754319e-01 9.090290397242772880e-02 9.079250313310599507e-02 9.062606875224253622e-02 9.058715890541078897e-02 1.128652510692804978e-01 1.008528204177031457e-01
1.024284917684878116e-01 9.060288608492202134e-02 1.203672239036944064e-01 9.943361962695929090e-02 9.110599110282044388e-02 9.116972350809275649e-02 9.125200439335641456e-02 9.125805062837005766e-02 1.203282760136151763e-01 1.020537329696816209e-01
9.866774886932729027e-02 8.922663255882848365e-02 1.216384556521923899e-01 1.133367215613518136e-01 8.952691229419010299e-02 8.940221011454195510e-02 8.893834235391018250e-02 8.889139694630350530e-02 1.216668270274947755e-01 9.870475262185948728e-02
9.607357754568067454e-02 8.862516850393832579e-02 1.217979801176989202e-01 1.193051093021188364e-01 8.870866983515726667e-02 8.870136052995690468e-02 8.944748306085288647e-02 8.944907692134941579e-02 1.219170550599984887e-01 9.597451912324828083e-02
1.011388727855217912e-01 9.231138652528135535e-02 1.138384975590696346e-01 1.082674746479155847e-01 9.259169463646933773e-02 9.265439145747871030e-02 9.223863813516974819e-02 9.225067866720321197e-02 1.138454946314124416e-01 1.008628709544782120e-01
9.516889504598970151e-02 8.819316641065218232e-02 1.201002824822002962e-01 1.267447688155133312e-01 8.845042168882405464e-02 8.844771971941894906e-02 8.885542443439305160e-02 8.885079666973147439e-02 1.201505248391109976e-01 9.503799989416594762e-02
9.583117427021450863e-02 9.809923644927562303e-02 1.108818043679615784e-01 1.053662136765595031e-01 9.807868892418597495e-02 9.810176841283640981e-02 9.343420214790650047e-02 9.342922410352626217e-02 1.109385888579262208e-01 9.583909878960739093e-02
1.002326690522947761e-01 9.005844442070458367e-02 1.140977954160680152e-01 1.173197796308967783e-01 9.020088920691532453e-02 9.022738004968854086e-02 9.183619914611863833e-02 9.184974076631380324e-02 1.141558164516648377e-01 1.000212858593346604e-01
