8.054337048543501465e-02 9.585728494763484653e-02 1.173423933018289816e-01 9.291298024047632553e-02 1.184679460808004819e-01 7.311151426742201753e-02 9.285185788254289585e-02 1.189629944431662700e-01 9.288746751967504045e-02 1.170621908310181120e-01
8.386453895495094013e-02 9.412403182879365560e-02 1.119354921582932094e-01 9.260237804099839820e-02 1.208411466963781877e-01 7.800046828490046769e-02 9.269452541510746213e-02 1.218397943880444728e-01 9.271845888035436245e-02 1.113791653521788300e-01
9.054425018278125514e-02 9.430896867597440836e-02 1.099958822171471784e-01 9.293849111366118965e-02 1.175479394196645017e-01 8.085880498625482027e-02 9.295571938188992855e-02 1.182023403315731053e-01 9.297934632709406455e-02 1.096682573639595898e-01
8.008319275607830856e-02 1.065835909269648996e-01 1.179379329478057459e-01 9.008795561520353823e-02 1.168772650406580266e-01 7.315419005432134691e-02 9.010028576960991964e-02 1.176520176476730656e-01 9.013720639213157471e-02 1.173863628495535744e-01
8.238102406967476310e-02 9.462834048762738814e-02 1.132887818507834626e-01 9.154063286786051634e-02 1.234401332430003356e-01 7.462106825738298865e-02 9.153755071316016512e-02 1.241635125337588880e-01 9.155177625300323085e-02 1.128471797237482893e-01
9.176614826513669609e-02 9.760424043300715280e-02 1.045579092589680875e-01 9.335863786237602602e-02 1.137559733577927085e-01 9.409641283532931000e-02 9.327872487681532210e-02 1.138545226603412813e-01 9.326994363144795741e-02 1.044574868187854166e-01
8.816714530461916555e-02 9.757980561584006507e-02 1.142158699030875468e-01 9.055527757924840271e-02 1.212671512994523415e-01 7.147638926965618755e-02 9.045926791640211684e-02 1.217557248786830248e-01 9.049270406557199942e-02 1.140306641674391358e-01
8.722049382149464625e-02 1.030686992211795744e-01 1.127264344490921805e-01 9.212019558328073121e-02 1.163495609361812622e-01 7.483597609530918959e-02 9.214262498648612132e-02 1.170450030110204848e-01 9.217238908031888389e-02 1.123186228156369121e-01
8.699085073491029385e-02 9.445730921509068456e-02 1.118917778011106479e-01 9.390742193145609762e-02 1.163303941609693248e-01 8.002399078544948641e-02 9.389630937898410523e-02 1.169123916831241450e-01 9.393332969583625958e-02 1.116562246130689690e-01
7.797978012731179853e-02 9.824138581199992615e-02 1.159070549732719863e-01 9.262859669535487839e-02 1.198084281098054510e-01 7.397857542619973303e-02 9.270530668718628131e-02 1.207374509856929817e-01 9.273142010054646889e-02 1.152820010826304947e-01
8.806019601077018366e-02 9.981947471912820669e-02 1.100682578610439610e-01 8.991129684383110388e-02 1.215544680723023296e-01 7.844726570792789899e-02 9.000361959963026903e-02 1.226431731087894994e-01 9.002360709706970499e-02 1.094686409795068011e-01
7.890676495152379455e-02 9.658046010722468044e-02 1.211563775626417899e-01 8.862491738642511163e-02 1.221837088804413468e-01 7.145873976883944378e-02 8.868880152115023174e-02 1.233449205954774697e-01 8.872650956393865473e-02 1.203287996623374351e-01
8.904936106729299805e-02 1.004614244621798852e-01 1.192205319328288327e-01 8.990201906403209875e-02 1.137862216333011406e-01 7.507534368533934355e-02 8.977479489853011640e-02 1.139841700060945928e-01 8.980030892385858221e-02 1.189458243265423820e-01
7.714731456684800759e-02 1.074065600274830695e-01 1.222331168353858466e-01 8.696971863729012486e-02 1.207268843104720435e-01 6.827407965721653260e-02 8.702568461209646278e-02 1.218435411881496899e-01 8.705877765752116637e-02 1.213143225075370563e-01
8.295524181265759300e-02 1.041122752853438638e-01 1.178800250602167615e-01 8.896911144707160546e-02 1.204547409921760681e-01 6.908906301820770535e-02 8.896371170664063577e-02 1.212646600756394216e-01 8.899458338834012605e-02 1.173165872137061916e-01
8.321665033619231322e-02 9.771755779944392428e-02 1.159091628649200900e-01 8.886764014628049935e-02 1.226024971532363173e-01 7.501586940935868475e-02 8.891552421152819352e-02 1.236039044571331652e-01 8.893615253953485178e-02 1.152150410823719606e-01
8.542856438506868377e-02 9.869538504570181392e-02 1.151288516670250922e-01 9.211233481368903686e-02 1.159860529421738451e-01 7.686052686434845238e-02 9.222098170661714722e-02 1.169035796214919626e-01 9.224371150574678380e-02 1.144200114481371822e-01
8.272634257114022671e-02 9.803432213506825532e-02 1.117748369681353382e-01 9.539605313245892726e-02 1.172317515625463380e-01 7.433933749006700620e-02 9.545108172119365353e-02 1.180628426241105283e-01 9.550110403545737647e-02 1.114823277598223361e-01
7.787517320174518198e-02 9.099017596914855954e-02 1.182466648823660843e-01 9.215503340307984459e-02 1.240596558382493220e-01 6.952623503393701165e-02 9.215355988800308373e-02 1.249756513035383682e-01 9.219925703058812205e-02 1.178185934493444637e-01
8.305196419948848718e-02 1.032762930441226551e-01 1.159496725881624946e-01 9.048641877743258954e-02 1.179589894603810946e-01 7.418659958537970889e-02 9.045753055192211345e-02 1.185920591855259415e-01 9.049031564920814730e-02 1.155501569583767263e-01
8.333425283022008467e-02 9.280930935470080301e-02 1.150621670554360099e-01 9.136862665160036534e-02 1.230405543813991170e-01 7.310946039574295341e-02 9.138777397677450010e-02 1.239087960031344526e-01 9.141423540162281480e-02 1.145648239493689546e-01
8.801851060157910023e-02 1.020645059705703322e-01 1.102433620437943129e-01 9.248525332127492671e-02 1.158339452893576149e-01 7.963618289055129917e-02 9.261164069702072787e-02 1.168067243558683355e-01 9.263747983052030011e-02 1.096623949994631059e-01
8.548590576163121735e-02 9.773953145431200917e-02 1.137100110043648693e-01 9.127429858613084201e-02 1.185178746958308466e-01 7.812916460868611634e-02 9.132053198519192450e-02 1.193226602884874116e-01 9.134134568953128364e-02 1.131586759258335489e-01
8.261688813203950377e-02 1.064028226700727137e-01 1.145513957800601695e-01 9.103087322289231398e-02 1.185932969010760757e-01 7.118106412551224171e-02 9.105851060166034183e-02 1.194116538575210190e-01 9.109088669603301880e-02 1.140626080131325881e-01
8.213277485486582263e-02 9.039224869992845690e-02 1.172679207426584602e-01 9.150422972016526713e-02 1.202911707775627531e-01 7.778601791153286205e-02 9.145482264738785672e-02 1.208266571286553404e-01 9.147706921731360574e-02 1.168670882999296168e-01
6.920423113317177022e-02 1.480723496424466157e-01 1.143231359383357210e-01 8.560573801981934128e-02 1.171451700835383219e-01 6.256514802340741588e-02 8.558387614551821176e-02 1.179970399523815466e-01 8.562952101367664326e-02 1.138737900477043846e-01
8.633277576246728424e-02 9.260913025817939237e-02 1.134268841376306208e-01 9.383121749581001259e-02 1.170086422202956250e-01 7.831231959613051130e-02 9.386890590076253649e-02 1.177098506667416250e-01 9.389660135125725560e-02 1.130036726107251088e-01
8.638350964547901467e-02 1.027242906310289472e-01 1.115915019764354699e-01 9.218809860454328653e-02 1.161823639796343705e-01 7.873202084753215535e-02 9.214408874861614029e-02 1.165854211805802815e-01 9.215913530246051810e-02 1.113095690836898577e-01
8.437310777046311272e-02 9.972159599902936933e-02 1.146569849699572985e-01 9.098477598280683976e-02 1.188220816807074448e-01 7.563335045375228771e-02 9.102908986927638058e-02 1.196463489785127426e-01 9.105145221413915579e-02 1.140812120813553404e-01
9.093398196624102869e-02 1.051704706660926969e-01 1.121392809544907027e-01 9.046776535270012465e-02 1.137824534178789732e-01 8.042231677708518156e-02 9.046305849154488710e-02 1.143668676885393892e-01 9.049174784206641398e-02 1.117620568433606021e-01
7.954776683866689180e-02 9.637194577336040402e-02 1.163635557653811547e-01 9.029172396967294345e-02 1.237171844544947413e-01 7.274124976179102697e-02 9.027760082835951938e-02 1.245098090653641854e-01 9.030260284710260599e-02 1.158765606958065408e-01
8.217298342217249640e-02 9.831348698348370274e-02 1.170968875765831529e-01 9.137763957582363539e-02 1.182752784737997609e-01 7.414905342260866283e-02 9.148425822451206058e-02 1.192971851727263333e-01 9.151035319006996238e-02 1.163228739582202187e-01
7.849872899995256892e-02 9.811595388840756160e-02 1.186585806139373173e-01 9.211562054865361782e-02 1.185883202636656558e-01 7.212229315691506826e-02 9.222115687228901737e-02 1.195800155582379121e-01 9.224518522104793727e-02 1.178541448768932881e-01
9.785516706642687079e-02 1.059157659743418661e-01 1.055364304943811060e-01 9.458204593890505441e-02 1.066880382807725430e-01 8.792077558308848684e-02 9.458067011849814743e-02 1.069589893913540091e-01 9.459581196333034792e-02 1.053663051889015961e-01
8.720205041013598390e-02 9.746394205598317428e-02 1.074534903289610932e-01 9.469666815107606606e-02 1.141872682704256764e-01 8.794292095650417529e-02 9.464417065322996980e-02 1.144344410740134044e-01 9.465246834087434613e-02 1.073225797587961522e-01
8.507314453569572721e-02 1.108160043846933562e-01 1.171052191283345478e-01 8.521931453462443240e-02 1.198053725643385553e-01 7.445705393456777954e-02 8.518762095850836158e-02 1.206030163180067394e-01 8.521672405323608979e-02 1.165165295879944246e-01
7.522744433376699069e-02 1.095920611731411726e-01 1.216812536609023498e-01 8.862368159491382236e-02 1.194399176726871348e-01 6.705958776349654760e-02 8.854834664488418772e-02 1.200223606642846913e-01 8.858476807801682340e-02 1.212205784139062659e-01
7.959949877347026470e-02 9.040229981583940144e-02 1.162726794697472171e-01 9.180859157232636181e-02 1.234903149997649136e-01 7.464157970919331475e-02 9.180950063957109275e-02 1.243187397044033526e-01 9.184004402739202877e-02 1.158167512882920386e-01
7.825325948247474628e-02 9.818376076097881655e-02 1.172240445275434806e-01 8.796855226772239134e-02 1.257442718242438306e-01 7.353252044583648284e-02 8.791202336356340741e-02 1.264921347515708672e-01 8.793578165960108661e-02 1.167536509164648628e-01
7.751059207113511484e-02 1.011899874981292691e-01 1.202116080849996299e-01 8.838540755446033792e-02 1.226571126070351847e-01 7.030709831819934030e-02 8.837508871998256410e-02 1.234505201144502629e-01 8.839363736993674503e-02 1.195189476616715374e-01
8.024321100632719750e-02 9.855029381868954386e-02 1.138697730435843380e-01 9.141565227298002749e-02 1.220005242498589937e-01 7.476585278594126416e-02 9.144187367173035874e-02 1.228587054489457819e-01 9.146764257783490670e-02 1.133864711241076018e-01
8.055278100039940659e-02 1.043672614171766294e-01 1.163450264385986477e-01 9.116070027756420502e-02 1.166977176898925245e-01 7.523088402160836574e-02 9.123074729700876573e-02 1.175200659502247946e-01 9.124927063950694084e-02 1.156455452680197060e-01
7.947517815600987912e-02 9.362447123105605007e-02 1.149379124892082188e-01 9.095720821942872292e-02 1.231086802086713422e-01 7.771091772440480439e-02 9.088655944543676257e-02 1.237068734510304718e-01 9.091801015484540782e-02 1.146741889199083403e-01
8.086694048501746890e-02 1.004023422742019445e-01 1.170434712058829319e-01 9.101258872186579474e-02 1.196190529769131095e-01 7.183851780561840983e-02 9.108472091653350977e-02 1.206294032170038971e-01 9.111953841132139353e-02 1.163834239856414987e-01
8.228242148034664583e-02 1.028619336001650175e-01 1.168649857517942703e-01 9.167171860765509217e-02 1.172100254277985282e-01 7.148964396592577542e-02 9.166933616704145416e-02 1.178590302443006943e-01 9.169866038128299257e-02 1.163922443736895296e-01
8.858583275379676436e-02 9.945640235065096590e-02 1.123568264547734341e-01 9.062203109431095360e-02 1.176217222984783234e-01 8.013800616978865310e-02 9.053821892107669078e-02 1.179914246376919384e-01 9.055823513848773598e-02 1.121313001809444987e-01
7.409162257818789621e-02 1.025506964036899671e-01 1.229798988887632477e-01 9.064713956440824394e-02 1.199945702907650735e-01 6.559381271271494396e-02 9.052585723309199139e-02 1.203861562631365345e-01 9.056262757245982231e-02 1.226676184927822655e-01
8.047711052472231175e-02 9.420362100767031011e-02 1.217144100185354322e-01 8.866273638003867308e-02 1.224053314112281826e-01 7.096225000235337199e-02 8.863115312168121096e-02 1.231801955086347516e-01 8.866146972153314543e-02 1.211017223036025547e-01
8.409843343667643134e-02 1.021319545068128110e-01 1.113203955910592180e-01 9.322873754130941992e-02 1.176037117495375567e-01 7.603565078663319932e-02 9.321053291521892714e-02 1.181144089986871648e-01 9.322921126012162496e-02 1.110269632139437024e-01
9.213227657468288367e-02 1.059744339175642397e-01 1.091435345390447814e-01 9.153439641642718838e-02 1.162698193217348019e-01 7.618610069693350362e-02 9.152054352854724351e-02 1.168276022848042800e-01 9.154344204969520893e-02 1.088678506705658272e-01
9.770719756355666918e-02 1.082797984950319287e-01 1.025249761293667849e-01 9.730875315447595764e-02 1.043388380270259402e-01 8.843245882572738081e-02 9.730857789535381219e-02 1.044038156794348110e-01 9.729755004217584269e-02 1.023980341878509004e-01
8.618235162699654228e-02 9.984479678209942644e-02 1.123735196678723458e-01 9.125292907999596470e-02 1.174865685769949653e-01 7.997118368609024142e-02 9.129141554671495185e-02 1.183272861417893340e-01 9.132813682243656750e-02 1.119418120690096469e-01
8.769661899069466915e-02 9.971250436642911663e-02 1.111744169965094842e-01 9.472736079346333327e-02 1.123980644270267948e-01 8.080338567701624009e-02 9.482866710530982179e-02 1.131229789635934124e-01 9.485310057527235328e-02 1.106829021046847328e-01
9.104708907784114791e-02 1.018853638242415011e-01 1.080647592620062464e-01 9.500508643289448663e-02 1.124605158342431022e-01 8.014654056904985113e-02 9.521902209420889107e-02 1.134966458967313629e-01 9.524325475032287269e-02 1.074317222584605103e-01
8.315218735458104748e-02 1.030972371655650976e-01 1.173481960228981158e-01 8.664374455489765037e-02 1.219371026789452667e-01 7.501417591147778452e-02 8.663407312663089221e-02 1.228026867098820779e-01 8.665850455513725292e-02 1.167120919199847590e-01
7.784214269922296037e-02 1.027172831728625363e-01 1.207710857621568656e-01 8.893469482636458256e-02 1.223062440628724795e-01 6.635628512958469116e-02 8.886823204428886958e-02 1.229819915600906394e-01 8.890448983711669861e-02 1.203175509054396491e-01
8.407725645844706108e-02 1.049088128548506388e-01 1.182703528626521811e-01 8.506877718905204999e-02 1.230446544565210187e-01 7.314741182072366510e-02 8.502858634046578379e-02 1.238105124953342573e-01 8.504384830677913509e-02 1.175997872151741813e-01
8.162689303250780792e-02 1.064633809103743001e-01 1.215340333596325872e-01 8.747274759985884662e-02 1.194200805134674609e-01 6.778909346009223680e-02 8.735279613550683830e-02 1.198251400873726474e-01 8.738126351493256949e-02 1.211345713862547885e-01
8.038670950346117616e-02 9.776608509040474182e-02 1.171798653785766781e-01 9.219002502610391947e-02 1.191023461591505239e-01 7.251808450536624540e-02 9.217430593065684130e-02 1.197373880816675618e-01 9.220276610102517978e-02 1.167424242235871878e-01
8.442341348830841030e-02 1.056778189811952012e-01 1.114622177724044066e-01 9.297490162682779669e-02 1.143287066953040804e-01 7.929257004562709210e-02 9.296206742704196668e-02 1.147680829781899253e-01 9.297723434479858440e-02 1.111329866403025085e-01
8.328029806621373154e-02 9.655127223439853579e-02 1.126052290273362733e-01 8.803941628616877846e-02 1.248650065138976056e-01 8.071602728217316947e-02 8.803350088002485918e-02 1.257471115892059288e-01 8.805229043169555958e-02 1.121098476888855860e-01
8.930888465208573768e-02 1.071104706743946644e-01 1.099162812479195506e-01 9.424566701653147582e-02 1.094166112107593652e-01 8.232454437558729687e-02 9.421764905633105147e-02 1.096082333369273049e-01 9.421765265944100076e-02 1.096340057700224274e-01
8.212581265521873286e-02 9.780820653155164468e-02 1.136373097317751463e-01 9.227066033207163842e-02 1.192474821483222591e-01 7.680551007362500238e-02 9.239724499566975835e-02 1.203343250906903084e-01 9.242338597184082682e-02 1.129500624692346827e-01
8.664190031179754004e-02 9.800210910943187026e-02 1.127155618955886646e-01 9.159193198035485428e-02 1.193969183186743138e-01 7.571823637658750550e-02 9.166835084704014203e-02 1.203844970712624335e-01 9.170121377110823646e-02 1.121792803181544673e-01
8.929867772397517833e-02 9.968106473662866063e-02 1.085276579416450116e-01 9.467354487877578662e-02 1.121092303712535737e-01 8.577372706371212685e-02 9.465376395157837353e-02 1.123618590446558707e-01 9.465248894862007822e-02 1.082679853391553954e-01
8.420156765193226311e-02 9.044445437911367847e-02 1.181739589290904668e-01 9.147751350210472920e-02 1.207752241714524777e-01 7.306369207410641498e-02 9.138268394383750048e-02 1.211915636657040912e-01 9.140862201389418629e-02 1.178807196687642195e-01
8.235288369764355576e-02 1.046519474416165441e-01 1.205744836500951822e-01 8.972993163631640123e-02 1.148932909682567755e-01 7.312695280409384213e-02 8.969899378544572699e-02 1.153361074102582512e-01 8.970858832314526632e-02 1.199268202831284685e-01
8.612577060826648312e-02 1.047616830989554354e-01 1.162612611866600948e-01 9.070860160733398847e-02 1.142815304228572415e-01 7.572377672246594082e-02 9.072362797642637144e-02 1.149317276307133123e-01 9.075197960108712103e-02 1.157300411452339972e-01
8.269643618672027630e-02 1.028119104226765390e-01 1.146870534840587208e-01 9.184434569935270853e-02 1.177096745790038590e-01 7.395822514758530752e-02 9.181557635048426258e-02 1.182867290835313001e-01 9.184574018517360772e-02 1.143443088614134046e-01
8.428107346561966584e-02 9.444964021005920751e-02 1.133137127593620980e-01 9.332837128160026419e-02 1.173990501626975408e-01 7.973261694880619255e-02 9.326568210048755136e-02 1.178190033675392129e-01 9.329459849312077280e-02 1.131162512107074802e-01
9.476727508493133778e-02 1.097006037242142656e-01 1.082565831910914378e-01 8.921263462250374199e-02 1.149708989769911149e-01 8.144414766461464950e-02 8.916911928031452661e-02 1.153625015786887698e-01 8.917428688118526903e-02 1.079419489954648592e-01
8.127078131704805475e-02 1.019350187605428393e-01 1.153141645926839265e-01 9.051221286075109007e-02 1.200395443209929525e-01 7.405214722584112230e-02 9.055005514459801841e-02 1.209648943398382304e-01 9.058520485504970021e-02 1.147759765826540240e-01
8.254953066575064502e-02 1.080781005604479067e-01 1.167929012305215092e-01 9.063084464355850023e-02 1.141153250309625694e-01 7.548659165351229161e-02 9.069110861513923760e-02 1.148551019390544048e-01 9.071025657778968021e-02 1.160902390832632414e-01
8.343050859483878978e-02 1.076301032841178174e-01 1.211469947096649180e-01 8.677171370149157348e-02 1.179260576633765351e-01 7.063212085780684601e-02 8.671065057289174816e-02 1.184820069818565136e-01 8.673260325524242975e-02 1.205372403787128427e-01
8.188733744964660222e-02 1.038160247030511241e-01 1.187869220588205349e-01 8.787103716257173291e-02 1.211101284458918348e-01 7.103130101952624675e-02 8.777392137380579662e-02 1.215688350970396681e-01 8.779321291034897223e-02 1.183612797792974319e-01
8.099488039323431143e-02 9.600522585755280613e-02 1.161047132169154145e-01 8.749474942351767592e-02 1.254789768234864933e-01 7.733808431460813260e-02 8.741115493843708284e-02 1.260667207845651283e-01 8.742545823408395811e-02 1.156800360135989414e-01
8.259012006638317971e-02 1.009976281814658899e-01 1.215909306131837120e-01 8.730927002902388878e-02 1.209446777117801075e-01 6.950935192072073276e-02 8.726508593924994783e-02 1.215950663146023319e-01 8.728279084486889605e-02 1.209150783787213135e-01
8.800814623329367148e-02 1.024692937227163481e-01 1.100757651674072884e-01 9.132659368561742153e-02 1.172715214415492452e-01 8.015597295427376312e-02 9.143825680468295469e-02 1.182865044109311231e-01 9.146534459626930180e-02 1.095026009832589520e-01
5.362946099631282770e-02 7.253014181979867969e-02 1.322839513390823563e-01 9.267069662105471839e-02 1.408536798565925841e-01 4.779567159367045792e-02 9.264541889930004437e-02 1.428121264785276179e-01 9.277975674882098234e-02 1.319990956468397869e-01
8.262328184159108135e-02 1.044267509103772029e-01 1.151018020110401302e-01 9.262027398589525728e-02 1.161035883936522017e-01 7.244632964663033636e-02 9.264963515245734638e-02 1.167598812058081026e-01 9.267181663814506865e-02 1.145966402144032725e-01
7.919279924221746259e-02 1.000284816009816835e-01 1.164017084867976920e-01 9.223592520631818115e-02 1.183770262536412848e-01 7.405858182277105795e-02 9.228910722867736394e-02 1.192489010143320260e-01 9.232380614969418198e-02 1.158436629945690938e-01
8.699981764702645337e-02 9.611724391450060523e-02 1.140926742844691338e-01 9.126321489858996161e-02 1.202238982278997920e-01 7.418419739559661830e-02 9.127730597278860269e-02 1.209512262590693721e-01 9.129515211257958895e-02 1.135952692874798164e-01
8.322970245194674654e-02 1.023380967351397164e-01 1.174589758829463343e-01 8.994379362255171262e-02 1.172966536154930461e-01 7.507273759816761316e-02 8.995066068431961659e-02 1.179272476106269368e-01 8.996258929456844855e-02 1.168195425042398289e-01
7.638004489798498609e-02 1.012408513095159196e-01 1.210336891219841865e-01 8.809973119271677366e-02 1.226194608923378976e-01 7.047895678935163499e-02 8.809217486463651048e-02 1.235418208012467600e-01 8.812839191526936067e-02 1.203848782149560120e-01
7.982435963351278141e-02 1.052851317048697360e-01 1.170382660653995627e-01 9.223260954778586540e-02 1.158229778668427024e-01 7.246790598703779784e-02 9.221672989921851638e-02 1.163178517838009962e-01 9.223432114869130338e-02 1.165598463628407383e-01
7.696310741347110740e-02 9.962513392561167525e-02 1.170217949668242441e-01 9.146157241067107146e-02 1.225670330157435650e-01 6.910080157220414854e-02 9.152270683874814960e-02 1.236999313944975032e-01 9.157198561114950064e-02 1.164659328510790626e-01
8.515267046497278225e-02 9.626309021719706149e-02 1.107316217402847802e-01 9.216228151199398755e-02 1.196782799302096995e-01 8.083272387470501197e-02 9.221792913988423324e-02 1.204853696698433424e-01 9.223271578847798413e-02 1.102433176624311451e-01
8.011768826202549099e-02 1.019735173425280750e-01 1.158475996606616459e-01 8.950648193853523449e-02 1.223745555122925932e-01 7.210036687123533294e-02 8.962836143653440946e-02 1.237204989243220754e-01 8.966653753232765867e-02 1.150643925195374978e-01
8.753922734362826197e-02 1.022669668000597692e-01 1.118581436843135019e-01 9.243302005883861916e-02 1.137096312930349074e-01 8.148722974340512348e-02 9.247561633038176021e-02 1.143383487048318659e-01 9.249550139371948143e-02 1.113963146477866817e-01
7.997826116179039546e-02 9.266716376040817771e-02 1.215826328155328873e-01 9.111700671522393602e-02 1.200057623609705332e-01 7.069009384800709062e-02 9.109855838323248356e-02 1.207082092817264862e-01 9.113128818417907950e-02 1.210210234889289166e-01
7.967581220200105341e-02 1.045679993078302561e-01 1.166295243213189420e-01 9.059722394465542783e-02 1.192584900696699313e-01 7.196893284162501903e-02 9.056373394646947961e-02 1.199106202056495485e-01 9.059732502030501400e-02 1.162303381404753699e-01
8.399125341101641717e-02 1.085729624228145146e-01 1.168678497055481991e-01 8.698167776812902596e-02 1.191753102028033917e-01 7.414624249683871016e-02 8.700391406193520860e-02 1.200657013559412456e-01 8.702780629181093575e-02 1.161672822831623930e-01
9.028259076026354246e-02 1.049973212522414545e-01 1.078202387875034779e-01 9.420297751296399791e-02 1.129414849422265832e-01 8.041814115213329062e-02 9.421844767363468653e-02 1.133671528437045911e-01 9.422633404333938256e-02 1.075253110319889377e-01
8.299547821737056352e-02 9.682159476743025517e-02 1.163526763298935590e-01 9.053603620661435092e-02 1.212258975768397001e-01 7.308168444547229192e-02 9.055816266365339373e-02 1.220670428661780188e-01 9.058255938794951279e-02 1.157788675385983401e-01
8.550885342746568363e-02 9.998418435841406604e-02 1.156280704048306268e-01 9.125865607651759137e-02 1.147578278501489857e-01 7.989480063106672858e-02 9.125305803577660191e-02 1.152962105375474194e-01 9.127301387298369928e-02 1.151453248052486389e-01
8.005907790177986538e-02 9.400818449045963976e-02 1.150413212504314830e-01 9.196455986871958366e-02 1.212279045569927965e-01 7.714649286662025873e-02 9.197493521871731581e-02 1.219961230036189920e-01 9.200089251065168838e-02 1.145805083320083489e-01
8.712027981883835315e-02 1.137815284173591540e-01 1.095253170651693392e-01 9.083035264494149219e-02 1.140387004673155263e-01 7.933381961540680871e-02 9.081476826916919098e-02 1.145220997295972598e-01 9.083142136550713397e-02 1.092017126066957694e-01
7.959050747827987882e-02 9.663118837074995138e-02 1.138603373089942805e-01 9.012501301792939790e-02 1.249718025725150006e-01 7.528503553634689760e-02 9.015268425199213231e-02 1.259100808217183953e-01 9.017042718910836530e-02 1.133029234523656864e-01
7.919887088611944626e-02 9.872726266071384094e-02 1.121881286906839525e-01 8.875400907287467334e-02 1.256954811084159407e-01 7.952422064289971226e-02 8.876711294146782949e-02 1.266675973384039089e-01 8.878851803422423139e-02 1.116887986241964642e-01
8.630824731752845258e-02 9.890023707604958525e-02 1.126898650259100243e-01 9.255964600867083725e-02 1.157143515033719899e-01 8.008203532108013056e-02 9.255935020794947565e-02 1.162794883971039056e-01 9.258313223828092131e-02 1.123236469040546776e-01
7.994630218040629788e-02 9.555090050353919062e-02 1.186386852065769298e-01 9.088373876449576394e-02 1.219420782792897257e-01 7.034504821859330348e-02 9.087857871304867718e-02 1.227677990769803912e-01 9.091468117279913330e-02 1.181321878842705453e-01
8.308777059626272499e-02 1.078292009937567297e-01 1.087132579030511137e-01 9.174709561525860868e-02 1.135587828349967493e-01 8.930444926497931035e-02 9.171071108604358924e-02 1.138920149933698583e-01 9.171695589341556654e-02 1.084397608188657353e-01
8.466404500528129651e-02 9.926763212357346544e-02 1.148183041930890269e-01 8.816403426844361679e-02 1.227156708047395933e-01 7.622951923130387442e-02 8.819395661827011956e-02 1.236099381183565216e-01 8.820381234022534045e-02 1.141330872967171312e-01
7.496547273642764631e-02 9.452047576123512318e-02 1.183492287419602301e-01 9.107846327414234611e-02 1.262665337534057408e-01 6.737378544966930727e-02 9.111241283516079148e-02 1.273925096588632566e-01 9.115531323822616272e-02 1.177858045509093537e-01
7.648475651259155350e-02 9.360171789784779706e-02 1.167130719964114549e-01 9.365807659624203474e-02 1.221910139131197892e-01 7.058107311482887669e-02 9.364271951397319660e-02 1.230043381119142187e-01 9.369559990748188572e-02 1.164276324355892206e-01
7.929053598207755349e-02 9.901966247284574307e-02 1.187715743663025347e-01 9.079303821265939656e-02 1.217903672977880547e-01 6.766048365817592392e-02 9.081357714516305468e-02 1.227636308491851097e-01 9.085979051755622982e-02 1.182373394982464271e-01
1.008647414824889593e-01 1.070726752090963019e-01 9.711229481339941905e-02 1.003767097263150720e-01 1.003155191035774024e-01 9.627190557675278926e-02 1.002972136515501433e-01 1.001013416209000362e-01 1.002880825302729928e-01 9.729951628564682820e-02
9.260956475058214343e-02 9.745257711877677864e-02 1.001371893093769422e-01 1.020585696834430262e-01 1.024766850837643267e-01 9.870674664044634672e-02 1.019998661655236449e-01 1.023075857328995114e-01 1.019892003304735117e-01 1.002620151847138097e-01
8.996761172624631597e-02 1.115532484106385863e-01 1.143063381285053526e-01 8.942152993074117817e-02 1.117512802899622987e-01 7.837492292148044715e-02 8.936890893528214030e-02 1.120309232676236499e-01 8.937211228509572836e-02 1.138531241044243303e-01
8.360254564840294278e-02 1.033944066825800978e-01 1.143353667855729616e-01 9.259728716673894244e-02 1.146279078457443784e-01 7.723841324516700357e-02 9.258808898852491365e-02 1.150967966201068282e-01 9.260379048861146212e-02 1.139153965285504277e-01
7.812638124911533422e-02 1.072234390102141527e-01 1.156828137801432649e-01 9.153954318156615200e-02 1.182001368805397773e-01 7.197337284865568119e-02 9.154635412635493685e-02 1.189124088368159055e-01 9.157649047896371242e-02 1.152190596076310830e-01
8.934639866262589214e-02 9.635605460877501305e-02 1.133891550884550126e-01 9.224730905789162161e-02 1.164649500012245736e-01 7.725152171867424866e-02 9.232658126517552521e-02 1.173844242643192620e-01 9.236495319766611922e-02 1.128686521351927458e-01
7.879952338682526258e-02 1.033484134006713850e-01 1.179064526325942913e-01 9.032437887133322463e-02 1.191127500499112313e-01 7.251191654633169781e-02 9.033282005406886861e-02 1.199248985231831099e-01 9.036908481577800301e-02 1.173697617193029258e-01
8.735590306370093205e-02 9.838110223221190054e-02 1.137918764287765283e-01 9.113297970817003935e-02 1.186773022305291359e-01 7.587054570713902546e-02 9.106137504988653930e-02 1.191164326059619555e-01 9.108456047338059358e-02 1.135279225002432946e-01
7.733184702720080628e-02 9.349064314404827158e-02 1.165219035017374810e-01 9.154631933601503624e-02 1.248455223336260717e-01 7.104792531776882303e-02 9.160473404406918596e-02 1.260002899852792624e-01 9.164784589481565769e-02 1.159629694154394319e-01
7.955700695678288858e-02 1.047258040175441524e-01 1.228225135584270072e-01 9.021832262429625715e-02 1.137376039968212155e-01 7.229065507409053459e-02 9.015272770824077353e-02 1.140729079251476819e-01 9.016936041217854525e-02 1.222530977264709717e-01
8.338485707742118724e-02 1.065599251273934012e-01 1.113455443901293640e-01 9.279388673632762985e-02 1.158903121617833737e-01 7.716430041791887129e-02 9.271285787240722553e-02 1.162073268050900915e-01 9.273692930821075819e-02 1.112040601033181669e-01
8.047959057355372203e-02 9.535224896750632562e-02 1.173108137712221555e-01 9.058434865873285502e-02 1.225221984287337695e-01 7.226560439073295705e-02 9.059076420294744081e-02 1.234406577771069158e-01 9.063138415230481693e-02 1.168223890771590417e-01
8.594438718168440072e-02 1.003024882517090516e-01 1.124670574225689612e-01 9.106761820647746308e-02 1.192309903299947765e-01 7.648374382636674573e-02 9.115726873363948213e-02 1.202697669033529621e-01 9.118922177030613918e-02 1.118874573738998929e-01
8.309564087873597127e-02 9.726862236627456526e-02 1.147071071434453832e-01 8.936192769305695283e-02 1.235761776738331791e-01 7.446800060989675063e-02 8.939651290090044888e-02 1.245792680433540217e-01 8.942313617779081014e-02 1.141236065127118893e-01
7.732424115161458389e-02 9.428370434190462557e-02 1.174567816132625064e-01 8.816998779470300307e-02 1.265686076043375241e-01 7.584455261456761466e-02 8.811157462758696657e-02 1.272110427137130295e-01 8.811810816452897432e-02 1.169113993737811302e-01
8.857880321474824459e-02 1.034901053974895818e-01 1.148858171800359734e-01 8.863922436644744440e-02 1.176850843261524893e-01 7.685517140856157337e-02 8.861129440461817941e-02 1.182522696480284574e-01 8.862483688749435429e-02 1.143773931664237020e-01
7.808808126054585241e-02 1.017998714775322777e-01 1.174693718129852932e-01 8.838468394069967649e-02 1.253570518891098384e-01 6.883087744168460420e-02 8.839881689200210224e-02 1.263947851189504701e-01 8.842938242770607971e-02 1.168470777387838333e-01
8.546753163009687682e-02 9.283128674734596186e-02 1.142016237007241752e-01 9.545213697197785230e-02 1.153265662232238614e-01 7.562987658512049238e-02 9.558431444106856023e-02 1.162614268624922037e-01 9.562093811216706984e-02 1.136242987257829740e-01
8.044160545377156135e-02 9.651497825261673436e-02 1.220085027687375784e-01 8.842038316239661522e-02 1.231937407732515838e-01 6.710965260228765605e-02 8.837599646352016503e-02 1.240341617027458515e-01 8.841967013300337797e-02 1.214813086876688347e-01
8.825498383999064167e-02 9.331516007823754955e-02 1.102544175993352277e-01 9.434916062434035855e-02 1.153603588375864269e-01 8.378261625467442464e-02 9.436482754683563068e-02 1.159453255220876805e-01 9.439367907304882510e-02 1.099794706238632486e-01
8.554594419487526746e-02 1.010070155264841951e-01 1.122204893287734734e-01 9.578569722755306270e-02 1.120432575226887051e-01 7.727359322378382633e-02 9.583505528888966452e-02 1.125857273330746755e-01 9.585960055775408217e-02 1.118436197961230755e-01
7.735121990628594790e-02 1.043044270965870629e-01 1.171365700514972880e-01 8.532089271240787809e-02 1.273502049983612494e-01 7.323873622780574522e-02 8.527743461726142171e-02 1.282116045340684074e-01 8.529270235090716246e-02 1.165162075048178092e-01
9.011576536640129864e-02 9.591298376460434538e-02 1.080431792535100771e-01 9.459697231860569877e-02 1.132512355740445953e-01 8.738479938559817750e-02 9.465820599302218752e-02 1.137581832940028626e-01 9.465639932983029026e-02 1.076222757203804531e-01
8.337211635969388190e-02 9.426637317622811596e-02 1.163678752821428325e-01 9.694981802566585150e-02 1.107517709874853290e-01 7.712785105390974894e-02 9.701136633440185508e-02 1.112497579956616550e-01 9.703214463007200918e-02 1.158709261547387209e-01
8.267689213903391121e-02 1.051350545289068406e-01 1.125723722085469614e-01 9.103076345830851679e-02 1.194923440359451222e-01 7.458106902632637147e-02 9.104857671404707753e-02 1.202597123067823681e-01 9.107343607046139433e-02 1.121297795116414225e-01
8.727918972318235435e-02 9.841667551183257145e-02 1.125700861499022293e-01 9.267672300763979409e-02 1.164265617955432819e-01 7.851620806020986887e-02 9.256398996901314680e-02 1.165724953163958244e-01 9.257177654937662203e-02 1.124062939169042652e-01
7.972833712942359319e-02 1.084962257809904268e-01 1.183110162795980441e-01 8.839114742290475613e-02 1.203829049297726883e-01 6.916388366299537627e-02 8.838167224234451391e-02 1.210946290023463823e-01 8.839626719621145046e-02 1.176539163534127130e-01
7.903054449476605570e-02 1.023029144564638615e-01 1.174587752240966732e-01 8.926819700936698687e-02 1.219444657716836633e-01 7.162890589436661515e-02 8.929809692004304911e-02 1.229138852938073817e-01 8.932927238126532610e-02 1.168249425541403735e-01
9.289495105141615250e-02 1.067558305303569766e-01 1.103822665424540467e-01 9.365542506167766346e-02 1.085940665629734486e-01 8.141835363345989451e-02 9.369406906322140516e-02 1.089732720408604499e-01 9.369631325424578050e-02 1.099354522593341404e-01
9.736701062227887116e-02 1.003979389347838258e-01 1.086659326841501738e-01 9.298117651223683500e-02 1.098673858703604622e-01 8.656070886947013487e-02 9.289098134779957827e-02 1.098890664106072917e-01 9.288487113003424112e-02 1.084949276182785999e-01
7.842874854530834661e-02 9.469024108490786684e-02 1.167170198459516473e-01 9.556972279802086745e-02 1.149474871507408652e-01 7.686832405262354617e-02 9.554276840759896861e-02 1.153118653734795801e-01 9.556032750943721510e-02 1.163634952319311244e-01
8.735092142118186520e-02 1.054217162152115833e-01 1.106541859211583323e-01 9.086161672957719648e-02 1.178886964046369917e-01 7.710778776205789997e-02 9.089006404259833416e-02 1.186655971841208551e-01 9.091715396565316909e-02 1.102422603538038004e-01
8.359946023406589211e-02 9.842010371828271986e-02 1.179269216268675202e-01 8.970417132406700855e-02 1.195657213648155942e-01 7.356394107308415753e-02 8.976169094631092360e-02 1.204939195295510745e-01 8.978382954565417018e-02 1.171802406373009531e-01
7.798608670725457048e-02 1.052469556116595595e-01 1.168081643615041521e-01 9.334417594054686407e-02 1.163256683936631508e-01 6.976059393109723672e-02 9.348823923999161067e-02 1.174261828594891782e-01 9.353047829903617105e-02 1.160834546557574648e-01
8.489256386432667001e-02 9.643128343777900013e-02 1.124593454889004501e-01 9.332671309049862807e-02 1.179318976824822868e-01 7.751426262054612881e-02 9.333957752253403684e-02 1.186140604598564796e-01 9.337102975716028708e-02 1.121192660759160326e-01
7.723536527691875209e-02 9.337459167474101984e-02 1.211660670533766943e-01 9.268298110456506256e-02 1.178318866002718290e-01 7.315642150195057758e-02 9.272510471178589675e-02 1.185974481427324589e-01 9.275205925953099173e-02 1.204780746741267033e-01
8.631310249178823779e-02 1.023552404088395179e-01 1.156429191973156884e-01 9.146672748082733395e-02 1.141178762122718876e-01 7.723500721716089479e-02 9.153094004269093920e-02 1.148213116406044260e-01 9.154543969109439627e-02 1.149714356174067059e-01
8.181851056213212958e-02 9.863260849211609449e-02 1.110146101729161672e-01 9.354863856964609758e-02 1.180984013094594776e-01 8.015735797520066874e-02 9.359003422883255263e-02 1.188665498933425269e-01 9.362119807403694594e-02 1.106520907223173672e-01
8.086589022582892083e-02 9.764016306204732765e-02 1.131318816365805280e-01 9.420998842487539326e-02 1.182369060402699151e-01 7.577427505076901604e-02 9.419638150141056154e-02 1.188406334960984828e-01 9.423157561584138975e-02 1.128723049462784095e-01
8.619194171199463794e-02 9.400108613899707533e-02 1.116656918544404326e-01 9.269402398608256322e-02 1.197200186749286521e-01 7.901841246131660612e-02 9.260322459727594879e-02 1.200108116012997966e-01 9.261322879273552189e-02 1.114815601809287654e-01
7.917603165698235135e-02 9.238526955376928640e-02 1.169496230036578821e-01 9.338085534096947360e-02 1.195033632709779498e-01 7.545939860244803288e-02 9.327854178961930698e-02 1.198192020103903549e-01 9.330315817996191752e-02 1.167445565912234445e-01
8.157950533643264224e-02 1.009588962115972877e-01 1.186426077792122752e-01 8.959332418629779859e-02 1.171196676524391689e-01 7.709095320970435483e-02 8.960996245157984430e-02 1.178199853615285314e-01 8.962758658786464105e-02 1.179575112233434836e-01
8.386927217115835997e-02 1.147639070579565546e-01 1.168918703131807818e-01 8.639434861528193232e-02 1.169645660067682447e-01 7.454328087223108246e-02 8.636864626267251599e-02 1.175738792805779004e-01 8.638114412066670578e-02 1.162490852995058943e-01
8.239032980229936409e-02 9.757820765453227574e-02 1.128288169268532731e-01 9.483697673584240428e-02 1.169679232339954356e-01 7.584445812396882480e-02 9.478080043973054203e-02 1.173308404240774871e-01 9.480331806479828927e-02 1.126383285939021595e-01
7.871600833802969155e-02 9.657709439311343291e-02 1.206246613467692325e-01 8.930452003966053709e-02 1.219581914545070228e-01 7.171459978557317982e-02 8.919851005450456227e-02 1.224250077280102239e-01 8.922660811797346325e-02 1.202547987418586817e-01
8.474350463030180802e-02 1.037280173146620660e-01 1.134808184827380828e-01 9.113741208057665744e-02 1.176274086279952558e-01 7.556097034306231974e-02 9.112533027629855786e-02 1.183039444486211345e-01 9.116070980747495445e-02 1.131318839882691496e-01
7.886554923289075536e-02 1.018507862548238552e-01 1.210081660969247602e-01 9.189945940583767181e-02 1.138415128125531278e-01 7.421051604808696911e-02 9.179699448374607773e-02 1.140553157089916891e-01 9.181821144677401736e-02 1.206534885093710624e-01
7.927948311701216166e-02 9.145616937762177101e-02 1.179235700250240715e-01 9.306359435216746134e-02 1.214502854067310289e-01 7.057311851065471708e-02 9.314593584895083933e-02 1.225700442141023777e-01 9.319630796239632142e-02 1.173414911853392362e-01
7.853450463176647744e-02 9.462348123671636413e-02 1.211055710258058526e-01 9.013991917975018586e-02 1.219593955364970117e-01 7.040854008929817165e-02 9.002599841696933003e-02 1.223807701604013309e-01 9.005434865519350296e-02 1.207674710676017171e-01
8.262674804998620948e-02 1.028551048358238573e-01 1.118118828722038244e-01 8.887440222003475943e-02 1.211866113703959358e-01 8.170338202137136796e-02 8.887071542175310757e-02 1.218835451786448865e-01 8.887830721347156349e-02 1.113093008163144881e-01
8.102330273179236819e-02 9.868828419846724376e-02 1.158081894749731777e-01 9.420098956946811042e-02 1.148487511394823551e-01 7.601531809939582329e-02 9.427454034739032873e-02 1.155908239581496938e-01 9.430231883394832315e-02 1.152474816469326174e-01
8.245876373132289550e-02 1.073472971447771429e-01 1.139569915586064047e-01 8.929743423956285064e-02 1.202321686097578279e-01 7.358655048524288811e-02 8.930407277539302580e-02 1.210325040688628728e-01 8.932898003041105095e-02 1.134552373560630406e-01
9.038172041878812790e-02 9.414665059999210994e-02 1.056484032501354697e-01 9.718302489357649732e-02 1.095719714168949949e-01 9.339676819479834913e-02 9.720600380517040173e-02 1.098321285014633580e-01 9.720352133327181399e-02 1.054298075859088774e-01
8.523412488880217908e-02 1.027441955806780438e-01 1.179775901986420128e-01 9.134002057076527625e-02 1.147634905275424777e-01 7.248918649426809580e-02 9.137224290046873365e-02 1.153840742708824724e-01 9.138596086183743694e-02 1.173091137061132022e-01
