7.601512492267237242e-02 1.187911473900142012e-01 1.016341250128302981e-01 1.137313044905074733e-01 8.927579655743846099e-02 1.015776486410420731e-01 9.343986966605163924e-02 1.111713705233945693e-01 1.015828212430219951e-01 9.278079155302688952e-02
8.279970055436398912e-02 1.207392142665642681e-01 9.843400459511786327e-02 1.150375189298464274e-01 8.850030447817434920e-02 9.817562597426601756e-02 9.164942109688208050e-02 1.140119746991749006e-01 9.836464710588778415e-02 9.228758829972233402e-02
8.348651982513480285e-02 1.180670621317185670e-01 1.008415131343999988e-01 1.083454040198852802e-01 8.981572162208387167e-02 1.006801129003673939e-01 9.505566535183236632e-02 1.098035078761154665e-01 1.007914978444642146e-01 9.311299529399809372e-02
7.626040898459021666e-02 1.165801517975054991e-01 1.000243033726491981e-01 1.196978534192727622e-01 8.572407521592560753e-02 9.981306209164464427e-02 8.888666126549978064e-02 1.236099295211484927e-01 9.994658369346762217e-02 8.945697063829612106e-02
7.774202624155029939e-02 1.243393209935581278e-01 9.865009858147132105e-02 1.116755949303273182e-01 8.823238312719054732e-02 9.854869267419050227e-02 9.076699097335437505e-02 1.193187620089263684e-01 9.862424098707733844e-02 9.210188948235384365e-02
9.513636987943917267e-02 1.146914515531701761e-01 9.619550923507283469e-02 1.050890740173494181e-01 9.189631644988816017e-02 9.629814851653101249e-02 9.207784754011288930e-02 1.180938022305050294e-01 9.623275354503693646e-02 9.428872703289438439e-02
7.384785037206907654e-02 1.217098577190258712e-01 1.021155498078574475e-01 1.130566965350841557e-01 8.824565265069427011e-02 1.020838270786776636e-01 9.061359406508932846e-02 1.157186835244644746e-01 1.020757280020227475e-01 9.053256024501493693e-02
8.038309772386839636e-02 1.180550957420398173e-01 9.847348883255417629e-02 1.107827229972925404e-01 8.666988817780639509e-02 9.833569501181391170e-02 9.036762614602103505e-02 1.253661929206125458e-01 9.841306452099948809e-02 9.315312792699163846e-02
8.298526103683792621e-02 1.167267005261131557e-01 1.003834378452783394e-01 1.116103642395009921e-01 9.131716808819184683e-02 1.002757840346027995e-01 9.363681227626648174e-02 1.089243676332249805e-01 1.003182209496159272e-01 9.382188337036752313e-02
8.071135976167959081e-02 1.182803315393998050e-01 9.995030482109289183e-02 1.200062340621374096e-01 8.677684874812274796e-02 9.967097587033039996e-02 8.980790830653198609e-02 1.137323169354512303e-01 9.987817424767490848e-02 9.118554570757900213e-02
8.189931412198939165e-02 1.221606790287895622e-01 9.858115740417931760e-02 1.117472560590272168e-01 8.691938231821136340e-02 9.828388416361726054e-02 8.782091563074158336e-02 1.238985222670121178e-01 9.851524655939340736e-02 9.017364244703877929e-02
7.599079498620557593e-02 1.221173678537882251e-01 9.938133326091767861e-02 1.253265972220614366e-01 8.379510609851402447e-02 9.906670948723210468e-02 8.976889854782078848e-02 1.171059768318179761e-01 9.928514000078379753e-02 8.816207571085836470e-02
8.228419680534386493e-02 1.147913082300138360e-01 9.921409580699568076e-02 1.235416847047218769e-01 8.621986078784486807e-02 9.928221525625355315e-02 8.782955167315462108e-02 1.172021239686374949e-01 9.920103996426812842e-02 9.043392280276606188e-02
7.406385574760143697e-02 1.201257824266712126e-01 9.693061718824662332e-02 1.295539464569899768e-01 8.090446790701084911e-02 9.664244461201158820e-02 8.572883894256591586e-02 1.330202824944989037e-01 9.684669920907004736e-02 8.618306501533343211e-02
7.305481393516936872e-02 1.203270538534556844e-01 9.843927888869355436e-02 1.236057736445043687e-01 8.452097101530575696e-02 9.827524209410901102e-02 8.767233765618742680e-02 1.271728474073547388e-01 9.837928094724268657e-02 8.855240055797744536e-02
7.738908754772322318e-02 1.233218702894329499e-01 9.865705986280760842e-02 1.165842220473511520e-01 8.513786628771752296e-02 9.841649491004794692e-02 9.047344837444268317e-02 1.222205028105900204e-01 9.860138071204126164e-02 8.919806715784563134e-02
8.519597094122005609e-02 1.164193406316775398e-01 9.906631152217104663e-02 1.166881465857879385e-01 8.557633143620059502e-02 9.876878144081448208e-02 9.137363417040458846e-02 1.156876224660772778e-01 9.899320976532365035e-02 9.223065104032286687e-02
7.831671584389630902e-02 1.164415483480054359e-01 1.021343105737695794e-01 1.079154701303485786e-01 9.258546233942530068e-02 1.018853303895329854e-01 9.504006619348562279e-02 1.094628045753883727e-01 1.020253937566624747e-01 9.419289784948532696e-02
7.330171633645019003e-02 1.237181072610295668e-01 1.027409610466469975e-01 1.203117814733262042e-01 8.656326137252938480e-02 1.025334090472296428e-01 8.989477520497060614e-02 1.068966739503530300e-01 1.026492894777952664e-01 9.139002482966911145e-02
7.865518038399790801e-02 1.184442415829274897e-01 9.927739739034796562e-02 1.202691181004242604e-01 8.403181599454008499e-02 9.916969574343613425e-02 8.689360131843666679e-02 1.235286147817587499e-01 9.922193149781352584e-02 9.050840320631720060e-02
7.645086930670044745e-02 1.242221005704119696e-01 1.002382465282755514e-01 1.152933085535829821e-01 8.707208467500958393e-02 1.000622133886897996e-01 8.997102196325398871e-02 1.145303339333183790e-01 1.001813466933633850e-01 9.197847438739396864e-02
8.383702221170336033e-02 1.163622269448349039e-01 9.978562169800306303e-02 1.087277204331642128e-01 8.864623615334765727e-02 9.945049375165855576e-02 9.187439974241730367e-02 1.189731510033599921e-01 9.970129236955048435e-02 9.264183569196049461e-02
8.096867689045209038e-02 1.194322609313118316e-01 9.809639813710695211e-02 1.143073856651599801e-01 8.736504553239592130e-02 9.791157273341644096e-02 9.269631747552088685e-02 1.193981811085984557e-01 9.804473151739288850e-02 9.177943000864453860e-02
7.780641964188413084e-02 1.193022490999820218e-01 9.725799480866761937e-02 1.147888181590475537e-01 8.487506993251002496e-02 9.709874414175763413e-02 8.857080144777695896e-02 1.318805681517800088e-01 9.719080892221107493e-02 9.122852569438301418e-02
8.279158429645734618e-02 1.205086194136447963e-01 9.830376558672754284e-02 1.216879550301862012e-01 8.758426005446244555e-02 9.826768983206696229e-02 9.150566653271612061e-02 1.096166607378764452e-01 9.827600044649721645e-02 9.145779806936492340e-02
6.493950444147003620e-02 1.135205753237717025e-01 9.246188506388440531e-02 1.143092580624439220e-01 7.896024187492597934e-02 9.231059828938990852e-02 8.341783764107046917e-02 1.852445287602044188e-01 9.237942239883392692e-02 8.245614814400530068e-02
8.247708505429401926e-02 1.175694087719070802e-01 1.007180202757516907e-01 1.110223845578355989e-01 9.068928988281073356e-02 1.005353898843439897e-01 9.506937855222789835e-02 1.072704751644212723e-01 1.006559537045276648e-01 9.399261415188008006e-02
8.053130206075870268e-02 1.152419360936525472e-01 1.030190696080849899e-01 1.100214007053773035e-01 8.809936712570820561e-02 1.029090072953483398e-01 9.208470569686201534e-02 1.137776087964062627e-01 1.030003797791314152e-01 9.131522283867020418e-02
8.059306531862088507e-02 1.184169725053852290e-01 1.001440237084593038e-01 1.163931559446745173e-01 8.763774958821862748e-02 9.990545965040054099e-02 8.950036269420669210e-02 1.168642762011067593e-01 1.000864288836866428e-01 9.045850550524080214e-02
8.575231396367266612e-02 1.138072410729489004e-01 9.904605323116395799e-02 1.139768361673951513e-01 8.721960891778728076e-02 9.889925344317287981e-02 9.133725008295105752e-02 1.207833734961937938e-01 9.899143634403341496e-02 9.018663328068092511e-02
7.668843664775071289e-02 1.225355422956296708e-01 1.005981502766425811e-01 1.194644104081858671e-01 8.609898088296717711e-02 1.004304481469177057e-01 8.935279193421341581e-02 1.150918865493755217e-01 1.005509196899837115e-01 8.918843316833366397e-02
8.072463758404693768e-02 1.178754907433910565e-01 1.003151660843526471e-01 1.184841749602858346e-01 8.621418310325526524e-02 9.996973423681800031e-02 9.128306746398032190e-02 1.140975558202806661e-01 1.002325153469988267e-01 9.080347465659040218e-02
7.808619223489368655e-02 1.187421845279274524e-01 9.989972229166428630e-02 1.201527362757119771e-01 8.648561058264205015e-02 9.958720914542860958e-02 8.939917894694958400e-02 1.158284347614886717e-01 9.982362608540094884e-02 9.199510514789274729e-02
8.408861777181696195e-02 1.048262976212720465e-01 1.053165412730644873e-01 1.046448670329032937e-01 9.203767718342523163e-02 1.051178163199363719e-01 1.024908933461609883e-01 1.034067843745508641e-01 1.052845562268092255e-01 9.278594885006052895e-02
8.960006418243739168e-02 1.148916458324246853e-01 9.711732400432916690e-02 1.079569449839700157e-01 9.203737661290628536e-02 9.716385166027918796e-02 9.279271750898326898e-02 1.160941936510032219e-01 9.711794126975679953e-02 9.522794029391003223e-02
7.828006593045931660e-02 1.195467708352440650e-01 9.864487807108815454e-02 1.208100292768420209e-01 8.113283968979205507e-02 9.846426600789946748e-02 8.470387997243257472e-02 1.350881162253147194e-01 9.859099564645044944e-02 8.473815834447714912e-02
6.760112595988580775e-02 1.187141637931877214e-01 1.001215047355107635e-01 1.210892327015637843e-01 8.473274239247946538e-02 1.000367985175301955e-01 9.046401093798234205e-02 1.294766938731080896e-01 1.000686196434735498e-01 8.769510744527825308e-02
7.901180733908422238e-02 1.229376308722604921e-01 1.002021567781306854e-01 1.191780724415057169e-01 8.786417271359671377e-02 1.000402471410666849e-01 9.112519628136792060e-02 1.084160648156052981e-01 1.001424234213982578e-01 9.108222819598404962e-02
7.759109798694471816e-02 1.268092322409405670e-01 9.572531810710939448e-02 1.169232784228399769e-01 8.406906861419952137e-02 9.569499299697405148e-02 8.752780446159277861e-02 1.314711585259533966e-01 9.569609879956925136e-02 8.849194984387633023e-02
7.544015616295668414e-02 1.231445962048814818e-01 9.756950947441139776e-02 1.221862380640751367e-01 8.310556114727728205e-02 9.743905702675030589e-02 8.643821375123666995e-02 1.285637124779052121e-01 9.753548563928464421e-02 8.857747005122117157e-02
8.090041600602337901e-02 1.220262540116494876e-01 9.882632366719885930e-02 1.145991245024351179e-01 8.515669465787349679e-02 9.864931256892470191e-02 8.889100258449596226e-02 1.210033665186080742e-01 9.876989262120836055e-02 9.117761286158256040e-02
8.158042393832999617e-02 1.162137262413305144e-01 9.936398937697595024e-02 1.184756021749997917e-01 8.435806846001095427e-02 9.910116199990694208e-02 8.948487702434156088e-02 1.215020456389518944e-01 9.930743871440442239e-02 9.061266643074798732e-02
8.151891642259329052e-02 1.230805321384698114e-01 9.955540224438402808e-02 1.187002214550404583e-01 8.469982558659452931e-02 9.951747977818500845e-02 8.849831620505056728e-02 1.143037727313222368e-01 9.951461130745049843e-02 9.061092213090959913e-02
7.685098649709959373e-02 1.191081875650304989e-01 1.005842756623203937e-01 1.184543791168537058e-01 8.627402486636637224e-02 1.002753659798291813e-01 9.037758480257554461e-02 1.173324839995392999e-01 1.004935977350728260e-01 9.024911377531258383e-02
7.297639855994687841e-02 1.166089223049534274e-01 1.038722322322608305e-01 1.139096877803741775e-01 8.609530138908758068e-02 1.036542511050784210e-01 9.398798799809164606e-02 1.141873567566267234e-01 1.038109984013969728e-01 9.089686347218334239e-02
8.200638524364489701e-02 1.164803539432562318e-01 1.021239616794014371e-01 1.147160401841094690e-01 8.865221266711854897e-02 1.020675737356216972e-01 9.040397705684072305e-02 1.118833600982209325e-01 1.021068424436905042e-01 8.955929294809554519e-02
7.220693475518662197e-02 1.182640068418714246e-01 9.969679986915237768e-02 1.277087696227879043e-01 8.337662623440020293e-02 9.971519144061734286e-02 9.095524440617902551e-02 1.194672298776621594e-01 9.965927647364261621e-02 8.894992047850032446e-02
7.502093823104945269e-02 1.212949019694408437e-01 1.006595349068484663e-01 1.280465155256637344e-01 8.511734339465529264e-02 1.004906585183578255e-01 9.018921139659218100e-02 1.110272747389845216e-01 1.006048496121793034e-01 8.754877170622837879e-02
8.111712781857075005e-02 1.168730803060520768e-01 1.012782946876034512e-01 1.089999943557900114e-01 8.722616106621002008e-02 1.011643244359278354e-01 9.278124302601088724e-02 1.168347381190190659e-01 1.012470699749766639e-01 9.247796620983925187e-02
7.943944649730480534e-02 1.157096333949431261e-01 1.045098243445352348e-01 1.020932031246044452e-01 8.927408826821993382e-02 1.043076723730014116e-01 9.290733087887875774e-02 1.164258238568770948e-01 1.044643971403314969e-01 9.086858012130372142e-02
9.448093448899867741e-02 1.030108391808263330e-01 1.034672732247381710e-01 1.027206216570467484e-01 9.162949066447385882e-02 1.033722657923214633e-01 9.492221130168007615e-02 1.066917890927400331e-01 1.034870781794390848e-01 9.621749641773555406e-02
8.178845892182627642e-02 1.173131714901631123e-01 1.014813968736944655e-01 1.116245968735984639e-01 8.884487520581273168e-02 1.012215398011023781e-01 9.143317573721779223e-02 1.141781581489292180e-01 1.013961027652278413e-01 9.071852418242772054e-02
8.473201532280502657e-02 1.114589683022400024e-01 1.045623099698495678e-01 1.071562330172397687e-01 9.082065652071844020e-02 1.042041184147296656e-01 9.426020055530874575e-02 1.046334516592287711e-01 1.044830932001973994e-01 9.368895303768265403e-02
8.938657460792966136e-02 1.129656519405458082e-01 1.003348696565512788e-01 1.066350852301718444e-01 8.829311155525296217e-02 9.989837563171358181e-02 9.264006309538612427e-02 1.144252131483896595e-01 1.002330660522133404e-01 9.518798908184569751e-02
7.506396187217045934e-02 1.222790417578188682e-01 9.857464506111743296e-02 1.187461494027810677e-01 8.397398179641900329e-02 9.839074775871316236e-02 8.933037289166054218e-02 1.284652565625968301e-01 9.852577161836903463e-02 8.665007127835362699e-02
7.177741878675288068e-02 1.211369482661941860e-01 1.000952320670745466e-01 1.237527235869424896e-01 8.359974440424741693e-02 9.999484273175389404e-02 8.929938052791105974e-02 1.226039016290301625e-01 1.000401810234709671e-01 8.769962697662236906e-02
7.593312251404721325e-02 1.231711895672745610e-01 9.832515930043034258e-02 1.206737763848276385e-01 8.146123408181908665e-02 9.818406224594748710e-02 8.630885850489919409e-02 1.325914013286698112e-01 9.830328446482330951e-02 8.504791160726137000e-02
7.243850315145569652e-02 1.201165545886811598e-01 9.874865389738840538e-02 1.208981873235903393e-01 8.355003062049810858e-02 9.877251238540567246e-02 8.795915737116186128e-02 1.310950808734004380e-01 9.872616727257542413e-02 8.769515251584285298e-02
7.489692868142076854e-02 1.191783746723925758e-01 1.012684614987257453e-01 1.156387662223828938e-01 8.863639317978092014e-02 1.011337815381063432e-01 9.187867547591201112e-02 1.141964642651766282e-01 1.012171076448764029e-01 9.195504682122571105e-02
7.900905208937275548e-02 1.126890186136085964e-01 1.029814250026951788e-01 1.106600340355193418e-01 8.884687709670101297e-02 1.028197117269828292e-01 9.469048715993827470e-02 1.138401279303302843e-01 1.029534589605649864e-01 9.150980738428673988e-02
8.212709527978470647e-02 1.253648318416378804e-01 9.736488929212050447e-02 1.138601841406139542e-01 8.752038458122896047e-02 9.722439871928688360e-02 8.664338501159259132e-02 1.243334592218829776e-01 9.732895426539774075e-02 8.823241764645378682e-02
8.559046456519045498e-02 1.075772999892188053e-01 1.041556680162198240e-01 1.104685064655047261e-01 8.902067479709699360e-02 1.040345917141493326e-01 9.332530657496630744e-02 1.089655432806198171e-01 1.041620204840911779e-01 9.269992411294257495e-02
8.175563957312555197e-02 1.203261134952951644e-01 9.867593041931779774e-02 1.109582764861943294e-01 8.704195662528706190e-02 9.836343783406069352e-02 9.201591352252593004e-02 1.194336062788870223e-01 9.859281896056391881e-02 9.283630680474259933e-02
7.750588538312143394e-02 1.192839464208628603e-01 1.018749262096152880e-01 1.100506464269516566e-01 9.012148538440192813e-02 1.015530461271171858e-01 9.331225949705745926e-02 1.133575363972953443e-01 1.017859622205261189e-01 9.115430593305069717e-02
9.152502356403072192e-02 1.133632510803296717e-01 9.729126089385561893e-02 1.098027935344065426e-01 9.128890989550959845e-02 9.730060533076012597e-02 8.838268161182695482e-02 1.179513809908890321e-01 9.729989526975317549e-02 9.579419782863854427e-02
7.788747027128406497e-02 1.208539787896091566e-01 1.021134292287099454e-01 1.179629464285113088e-01 8.739183206462579345e-02 1.020964738219330842e-01 9.268788112136211454e-02 1.056369059921380832e-01 1.020888796387630776e-01 9.128020264306334342e-02
8.031767225707367452e-02 1.127920697249601839e-01 1.014569312810100349e-01 1.233888781873462431e-01 8.506703510340840602e-02 1.013011964492497585e-01 9.190203395494564442e-02 1.142971153928552253e-01 1.014441905970855234e-01 8.803287705206534752e-02
8.477820608000609381e-02 1.144426472193666722e-01 9.860017857801151031e-02 1.154003186035841427e-01 8.615726114648776524e-02 9.843293027132313244e-02 9.140830032963000173e-02 1.216988525569444451e-01 9.854147093941420521e-02 9.053983427523205896e-02
7.967154341828298902e-02 1.174064555244959951e-01 1.008302100900938247e-01 1.131708600652000102e-01 8.601704172362438505e-02 1.007128757857306267e-01 9.115629738939166893e-02 1.189631503266432577e-01 1.007792423660966163e-01 9.129232331044064008e-02
8.193959743147487262e-02 1.165706432693943140e-01 1.015654934530880876e-01 1.138566058115653284e-01 9.156481759263752906e-02 1.015120489741486165e-01 9.252045036312632476e-02 1.065726915528585617e-01 1.015273843859754582e-01 9.237026716573093488e-02
8.218494084436886449e-02 1.153328182327579970e-01 1.017982085439408518e-01 1.057690978086665429e-01 8.693070367385173636e-02 1.016882291007206729e-01 8.948525830789708091e-02 1.255178203118657854e-01 1.017988013350607374e-01 8.949412184086970312e-02
7.901757150505636651e-02 1.201410323421706478e-01 9.857514554909220517e-02 1.156465446850518108e-01 8.564586710510944945e-02 9.835849878585575801e-02 9.007745206246658976e-02 1.238325500847459182e-01 9.849668190306365423e-02 9.020865597738764174e-02
8.227493240444078149e-02 1.132408082493722851e-01 9.889690919935739677e-02 1.187478744866581892e-01 8.469360910655480967e-02 9.864355840356738014e-02 9.188070764514641442e-02 1.230231020146553556e-01 9.884163290493301612e-02 8.975686558531435766e-02
7.322495077137054775e-02 1.174916493922262412e-01 1.005770311567576736e-01 1.226829124606338001e-01 8.335658149294006281e-02 1.004517088263222752e-01 8.973477417156956737e-02 1.256857238094430118e-01 1.005472554067944474e-01 8.624741251194230351e-02
7.308834156038380991e-02 1.215597709521286929e-01 9.779531223310911070e-02 1.198437268940057837e-01 8.515121952941769046e-02 9.780391458873381738e-02 8.849419736774692680e-02 1.304467954333781987e-01 9.778492078787605346e-02 8.803180065321994374e-02
7.700755677576127944e-02 1.245366706327425965e-01 9.733124001659634872e-02 1.161978289764201977e-01 9.096396206496361325e-02 9.730826953278487457e-02 9.105661488762022138e-02 1.215240373769971988e-01 9.732627259295362210e-02 8.674754714315999204e-02
7.449923416457084058e-02 1.206284142976967316e-01 9.936619781468832013e-02 1.281812880186588288e-01 8.183771153027809275e-02 9.924308844614196379e-02 8.770887324338563773e-02 1.222591951589049597e-01 9.934135341604721781e-02 8.693464390962743482e-02
8.395258259600280049e-02 1.177545158392839797e-01 9.865382785964575685e-02 1.121664659211307896e-01 8.736735594252977022e-02 9.834017964825612912e-02 8.935326865519513384e-02 1.224184288641054358e-01 9.857109657045354245e-02 9.142227810339668970e-02
4.815071746628212662e-02 1.390508438757256937e-01 1.096723826275914082e-01 1.335253682727049751e-01 8.744157673472413572e-02 1.092723807956301196e-01 8.997936989647649375e-02 8.373903661607580429e-02 1.093810069379614891e-01 8.978731677682776080e-02
7.722229435566876909e-02 1.137646444823085801e-01 1.029282480923473936e-01 1.198933618773145859e-01 8.563035834249642375e-02 1.026707625759913783e-01 9.187475606733443156e-02 1.126017614219503998e-01 1.028731146431838273e-01 9.054069814140419670e-02
7.870362940465727708e-02 1.176021675641342329e-01 1.009613591170174240e-01 1.151692206610011177e-01 8.790514005098565287e-02 1.006971511176215778e-01 9.211775608250834246e-02 1.147053445417521439e-01 1.008778959514122775e-01 9.126033550890991219e-02
7.892548494593129571e-02 1.211303399903636002e-01 9.920007053248351692e-02 1.178699464036309513e-01 8.597671720203861612e-02 9.905371630971852859e-02 8.935820733708316199e-02 1.175302152204283634e-01 9.916186276620873874e-02 9.179343929211321307e-02
8.248840026264905867e-02 1.187123069575312523e-01 9.618240236462080595e-02 1.214958494170232522e-01 8.252852423213262456e-02 9.608613088735509788e-02 8.661487017127816879e-02 1.287879024543499007e-01 9.615876498667609573e-02 9.094484826638374320e-02
7.419415159811211524e-02 1.212407715201124642e-01 1.013475000296855805e-01 1.222851423470100313e-01 8.433422278194566135e-02 1.011035022686733176e-01 8.875321372751729387e-02 1.187481201464639646e-01 1.012711578975927229e-01 8.672221768288682076e-02
7.714886189148763285e-02 1.143335430073587483e-01 1.021166138439532772e-01 1.144753882809083773e-01 8.680816854390729920e-02 1.019618202564343684e-01 9.395978334983293156e-02 1.162227607315164807e-01 1.020849108490695378e-01 9.088814924553131891e-02
7.309804718697369974e-02 1.220090741366579024e-01 1.005639567747068780e-01 1.168038124103042419e-01 8.756430512238135011e-02 1.002662706445514446e-01 9.002592050860136474e-02 1.187333764508738537e-01 1.004493333502839980e-01 9.048590341466523912e-02
8.699405983268571063e-02 1.203666307226444881e-01 9.676502502597987554e-02 1.085066429102004154e-01 8.802405311328821702e-02 9.660456549276824623e-02 9.344615203419830152e-02 1.199973273400975760e-01 9.672406714874277889e-02 9.257147637939436291e-02
7.505916737467872857e-02 1.225921267575115076e-01 1.006157711924930975e-01 1.156687550411658327e-01 8.402816288880492201e-02 1.001952511080399372e-01 8.872506047196122847e-02 1.233731958303750514e-01 1.005008731921937515e-01 8.924163614277594303e-02
8.389757915898055085e-02 1.140740993785658158e-01 1.003997164825720795e-01 1.098356505485484635e-01 8.604948786406595163e-02 1.001967884497320799e-01 9.640468027401229156e-02 1.162558787280502243e-01 1.003493278324150279e-01 9.253679128305752899e-02
7.519879157951778192e-02 1.193774618019773220e-01 1.032681412997545067e-01 1.246984747269352517e-01 8.698456499104749440e-02 1.030759233598234209e-01 8.886646241071989583e-02 1.050304442983532316e-01 1.032048957517719551e-01 9.029483978009919531e-02
7.536858844056339157e-02 1.174151701348255528e-01 1.016962082718318450e-01 1.161285893755094750e-01 8.592394397627957370e-02 1.015318331855263045e-01 9.315288834151418118e-02 1.183019775957531022e-01 1.016363768228705500e-01 8.884442385532605180e-02
7.732531984441139150e-02 1.181542844649300511e-01 9.851009442647598591e-02 1.211366385703780829e-01 8.291573961147039040e-02 9.825942722395836215e-02 8.953354711255852305e-02 1.297079185221964581e-01 9.845229540490965658e-02 8.600473481871105663e-02
8.440162674188844694e-02 1.111791798047906538e-01 1.034139435611655389e-01 1.067725225068181655e-01 8.873598797329826371e-02 1.032217204407269301e-01 9.516056545003355460e-02 1.110357885368208897e-01 1.033923900234791082e-01 9.268627496097843477e-02
7.847218352606623315e-02 1.211372531054900475e-01 9.920358262590854570e-02 1.194339636665396054e-01 8.622794963747482111e-02 9.901296298397044282e-02 8.992060366306635355e-02 1.172119726493789510e-01 9.914926314612390601e-02 9.023026499598109373e-02
8.160629962906609802e-02 1.140121132404175730e-01 1.029421351929883932e-01 1.172254601429446180e-01 8.886611735505051124e-02 1.027470057490273425e-01 8.973834721215338817e-02 1.094849242292819658e-01 1.029013001934704075e-01 9.047629705559967483e-02
8.286009996624521534e-02 1.208220695118230326e-01 9.867198595270171291e-02 1.173342251243342238e-01 8.768672076525182990e-02 9.852734394356749137e-02 9.062855792193864890e-02 1.134511844257382190e-01 9.862034071997569096e-02 9.139747166842393522e-02
7.967565381219256226e-02 1.119896872428151197e-01 1.038117367848905431e-01 1.089716928853054212e-01 8.649874439223859124e-02 1.035997079617898275e-01 9.196987328429874486e-02 1.206525735775611091e-01 1.037789246630420742e-01 8.905140539586600679e-02
7.802579678234242144e-02 1.243950038576411843e-01 1.002201019696358081e-01 1.135322655469322428e-01 8.732027313098711385e-02 9.999779660951049753e-02 8.840406560770873445e-02 1.183685706695733475e-01 1.001752274161805539e-01 8.956089840948816549e-02
8.153819891230910943e-02 1.262648595545144137e-01 9.622411692490859259e-02 1.122582989293019751e-01 8.478851579526618110e-02 9.607843591690144736e-02 8.749621598607863759e-02 1.302111167066403175e-01 9.617958908245170802e-02 8.896065219162768711e-02
8.566695680844614580e-02 1.175592622036648188e-01 1.009826856375207471e-01 1.097681427339964322e-01 8.666157948032103542e-02 1.008586495040898340e-01 8.735740924888622805e-02 1.164148455866980403e-01 1.009374781317831649e-01 9.379299066459352574e-02
7.323784953924082630e-02 1.217387458004101364e-01 1.008245299139868406e-01 1.170521409614490305e-01 8.795049506910226911e-02 1.006460993677915639e-01 9.376587097891700417e-02 1.136872422439721420e-01 1.007537860339087210e-01 9.034324009122148003e-02
8.627560455377401849e-02 1.116523336336118361e-01 1.024397585549574330e-01 1.046012774439074172e-01 9.180345133110505429e-02 1.023153833546364827e-01 9.247593425376733622e-02 1.158148637959063032e-01 1.024360150059782648e-01 9.018537807235584014e-02
8.259119858267807701e-02 1.238912283784093377e-01 9.639867028233466140e-02 1.149775113689936318e-01 8.477960727473106417e-02 9.623164360871216960e-02 8.645539745421433608e-02 1.293421516744084898e-01 9.637068528582777571e-02 8.896190608969042901e-02
7.213709204312844514e-02 1.257130612083352250e-01 9.768113404314524018e-02 1.229969846652306520e-01 8.615848762761814383e-02 9.747976684599402031e-02 9.081429333731337594e-02 1.192255320730946921e-01 9.759129891854349814e-02 9.020234923759669343e-02
7.415284537501959372e-02 1.219024611298737543e-01 1.007886920723704977e-01 1.150113495289756260e-01 9.018303542994407507e-02 1.006532761735268455e-01 9.294059897921679025e-02 1.108387457568828782e-01 1.006936628101122583e-01 9.283533274407763936e-02
7.091413013713249169e-02 1.225553396196826794e-01 9.913641679608889423e-02 1.174570079770034525e-01 8.721917524558932266e-02 9.894031298021058185e-02 9.192392655242388744e-02 1.219731571072605880e-01 9.904186980831057585e-02 9.083866377629754019e-02
9.568468759117387812e-02 9.886433712065507973e-02 1.041045493985076204e-01 9.521786734427888088e-02 9.773511006262146361e-02 1.041648843131382646e-01 1.005906732896005296e-01 1.004767979964247132e-01 1.041423067515180184e-01 9.901878613208157931e-02
1.061014303885688265e-01 1.038624346332288201e-01 9.479010704288706735e-02 1.004019830548813635e-01 9.591655559720010937e-02 9.498183051220436546e-02 9.688163336123321867e-02 1.086837092916989739e-01 9.482287010584951326e-02 1.035574460122477558e-01
8.411034124295925507e-02 1.109561539948092507e-01 1.002833152181242804e-01 1.161072392588968355e-01 8.339208877264946140e-02 1.002029698209852410e-01 9.241550874710062480e-02 1.234390751190015123e-01 1.002907969314119213e-01 8.880251089406161757e-02
8.492313773718421221e-02 1.133345382583661326e-01 9.898852919069697776e-02 1.192697166162288436e-01 8.364705917960381376e-02 9.888055132263427749e-02 9.351910144108463441e-02 1.170611182452029747e-01 9.896134951463918250e-02 9.141489849435890935e-02
7.431386168113528201e-02 1.174653510878858886e-01 9.866112546985526810e-02 1.150259017675490381e-01 8.755679650778377954e-02 9.850735593765030940e-02 9.212156500119897395e-02 1.270895038206833194e-01 9.860194704537868227e-02 9.065659168087944475e-02
7.960244719334522157e-02 1.178275012931234156e-01 1.011396005183383684e-01 1.119692491956055247e-01 9.028700186367080716e-02 1.008515712916817214e-01 9.219177388896972192e-02 1.121875001856888626e-01 1.010428170749379517e-01 9.290053749463840493e-02
7.543606539323242932e-02 1.183386246356088051e-01 1.026429420222753214e-01 1.149281746407570665e-01 8.558456537761878480e-02 1.023930651661792701e-01 9.123593943216455615e-02 1.175305682546219921e-01 1.025637327513116703e-01 8.934632232623017367e-02
7.984272818013697648e-02 1.186979412661293420e-01 1.015070024956361699e-01 1.138576338692808970e-01 8.671083842905556727e-02 1.014551953732552997e-01 9.107125600628195039e-02 1.144524072426391231e-01 1.014810920052307552e-01 9.092390513235398819e-02
7.594709927498642654e-02 1.234829885860770082e-01 1.010753892134662879e-01 1.192288267336156365e-01 8.675092522485722268e-02 1.007717618594143050e-01 9.097583523850751031e-02 1.107250444722113758e-01 1.009721065693884173e-01 9.007002282747579580e-02
7.930150438412401914e-02 1.139246341532717116e-01 1.000664077105366673e-01 1.248645248249446033e-01 8.389122194502755814e-02 1.000207067302090330e-01 8.798136361286179596e-02 1.196801152621229658e-01 1.000519256925165024e-01 9.021759568438512955e-02
7.894516307515291043e-02 1.144969725456843335e-01 1.032822842011937026e-01 1.105427102081009000e-01 8.699913832155814486e-02 1.032269093777085783e-01 9.126646591592324498e-02 1.165447650525096440e-01 1.032568696702018674e-01 9.143872163196663239e-02
7.521221378678646929e-02 1.231287782942524500e-01 1.012331546107668040e-01 1.187544554935733160e-01 8.605459557393183023e-02 1.010274179174764780e-01 8.800134450510853357e-02 1.148565275682229825e-01 1.011494437278062097e-01 9.058206852207489890e-02
7.665191132030720056e-02 1.196566950597215961e-01 1.013156648818982764e-01 1.132212660100275076e-01 8.747243821484959603e-02 1.009791281028250554e-01 9.056288108840397644e-02 1.178638063958255683e-01 1.012249164325872142e-01 9.105129249355395360e-02
7.450778357389170603e-02 1.252111519138165707e-01 9.963944720909892472e-02 1.109408255077315997e-01 8.658114968492813812e-02 9.941787092734838405e-02 9.092585925992242857e-02 1.229263867559792500e-01 9.957590458906827313e-02 9.027362057821472496e-02
7.870853334756219843e-02 1.265127033627219122e-01 9.553006615286911696e-02 1.219997984905996924e-01 8.507187764824676590e-02 9.551531721844611078e-02 8.832130578236631335e-02 1.246634452444247559e-01 9.553377427168253944e-02 8.814317848108059461e-02
8.414765746963599746e-02 1.184354907534547058e-01 9.844410214316566543e-02 1.167945402689606893e-01 8.338872722723970898e-02 9.834339574552868057e-02 8.701250366117913027e-02 1.259056914804773386e-01 9.842466206159782016e-02 8.910322918876023568e-02
7.261923422912459902e-02 1.252891529122968362e-01 9.622167144751701817e-02 1.205532660822348084e-01 8.363318611498521404e-02 9.605148472002890403e-02 8.868521845293858563e-02 1.327676495705951976e-01 9.615871454010148367e-02 8.802042193017735328e-02
7.911893730710962969e-02 1.154977270416209512e-01 1.019525679196912893e-01 1.133579875997484249e-01 9.226683116590285449e-02 1.016078870501993803e-01 9.541909338946888419e-02 1.037341346257767555e-01 1.018481827767896836e-01 9.519665112369216087e-02
7.113194619895193971e-02 1.241765500910750053e-01 9.866193664972830457e-02 1.286811961535140048e-01 8.370598824249948777e-02 9.855225785125151794e-02 8.672024218681630148e-02 1.211469931018973045e-01 9.858784968994897813e-02 8.863503983431719746e-02
8.430013580309977939e-02 1.157892900580447942e-01 1.016313053415062451e-01 1.097995191902038370e-01 9.214905966968574280e-02 1.014760357683139880e-01 9.336325071054642211e-02 1.055229045092872936e-01 1.015727478196681577e-01 9.439575112964374015e-02
8.323848509507288107e-02 1.124593118364707184e-01 1.022868764321392121e-01 1.099331884914131890e-01 8.949054322472040079e-02 1.020933981846590677e-01 9.153712799455816784e-02 1.108457899744161590e-01 1.022279514952581653e-01 9.588732727129202493e-02
7.521377431094244947e-02 1.276597686909113627e-01 9.505750604696962258e-02 1.163426536176125070e-01 8.160723139998261877e-02 9.497777935856996367e-02 8.590560350367502929e-02 1.427698202507137748e-01 9.503899722462162691e-02 8.542686559600105867e-02
9.247366682792758363e-02 1.144697507508189022e-01 9.683870513394850221e-02 1.112918488333386607e-01 9.169057897133979507e-02 9.672973116920097203e-02 8.940575191887914497e-02 1.145844072019907567e-01 9.682731859729902524e-02 9.568824059525665726e-02
8.727556348953691145e-02 1.107177668269700155e-01 1.015921679740452721e-01 1.194074039337798265e-01 8.982719031791548681e-02 1.014074315258614301e-01 8.960779277275755794e-02 1.019150670984614454e-01 1.015387721878868305e-01 9.671084387278519601e-02
7.513416166472558499e-02 1.179758579763726528e-01 1.026456649123780041e-01 1.137417959009065505e-01 8.633810209927078594e-02 1.023946966228885536e-01 9.069439362638979929e-02 1.188567360290595648e-01 1.025874157087984795e-01 8.963117545920999685e-02
8.568170275948210068e-02 1.155641896256764251e-01 9.852102381174593360e-02 1.154896265548469581e-01 8.977738121951056582e-02 9.860435337624096075e-02 9.120211143012021959e-02 1.146678399853429953e-01 9.853778285243909585e-02 9.195398838459473145e-02
7.353890878092282646e-02 1.196907752444502787e-01 9.784969565134671310e-02 1.206828041431385612e-01 8.393849289205784769e-02 9.770429152198047140e-02 8.772506215544133290e-02 1.332741308516624257e-01 9.782241526230572859e-02 8.777342349669373101e-02
7.503903944468182097e-02 1.213007750415841801e-01 1.020558550046537227e-01 1.161744964346551057e-01 8.486297676986703786e-02 1.017661451974431475e-01 8.822775253848981480e-02 1.201220733104340910e-01 1.019796259680520178e-01 8.847126029013907544e-02
8.869708732516555505e-02 1.107820947932019878e-01 9.938008188633959406e-02 1.117238225819678771e-01 8.454269212403649203e-02 9.926174443203952813e-02 8.868637430649481401e-02 1.220029045805002960e-01 9.936609603582539918e-02 9.555710193442851219e-02
8.262113079684328676e-02 1.086471167281082145e-01 1.058606926124380371e-01 1.144367779481429426e-01 9.088739449657741443e-02 1.058230500723880280e-01 9.148027324028826235e-02 1.022814955951251159e-01 1.058984469405531981e-01 9.206362156953548648e-02
8.141120797706093148e-02 1.143163112926185165e-01 1.013326030217810286e-01 1.165351147003447912e-01 8.947631924544949267e-02 1.012688634264678339e-01 9.397629555038795879e-02 1.054958271355557059e-01 1.013078170502648007e-01 9.487964060006895406e-02
7.732244399447062155e-02 1.177165775596232533e-01 1.011191220263823048e-01 1.057830895698382706e-01 8.952623286600015773e-02 1.008869753173681494e-01 9.385197184941311555e-02 1.222860897970140109e-01 1.010556897307452462e-01 9.045180728914489765e-02
8.032490926856290792e-02 1.194655311720200508e-01 9.940349261570492756e-02 1.235974440591616624e-01 8.485384717328768589e-02 9.913647518678185555e-02 8.701677434920720988e-02 1.174436982865467022e-01 9.934178245103808536e-02 8.941604543768892632e-02
7.139300002108907306e-02 1.162935437274762174e-01 1.005756022186525961e-01 1.160238056107000260e-01 8.931067174052530200e-02 1.001879762705265298e-01 9.216679827692106364e-02 1.207428268593165877e-01 1.004554464530567348e-01 9.285032882173584190e-02
7.969373450129160763e-02 1.175008761801352858e-01 1.012636866250010981e-01 1.137202023575848570e-01 8.977656820383209113e-02 1.010890966419633746e-01 9.277274368004734262e-02 1.103298632641980248e-01 1.011995874158728576e-01 9.265364113007347469e-02
8.105015292913077263e-02 1.165401607890365621e-01 1.010315844772921856e-01 1.222975338114645483e-01 8.895249054379081310e-02 1.007945485296632554e-01 9.177041104594460541e-02 1.052032556386055806e-01 1.009664878708039504e-01 9.139337436426774042e-02
8.381915296421285633e-02 1.129689845872294957e-01 1.003527642430790678e-01 1.185024518066958993e-01 8.631794897358521790e-02 1.000833517570672293e-01 9.346439942601277029e-02 1.137625412167740657e-01 1.003044954007089179e-01 9.042390962463443815e-02
8.171502630426411007e-02 1.169932306318259146e-01 1.020148644773947039e-01 1.101335732523045091e-01 8.872928768571315683e-02 1.017749932754600795e-01 9.337592563081396901e-02 1.109744296345156894e-01 1.019419622590417851e-01 9.234670684866604085e-02
8.210891091093609762e-02 1.177226798651954537e-01 1.007641647230703708e-01 1.083054380591932930e-01 8.972655974139623347e-02 1.006504123408920315e-01 9.410692203007584022e-02 1.124907312104750506e-01 1.007024011680418968e-01 9.342177995072378782e-02
8.221933141190124195e-02 1.203516067860088551e-01 9.912346375055709757e-02 1.131205578369337272e-01 8.810924992275144529e-02 9.917773446431141227e-02 9.145471099363244871e-02 1.141872471384151322e-01 9.913027444311810210e-02 9.312582325237055147e-02
7.907563405772656540e-02 1.189053570520853809e-01 1.010158178842804066e-01 1.169640890897484103e-01 8.933930630238226533e-02 1.010450046620902931e-01 9.295393228518439299e-02 1.070324477564588567e-01 1.009978105410933163e-01 9.267060036895014008e-02
8.536178201718944147e-02 1.174640756483625870e-01 9.572534611098855450e-02 1.228756988896882035e-01 8.483612614510031846e-02 9.559653394415000560e-02 8.808935313100089981e-02 1.246630422954590062e-01 9.568816326761458990e-02 8.969987855044635194e-02
8.041265519786018612e-02 1.166416091614213280e-01 9.694639188169171251e-02 1.181279926976443601e-01 8.154576834971444255e-02 9.681886565271682898e-02 8.633546733098380888e-02 1.401728215661737498e-01 9.692736266861504135e-02 8.607106549317858346e-02
7.682862678086020691e-02 1.155408405222342338e-01 1.028643131729698318e-01 1.094671332237038691e-01 9.055250024381721052e-02 1.028020621373702259e-01 9.809935173341996495e-02 1.075498773829144522e-01 1.028365159732705786e-01 9.345877882943945392e-02
7.807084486075964447e-02 1.216779582186213182e-01 9.831344185951503001e-02 1.233996721851322864e-01 8.482698193261523079e-02 9.833185481168449371e-02 8.970580767370103792e-02 1.185648642324073770e-01 9.828886000435345383e-02 8.881971422121016924e-02
7.716227696103505895e-02 1.176301552439818071e-01 1.004977360392914909e-01 1.121541377758133590e-01 8.836283530008828824e-02 1.003438382838510029e-01 9.172822986749511187e-02 1.209323474790384850e-01 1.004314168772234284e-01 9.075702617218195378e-02
8.347589412845612955e-02 1.127288824771379844e-01 1.009373610052369391e-01 1.218248899325674317e-01 8.529475260760165101e-02 1.009458799365640924e-01 9.061669789686156717e-02 1.124564438858449422e-01 1.009248574850217239e-01 9.079434064470756627e-02
7.162061376632947174e-02 1.214609239484318870e-01 1.040468872706834247e-01 1.153022225358847075e-01 9.010629192783496666e-02 1.036842286652036871e-01 9.293276055611542075e-02 1.044272980162958275e-01 1.039205511610865607e-01 9.249822215213399090e-02
7.511566790701419694e-02 1.226200888041660969e-01 9.985383582743373454e-02 1.199354766471335265e-01 8.673823479893991162e-02 9.988650301100270024e-02 8.988099102127386497e-02 1.157955273454210482e-01 9.983099704439658828e-02 9.034267759321835956e-02
8.435460080487232337e-02 1.209748113410420156e-01 9.606496182851968768e-02 1.126520405522150881e-01 8.528677514229386636e-02 9.595783132425786399e-02 8.949488637337785213e-02 1.304621269308411657e-01 9.605111492652050609e-02 8.870085077605965873e-02
8.031003181853056672e-02 1.135337971551566572e-01 1.013751296670835633e-01 1.187456541929180903e-01 8.982120655447053958e-02 1.011039652952509388e-01 9.264310522325705510e-02 1.083292779186563332e-01 1.013012432070332508e-01 9.283658896764293567e-02
7.728231020716802568e-02 1.208216718939943007e-01 9.636338519746934228e-02 1.120288580714823429e-01 8.474307827972277218e-02 9.623160377748046779e-02 9.004265790125359770e-02 1.366838721591443484e-01 9.631462760861303485e-02 8.948793490367171199e-02
9.968574190014538317e-02 1.109407703222864139e-01 9.618407182262286859e-02 1.080625078636433950e-01 9.064274263296048795e-02 9.618111039700091847e-02 9.375951059930870413e-02 1.098960707998541536e-01 9.618486875536726155e-02 9.846260490681037203e-02
7.754779691617177950e-02 1.138753577472273182e-01 1.005405355493398933e-01 1.221365298595893517e-01 8.698846443967063469e-02 1.003251193418876891e-01 9.226568139090353393e-02 1.152958823333089938e-01 1.005029745668443303e-01 9.052165785505648932e-02
