1.213247881025571462e-01 9.502354339795585081e-02 7.936307500283443228e-02 9.486737685234683526e-02 8.571208739405218602e-02 9.802457198849937048e-02 1.124634147316938421e-01 9.595976408892868681e-02 9.514329255996037404e-02 1.221180858811713316e-01
1.231289413562723228e-01 9.431133272308128701e-02 8.339141246851819456e-02 9.421837195324817005e-02 8.840859308968425367e-02 9.572984624927113884e-02 1.076644889794171472e-01 9.396714868250498343e-02 9.428265877040416243e-02 1.248972057275983261e-01
1.193656666624764301e-01 9.429286712644409374e-02 8.557852780069159782e-02 9.419450041382584904e-02 9.490183185921101383e-02 9.564860580948944535e-02 1.040279276069672187e-01 9.717412218277804437e-02 9.432509866152063993e-02 1.204908518765956255e-01
1.190319345090920661e-01 9.167145906052866222e-02 7.769936518830648786e-02 9.151768995559829423e-02 8.082629131506741116e-02 1.082931069522881651e-01 1.270277055807910449e-01 9.187302241077936749e-02 9.173253752787192961e-02 1.203268874996765436e-01
1.258906365855315401e-01 9.320996236181125494e-02 7.946932038246089236e-02 9.314815439018343801e-02 8.790100735561197365e-02 9.636067610292248231e-02 1.107452596423622038e-01 9.281295750228012176e-02 9.324142757964874739e-02 1.272205980971873596e-01
1.155872301272117958e-01 9.467645661325643780e-02 9.430275281059849468e-02 9.470235444324565099e-02 9.031892705655467091e-02 9.911359744708994612e-02 1.089577744938839549e-01 9.178522916600831416e-02 9.472794341544385488e-02 1.158277344267068382e-01
1.241109959428951248e-01 9.249613810340968911e-02 7.689602191385928875e-02 9.234593318362890879e-02 9.276896559810668408e-02 9.971884304730364856e-02 1.112928460969298261e-01 9.281131647585373623e-02 9.264043803778516939e-02 1.249185016002279380e-01
1.172197965837900174e-01 9.274198807960454261e-02 8.111546761721798171e-02 9.261987921683056957e-02 9.086529120529314441e-02 1.035955936126285309e-01 1.201643287574739177e-01 9.051451493322347497e-02 9.278104423647171028e-02 1.183820957574660965e-01
1.183995208445196984e-01 9.550365410184563641e-02 8.669071809309845944e-02 9.534722994758336456e-02 9.179701772473197741e-02 9.598290361673947335e-02 1.064485254315111207e-01 9.491569705137799240e-02 9.558425627369382394e-02 1.193304769148984673e-01
1.221143488832451968e-01 9.436422098110294754e-02 8.230302561457841781e-02 9.426079662920122670e-02 8.202774909653991198e-02 9.996327973154155166e-02 1.133274321564201326e-01 9.354483490725334915e-02 9.435229330238263656e-02 1.237420186977346154e-01
1.233676948676636909e-01 9.118552572968399716e-02 8.176641071596604804e-02 9.110925351494353341e-02 9.285210198872308196e-02 1.010957513489667975e-01 1.127278248163557928e-01 8.941920660914595698e-02 9.114943845736364625e-02 1.253267919511874551e-01
1.259443716135455749e-01 9.128093860466099385e-02 7.820535312076751233e-02 9.112698568555357981e-02 8.222030252837940478e-02 9.932039491682781440e-02 1.193631447168202603e-01 9.325240826566331964e-02 9.130129934365689703e-02 1.279848012041246430e-01
1.166813187143594388e-01 9.200178941055069115e-02 8.255151057707545148e-02 9.188121096209293792e-02 9.061243758218336108e-02 1.028741059625178089e-01 1.246799087270731576e-01 8.958532623405650319e-02 9.215728994252118944e-02 1.169751018875694465e-01
1.226198447385671436e-01 8.824920342689128450e-02 7.464178492465291248e-02 8.811577745135210082e-02 7.962283525304164611e-02 1.087685978325456382e-01 1.367764014177917098e-01 8.836441081346810278e-02 8.826713304844908958e-02 1.245740110932403166e-01
1.225705521699501088e-01 9.040996499432624178e-02 7.430660446137017650e-02 9.027964354687295634e-02 8.634389038297173025e-02 1.056894464006724738e-01 1.262341954654424558e-01 8.971920631233964993e-02 9.047422200147114957e-02 1.239722742645830433e-01
1.252127366025892197e-01 9.065016810420853388e-02 8.003008074123128812e-02 9.056666427960216592e-02 8.719834592962762143e-02 9.960320871022905476e-02 1.168254535639845770e-01 9.223137069236576890e-02 9.065161590207700126e-02 1.270303554740847551e-01
1.179832721498818016e-01 9.368766431316923049e-02 8.442204280380830039e-02 9.360134381900837852e-02 8.777925329713180680e-02 1.002148655735030092e-01 1.159172078799266814e-01 9.316043626518587251e-02 9.364323925146864069e-02 1.195906746469163062e-01
1.188462342439276093e-01 9.670885776457434357e-02 7.862760533530645246e-02 9.650580766906927122e-02 8.870241218564997587e-02 9.917858493222195260e-02 1.067690662960125297e-01 9.773509560325067957e-02 9.675920007296726078e-02 1.201671358970198972e-01
1.287417285097917363e-01 9.553177167572238226e-02 7.628144466191853768e-02 9.533693363740367022e-02 8.224484146335840629e-02 9.426098496016996342e-02 1.064438082144152503e-01 9.524208384416364692e-02 9.562230786220494994e-02 1.302940951708514428e-01
1.201350362249069825e-01 9.203784447047981543e-02 8.156753888415681220e-02 9.189726697709202363e-02 8.516844504044673858e-02 1.049523797259142022e-01 1.228315184428007550e-01 8.809128491867243560e-02 9.212508620148836258e-02 1.211935991140418861e-01
1.263242853172419355e-01 9.369440108904097952e-02 7.997225298687947459e-02 9.358344407192718817e-02 8.852173525829280798e-02 9.512641053732881491e-02 1.090059126896440189e-01 9.217342410632549388e-02 9.373067473799753802e-02 1.278674592053217762e-01
1.168446719338756684e-01 9.330231713124718940e-02 8.318312754394090180e-02 9.320564661623477465e-02 9.265961108201969942e-02 1.027464879573021378e-01 1.132410693440794730e-01 9.304457966712915973e-02 9.324956236609083238e-02 1.185229263580801773e-01
1.197964631861276052e-01 9.218132080258963079e-02 8.475708248311067394e-02 9.209765849247548986e-02 9.112051746808094710e-02 9.861090725065262130e-02 1.145049001694553731e-01 9.353545477791429252e-02 9.218450547716758314e-02 1.212111898924257691e-01
1.192946026924689706e-01 9.149364283942534870e-02 7.743787948314974356e-02 9.136163207358759253e-02 8.550640162964515123e-02 1.067308242360931747e-01 1.266873186866993573e-01 8.927958025811473519e-02 9.153318878810036419e-02 1.206749293127155759e-01
1.233471604397605031e-01 9.367247423985158861e-02 8.683782709087994878e-02 9.357270357234659386e-02 8.859875010531576001e-02 9.257472354648263457e-02 1.093295998737755653e-01 9.402079826408057950e-02 9.375748202533468190e-02 1.242884808421721027e-01
1.115258416325468765e-01 8.139508542418642800e-02 6.402669104520712640e-02 8.121498704271792879e-02 6.942622820857090316e-02 1.401674056543996683e-01 1.749804954359472087e-01 8.292979817003512388e-02 8.149356605743030002e-02 1.128399013289583669e-01
1.192663947724895979e-01 9.558746040875756855e-02 8.449083746494227831e-02 9.547380883249198535e-02 9.275411360837507169e-02 9.427175469995870138e-02 1.055215009128418341e-01 9.656563830985102903e-02 9.561060850670609346e-02 1.204578824835857709e-01
1.173988138648136420e-01 9.301496011959886623e-02 8.433132103402152246e-02 9.294654163686856541e-02 9.100888782610142003e-02 1.037227599944358924e-01 1.111271504026156987e-01 9.526704984607266280e-02 9.308102724834364794e-02 1.181014880271280404e-01
1.210812368490895713e-01 9.263430614024127652e-02 8.191384627885224534e-02 9.254341102240409844e-02 8.824568183373562857e-02 1.014550091031934109e-01 1.149432969842785895e-01 9.200306525251941703e-02 9.264197395681930680e-02 1.225381725788664000e-01
1.146726567894628956e-01 9.109087469384584412e-02 8.485266904913914277e-02 9.097065740178077176e-02 9.401088204235696910e-02 1.057870004673419073e-01 1.195988849001557303e-01 9.222820447021673473e-02 9.114998706200354295e-02 1.156381831236964475e-01
1.268410736615550316e-01 9.242398042595599550e-02 7.770730964092678605e-02 9.231616231155764796e-02 8.587790153990265685e-02 9.865908400274515933e-02 1.120131361549138171e-01 9.341839514099196939e-02 9.248493638443851250e-02 1.282580207370124237e-01
1.206521601678674921e-01 9.319083914565878812e-02 8.092267645842052270e-02 9.309023409094560608e-02 8.630628015813922305e-02 1.001139767322052065e-01 1.151887867016872097e-01 9.493019760613970182e-02 9.315421842112966977e-02 1.224506305178064969e-01
1.215974581988991388e-01 9.442802752777348929e-02 7.974969706851631202e-02 9.433534782481609038e-02 8.082952137964416472e-02 1.004245182588266172e-01 1.181788074969324365e-01 9.271092488824843325e-02 9.438825894025192065e-02 1.233574384160914250e-01
1.075033149798927251e-01 9.525818452144801940e-02 8.730850249710375710e-02 9.519337525413984480e-02 9.335603925050360574e-02 1.067132447462129097e-01 1.048263717770970133e-01 1.066287211056660550e-01 9.528968943770256550e-02 1.079225564302334905e-01
1.159071362791996435e-01 9.598878338644181718e-02 8.900946909405850482e-02 9.594691590676714121e-02 8.716121976409170469e-02 9.881947644196381608e-02 1.100045019294363796e-01 9.477260856737153294e-02 9.604961614119178481e-02 1.163402724894776336e-01
1.210970958967512862e-01 8.598173107136523885e-02 7.996796540448766755e-02 8.585722823701816275e-02 8.797559149515914168e-02 1.117304339565987764e-01 1.329064045218635026e-01 8.593155460384954702e-02 8.606360818895772424e-02 1.224883866239489388e-01
1.210444259083953006e-01 8.965293900755604006e-02 7.139034143928958687e-02 8.949394880033391397e-02 7.829444330103896288e-02 1.107999750568714192e-01 1.342479677648255043e-01 9.329188495072893161e-02 8.978442988730322982e-02 1.219996438836570829e-01
1.270651421332537612e-01 9.434581552304456553e-02 8.199109081051207670e-02 9.421589932386151278e-02 8.575615322617918812e-02 9.288234272539701297e-02 1.058102822828454054e-01 9.501025662797056570e-02 9.440501113614113704e-02 1.285180062107947885e-01
1.279996473703334803e-01 8.934775839376012108e-02 7.988159020620025363e-02 8.924199193282449094e-02 8.295446313080946654e-02 9.970302380580678414e-02 1.230788467026049104e-01 8.900157161579745624e-02 8.944067929761012614e-02 1.293504275442528828e-01
1.257644835798137628e-01 9.046625811240677217e-02 7.614527975701322615e-02 9.038561761352552348e-02 7.916668242755818541e-02 1.035415862671200393e-01 1.279582309243889326e-01 8.883917422636242178e-02 9.051189991029993942e-02 1.272207871815111413e-01
1.239407480877452866e-01 9.276741986258446593e-02 8.209590356350514317e-02 9.266112268479705094e-02 8.444867310206853606e-02 9.991641919664262517e-02 1.144228671050928209e-01 9.150187328755585159e-02 9.279623132370140581e-02 1.254487417863068000e-01
1.185043766233150747e-01 9.251712128454665784e-02 8.154081325318746076e-02 9.244468963120165694e-02 8.175662564744828886e-02 1.057980079430720088e-01 1.229243132605059435e-01 9.205596153824034678e-02 9.249656052699976871e-02 1.199615302914827236e-01
1.266322463282904820e-01 9.338610856469133081e-02 8.495070856215075628e-02 9.324577696443142605e-02 8.284069249654323064e-02 9.614763319248111062e-02 1.100275874696092088e-01 9.160363523073741798e-02 9.350634500971496954e-02 1.276592661813501228e-01
1.222156269394913952e-01 9.294338551625830336e-02 7.872808043672925582e-02 9.280337572399591228e-02 8.305748920129690793e-02 1.023650711364646609e-01 1.174710061990189430e-01 9.350415891550707681e-02 9.295142927186783588e-02 1.239603766593697226e-01
1.193945286004031020e-01 9.328636588007514774e-02 7.766716581209830161e-02 9.316243308412563984e-02 8.385323962458902936e-02 1.046406864601606562e-01 1.163205710414301902e-01 9.783800472781414848e-02 9.334541222895227641e-02 1.204915925403514526e-01
1.199211306991406906e-01 9.221739395214083312e-02 8.456935055127555445e-02 9.212421511754433079e-02 9.321720336693306574e-02 1.013195151498996194e-01 1.099941527784463746e-01 9.375100316024213842e-02 9.232601113332590537e-02 1.205600240910514875e-01
1.226985139646136619e-01 9.249942953853676486e-02 7.305578589881049634e-02 9.233320636546395177e-02 7.677675885954313162e-02 1.046659481365547900e-01 1.268882908164706280e-01 9.510275731619480255e-02 9.267072938101759971e-02 1.233085797227941871e-01
1.266614907842346649e-01 9.159062294796997683e-02 7.855946635858539195e-02 9.145797414057957320e-02 8.505469097307326309e-02 9.734031714054905415e-02 1.150209736789332277e-01 9.460463080043270134e-02 9.167675056228737074e-02 1.280330826133547484e-01
1.186041624039175374e-01 9.390664189204703249e-02 8.336092346319970425e-02 9.382587422278448885e-02 8.627157014126339563e-02 1.028735270604860391e-01 1.120050320638884406e-01 9.571005139308491616e-02 9.395833745574375118e-02 1.194838799035846805e-01
1.175259719466909825e-01 9.241587594167202657e-02 7.858134526835265643e-02 9.231811745864951235e-02 9.523948130931063349e-02 1.070017456365822545e-01 1.107868901131450756e-01 9.518254525821959189e-02 9.247191477086012801e-02 1.184761122965171248e-01
1.044535229108488339e-01 9.735844276800847963e-02 9.056193864401917981e-02 9.740027655732659551e-02 9.569162369490728792e-02 1.084440421094641921e-01 1.060442831374574235e-01 9.813150994775834968e-02 9.734086313059464590e-02 1.045734970996149704e-01
1.193194526072011152e-01 9.262144410824355023e-02 8.402948186087277893e-02 9.247130326852569249e-02 9.220499304079408931e-02 1.012121477687444454e-01 1.109899769052749702e-01 9.376100828806116505e-02 9.266057073525248156e-02 1.207296214170297255e-01
1.145085289515870575e-01 9.652491498567043748e-02 8.494246229639197676e-02 9.643063712570992818e-02 8.887223035959337936e-02 1.015000971055517037e-01 1.061686540257047173e-01 9.882448261285392554e-02 9.648968535987031969e-02 1.157383071770665683e-01
1.136092975129889271e-01 9.608295971078176234e-02 8.586272821922112664e-02 9.600070432199578341e-02 9.143861531793080755e-02 1.027329081714647846e-01 1.101637912596964142e-01 9.276173990535470371e-02 9.595581020694546326e-02 1.153914453736202411e-01
1.238676007939390616e-01 8.786354494560837114e-02 7.912064962202640384e-02 8.775960518080083705e-02 8.732414944508490318e-02 1.045034315599469021e-01 1.245254044638121199e-01 9.170032002115603709e-02 8.791913041678939278e-02 1.254161635508359574e-01
1.251473985454748805e-01 9.083240728308061840e-02 7.305448273651979352e-02 9.067339427799561702e-02 8.005960973955901505e-02 1.048824699780100539e-01 1.247830596943798886e-01 9.331880401060302366e-02 9.095752865040018786e-02 1.262908450839769769e-01
1.250049960030227558e-01 8.622454453101900673e-02 7.813005103785924943e-02 8.615550180661406265e-02 8.842910494143078892e-02 1.063817366610439463e-01 1.283704667349256645e-01 8.858075373039712985e-02 8.628800648174261845e-02 1.264348380719447495e-01
1.213667819596455505e-01 8.868752928098636024e-02 7.494381327415972072e-02 8.855668898205092121e-02 8.377288744877199600e-02 1.079672674155536388e-01 1.345101683137958914e-01 8.930679106646323417e-02 8.884107616469383295e-02 1.220469960938788262e-01
1.218191708954751984e-01 9.418051150217157663e-02 7.966907315886502527e-02 9.405839260191810325e-02 8.420989106504783717e-02 9.984679270269686269e-02 1.146684069776671144e-01 9.439499687361642410e-02 9.424919408348392258e-02 1.229035701390579494e-01
1.158244313628531003e-01 9.408920390691632996e-02 8.416432547421390242e-02 9.402296384523904649e-02 8.149758607235814412e-02 1.069749696688697682e-01 1.137821840422971464e-01 9.893100494842144155e-02 9.413022858360724221e-02 1.165831020952238645e-01
1.282694239309638551e-01 9.027277614420427254e-02 8.296057555643493453e-02 9.019141786218713708e-02 8.533397800395070565e-02 9.899074977349814342e-02 1.143499775534234653e-01 8.941378164636105963e-02 9.031529627484248535e-02 1.299020232541339137e-01
1.106223479662008929e-01 9.517871635112967743e-02 8.659482705715161599e-02 9.517325712291277440e-02 8.765599439383353619e-02 1.083029351147267311e-01 1.122513884795164341e-01 9.804790813857829079e-02 9.520398920975302326e-02 1.109686361661970516e-01
1.205953504277260946e-01 9.330525421714332135e-02 8.465317330985366873e-02 9.320714659916717881e-02 8.714352130071111036e-02 9.869542618043861126e-02 1.136607937177799149e-01 9.299082909692374388e-02 9.325276637626055132e-02 1.224957387739958048e-01
1.212660111607135743e-01 9.298549132599118194e-02 7.928341034350103178e-02 9.285471198813247118e-02 9.379635321394065584e-02 9.935853753922084530e-02 1.087406793218745338e-01 9.576288147566712483e-02 9.298635684731421103e-02 1.229655667836443284e-01
1.138475205594122325e-01 9.602873337467725257e-02 9.067589874072463918e-02 9.602926317751842022e-02 8.857748507511026270e-02 1.011306133521077677e-01 1.142377733134456730e-01 8.910760707193884911e-02 9.604500829339970847e-02 1.143200970416651530e-01
1.248044772210682996e-01 9.434053037819063736e-02 8.117174862401543844e-02 9.422027738682749176e-02 8.963942034883055909e-02 9.339026821398170586e-02 1.068362845620143137e-01 9.560779848347597532e-02 9.447104433464606488e-02 1.255181504469495279e-01
1.171833817595301364e-01 9.137534277378610292e-02 7.962197775732371419e-02 9.133009296229910312e-02 8.281465515681757372e-02 1.066719984975922769e-01 1.240716675882183873e-01 9.751424861238970621e-02 9.142102160335427441e-02 1.179956132886887527e-01
1.154558980774415683e-01 9.156900370581451398e-02 8.200040087751397921e-02 9.145168827212780960e-02 8.842760042402855736e-02 1.056203184203173551e-01 1.245767225649209442e-01 9.274231398295353090e-02 9.161155347784140368e-02 1.165445001970403238e-01
1.193984470025453298e-01 9.304828170458682990e-02 7.989850762120896677e-02 9.291897937479613734e-02 8.478554045592356925e-02 1.041043017142379706e-01 1.176449068878247795e-01 9.471282955589953312e-02 9.313023978660471547e-02 1.203579658963721682e-01
1.200089271276373187e-01 9.526906564666222377e-02 8.593274829430695705e-02 9.514069333321381605e-02 8.939461679364928137e-02 9.645344711602618637e-02 1.060775233327523465e-01 9.565635436457603502e-02 9.537734317551713192e-02 1.206892808156587310e-01
1.155113995473201344e-01 8.947242189837237292e-02 8.335827554971049491e-02 8.944471995138511544e-02 9.797816307902219857e-02 1.101159640293971481e-01 1.175550208719749190e-01 9.080189479488044724e-02 8.951943663287693920e-02 1.162427036450602857e-01
1.216178733712648952e-01 9.162838294082890911e-02 7.944960156442552879e-02 9.148503475940597540e-02 8.563667967114761692e-02 1.030174596347098320e-01 1.199935572543005119e-01 9.231127456243852503e-02 9.166499914078317379e-02 1.231951371006950458e-01
1.150861062400530821e-01 9.135130968425932141e-02 8.143979513876646592e-02 9.127593231254896300e-02 8.212962848072034860e-02 1.088006678201317162e-01 1.274680965578957881e-01 9.473439678198240788e-02 9.133998404869560217e-02 1.163740829349463046e-01
1.199645922321816160e-01 8.809748513392652580e-02 7.531007556628692423e-02 8.799879900241625030e-02 8.636198179780366080e-02 1.093151114923661266e-01 1.313846366557147594e-01 9.242810343976390342e-02 8.819069525751051242e-02 1.209485194220296517e-01
1.229338730495678073e-01 8.898046049776471567e-02 7.752122309602246797e-02 8.888955496927607169e-02 8.452265625182767139e-02 1.051808647750324816e-01 1.287908687991493883e-01 9.032131801952637817e-02 8.909802566528875201e-02 1.237611548765442937e-01
1.289048057771660649e-01 8.964833722518751602e-02 7.929784181860721759e-02 8.957836071094039954e-02 8.367586769622235854e-02 9.848675815578548931e-02 1.160985620658338130e-01 9.453558022706345931e-02 8.974668948518133016e-02 1.300271968380123933e-01
1.240956580881050486e-01 8.940264278638222761e-02 7.673860507339683168e-02 8.932230972267810043e-02 8.544468841678511117e-02 1.034761927984021723e-01 1.258461822646965156e-01 9.090609971714627702e-02 8.947470784681885170e-02 1.252929132855888361e-01
1.187322446629593131e-01 9.245137740465494969e-02 8.291393267712723891e-02 9.234792234030446412e-02 9.079023258450993894e-02 1.035084608939646350e-01 1.152799626350582279e-01 9.106622880651385477e-02 9.241274363925919277e-02 1.204968943556481986e-01
1.538034959075731956e-01 1.011303390433690025e-01 5.472847073607789437e-02 1.005328950533825871e-01 6.101225879410448333e-02 7.896805931073919149e-02 8.930265248140495382e-02 1.021434061876676097e-01 1.014245068692363749e-01 1.569539156164447558e-01
1.181294171283179262e-01 9.416614434631273567e-02 7.899552013994108612e-02 9.407466942930256537e-02 8.223903161403837980e-02 1.061337672447814351e-01 1.155901416717243779e-01 9.722277315293302580e-02 9.418578090352375254e-02 1.192627543691247155e-01
1.203568798121690542e-01 9.373185837480330074e-02 8.065488849402310811e-02 9.359119826814418786e-02 8.360188707728721802e-02 1.015084605159349423e-01 1.152004629847937223e-01 9.576517438753107125e-02 9.375522800799693246e-02 1.218339620773164350e-01
1.226844039330878128e-01 9.301550361017206503e-02 8.224789682765965004e-02 9.294030591812869890e-02 9.075161038549829640e-02 9.793496615691618667e-02 1.127099441798743024e-01 9.068352786094288631e-02 9.303962288430413230e-02 1.239922182434159970e-01
1.194723088643246944e-01 9.149054709098862481e-02 8.210501576801416956e-02 9.143924909554623781e-02 8.258797610437318415e-02 1.040327695776921968e-01 1.291105925935482623e-01 8.762860830301481829e-02 9.150948609028471126e-02 1.206234465122130589e-01
1.257687695944427753e-01 9.023184410672939471e-02 7.721720010152104130e-02 9.007816838753127109e-02 8.104071995000158846e-02 1.036348095860377266e-01 1.212460957119277510e-01 9.310301451512094373e-02 9.030841396005705179e-02 1.273709640866304282e-01
1.173419365723391700e-01 9.333055687862286398e-02 7.989265592354764800e-02 9.325412158525256401e-02 8.017159259220081602e-02 1.065530477599545278e-01 1.201546542803749590e-01 9.772349545761069289e-02 9.337854681535480428e-02 1.181993921347419402e-01
1.252424934169829307e-01 9.341421181198186763e-02 7.377806940205854092e-02 9.321342917779064374e-02 8.193304830480124812e-02 1.015246431884370554e-01 1.162818929764839748e-01 9.400559345933633126e-02 9.345839323301707857e-02 1.271482250291103011e-01
1.205868981509320703e-01 9.278124456029575307e-02 8.669963545462058829e-02 9.272326383561624308e-02 9.104061654687754801e-02 9.681798267011806902e-02 1.108534962656554795e-01 9.370160093718060690e-02 9.276568580505779871e-02 1.220295757736458847e-01
1.247070750124475158e-01 9.118816465937699955e-02 7.796623809948498296e-02 9.103940049579713201e-02 8.363465831964561614e-02 1.036398048177833986e-01 1.183225150332909564e-01 9.128276768883371306e-02 9.116149049181836161e-02 1.270578853815213238e-01
1.149688849599531937e-01 9.340468913568035492e-02 8.714070501731091545e-02 9.332440391744846464e-02 8.655515623757299715e-02 1.032507605441059934e-01 1.149001657636670448e-01 9.699862369502233739e-02 9.340915405736405219e-02 1.160474566718746603e-01
1.252943643438258481e-01 9.501263591676982478e-02 7.772297892271631814e-02 9.486973843412603580e-02 8.340883114167821355e-02 9.664850864864379942e-02 1.114021728167715330e-01 9.403412382281903237e-02 9.509318247692946646e-02 1.265134634757199283e-01
1.208442666288759154e-01 9.167682839409148354e-02 7.854118274956993495e-02 9.153323853369288443e-02 8.201706407322006953e-02 1.057738998346871434e-01 1.188348439961464387e-01 9.707796551755919212e-02 9.176888715861886148e-02 1.219318231135380765e-01
1.201183147927463030e-01 8.755584496340024225e-02 7.858352250938335781e-02 8.745782144344477205e-02 8.742985074007866841e-02 1.091905311945718660e-01 1.284883496947214765e-01 9.190179494749051159e-02 8.758408748619730955e-02 1.216898822279654929e-01
1.139088100607858062e-01 9.493214443538716685e-02 8.450604084673389582e-02 9.489849930369831377e-02 8.828539112467653771e-02 1.058499837272185579e-01 1.083454643180347399e-01 9.967890291901179700e-02 9.493655673423008479e-02 1.146582065302231140e-01
1.239525475859269560e-01 9.246416540472059131e-02 7.987476336116811071e-02 9.236250148558099171e-02 8.760490410241991710e-02 9.882648337187831256e-02 1.148366481666458772e-01 9.213736779049871983e-02 9.249394823274943722e-02 1.254466704984111003e-01
1.178138899215319807e-01 9.358783941172810206e-02 8.516424352291793176e-02 9.350155316408249873e-02 8.794637297812799015e-02 1.025649143512998712e-01 1.136737532853326210e-01 9.336294095973562968e-02 9.363238009424337815e-02 1.187521123110000243e-01
1.238830913650821597e-01 9.387098338168421707e-02 8.473267668832323851e-02 9.376177542307397028e-02 8.477837790559328290e-02 9.590849754099343982e-02 1.103595644359326861e-01 9.356205523546326508e-02 9.391339501867133899e-02 1.252295830051823600e-01
1.144155501901844979e-01 9.102080248466723478e-02 8.073088761741302466e-02 9.094898689994035390e-02 8.921229618655135418e-02 1.140409768274385366e-01 1.178259269073797660e-01 9.549071488827241827e-02 9.106632856405418031e-02 1.152475294340986056e-01
1.280648385515972543e-01 9.222094513412407157e-02 8.068159249978848480e-02 9.214719055412311233e-02 8.349992275247922202e-02 9.887150879977073259e-02 1.109123700223261511e-01 9.157618477641418786e-02 9.223371849702614866e-02 1.297917284123507042e-01
1.278631280685346150e-01 9.013613856670159297e-02 8.462176046383707018e-02 9.004655677573131234e-02 8.123511696202408150e-02 1.001858451976518627e-01 1.169894225308952124e-01 8.912459420845281199e-02 9.016754030123706742e-02 1.296298969249343180e-01
1.185514834267547557e-01 9.473956366386977745e-02 8.693446003890173412e-02 9.463804203715101004e-02 8.693673038060391323e-02 1.011732240356929269e-01 1.141201906190508625e-01 8.860148724707095358e-02 9.478684954848318189e-02 1.195179690024208707e-01
1.247667295385268410e-01 9.287617711635484663e-02 7.623041143025287292e-02 9.272345230405680538e-02 8.609701836828197175e-02 9.758600499774656989e-02 1.132886277068351211e-01 9.730385364920596247e-02 9.295045310202397493e-02 1.261772717867150617e-01
1.150617080345901211e-01 9.282591101148228441e-02 9.116434699465099378e-02 9.279412900587356849e-02 8.005782394434912685e-02 1.092010970112132356e-01 1.138193525441740933e-01 9.653668907067380900e-02 9.286957950807869788e-02 1.156693628749140695e-01
1.255294507282544436e-01 9.004256315547085054e-02 8.113029970083546205e-02 9.000185425363942116e-02 8.522487211037023391e-02 1.013446705022829908e-01 1.217050740242910795e-01 8.776870912267550895e-02 9.003865124541327036e-02 1.272138551567667253e-01
1.291602081435579696e-01 9.307220646599977110e-02 7.443783308153482936e-02 9.289509103404135215e-02 8.062088713752381397e-02 9.642641862515123619e-02 1.148284286525431686e-01 9.433399927741405178e-02 9.312691360070028679e-02 1.310980139815335066e-01
1.252408204376622147e-01 9.591205907031186140e-02 7.704706855821677469e-02 9.568847732831962938e-02 8.272550617424184738e-02 9.572436531208822208e-02 1.091370728670705975e-01 9.595424197539935418e-02 9.602653967478831654e-02 1.265438486019011821e-01
1.244402233630402671e-01 9.269047029272382832e-02 7.367021467384823885e-02 9.249859432058817055e-02 8.236330529899800468e-02 1.008945313714005171e-01 1.205798532283225977e-01 9.403188493359199152e-02 9.276238744905090927e-02 1.260685350684355166e-01
1.003107271613528917e-01 1.002891099023506816e-01 9.359717876459747177e-02 1.003158698866575965e-01 9.627655700046942877e-02 1.071456905576453622e-01 9.873225729303296283e-02 1.030924197188648195e-01 1.003390371239573642e-01 9.990115259107142098e-02
1.031692205222987935e-01 1.026774415613233848e-01 1.009123170965769284e-01 1.027125141204322800e-01 8.690709638686133776e-02 9.805641115356274196e-02 1.054255575604817474e-01 9.458913101481733476e-02 1.027080450241597276e-01 1.028422655594856960e-01
1.120102630412358746e-01 8.947589903386203580e-02 8.511534429177085304e-02 8.945539225651298609e-02 8.929928550995022696e-02 1.117213358008091045e-01 1.270294525749857684e-01 9.383384527922666862e-02 8.952656170245625045e-02 1.125326205091902315e-01
1.153960602490454179e-01 9.311668733621686345e-02 8.577767506858896551e-02 9.304903404672794365e-02 8.562347475909219685e-02 1.039525461145315161e-01 1.185108654154444635e-01 9.521476978147870585e-02 9.315547685397475297e-02 1.162034103748991604e-01
1.185447831195438617e-01 9.171668685426198619e-02 7.773858148825557590e-02 9.159222519589979572e-02 8.252228455925132711e-02 1.072839485328797582e-01 1.250140856320678395e-01 9.408039547171927197e-02 9.176886872938877504e-02 1.197381404167318086e-01
1.187352764373069414e-01 9.403383046028687686e-02 8.314560558803683887e-02 9.388005682802157137e-02 9.442881557808041615e-02 9.803937118014129093e-02 1.099798868151558723e-01 9.343321766921075522e-02 9.404264769064861473e-02 1.202812917531108361e-01
1.214917618830431700e-01 9.203733710070131913e-02 7.866878840097779602e-02 9.188568684099629458e-02 8.128196630609534068e-02 1.052171482543467207e-01 1.191685170346234585e-01 9.528268558255975629e-02 9.210048275288991448e-02 1.228656258437661880e-01
1.209615759829618803e-01 9.272222853054901126e-02 8.166088233691591591e-02 9.261712772854691078e-02 9.244745339480968382e-02 1.001593252493965386e-01 1.117698310787309801e-01 9.312145545595551521e-02 9.282672105494590986e-02 1.217133991871876542e-01
1.283045584116788984e-01 9.401636340211372289e-02 7.703681825718129705e-02 9.383980279838019523e-02 8.397077106238398647e-02 9.587943871645994431e-02 1.077022636590527355e-01 9.490046159951560922e-02 9.405144615272842401e-02 1.302980759405052147e-01
1.166997757309948119e-01 9.241583127083213833e-02 8.024461790802100980e-02 9.233781125838752546e-02 7.834435681239559912e-02 1.073215903566672597e-01 1.321525335927223876e-01 9.069796302759858264e-02 9.250370608887330259e-02 1.172818139535073828e-01
1.170521262697997861e-01 9.357523491815022965e-02 8.303997187841638539e-02 9.346651895632936136e-02 8.500157580213681119e-02 1.075101234282031665e-01 1.143215532734883216e-01 9.478731140321701443e-02 9.368816860053957862e-02 1.175574154697193591e-01
1.264573181023929405e-01 9.339127777895867011e-02 7.883359211332097161e-02 9.321947575080193060e-02 8.440831161269463090e-02 9.821207302433435093e-02 1.129898194139341977e-01 9.099158638337351279e-02 9.346509871794443647e-02 1.280314471022443723e-01
1.213136272649633363e-01 9.262475142239343096e-02 8.076840058457174232e-02 9.249873389267769530e-02 8.966543800206533410e-02 1.018470378933651471e-01 1.124564883728820519e-01 9.309732369443243782e-02 9.261304624594916823e-02 1.231151526266996560e-01
1.262646947110427076e-01 9.119347372222685877e-02 7.826016552215848965e-02 9.108390319674887492e-02 8.728244333327199456e-02 9.917345390101806046e-02 1.147603438660720065e-01 9.270750427729081145e-02 9.121709753274651056e-02 1.280569199374236855e-01
1.293608787535125149e-01 8.988533446250583647e-02 8.358283993255886946e-02 8.985016718014322834e-02 8.206136093477778282e-02 9.621745974289218351e-02 1.177922338176650568e-01 9.068048549734721020e-02 8.994791861255735377e-02 1.306213210660399637e-01
1.195931291924502288e-01 8.992358866095620518e-02 8.295415895338185963e-02 8.986258829450921581e-02 9.044121780325041493e-02 1.050006826043542452e-01 1.234554294010171693e-01 8.816787589035182671e-02 8.997394935007198280e-02 1.206273798496568656e-01
1.269771147006114598e-01 8.939353324822378599e-02 7.498935730882365369e-02 8.926692282401291201e-02 8.248233800585283437e-02 1.028210113974038359e-01 1.252822100340245104e-01 9.053970447888852469e-02 8.944093922179995049e-02 1.288068687803584911e-01
1.178759253468903423e-01 9.761158923824007905e-02 8.185173835610572157e-02 9.746945149049666968e-02 9.087482192234334899e-02 9.473796656720369358e-02 1.047745603396669917e-01 9.778095868502251209e-02 9.757357528932932011e-02 1.194494127647013487e-01
1.273633015647646360e-01 9.126439190007380742e-02 7.409717663885456718e-02 9.107485550528487961e-02 8.421932973204608597e-02 9.952923689465688339e-02 1.228587781061799694e-01 8.941836003263818611e-02 9.138644862804873314e-02 1.287881209974522378e-01
1.177129706017470134e-01 9.621452859668093438e-02 8.879084675838508356e-02 9.609389818740939060e-02 9.327844191647602368e-02 9.511046039174557432e-02 1.027380410979033543e-01 9.512056758460264716e-02 9.625801356402269304e-02 1.186822313010272995e-01
1.136897143133572680e-01 9.717886476178300148e-02 8.501275280787909394e-02 9.707964446199066066e-02 8.736980261486260169e-02 1.023637526051888458e-01 1.120546993886303161e-01 9.348515043680123704e-02 9.718655598196813961e-02 1.145790626275388358e-01
1.288168003926722371e-01 8.608433602080668712e-02 7.852438691302657259e-02 8.601527477428627666e-02 8.033151889068686213e-02 1.052370179538888312e-01 1.309740320048734807e-01 8.743307366359689969e-02 8.615018814433424155e-02 1.304333712418279390e-01
1.152551832362070094e-01 9.621426268009186655e-02 9.096252516102092123e-02 9.622452580327006677e-02 9.148644634711382284e-02 9.751203157696199109e-02 1.096504506360666681e-01 9.033409221759249041e-02 9.616314321636310058e-02 1.161973391253120491e-01
1.138468823533483887e-01 9.966178647006521119e-02 8.795493703798724916e-02 9.957804664869721045e-02 8.520056743016382605e-02 9.682784701811589234e-02 1.096540901466157153e-01 9.295069451363230373e-02 9.965240622053467279e-02 1.146727421608395026e-01
1.211358558690963788e-01 9.218374946567989281e-02 7.878069507272270067e-02 9.208062964067062484e-02 8.513526605379471979e-02 1.064220174134747482e-01 1.146276197854162321e-01 9.494374967378482744e-02 9.221767975698658137e-02 1.224727372683732662e-01
1.177882730406343004e-01 9.356028525541917884e-02 8.530002324535380931e-02 9.351516389214496738e-02 9.246565783500136637e-02 9.949409195050817889e-02 1.128017287520566569e-01 9.334608940376110109e-02 9.366900703618030732e-02 1.180596795889401057e-01
1.214667439174963309e-01 8.903657077122296981e-02 7.438252866537123364e-02 8.897342285240381066e-02 8.323513393086380552e-02 1.092553452877969705e-01 1.320126443017970996e-01 8.980182909107155276e-02 8.907349939528079463e-02 1.227622817866954597e-01
1.247958350369611225e-01 9.125366280334781810e-02 7.781743115930915555e-02 9.112463548748783726e-02 8.209866413801858442e-02 1.044959503740811591e-01 1.186641200724859735e-01 9.195980997722254247e-02 9.128971966823808126e-02 1.265001712828476843e-01
1.099642985385024252e-01 9.478854930053885741e-02 8.835872820916566839e-02 9.478007468887389431e-02 8.787213100903669416e-02 1.079769549581215266e-01 1.226823944575116399e-01 8.817362197821770886e-02 9.476359031277838130e-02 1.106396565472532179e-01
1.126277600169322823e-01 9.514345328782997102e-02 8.762972679957206634e-02 9.515753712673935549e-02 9.836614935562318363e-02 1.030136443355463977e-01 1.046856955366643888e-01 9.546461948105884610e-02 9.520890570669643393e-02 1.127025083533370886e-01
1.174945542644384583e-01 9.758651796096283471e-02 8.745020447538948138e-02 9.750837694410564860e-02 8.041536128459370047e-02 9.672384689042695660e-02 1.098512087607342869e-01 9.722094642984886737e-02 9.764410461440165001e-02 1.181048783750981157e-01
1.188416438700592992e-01 9.151578918001622431e-02 7.877962626562715065e-02 9.140512583051596529e-02 8.937569027543108835e-02 1.060737807566074081e-01 1.154073239059689726e-01 9.688311405271468613e-02 9.154499818278202805e-02 1.201729076802771357e-01
1.227593832256361345e-01 9.201879355924819093e-02 8.073584056453568525e-02 9.192943212986000312e-02 8.674404821161031676e-02 1.008753786721496432e-01 1.185244328562412158e-01 8.996961600023366257e-02 9.201513028398321248e-02 1.244279444965019354e-01
1.178077871375833724e-01 9.458331259612338948e-02 7.509854971066437512e-02 9.442066995462584933e-02 8.085972184989738409e-02 1.063043154075439395e-01 1.224473732139672449e-01 9.428028216775523329e-02 9.454627044327060248e-02 1.196517175185686649e-01
1.200361936080718145e-01 9.491730278966108159e-02 8.328056497886407450e-02 9.478605986768445790e-02 9.020963835214727833e-02 9.800744707643432863e-02 1.075639900636402718e-01 9.505141322991925157e-02 9.496779662041859860e-02 1.211795934131588565e-01
1.217880087555375940e-01 9.573203447260751620e-02 8.140221324996184393e-02 9.562035820402453590e-02 8.081247500871602263e-02 9.639894051650532703e-02 1.125682789222591657e-01 9.680195508673965221e-02 9.575037286169342521e-02 1.231253629219548618e-01
1.155212336455464228e-01 9.254113441529829287e-02 8.360549723879885653e-02 9.248485827731575681e-02 8.877696397341473811e-02 1.034966831613359090e-01 1.173772337272823985e-01 9.691357355920261762e-02 9.251795770049457690e-02 1.167648643013104170e-01
1.194483273453444266e-01 9.456518652094311750e-02 8.707997576080196700e-02 9.443857839186373115e-02 8.633572907655391593e-02 9.961161495037867963e-02 1.065822512519293969e-01 9.660597652107064115e-02 9.459154522702632739e-02 1.207408149540877967e-01
1.199123257191961889e-01 9.545869565568883275e-02 8.210413038536477914e-02 9.531009068008776397e-02 8.527675814530205622e-02 9.885731595009521200e-02 1.097213408938204626e-01 9.693030588521819868e-02 9.553765724237846257e-02 1.208913794428480154e-01
1.216633533589240312e-01 9.400227200812062700e-02 8.641846132058335350e-02 9.394986332002551455e-02 9.216299760533906704e-02 9.544462246117657589e-02 1.077081605635424877e-01 9.235045384149624670e-02 9.409764160605574301e-02 1.222021739147362840e-01
1.228402366807805485e-01 9.580696550576039972e-02 8.361450878609988369e-02 9.569205939310099218e-02 8.361660310620568082e-02 9.488538344453942286e-02 1.083018934689597840e-01 9.594145803817978602e-02 9.594057171526490513e-02 1.233603198611086110e-01
1.193183983232532913e-01 9.116877049902430419e-02 8.410231780317800609e-02 9.109489762033692872e-02 8.238327475039923520e-02 1.026454747503206671e-01 1.276989396763681117e-01 8.982662887375993110e-02 9.119030128790245326e-02 1.205709964154571545e-01
1.171679292656992027e-01 8.638736774188171541e-02 7.979930964959638939e-02 8.633174943746141361e-02 8.415147797190818124e-02 1.147174095529217563e-01 1.397862550543057247e-01 8.694918477183652405e-02 8.643323328522761750e-02 1.182760832691614888e-01
1.185894146601195603e-01 9.602313863580524966e-02 8.214374315556959016e-02 9.592261236528897006e-02 8.318071466021201288e-02 9.885783571384208768e-02 1.065824234359872974e-01 1.034050430091296435e-01 9.611334481775160588e-02 1.191817295462940102e-01
1.251698881104745809e-01 9.144914424118219531e-02 7.917710152291916603e-02 9.131979070620527272e-02 8.337115270159234370e-02 9.895496930469797892e-02 1.204094096624968857e-01 9.258302300443527200e-02 9.159201584225629134e-02 1.259735049037400134e-01
1.187448755797024386e-01 9.190738049593558112e-02 7.985702974428489365e-02 9.175896469382509302e-02 9.061993957306144210e-02 1.044938389555909730e-01 1.175168752645458781e-01 9.325867463231633792e-02 9.198498969908416867e-02 1.198574313616532216e-01
1.168248656119363765e-01 9.414118917684625998e-02 8.351507433912652711e-02 9.404060441117027824e-02 7.778573392401885722e-02 1.044237338999904480e-01 1.236035344151335258e-01 9.423813454946690371e-02 9.426827643440351123e-02 1.171588532379073538e-01
1.254301077407994625e-01 9.610027014204468310e-02 7.657267099754547224e-02 9.589468709509403610e-02 8.578290834584349767e-02 9.427808631815368101e-02 1.049494652028604424e-01 9.754175061413092318e-02 9.612935084699779364e-02 1.273207026965300637e-01
1.259383999708932889e-01 9.287034822173982629e-02 7.810991817383045044e-02 9.273837069129688138e-02 8.285462850959679493e-02 9.756965894943189777e-02 1.179409761357085168e-01 9.229771163462323347e-02 9.302118966606127970e-02 1.266587980468178165e-01
1.222763365672566438e-01 8.951537222937896998e-02 8.504362479056400137e-02 8.948133913808800632e-02 8.541245995894791720e-02 1.035923352211006593e-01 1.206133023788544950e-01 9.094944480171962553e-02 8.953467237258712352e-02 1.235811125415025719e-01
1.171665356822853832e-01 9.608854493732796320e-02 8.284523817958476533e-02 9.597776802174129429e-02 8.375447145664960402e-02 1.005460804569418831e-01 1.124471418274833462e-01 9.666685415031671391e-02 9.608235323673762485e-02 1.184250120509315191e-01
1.207402884830909850e-01 8.955697361927116018e-02 7.798070559320800788e-02 8.945367337895751558e-02 8.396737718224073221e-02 1.075061967540543034e-01 1.283935346954599155e-01 9.066814660612138033e-02 8.959967338498751876e-02 1.221334303026085227e-01
1.117801517620680696e-01 9.908626739752267321e-02 9.658665278490985440e-02 9.909570427997711761e-02 8.667494175848824978e-02 9.596918799903955688e-02 1.065574107967926093e-01 9.293534451039692224e-02 9.906527156622026153e-02 1.122490671445847549e-01
1.164606196731139270e-01 9.261075208284839932e-02 7.760484508399838333e-02 9.255458810009066506e-02 9.039276878947623273e-02 1.041491599551683245e-01 1.206973872291663419e-01 9.535390061179573051e-02 9.261224114932868623e-02 1.175637373250133511e-01
