9.306257997695295547e-02 9.302644100857197784e-02 1.173183062647791680e-01 9.314606098047706340e-02 9.305044551936578201e-02 1.188120077293006588e-01 9.397611881635384301e-02 9.300057302841265028e-02 9.291928434816547344e-02 1.116881823276204277e-01
9.293065438382461241e-02 9.294387055624415972e-02 1.118731819780824088e-01 9.292370333007599070e-02 9.302554816847924402e-02 1.218405725883242446e-01 9.281690162151036427e-02 9.297090748505200397e-02 9.288554495969626734e-02 1.157891149287106902e-01
9.375997662531267152e-02 9.375243550924157454e-02 1.107008383492091852e-01 9.378718049461218231e-02 9.379678208847160026e-02 1.189454566930398388e-01 9.672738181979290140e-02 9.375451379418374420e-02 9.368688875723997500e-02 1.110885458688963545e-01
9.092671287086512288e-02 9.091014082130410845e-02 1.185943142860365618e-01 9.097905830081383372e-02 9.097298091705369183e-02 1.182639559186410144e-01 9.125480743178529530e-02 9.090854508289897273e-02 9.080608225396503974e-02 1.263834021166363730e-01
9.185439111973305037e-02 9.184656318177215895e-02 1.132632650161937010e-01 9.187494273746409090e-02 9.186596917045626587e-02 1.244296875870047753e-01 9.149573510725486636e-02 9.184328056556745334e-02 9.180598334996722953e-02 1.197201821645864084e-01
9.468274338665594314e-02 9.466645186434503867e-02 1.058796290900129028e-01 9.469973564705186364e-02 9.461133008008937306e-02 1.157121603450882580e-01 9.162706771360924762e-02 9.464074760291310562e-02 9.468362949210810953e-02 1.187965047781261441e-01
9.189954964456512054e-02 9.185429849384689482e-02 1.157681030287016771e-01 9.199686748892998978e-02 9.185776784906975190e-02 1.232800665713183613e-01 9.214094027871207182e-02 9.181664444780529566e-02 9.174830573283047908e-02 1.176374564642203441e-01
9.244525444813257720e-02 9.243569823317929202e-02 1.128010942708230213e-01 9.248037363008404510e-02 9.249197598309852331e-02 1.170719137066138227e-01 9.034242311335625997e-02 9.243856994698064489e-02 9.235360281226555335e-02 1.251390938554662324e-01
9.444285490602809252e-02 9.441977309223488490e-02 1.123810661566541913e-01 9.450583462208181351e-02 9.447086596224645028e-02 1.171591626757983867e-01 9.394676571778207141e-02 9.441031901398051762e-02 9.431336699127459977e-02 1.099499908619190058e-01
9.262905793144142474e-02 9.263670232897067147e-02 1.153859206493406953e-01 9.263289969334505269e-02 9.271386734415390518e-02 1.203078729619196374e-01 9.202753469845885437e-02 9.265817735993207849e-02 9.257082468563289368e-02 1.164371423468047728e-01
9.131835726243027473e-02 9.133402076530135194e-02 1.112728178608453633e-01 9.130462604358030587e-02 9.141057708560464123e-02 1.241605964106827220e-01 8.976107084319870366e-02 9.136205261597168947e-02 9.128634490444959004e-02 1.267895362079353716e-01
9.002034027798287708e-02 9.001775487963334377e-02 1.223796834563700836e-01 9.005034358267155481e-02 9.010808317255207534e-02 1.246593941040510245e-01 9.219381419765984575e-02 9.003345407720377003e-02 8.991618955118520218e-02 1.206209427006902368e-01
9.212887571546951593e-02 9.207888393420854412e-02 1.218953302822550766e-01 9.222816972307734673e-02 9.205399668166477922e-02 1.166899700486367236e-01 8.956018098998595744e-02 9.203145041193808162e-02 9.199155102303835374e-02 1.193415911897256071e-01
8.807119929553494653e-02 8.806902261398377729e-02 1.229916084059452380e-01 8.809699450196009640e-02 8.814787650520967965e-02 1.228367550716469164e-01 8.837964560228415978e-02 8.808271545622607668e-02 8.798014859017827538e-02 1.373440339570308200e-01
8.996066167839227024e-02 8.994253097967092048e-02 1.187113825813519152e-01 9.001107095289172244e-02 8.998714643079495923e-02 1.222186720632973678e-01 8.935084648926633344e-02 8.993589492315401390e-02 8.985373351920479534e-02 1.300280603819757297e-01
9.020164406174403793e-02 9.020438299233536628e-02 1.170235006162986952e-01 9.020979032835553524e-02 9.025966990916051147e-02 1.251122619419167692e-01 9.192118740014278144e-02 9.021729223535156217e-02 9.015025056470181430e-02 1.247000199499929685e-01
9.283541012617002597e-02 9.285398401495734144e-02 1.154271341333926171e-01 9.281877618244699368e-02 9.294233478419092198e-02 1.173994129132316516e-01 9.256366392900942930e-02 9.288685392412251995e-02 9.280055235777094624e-02 1.174718776347075250e-01
9.450525053199723691e-02 9.449345082594205747e-02 1.105878649651498707e-01 9.455880994005017026e-02 9.459610646316424232e-02 1.163023732522200648e-01 9.574880850827932610e-02 9.450398902781910471e-02 9.435900442483506623e-02 1.103443420605428188e-01
9.258002243007390497e-02 9.255468842001987606e-02 1.184939389775607615e-01 9.265332611726405376e-02 9.262408670562405355e-02 1.249454115172533020e-01 9.242746820404287855e-02 9.254714777539845005e-02 9.242474405636923185e-02 1.087491657963934877e-01
9.164749321216837663e-02 9.162163132596028159e-02 1.171101789426525069e-01 9.171214416960739302e-02 9.165758456493683370e-02 1.197454313471066067e-01 8.775519253054804569e-02 9.160677305500992962e-02 9.152474435755840465e-02 1.256188264944515798e-01
9.221340954527942890e-02 9.220476046288537952e-02 1.157027277958272843e-01 9.224465736733371279e-02 9.225455135236428073e-02 1.246843590299855226e-01 9.082134969416416626e-02 9.220705214178293030e-02 9.213128739089358754e-02 1.155358452194837071e-01
9.308196078530693585e-02 9.310369942673298038e-02 1.104875733578472990e-01 9.306241353858667187e-02 9.320559600979315407e-02 1.170769506752386835e-01 9.311618835117112247e-02 9.314199046529450521e-02 9.304333226820211966e-02 1.206802951218265141e-01
9.198509109105132420e-02 9.198727205213065583e-02 1.141129841874996276e-01 9.199412777369617156e-02 9.204160209860343111e-02 1.199334976150606413e-01 9.347835489452256674e-02 9.199950520624898542e-02 9.193282813993414182e-02 1.205347369412524822e-01
9.095835252909330315e-02 9.094878992417849972e-02 1.140718521463567475e-01 9.099539841313028510e-02 9.101146602220010207e-02 1.188730339635132860e-01 8.889036716922915637e-02 9.095298648586343238e-02 9.086020052695260862e-02 1.324375528194826346e-01
9.259222317698814764e-02 9.256668046472017741e-02 1.182892568416255841e-01 9.264825957788902500e-02 9.257575980197452203e-02 1.220683987835969736e-01 9.291306498274995440e-02 9.254654322759486851e-02 9.249793914210660550e-02 1.113018740007541418e-01
8.339325015905200977e-02 8.336310493214527106e-02 1.110580254236796793e-01 8.347376326656671952e-02 8.342061772494874239e-02 1.143766357011425372e-01 8.506068449524645247e-02 8.334919771435971014e-02 8.323518238326348129e-02 1.892695381995953552e-01
9.421195399606975551e-02 9.420785276425744370e-02 1.135476015683090784e-01 9.423643848577788196e-02 9.426846121937045020e-02 1.178122137968211774e-01 9.532212745118522068e-02 9.421613671101930487e-02 9.413317437067089677e-02 1.080440396365187627e-01
9.307931983000905518e-02 9.305948934607909118e-02 1.123983795329386304e-01 9.312037342539115914e-02 9.305991867144333685e-02 1.176112534473498367e-01 9.529793590399546210e-02 9.304231119475034339e-02 9.301206006422779726e-02 1.163189585838152601e-01
9.206279852914660278e-02 9.206355573819258176e-02 1.155113524704840661e-01 9.207542759412230826e-02 9.211958781230711324e-02 1.207237942426512001e-01 9.157412303804687848e-02 9.207495488311949472e-02 9.200425682356644375e-02 1.197901488683632970e-01
9.212585731249919863e-02 9.210907505838392129e-02 1.138835405611007129e-01 9.217245472020262065e-02 9.215087718552668339e-02 1.161265679834639630e-01 9.335239836180903028e-02 9.210296191293744494e-02 9.202601139048410817e-02 1.239502555135923167e-01
9.117706215744247888e-02 9.115988793826901304e-02 1.170726211561822494e-01 9.122135513354562297e-02 9.119086210461255226e-02 1.254282912747117784e-01 9.220562001995130652e-02 9.115122662961486211e-02 9.108707904016537238e-02 1.183059945455047640e-01
9.203448677431330660e-02 9.205055094458701459e-02 1.172819141946054716e-01 9.202455855369624793e-02 9.214311682578608942e-02 1.196752535460475220e-01 9.401874139617391601e-02 9.208220730665052367e-02 9.198735767761966053e-02 1.167018127805202476e-01
9.233430409523847582e-02 9.235117328417861982e-02 1.182498969533466310e-01 9.232138691379940254e-02 9.243953003652079226e-02 1.194193449080151320e-01 9.089836032892076312e-02 9.238263015820986912e-02 9.229402921374678381e-02 1.173093441080235305e-01
9.542094749406232479e-02 9.541306873408283984e-02 1.063313501509732806e-01 9.544221525976781528e-02 9.543482422402291276e-02 1.077607246411860231e-01 1.068639318392579363e-01 9.541019793866509224e-02 9.536983283746325313e-02 1.065529068805185220e-01
9.479835983571545388e-02 9.478020620036320398e-02 1.074307354807108872e-01 9.483139497180624600e-02 9.476589969662069235e-02 1.145522444767565068e-01 9.352769195534892110e-02 9.476136952772210020e-02 9.475146507120592310e-02 1.158006327837500515e-01
8.785082218118990538e-02 8.782578331725734988e-02 1.201873380627520721e-01 8.791182960584841000e-02 8.785512212146735778e-02 1.239737360680875922e-01 8.782795304819211724e-02 8.781027865116998454e-02 8.773760769958917349e-02 1.410195292444460236e-01
8.898050845202744308e-02 8.893979089177057873e-02 1.217811464952694711e-01 8.907240187756561289e-02 8.895814728865096555e-02 1.201472458299851082e-01 9.256869345798512949e-02 8.890899267937560357e-02 8.882858470821192176e-02 1.318144883191582351e-01
9.245764423754919414e-02 9.244157717126001705e-02 1.167184791560628154e-01 9.250420812934927184e-02 9.248859158273106673e-02 1.248006949921498382e-01 9.319863828726489274e-02 9.243712916922637579e-02 9.235473298841780088e-02 1.105983042859887827e-01
8.887870450838078473e-02 8.885028548889548072e-02 1.179973280795813401e-01 8.894075674462302572e-02 8.885822887222454003e-02 1.275758487052792711e-01 8.850279643740831259e-02 8.882755662606599267e-02 8.877657324577503672e-02 1.327919212917662295e-01
8.936114194682766299e-02 8.934869838568630651e-02 1.208816887850221039e-01 8.939278276257518752e-02 8.937148535383401815e-02 1.245947519545473198e-01 8.778562351285089382e-02 8.934229712134320045e-02 8.929467055131694309e-02 1.306268596259964054e-01
9.170113058256140759e-02 9.169490199161446642e-02 1.138187793782294427e-01 9.172774734809284458e-02 9.174680909609839174e-02 1.228771721013070944e-01 9.056496004727496163e-02 9.169964608070717282e-02 9.162457276110781701e-02 1.225442806130063872e-01
9.170175338969488443e-02 9.171189257337446221e-02 1.164118236827803299e-01 9.169588586174008682e-02 9.177435639421328839e-02 1.178998395755330997e-01 9.141609322553051475e-02 9.173242256502431302e-02 9.166653562970322744e-02 1.239893971024057795e-01
9.206807478749415297e-02 9.203123686900219202e-02 1.161255782548392401e-01 9.214986142331275942e-02 9.204421969790142766e-02 1.249190960197141403e-01 9.027648702710633355e-02 9.200252670940159416e-02 9.193386510546433521e-02 1.164490541057638107e-01
9.158185571677041059e-02 9.158328079989726256e-02 1.172458263474169676e-01 9.160271745922460296e-02 9.167230066642333142e-02 1.208293489598197962e-01 9.236149665097316552e-02 9.160203287209370271e-02 9.149174563897632950e-02 1.200293948884044726e-01
9.205337703837196406e-02 9.203713043940203731e-02 1.169548524998108158e-01 9.209926418113656421e-02 9.208047692002398199e-02 1.179996615802668541e-01 9.663284047018586009e-02 9.203178116259803920e-02 9.195366032573794313e-02 1.161569553824659123e-01
9.256382972881141424e-02 9.252955086679834351e-02 1.145427155596474011e-01 9.263277517058694788e-02 9.251785784959558334e-02 1.204085286968160223e-01 9.401153811889577383e-02 9.249787746973971159e-02 9.246299392323462096e-02 1.158323326158742783e-01
9.052660298951277495e-02 9.047314951099502678e-02 1.225507771222046904e-01 9.063967551756743624e-02 9.046930234741144827e-02 1.199449183165375299e-01 9.296943651513943363e-02 9.042719199173865352e-02 9.035680391584140214e-02 1.216421417730515625e-01
9.043179731388638343e-02 9.040639586092748259e-02 1.235938675138534421e-01 9.049400813038004088e-02 9.043735568237092071e-02 1.252794437776643122e-01 9.344383371668089910e-02 9.039090193732780831e-02 9.031566787941544550e-02 1.152067281874932653e-01
9.308058685159761869e-02 9.306609573072338604e-02 1.108845855664512270e-01 9.311540893054603973e-02 9.308485010493899869e-02 1.177434082279721905e-01 9.488980066957790338e-02 9.305713048384810226e-02 9.301157441035290407e-02 1.180665590239916574e-01
9.276541929594325775e-02 9.274948577595244770e-02 1.103804347338805253e-01 9.280606879530364783e-02 9.277737340091683771e-02 1.181492876185944452e-01 9.558679703586490939e-02 9.274120624185312745e-02 9.268248092505376734e-02 1.193614461766371176e-01
9.760911471910654891e-02 9.761655702030466730e-02 1.026878060015273403e-01 9.758518172827918002e-02 9.759792718669335621e-02 1.048480732673397198e-01 9.834727778260327069e-02 9.761808031604798930e-02 9.764812149104365457e-02 1.084418604870542591e-01
9.259861220189238851e-02 9.258946308711071826e-02 1.137089720233250834e-01 9.263861053272347268e-02 9.266539861218965612e-02 1.195544021209137275e-01 9.391518254818322087e-02 9.259672004335417483e-02 9.248816260193024053e-02 1.172444762283773451e-01
9.513855045214457407e-02 9.515407416365521953e-02 1.112633794836553752e-01 9.512810271947816365e-02 9.524110518130066150e-02 1.132158905952944938e-01 9.765811630899969009e-02 9.518411493990212857e-02 9.509523163743661966e-02 1.069214345181330739e-01
9.515143644391331479e-02 9.519835277073833424e-02 1.077367356231109241e-01 9.508894713207104166e-02 9.534047293042625937e-02 1.131292133039370762e-01 9.227971222194748802e-02 9.526587173201342407e-02 9.515186301418301906e-02 1.156573948276591185e-01
8.850589120693816425e-02 8.849006786659868729e-02 1.192862028587002021e-01 8.854782138386879664e-02 8.852278789739334575e-02 1.251252130271073293e-01 9.242996626331632937e-02 8.848291136996425110e-02 8.841852969124305850e-02 1.321906084348698496e-01
8.960027095896438976e-02 8.956199992944668953e-02 1.212938403902821261e-01 8.968805748849199844e-02 8.958456509707335425e-02 1.235212654317787845e-01 9.204382275356780274e-02 8.953409470596142283e-02 8.945180320959858489e-02 1.257202800348348193e-01
8.746811601627184352e-02 8.744879634334822016e-02 1.209320009099225240e-01 8.750889410269216406e-02 8.745161566063386349e-02 1.271760959905967048e-01 8.983059949037598690e-02 8.743258277868938555e-02 8.740025719738508947e-02 1.373510415100842597e-01
8.886337771484113801e-02 8.881413680387370557e-02 1.230785837197515831e-01 8.896363772488043165e-02 8.879781018355702160e-02 1.215509996432768691e-01 8.935491245012644468e-02 8.876911925622066324e-02 8.871981330605734073e-02 1.330876091974148301e-01
9.249628959786358740e-02 9.247683314200558224e-02 1.171985195350022241e-01 9.254680401274539836e-02 9.251218951692170844e-02 1.198125143059253356e-01 9.276045720763090308e-02 9.246716688905452786e-02 9.239450628875831018e-02 1.153347195040924783e-01
9.321150224724117361e-02 9.320044475500378900e-02 1.114427025937401311e-01 9.323804906523851244e-02 9.321646017543017138e-02 1.149165277139273661e-01 9.803164486044747827e-02 9.319376767773381032e-02 9.315622425182733257e-02 1.163926766594102352e-01
9.001257385057880034e-02 9.000109799519977194e-02 1.146667972008536956e-01 9.004293558370807249e-02 9.002674936787442850e-02 1.283272389134709757e-01 8.919743267453977831e-02 8.999608568519804064e-02 8.994622775543997806e-02 1.277828609731364584e-01
9.493171893523728866e-02 9.492504999964992973e-02 1.104119669720990543e-01 9.493951076385756527e-02 9.490982895262206620e-02 1.104607775321836266e-01 9.774043031902880652e-02 9.491556758666359894e-02 9.492235031885738750e-02 1.118427986198006902e-01
9.237861699768017132e-02 9.240012255420490539e-02 1.132063193851780419e-01 9.235960281445997067e-02 9.250205469686920146e-02 1.199689766149402564e-01 9.235811985417990977e-02 9.243823285058241912e-02 9.233923802818912174e-02 1.200487162037160160e-01
9.241343386986881903e-02 9.241719055818631290e-02 1.133071256375663000e-01 9.242900087310997048e-02 9.250550820575642597e-02 1.209344161601480505e-01 9.541182148882458580e-02 9.243773033274642337e-02 9.233143150338531113e-02 1.158123413704077870e-01
9.529812886203109512e-02 9.529450533411007451e-02 1.089636630375392379e-01 9.529990730699414159e-02 9.528137654395912870e-02 1.131652569569253086e-01 8.838863683862366316e-02 9.528798252746929764e-02 9.529630781535705641e-02 1.177242347769909964e-01
9.276168423996696000e-02 9.272113915210589141e-02 1.195572184209805766e-01 9.284541821087086144e-02 9.271335266566921307e-02 1.227169002724178420e-01 9.391533568140270072e-02 9.268506579430346726e-02 9.263689597738751502e-02 1.074469895848949585e-01
9.098179842703170428e-02 9.096868006662538197e-02 1.215994203427369080e-01 9.100770726737521243e-02 9.096708393292807227e-02 1.168942260420502421e-01 9.706676891812647534e-02 9.095667959781592038e-02 9.093807507240445065e-02 1.186195603329056464e-01
9.170038999320687112e-02 9.168947496260143604e-02 1.170803328340104116e-01 9.173687514145496824e-02 9.174027617489259601e-02 1.158292456094784373e-01 9.298509160478964086e-02 9.169009544442741078e-02 9.161004030280618660e-02 1.239381779323319999e-01
9.212193508104582484e-02 9.209786758134050344e-02 1.147555031812036858e-01 9.218137651641061803e-02 9.212942225778288086e-02 1.183218567320654252e-01 9.380792522020647839e-02 9.208359010204146544e-02 9.200937572792101948e-02 1.204911475999820847e-01
9.407722816942371002e-02 9.404425876699629150e-02 1.140679817034174481e-01 9.415051109261630968e-02 9.405713560729163369e-02 1.185133970350344956e-01 9.443297677650173971e-02 9.401872230569469080e-02 9.395535816523904737e-02 1.086824303777845779e-01
9.153120385819267513e-02 9.151691612029162759e-02 1.107317877708911685e-01 9.155569470077822014e-02 9.150188131613272435e-02 1.183880508510054691e-01 9.282583640544912751e-02 9.150116921320695929e-02 9.149749961133708809e-02 1.289499601527150097e-01
9.097358245359044027e-02 9.096522747562328648e-02 1.154775847105144332e-01 9.101086815799984409e-02 9.103767488499714400e-02 1.210700585871568868e-01 9.181988754611514203e-02 9.097243997952522698e-02 9.086929005851984709e-02 1.258033861459577907e-01
9.118618551698035035e-02 9.119322870857234087e-02 1.168797299501508485e-01 9.118592674531550424e-02 9.125183427711128226e-02 1.152537106769103981e-01 9.473055046390740919e-02 9.121039305689018772e-02 9.114507061227636320e-02 1.259633699918853156e-01
8.878215203699610369e-02 8.875311607016221627e-02 1.233583595166577174e-01 8.884406687222498600e-02 8.875601605815243433e-02 1.210447652336755497e-01 9.310247784040114050e-02 8.872883646296562954e-02 8.868322123079368235e-02 1.299469886779705541e-01
8.906497801394996916e-02 8.902759128411974476e-02 1.199670191329891139e-01 8.913852101638697345e-02 8.900823633240227684e-02 1.231376508610618065e-01 9.029043289516693049e-02 8.899178848802501152e-02 8.896223154733308436e-02 1.324115504285651168e-01
8.912018389735194834e-02 8.908933147802224062e-02 1.178172559235879380e-01 8.917914621871683711e-02 8.906877288350660560e-02 1.283784772501347093e-01 9.386776237571783921e-02 8.905870609233650093e-02 8.903947158619417157e-02 1.253808922944312232e-01
8.924378052750932266e-02 8.922204859981421043e-02 1.236159632047055812e-01 8.929030043146914120e-02 8.922669092004030522e-02 1.241387255809335288e-01 9.071699690373419278e-02 8.920419145990166054e-02 8.916630374661921321e-02 1.261749986252728162e-01
9.232275279672515211e-02 9.233972347930338720e-02 1.108143238671568803e-01 9.231214262018538896e-02 9.243670801711358076e-02 1.190798151336500826e-01 9.120534040490080319e-02 9.237304162869384994e-02 9.227398465008385120e-02 1.248421674021869959e-01
9.181975017660140570e-02 9.173831899223160169e-02 1.312808796348999552e-01 9.205194997104200472e-02 9.193187261191888837e-02 1.393560324309219556e-01 9.309241506187473925e-02 9.170973196855672360e-02 9.135999211921988494e-02 8.565905703273281324e-02
9.276667868815544060e-02 9.276338816381450580e-02 1.148461674753375739e-01 9.278566858729923872e-02 9.281116131364590405e-02 1.166489698337353220e-01 9.589723439531555593e-02 9.276971446146589639e-02 9.270366305084158653e-02 1.160073540303889761e-01
9.230364645874720997e-02 9.229987354600976968e-02 1.160487733418949091e-01 9.233285012585537577e-02 9.237885103344058157e-02 1.188328373849666525e-01 9.450352183250620985e-02 9.231222926421298047e-02 9.220721618817724619e-02 1.167802008241890926e-01
9.232098894621690310e-02 9.231584380352439445e-02 1.149610186920518445e-01 9.233993052107329624e-02 9.234967480419137287e-02 1.221190086251000007e-01 9.007656320323183252e-02 9.231775965697479325e-02 9.226634620052687197e-02 1.189328655471086904e-01
9.097181321109851226e-02 9.096801941619298004e-02 1.181829043032298909e-01 9.098406300296429938e-02 9.098895222449938924e-02 1.191346919244737346e-01 8.717102236863359666e-02 9.096841236701469491e-02 9.093472894168741494e-02 1.296953922402054871e-01
8.949147342470438471e-02 8.946955524361344114e-02 1.223981580477145475e-01 8.955236432018631731e-02 8.952175510652606027e-02 1.250025660014118523e-01 9.243733752856533870e-02 8.946133776702412665e-02 8.936475783989003552e-02 1.233006947203638959e-01
9.213124547919437912e-02 9.211799754958989450e-02 1.164654502158048721e-01 9.216323309786775275e-02 9.213623120537475786e-02 1.160176040905618738e-01 9.649294866308220919e-02 9.210996620123843015e-02 9.206676274141352423e-02 1.182985607558722646e-01
9.131787061021703900e-02 9.130804774646048005e-02 1.164558106934544812e-01 9.136799864179676045e-02 9.141341430927861500e-02 1.227563477602917202e-01 9.214538652386876361e-02 9.132081375262170175e-02 9.117528120339431219e-02 1.207390287586160849e-01
9.242321304157798123e-02 9.243144685123440285e-02 1.106119128494904291e-01 9.241761184370003712e-02 9.248075470749043958e-02 1.205762485196676115e-01 9.347851564044011574e-02 9.244767563360387075e-02 9.239535376976207304e-02 1.207372671430329975e-01
9.036694545746519480e-02 9.038039428741372061e-02 1.163432688586513719e-01 9.037059401817293391e-02 9.049977787536075957e-02 1.241900089859911405e-01 9.078374378634523900e-02 9.041540969126854455e-02 9.028416495317340140e-02 1.263656920861577215e-01
9.307712921441899101e-02 9.307883545160496042e-02 1.122383800647577812e-01 9.308619819429822528e-02 9.312984468055970910e-02 1.148546105440027137e-01 9.679654302101449448e-02 9.308998057634153278e-02 9.302670733115228630e-02 1.176217709218493335e-01
9.253808129315986564e-02 9.251513906328928671e-02 1.229961703961049702e-01 9.259789206211775647e-02 9.255632189092918849e-02 1.222011752291643771e-01 9.164519336068657762e-02 9.250377611447196946e-02 9.241924329389744619e-02 1.080270072961785066e-01
9.092355931670885461e-02 9.089618966678088274e-02 1.167264480172223451e-01 9.099111398414293228e-02 9.093079507130799599e-02 1.199691975803144489e-01 9.632648823082162748e-02 9.087980733603505390e-02 9.079741880714209401e-02 1.215589819895237650e-01
8.861524765910640256e-02 8.860882254633381527e-02 1.184294267517347066e-01 8.864116046637103563e-02 8.865662652765436691e-02 1.219694415034020818e-01 9.313141046807672796e-02 8.861258399451019119e-02 8.854238226962801717e-02 1.347928978131827105e-01
9.435826604997027411e-02 9.435925551086712937e-02 1.077218707213156434e-01 9.435936207690356903e-02 9.437788080317151274e-02 1.134624213378255669e-01 9.912808965822164642e-02 9.436312114629122338e-02 9.433865257440735008e-02 1.135310801210261122e-01
9.149687994779985567e-02 9.149023036951241250e-02 1.170836120539045927e-01 9.152330258307223021e-02 9.153833963954539910e-02 1.230186363677007733e-01 9.128029647088700682e-02 9.149384390320745852e-02 9.142287306053430151e-02 1.196519856038359558e-01
9.314629916014077748e-02 9.313429745979882879e-02 1.175742615592493406e-01 9.317829490563873940e-02 9.316187125048012996e-02 1.174586108925899097e-01 9.296853739677665707e-02 9.312921774488858162e-02 9.307618771947613612e-02 1.131724219109609131e-01
9.246420921360958001e-02 9.245343539688768986e-02 1.152748215826015221e-01 9.249850688333452475e-02 9.249789224408110078e-02 1.223209522209102590e-01 9.225043485645732788e-02 9.245286005977416954e-02 9.238076565081317082e-02 1.154061218915306275e-01
9.198407718704122715e-02 9.197125139537511151e-02 1.106192783990492257e-01 9.201483926443948524e-02 9.198842641980976842e-02 1.158131748789292814e-01 9.652459613050909382e-02 9.196335398606321487e-02 9.192202821221101550e-02 1.251989741265725486e-01
9.109050876937171970e-02 9.108922850572866159e-02 1.145728827378228593e-01 9.110301142357803139e-02 9.112965291112609667e-02 1.269889682469119430e-01 9.054977159490543159e-02 9.109572638882899864e-02 9.104147980416991970e-02 1.213387696175563663e-01
8.969875709912752959e-02 8.969126606393122703e-02 1.129384035886519672e-01 8.972435997278555009e-02 8.973020245402205108e-02 1.277077282825964111e-01 8.877314672223948766e-02 8.969230561650842759e-02 8.963152316245701079e-02 1.324123070376803935e-01
9.390362737241800262e-02 9.389100602947901553e-02 1.140130314951149498e-01 9.393945019500289650e-02 9.392708517012517133e-02 1.176921109680634375e-01 8.787644642936018324e-02 9.388715717101317471e-02 9.382281166851624832e-02 1.170472735009069065e-01
9.124725853819937171e-02 9.122636435936458399e-02 1.187067363317034080e-01 9.130598479470325435e-02 9.127892622077220242e-02 1.227956160638846161e-01 9.570172586718379837e-02 9.121905753838922826e-02 9.112336094150058630e-02 1.153949693442989644e-01
9.301920330939218717e-02 9.300650585692703254e-02 1.099354847987207284e-01 9.304178904842656805e-02 9.299687686476638959e-02 1.154702705143939023e-01 9.668880935946795596e-02 9.299318219173036137e-02 9.298496918954374246e-02 1.198629088666311182e-01
8.977913681798758982e-02 8.978301784450651302e-02 1.162576577940573341e-01 8.977721687747924895e-02 8.981241475487693193e-02 1.257154083067721084e-01 8.758673052888905908e-02 8.979154628206703626e-02 8.975788874580882537e-02 1.317389820475553808e-01
9.063622470484952731e-02 9.062250499712506957e-02 1.173562989302823351e-01 9.068793790410742406e-02 9.070431549875862531e-02 1.261295448798085972e-01 9.204989896520812676e-02 9.062718830281608906e-02 9.050530783308990967e-02 1.206807779839542683e-01
9.303115438041519025e-02 9.299823300197677944e-02 1.157875554512673572e-01 9.312199871561524511e-02 9.307113242721620772e-02 1.215323001496693978e-01 9.319691144817413009e-02 9.298510556526261295e-02 9.284814732029335327e-02 1.114274615401096985e-01
9.077837165568940214e-02 9.075897316169058426e-02 1.183671692285520327e-01 9.084212764515495198e-02 9.083971547077410169e-02 1.221001030110056701e-01 9.226467018063380654e-02 9.075871532756851767e-02 9.063046958088777361e-02 1.226596847380431454e-01
9.994701741506796522e-02 9.993142272343502608e-02 9.684393258775150781e-02 9.996253866110089981e-02 9.987687102081013735e-02 9.983955194046723047e-02 1.025689373738002397e-01 9.990637048171301104e-02 9.994933215375738367e-02 1.011740256420966683e-01
1.004691130234538349e-01 1.004602640712940614e-01 9.866386815804385757e-02 1.004724099289931449e-01 1.004140534131988532e-01 1.008736642712166620e-01 9.243078783209225657e-02 1.004425329826426072e-01 1.004843539970094318e-01 1.052889523220553181e-01
9.117388756815658635e-02 9.115824837241220946e-02 1.160540246809691201e-01 9.119909199950991530e-02 9.113561155384529433e-02 1.142880943887104872e-01 9.552528635465970530e-02 9.113981437166240873e-02 9.114368116475426995e-02 1.271822595453199756e-01
9.276331776944789220e-02 9.275297249504597941e-02 1.141502442239094167e-01 9.278909636332163813e-02 9.277161030223841920e-02 1.151469202740303399e-01 9.488237258490873904e-02 9.274743153276282515e-02 9.270764180827376078e-02 1.192883926460609617e-01
9.098331837506774822e-02 9.096931909891906032e-02 1.146021789558895193e-01 9.102590378328891119e-02 9.101798676123805387e-02 1.178145815810847791e-01 9.342967078175069828e-02 9.096694257734751210e-02 9.088535892848632891e-02 1.283047391569273610e-01
9.342382415702600584e-02 9.342524258519192826e-02 1.144477063910342568e-01 9.344750781224661629e-02 9.352398538487145807e-02 1.182970422798170357e-01 9.307396078661346606e-02 9.344597559775817686e-02 9.332368780128828811e-02 1.135910672041528374e-01
9.105888314261860461e-02 9.104161804135169067e-02 1.184343210717731520e-01 9.111184158979915293e-02 9.110141964310575213e-02 1.204217436357166854e-01 9.439707121206301899e-02 9.103881952250232612e-02 9.093914580371341427e-02 1.204551363373562028e-01
9.246723658316156891e-02 9.243481078202228640e-02 1.152142494532169409e-01 9.253543795639201930e-02 9.243429724575032147e-02 1.206881559628561751e-01 9.280568105152556257e-02 9.240698079989069502e-02 9.236086121788615599e-02 1.166522889472983437e-01
9.184751979028443758e-02 9.184040063589393732e-02 1.164957940379817147e-01 9.188868507071519531e-02 9.193530808011540767e-02 1.257365836051888841e-01 9.293977627601812674e-02 9.185325744033841222e-02 9.172418759743498906e-02 1.137384874660289091e-01
9.151256005594349263e-02 9.148560733446321758e-02 1.240117771432901472e-01 9.156671920605610748e-02 9.147777307341321829e-02 1.156180766419906275e-01 8.974304342835187631e-02 9.146082277656478188e-02 9.143114130592572275e-02 1.216924790340008500e-01
9.314783999222632505e-02 9.311264258994010612e-02 1.116497511089883932e-01 9.322108898997030768e-02 9.310883078511303368e-02 1.164897535746598350e-01 9.428147304664603878e-02 9.308182539118094179e-02 9.303599013999928891e-02 1.188708043812757020e-01
9.176487336913694004e-02 9.174445176591994322e-02 1.184674890239735545e-01 9.182648721671726744e-02 9.181039228612629388e-02 1.244930404900851106e-01 8.952912277110953998e-02 9.174028812824980283e-02 9.162879035279083983e-02 1.169950645958907076e-01
9.208722280294234785e-02 9.209522173820024193e-02 1.132663354157467522e-01 9.209514929190207311e-02 9.218890961267253714e-02 1.210737786183041648e-01 9.280707238608637555e-02 9.212039866932281162e-02 9.201325673984263320e-02 1.202526547249800765e-01
9.042758791827137932e-02 9.042314158381367650e-02 1.155742080184043452e-01 9.045212013497457015e-02 9.048105144877503780e-02 1.256515988829891572e-01 9.206911983382799758e-02 9.043061449293773868e-02 9.035061912128408701e-02 1.241399385647220383e-01
8.930070229992265185e-02 8.928160247579888797e-02 1.183851525759928858e-01 8.933421825851629861e-02 8.926148612742025590e-02 1.288898861030419729e-01 9.000415287585654400e-02 8.926082874763602293e-02 8.925696125627868849e-02 1.270250092795358055e-01
9.071373721480824326e-02 9.069904303724997396e-02 1.170701421749809484e-01 9.074537139562760535e-02 9.070524908737286063e-02 1.209079301149199454e-01 8.892955904119560773e-02 9.068734330810805655e-02 9.065701546459385696e-02 1.288846091611429434e-01
8.862747490692612917e-02 8.861511009854729226e-02 1.172644733326325961e-01 8.866795930756425637e-02 8.866854363528214877e-02 1.262936843814842780e-01 8.987785212970356152e-02 8.861509343348374090e-02 8.852994161512324489e-02 1.348398671592527243e-01
9.516762528988231828e-02 9.518470796522023047e-02 1.134348348997572670e-01 9.516358377345628117e-02 9.530517708963941181e-02 1.153230364785897688e-01 9.566503681395305270e-02 9.522293076289116420e-02 9.509511033160844562e-02 1.044379565950020877e-01
8.990141881430398219e-02 8.986475336008981074e-02 1.236354425040496474e-01 8.999246670865217179e-02 8.991033124487271544e-02 1.255708742226205044e-01 8.812887155579321452e-02 8.984291790846513082e-02 8.973453086463877015e-02 1.234183928165140248e-01
9.521204264652063931e-02 9.520108563169632498e-02 1.110606567437693037e-01 9.524881863287913697e-02 9.525284949907608656e-02 1.166546425799883380e-01 9.423621982219179682e-02 9.520184000635456556e-02 9.512043497351524435e-02 1.068114094640086054e-01
9.555349671033461223e-02 9.555446523881412635e-02 1.116499251923104841e-01 9.556705449663747964e-02 9.561550914300483150e-02 1.119905865129321026e-01 9.206493279351615766e-02 9.556704318133030229e-02 9.549036447919327653e-02 1.109466222519266271e-01
8.645735258718878491e-02 8.643739154685141368e-02 1.180815115626452638e-01 8.649906005350155302e-02 8.643854309826071169e-02 1.297980424019867240e-01 8.777845530952692321e-02 8.642031001883840324e-02 8.638919838568144549e-02 1.457001350355189018e-01
9.536596648586208314e-02 9.538532825330266196e-02 1.085107665322338072e-01 9.532938073879157481e-02 9.541163163866463182e-02 1.146446343978411581e-01 8.962571113647208043e-02 9.540604813131665918e-02 9.539701312496171037e-02 1.149235195605536192e-01
9.677663136475719852e-02 9.678312992202467435e-02 1.157388692496048310e-01 9.677819205250580425e-02 9.684435053748932654e-02 1.107644977876074133e-01 9.040528163638192338e-02 9.680033300287516074e-02 9.673088526949383259e-02 1.023778291772597937e-01
9.161429297836606866e-02 9.160620592859633482e-02 1.129196132334416430e-01 9.164336258047235673e-02 9.165269174496637472e-02 1.206971666866115123e-01 9.446426488038037195e-02 9.160828907115384223e-02 9.153736394508492358e-02 1.222567489509265581e-01
9.334826848925328879e-02 9.331339230052672351e-02 1.131807779298575067e-01 9.340867261522751985e-02 9.326830941706662492e-02 1.175082079326796036e-01 9.295861372293609537e-02 9.327433377902824563e-02 9.327970033295128471e-02 1.164597234804730930e-01
8.898739419868058331e-02 8.897750043212955540e-02 1.184766121176313997e-01 8.901177524725295553e-02 8.899441880094939583e-02 1.217538751116585272e-01 8.977625257642055101e-02 8.897201230377220493e-02 8.893506479217284932e-02 1.361150944193320056e-01
9.042575133498431672e-02 9.041736267284902762e-02 1.184459803179501169e-01 9.046029331597112144e-02 9.048016530872095287e-02 1.240419131876999287e-01 9.126917864364789135e-02 9.042256567331413697e-02 9.033122886825645237e-02 1.237055606766060967e-01
9.476948487839380320e-02 9.478023323002840450e-02 1.112573268276276089e-01 9.475021451734839950e-02 9.480174535791428825e-02 1.102131855756875861e-01 8.821750064562319804e-02 9.479280570565641606e-02 9.477800219771105594e-02 1.216395010640092256e-01
9.558935178945601741e-02 9.556833193605522581e-02 1.114737519274370398e-01 9.561610683663976373e-02 9.551151910115256161e-02 1.131857721626428198e-01 9.572938410132263154e-02 9.553834324168290759e-02 9.557686686401244136e-02 1.062105720395985914e-01
9.494452844470346875e-02 9.492835237781725721e-02 1.156293103553754087e-01 9.498116767369296776e-02 9.494096572241370047e-02 1.144093313094667053e-01 9.458995971909596456e-02 9.491670575280343469e-02 9.487636145349173655e-02 1.057833171911393144e-01
9.143162783491987078e-02 9.142524113059700974e-02 1.110147512105560813e-01 9.145957571557900012e-02 9.148049111595980831e-02 1.190353318006705102e-01 9.693406133513070289e-02 9.143054456625089588e-02 9.135115942779388487e-02 1.244372158625422220e-01
9.131813855899567622e-02 9.132274988209927724e-02 1.193786966652975179e-01 9.132435274980525708e-02 9.138541613975750821e-02 1.222920633793082718e-01 8.944234668090692009e-02 9.133872695899915295e-02 9.126511890501541602e-02 1.209323900798149470e-01
9.249540791008228902e-02 9.251248086088893763e-02 1.152102577902628100e-01 9.249547622132629765e-02 9.264670370756571127e-02 1.156571927195157584e-01 9.256364365388443372e-02 9.255354879185283268e-02 9.240893342817681211e-02 1.214563549164440759e-01
9.374586471245137387e-02 9.373267959112052683e-02 1.127074639555949997e-01 9.378824173081988513e-02 9.378689428481874757e-02 1.187527221182121950e-01 9.399023595121776264e-02 9.373209901336233829e-02 9.364471629687003140e-02 1.121190823455321534e-01
9.305160028993358923e-02 9.304914525909108169e-02 1.210530395182796287e-01 9.307284049296718487e-02 9.311080386038333989e-02 1.186871156947255368e-01 9.424346388449880707e-02 9.305902397699410133e-02 9.297703573455530501e-02 1.076959312885714254e-01
9.235982017047307535e-02 9.237066942928108537e-02 1.161577532105340510e-01 9.234975892568304812e-02 9.242414298865789246e-02 1.156931406739142992e-01 9.688665795480058684e-02 9.238993245876936378e-02 9.233603523199875041e-02 1.170320889558877780e-01
9.361881647675698859e-02 9.361378716730260618e-02 1.108290555641570085e-01 9.364739631816031140e-02 9.368142819043231984e-02 1.185259061493795507e-01 9.580491683091899024e-02 9.362275279991337518e-02 9.352991686097933410e-02 1.131260236419994736e-01
9.363763046042937466e-02 9.361516373532446922e-02 1.122685822564047364e-01 9.369792533918419597e-02 9.366160792663634493e-02 1.177231906125638938e-01 9.516003344993684276e-02 9.360527019131065218e-02 9.351488369278236623e-02 1.131157123354271099e-01
9.341515576916693819e-02 9.338514044965381955e-02 1.123260190300238021e-01 9.346920091097750405e-02 9.335440793533567039e-02 1.209796122567418503e-01 9.164363490656290967e-02 9.335307628114682121e-02 9.334736109228933265e-02 1.147263913681013242e-01
9.358754446687879425e-02 9.354616189401945836e-02 1.170161481924880814e-01 9.367140666608911315e-02 9.353268099090063237e-02 1.199445824502898966e-01 9.361095789432326286e-02 9.350821267726364128e-02 9.346588535885953786e-02 1.081164194088875541e-01
9.078555647017003127e-02 9.078122691844243974e-02 1.195804922583509899e-01 9.080305550362462175e-02 9.081606174313003321e-02 1.191538686957419324e-01 8.952472748151277249e-02 9.078404055377305160e-02 9.073254507921903189e-02 1.270384252960350679e-01
8.809504487862945821e-02 8.808161245087341162e-02 1.185507679197497083e-01 8.812384188811347996e-02 8.808729104677771871e-02 1.197858285971291070e-01 8.865706387536505251e-02 8.807087470897927151e-02 8.804298500705992625e-02 1.445046896273228243e-01
9.388875458026108012e-02 9.386178867321968988e-02 1.115396141538459590e-01 9.394693753288824167e-02 9.386773890335665949e-02 1.159861883258567344e-01 1.010757360428346657e-01 9.383981338506952596e-02 9.379309006827124540e-02 1.082003383343961567e-01
9.040348019860149076e-02 9.035858079843336887e-02 1.217586910246776372e-01 9.049612884367924659e-02 9.034866100318732218e-02 1.237361629620406384e-01 9.141902724500804156e-02 9.031847344531768185e-02 9.026711241156387677e-02 1.208936820674907098e-01
9.183636373259201902e-02 9.181386934214576245e-02 1.140890931774930089e-01 9.189727130391829590e-02 9.186204738836435679e-02 1.187897176094833557e-01 9.326980494703378255e-02 9.180432508818865689e-02 9.171182941937452981e-02 1.229256779914062320e-01
9.268515633924387376e-02 9.264540089013907631e-02 1.216865019959333383e-01 9.276388683083033881e-02 9.262644661517138722e-02 1.149358069179786113e-01 9.266167217775142517e-02 9.260768255954845984e-02 9.257431510267929986e-02 1.148131305707241756e-01
9.322828802897115130e-02 9.322373959050118952e-02 1.177331702365855132e-01 9.327056378298122230e-02 9.334161646701344406e-02 1.220159113198620859e-01 9.492119112693364613e-02 9.324345033093348056e-02 9.308963753388660445e-02 1.059324315823316348e-01
9.116893483239371654e-02 9.112171252178362379e-02 1.221664504282659186e-01 9.126557998062601040e-02 9.110824219858422446e-02 1.235940549379099807e-01 9.048923702509312217e-02 9.107893866353858336e-02 9.102877749373627925e-02 1.169780719180685408e-01
8.991930248527026104e-02 8.991501770750731648e-02 1.126272431389209877e-01 8.992910206499750425e-02 8.992388277322301005e-02 1.232503408775920267e-01 9.137350282279280145e-02 8.991252436274557724e-02 8.989305125548077702e-02 1.332560325114696964e-01
9.407393281421193298e-02 9.407976633896529550e-02 1.151957723012477092e-01 9.408194180562085007e-02 9.415783513540465499e-02 1.150221663110515824e-01 9.484684312900440450e-02 9.409990916533668426e-02 9.400895015859926651e-02 1.104328828405575919e-01
8.948530806364425605e-02 8.947409294445785033e-02 1.137627190027786783e-01 8.951958124442073450e-02 8.951495634021243430e-02 1.209609584004923549e-01 9.067918946818083470e-02 8.947243564073308064e-02 8.940425241880409213e-02 1.377265064762757396e-01
9.733656349526464968e-02 9.734557496816437228e-02 1.055949919793637282e-01 9.731649791153976214e-02 9.735171977750516070e-02 1.100207325650470747e-01 9.131840441169569722e-02 9.735351353466202562e-02 9.735518712604153413e-02 1.090068142307160093e-01
9.209476236556631001e-02 9.209707894260295291e-02 1.183249283189036632e-01 9.209820179825249642e-02 9.213334058482190725e-02 1.161428850356850673e-01 9.492089000855606640e-02 9.210570147956380349e-02 9.206141221448506384e-02 1.180207992515626969e-01
