1.140561180813185055e-01 1.144926353019812271e-01 9.152933585365294333e-02 9.897195308005277137e-02 7.550865747615183310e-02 9.335016980022106670e-02 9.103638345409470478e-02 1.143561612314393239e-01 1.156317340532443394e-01 9.106685166784328489e-02
1.104770713174394042e-01 1.112280736192825803e-01 9.181809722581113498e-02 9.802500238719619174e-02 8.140027795075098493e-02 9.322506321010953778e-02 9.118361356153723007e-02 1.110534903644958132e-01 1.203847306540743872e-01 9.120457970930274938e-02
1.083169004575744859e-01 1.087781893279959888e-01 9.476401908797789375e-02 9.936804392616012394e-02 8.334778607642347181e-02 9.306179729479660545e-02 9.362642780816807231e-02 1.086609588880844829e-01 1.164307059792265148e-01 9.364517115359236032e-02
1.146808628599479685e-01 1.154617477654912988e-01 8.844727230803915707e-02 9.831235072271186926e-02 7.461875478465913869e-02 1.039580821136642241e-01 8.735001707447234698e-02 1.152527501392566489e-01 1.145359854078553952e-01 8.738217682390185537e-02
1.121858993171582358e-01 1.126948952605301285e-01 9.073908699686518420e-02 9.747614595392246895e-02 7.764697835620169852e-02 9.405771636656354295e-02 8.968965403529996494e-02 1.126296196598930849e-01 1.231768076152660873e-01 8.970319643829959000e-02
1.059243020208924940e-01 1.059121980483204856e-01 9.167086107302292730e-02 9.658061052310580596e-02 9.420505969647831324e-02 9.910390017623786629e-02 9.252475269295512561e-02 1.060076270131596332e-01 1.155511405393286617e-01 9.251954821649867322e-02
1.128317511572380916e-01 1.131393274480343575e-01 8.995602122200306583e-02 1.008334380489525478e-01 7.433481229342300822e-02 9.652040308386783396e-02 8.955208278279025436e-02 1.130376504907497082e-01 1.202128688660464989e-01 8.958164460689466146e-02
1.118366573059822316e-01 1.124300462643486181e-01 8.974082234712461859e-02 9.689717425955082786e-02 8.026831823860371140e-02 1.025083611721536725e-01 8.891903970592560102e-02 1.122698168492466814e-01 1.161827389931065352e-01 8.894702486395753005e-02
1.102469636120549656e-01 1.106784095881720581e-01 9.233214102493175757e-02 9.904704389760657368e-02 8.409893497583297017e-02 9.317061242821329803e-02 9.239899539167373277e-02 1.105140662833143661e-01 1.150814009030295682e-01 9.243143189517069591e-02
1.127123363001965306e-01 1.135308600605864637e-01 9.007025190814257898e-02 9.930937457827793136e-02 7.915491938826907381e-02 9.590263180647484731e-02 8.916498080021656447e-02 1.133477937153424681e-01 1.176186668881268466e-01 8.918818455436669512e-02
1.100804297281753469e-01 1.108640233278273129e-01 8.895667603370009668e-02 9.893305087635076434e-02 8.127728943686600427e-02 1.002049034036265607e-01 8.805874936483314153e-02 1.107029722549281309e-01 1.228439134221097628e-01 8.807799215158290673e-02
1.169047033618363929e-01 1.180155382193635583e-01 8.830042498740332813e-02 9.704283759528814501e-02 7.388276891840486749e-02 9.365507775196371676e-02 8.757589455263421752e-02 1.177452874393537935e-01 1.192704403910572891e-01 8.760702678269470522e-02
1.174383199323026233e-01 1.177573460129893862e-01 8.642831765473728278e-02 9.717676377985290381e-02 7.944155172564668077e-02 9.924776018114349341e-02 8.614705659097243728e-02 1.177157631794445852e-01 1.124754042651549546e-01 8.617171667775562482e-02
1.181826131209879616e-01 1.193547659505623526e-01 8.515216802450535638e-02 9.529993895696638184e-02 7.178653546635616056e-02 1.044359588355639468e-01 8.422993085773525235e-02 1.191059784041736402e-01 1.181936584485636932e-01 8.425845193458535165e-02
1.156179270802221576e-01 1.163633062020010128e-01 8.720981121604053088e-02 9.739190645609871466e-02 7.208535100768923010e-02 1.024929537035566968e-01 8.674152717138416957e-02 1.161963078148206263e-01 1.191319159756611262e-01 8.676899337252576283e-02
1.134162881603380663e-01 1.142588299386899514e-01 8.924424906572436811e-02 9.680836431946139575e-02 7.736337527908830614e-02 9.608624182458648522e-02 8.871129431911341234e-02 1.141128689048415412e-01 1.212707269719111164e-01 8.872776121624542656e-02
1.125457521307259706e-01 1.134542429208072051e-01 9.042521690375743271e-02 9.741561979168443519e-02 8.187249980525899973e-02 9.691898318504371668e-02 8.975252564471834782e-02 1.132652766798386695e-01 1.145774981267276560e-01 8.977238481143756665e-02
1.092451657180546626e-01 1.098466189491609929e-01 9.480020430095678630e-02 1.012059249117342741e-01 7.604047850886332116e-02 9.584996057752788456e-02 9.411853492769706175e-02 1.095856554814947231e-01 1.151461875917427491e-01 9.416126903276753057e-02
1.154976212631337318e-01 1.162013115379468137e-01 9.031370658881465729e-02 1.013843039315526912e-01 7.212117680278803955e-02 8.906786616650502753e-02 8.871336067086624255e-02 1.159617133113703402e-01 1.219852125609667687e-01 8.875372716605567369e-02
1.145471728395623945e-01 1.151201404705929077e-01 8.602032718162973268e-02 9.825789396302361811e-02 7.943570087745926989e-02 1.022894679087237579e-01 8.604583244386132534e-02 1.149688774600013397e-01 1.172376066364100300e-01 8.607698021873563810e-02
1.137135153827502909e-01 1.143764917859723534e-01 8.942712679170790324e-02 9.879701606896326704e-02 7.746928307996048257e-02 9.204032785162134800e-02 8.866692892769185985e-02 1.142283264871991888e-01 1.225895050711453133e-01 8.869147855298806227e-02
1.089059225629367272e-01 1.097151766655190402e-01 9.195135009035622364e-02 9.901444111582770324e-02 8.212572801499826158e-02 1.011355373276017627e-01 9.104845783239676194e-02 1.095126376427036363e-01 1.155196752614463251e-01 9.107107348621357179e-02
1.113604251050752947e-01 1.120531701293393800e-01 9.136521568569581919e-02 9.603224226774741135e-02 8.269760930759322004e-02 9.609479081592960104e-02 9.068857858440387831e-02 1.119190024941945499e-01 1.170834551006275509e-01 9.070551050939328064e-02
1.131046007925953084e-01 1.138041757193951342e-01 8.832558040471651106e-02 9.616643083081868881e-02 7.645805692618234950e-02 1.053633928001551229e-01 8.756913294889670518e-02 1.136189954733611007e-01 1.179905261042324821e-01 8.759910799964656936e-02
1.145211630934183655e-01 1.150012454664920136e-01 9.008773678449384648e-02 9.628682343042836711e-02 8.304410140322815437e-02 8.859239709143545971e-02 8.966467908851946667e-02 1.149233901611057401e-01 1.181945053173686228e-01 8.968395816350993588e-02
1.104018683723620581e-01 1.111185398720401923e-01 8.477830036611867792e-02 9.287101564389889374e-02 6.524163544669669967e-02 1.431705886383654591e-01 8.379433058185412064e-02 1.108806571622128340e-01 1.139098915524449224e-01 8.383317236400612826e-02
1.109895392068753622e-01 1.115853476693280111e-01 9.332700740890904900e-02 9.871776946842023004e-02 8.153634590188953146e-02 9.086453360373629440e-02 9.313225907220956667e-02 1.114306525968321027e-01 1.152613660724692846e-01 9.315517899933054013e-02
1.089678691923478271e-01 1.092866327854526004e-01 9.247571344342503386e-02 1.017581991265337632e-01 8.178039823118984919e-02 1.005255954631853049e-01 9.097424697002687299e-02 1.092485870924396196e-01 1.139962940450806456e-01 9.098646365031849703e-02
1.124621808262311062e-01 1.131910039991602668e-01 8.931408615452249289e-02 9.932203250749811752e-02 7.942475860409739519e-02 9.818479822677322888e-02 8.872100900081753005e-02 1.130470653315642643e-01 1.175921105164203367e-01 8.874095483291533082e-02
1.102512288720362416e-01 1.107846173297522829e-01 9.052687527256902955e-02 9.792386917775668109e-02 8.310971240794330639e-02 1.036296102185065848e-01 9.028896493391039280e-02 1.106466908012010697e-01 1.125253947962157053e-01 9.031303619010867811e-02
1.136950219209582752e-01 1.143083519319719465e-01 8.969712408271394988e-02 9.986612394011473715e-02 7.450505694124885669e-02 9.448872884550515994e-02 8.870017225204519795e-02 1.141883478438197042e-01 1.218294148235023605e-01 8.872165741811978423e-02
1.134330661783032324e-01 1.144252407902918295e-01 9.111631977479657529e-02 9.853061339693548748e-02 7.760016635284668063e-02 9.569226569417180195e-02 8.954774599795185808e-02 1.142131266402161560e-01 1.158721720733893873e-01 8.956928310109696367e-02
1.154816651931073329e-01 1.164950157340614162e-01 8.896090171371345834e-02 9.811628596963405113e-02 7.646171979225135917e-02 9.598716929121051122e-02 8.772207308911192380e-02 1.162919818818426432e-01 1.167388114790952891e-01 8.774437585597201494e-02
1.015317036570398401e-01 1.017642646236798232e-01 1.020658816572565936e-01 1.034176953731593407e-01 8.353998339854985800e-02 1.019425699078279207e-01 1.005437432695569094e-01 1.017081821335519831e-01 1.029397592577915160e-01 1.005462167215862013e-01
1.077078412122958045e-01 1.078382209815478554e-01 9.382821506138090684e-02 9.685931614736224826e-02 8.805971630249082027e-02 9.786256660958146669e-02 9.260625888771248371e-02 1.078404338082759872e-01 1.147813737127399980e-01 9.261605727661245679e-02
1.147093100443644792e-01 1.154517970344716843e-01 8.400631761396282204e-02 9.757539237989151792e-02 7.797294552820506486e-02 1.089664247214334886e-01 8.379882085380513379e-02 1.153062013416933235e-01 1.183885423388055663e-01 8.382424814336689178e-02
1.165122924989989012e-01 1.171284097368854998e-01 8.874536914661987352e-02 9.706046085964648018e-02 6.773867240868054751e-02 1.052581043066960764e-01 8.773573455442451596e-02 1.169787135494419622e-01 1.150769659835163550e-01 8.776527695508977434e-02
1.135752963073160399e-01 1.142033107413013421e-01 9.085776594270551787e-02 9.896457956123037858e-02 7.824946853730319063e-02 8.858111994458986449e-02 8.998985871545774062e-02 1.140471315792684071e-01 1.215152509666972552e-01 9.001621770413024970e-02
1.154823760134777999e-01 1.160445456019081750e-01 8.676759706159167806e-02 9.402157679860866091e-02 7.771862099769570598e-02 9.711930886991362866e-02 8.602030582499128886e-02 1.159566010048158208e-01 1.248271087006144753e-01 8.604195912638279431e-02
1.176703223254950414e-01 1.184527287003201562e-01 8.561240734397015939e-02 9.585527517625326566e-02 7.330526968169258362e-02 9.959409843393408901e-02 8.493257194186848436e-02 1.183550995951403312e-01 1.212717907361784836e-01 8.495043606514743328e-02
1.121727418228829348e-01 1.128183935196409998e-01 8.941682694837616019e-02 9.799581701734896844e-02 8.009809585787715236e-02 9.739289479005591721e-02 8.813019717867663638e-02 1.126721145957812059e-01 1.211486473475304193e-01 8.815427092182959168e-02
1.132039000965509579e-01 1.140460194039004949e-01 8.905249421117240882e-02 9.794002291833439622e-02 7.882935271225041673e-02 1.020258341059634699e-01 8.813673439891242523e-02 1.139015140737576204e-01 1.147108460458189927e-01 8.815328203333887280e-02
1.134417223933949920e-01 1.138340221607000574e-01 8.834983273868665665e-02 9.867715763588186251e-02 8.169549070207493546e-02 9.259404660126288600e-02 8.778791345920110289e-02 1.137241579910641814e-01 1.220785575034459697e-01 8.781709881428731435e-02
1.136794587168975940e-01 1.145942309446198182e-01 8.975829795728444693e-02 9.906960249411687902e-02 7.543282421619605660e-02 9.787447696624088089e-02 8.894118078862668642e-02 1.143589142740679687e-01 1.173202098091671863e-01 8.897080383278248294e-02
1.122016678435105441e-01 1.128261390198754544e-01 9.285702056790147429e-02 1.009147254028147506e-01 7.360329322836488275e-02 9.903476488824113078e-02 9.127521483526152002e-02 1.126795637047171839e-01 1.133098242047455156e-01 9.129778630456754362e-02
1.104384389477519324e-01 1.107053595535840013e-01 9.074541586976078711e-02 1.016402883655739137e-01 8.170868851839602209e-02 9.794439959404036000e-02 9.002932017215163618e-02 1.106674102910533974e-01 1.160745114256977045e-01 9.004616726199025922e-02
1.176526670416355863e-01 1.180849135806828071e-01 8.942339471641551352e-02 9.719177984867448383e-02 6.850775613107185080e-02 9.835856317944342841e-02 8.875672081568812544e-02 1.179729773189779202e-01 1.152640711416397512e-01 8.878715622577051936e-02
1.171390406252257321e-01 1.178995377481640849e-01 8.874105615134109115e-02 9.851202445815683550e-02 7.353460566238226304e-02 9.106218459873642590e-02 8.825943561007626448e-02 1.177496237668250456e-01 1.188189769645894150e-01 8.828351441450278669e-02
1.087818013014998364e-01 1.091521274410451880e-01 9.319223968966994232e-02 9.998159042340055980e-02 8.108410308719377069e-02 1.000074753797543098e-01 9.159530461380642474e-02 1.090809391311339666e-01 1.155133469887318076e-01 9.161107194376418017e-02
1.073490885675391221e-01 1.077330311216179448e-01 9.307354445030720236e-02 1.037344930228216860e-01 7.675996689843667120e-02 1.043646642411213826e-01 9.219674156441040602e-02 1.076383092426967669e-01 1.149353169686669757e-01 9.221484392238182837e-02
1.018232356892937035e-01 1.018875914844669522e-01 9.749738796393822571e-02 1.041501216567552457e-01 9.009850139882112641e-02 1.076586519697137756e-01 9.553881062308780536e-02 1.019394614719443259e-01 1.038759603406549936e-01 9.553027740132383205e-02
1.102139710614361418e-01 1.108821956018591903e-01 9.121484237166582743e-02 1.004221701447656767e-01 8.154558681595160119e-02 9.811850587906362220e-02 9.042867970389428800e-02 1.106755972245094255e-01 1.160384667476827836e-01 9.045998444917140169e-02
1.082275003467701169e-01 1.089061318381309290e-01 9.513462520429999403e-02 1.034404224331381544e-01 8.170421470269603748e-02 9.730352710125325655e-02 9.313813908914847506e-02 1.087346280737407911e-01 1.102526216888336796e-01 9.315818952198856584e-02
1.073050528475101295e-01 1.082066689944676668e-01 9.208752658664141888e-02 1.002086025769513972e-01 8.519661625427184248e-02 1.014717207539764104e-01 9.234871867634261711e-02 1.079720134720001806e-01 1.128319393058436898e-01 9.237114053199463326e-02
1.141180769466090400e-01 1.148836589351093784e-01 8.858165800730793960e-02 9.634256334179512604e-02 7.629692001223067899e-02 1.007144013116438724e-01 8.728114503461614770e-02 1.147524754987701845e-01 1.197290835755146776e-01 8.730001733640288530e-02
1.165317525434280688e-01 1.171497967104045690e-01 8.861461549014011674e-02 9.812774489051930005e-02 6.918957497945281421e-02 9.941434504608784306e-02 8.758149371616971712e-02 1.169957583768393566e-01 1.187831031466192316e-01 8.761181510033898279e-02
1.154917536319404886e-01 1.162010876784289881e-01 8.591963789054198053e-02 9.658237917339990153e-02 7.569793493800563988e-02 1.030021500038176691e-01 8.478702129268810006e-02 1.161446890420906597e-01 1.213743000179657583e-01 8.479904633112078649e-02
1.180724460515715085e-01 1.185393443404976765e-01 8.587668811395733626e-02 9.581031664706099460e-02 7.188345478916710607e-02 1.038006463077716102e-01 8.543690488655628079e-02 1.184697636749822702e-01 1.166487502303573398e-01 8.546168495807786314e-02
1.139512161074925228e-01 1.145320753065644098e-01 9.035054104020034949e-02 9.901161807202145393e-02 7.612088149952603300e-02 9.535988403749674769e-02 8.983625152015536908e-02 1.143986592523067308e-01 1.165780435686641497e-01 8.986082959557223360e-02
1.076585666599097768e-01 1.080426118309490147e-01 9.478281882137752634e-02 1.013391138160344290e-01 8.056801771732489958e-02 1.022963899138093213e-01 9.314967483835227824e-02 1.079848740627405018e-01 1.110185991447485698e-01 9.315933319475368235e-02
1.123734810878899287e-01 1.129719940275802220e-01 8.755228335264367279e-02 9.736307659090638611e-02 8.112380928810165870e-02 9.672665779442983502e-02 8.664684284256631008e-02 1.128787534079919580e-01 1.256983634468166744e-01 8.666473816107331252e-02
1.069831161473915743e-01 1.072251778075665879e-01 9.473331923642838714e-02 1.033766668476875511e-01 8.371009517121749677e-02 1.045059699303636791e-01 9.262527019828173391e-02 1.072493273269435887e-01 1.069668567844454798e-01 9.262420054967390737e-02
1.112510698916211321e-01 1.121707206159607978e-01 9.094398725722696586e-02 9.669037615129427721e-02 8.269697043373896994e-02 9.615333728698499671e-02 9.005197619816629473e-02 1.119565951032216733e-01 1.180102580795173023e-01 9.007470898226760392e-02
1.101810941000921501e-01 1.109543844902507181e-01 9.295777703383403812e-02 1.005345575182893525e-01 7.683884637436234899e-02 9.606026223794621177e-02 9.198527884973352331e-02 1.107418278503210368e-01 1.177340897039703543e-01 9.201188184120029367e-02
1.098293843144690085e-01 1.100583534852398737e-01 8.915871930005932200e-02 9.757629714716560543e-02 9.073400212966006850e-02 1.011757082954868187e-01 8.870484074203389968e-02 1.100838958472065698e-01 1.139669493707503173e-01 8.871184936792846087e-02
1.150184720054690385e-01 1.153803003943086186e-01 9.048294527385537800e-02 9.967926738032914513e-02 7.666731185164091245e-02 8.826907743644724080e-02 9.054253250881193205e-02 1.153152974230781669e-01 1.180807209598667001e-01 9.056407476619286745e-02
1.146663470921436556e-01 1.153009303892557486e-01 9.162198445706107308e-02 9.891596085721839071e-02 7.480595897747532863e-02 1.000515721318591955e-01 8.957676517976109754e-02 1.152747272531191303e-01 1.102051533277862844e-01 8.958060033432008185e-02
1.131460569847436010e-01 1.138453633243910329e-01 9.002779251295600638e-02 9.653085083849484438e-02 7.945016872752855286e-02 1.023060318712394889e-01 8.946178308171311155e-02 1.136876735703230279e-01 1.120588099412451327e-01 8.948546914736525693e-02
1.119246583885353391e-01 1.124122590646595005e-01 9.164503658264747110e-02 9.917010094222317163e-02 7.714974947619719636e-02 1.005491533861017639e-01 8.967307859803226588e-02 1.122830542228994699e-01 1.154935961508793824e-01 8.969931318782446705e-02
1.110137843435121813e-01 1.113220367133788413e-01 9.203858314450313882e-02 1.005424125007459007e-01 8.249137926113797592e-02 9.266172822926192765e-02 9.163486050212672762e-02 1.112280057019136154e-01 1.154072139898526667e-01 9.165999561356699687e-02
1.076209346625704860e-01 1.079173222417088018e-01 9.027731050960435821e-02 1.011817950511499919e-01 8.285338577878556543e-02 1.093470090505094805e-01 8.896169700074844922e-02 1.079271504962752842e-01 1.149473067263718923e-01 8.896608848227566257e-02
1.128156201986940249e-01 1.135879012422257861e-01 8.989812302965287383e-02 9.715458451636842241e-02 7.720105721154443823e-02 1.000306435264160243e-01 8.874013129633645525e-02 1.133780888710452933e-01 1.184232969260250040e-01 8.877055318169167764e-02
1.123818836985528702e-01 1.132160423176390707e-01 9.122810328852744288e-02 9.674252389893243931e-02 7.837774086735692369e-02 1.044804495710553865e-01 8.979423314113733900e-02 1.130744686803646232e-01 1.108963024192042984e-01 8.980825211722964774e-02
1.163880631618944561e-01 1.170581190451436687e-01 8.798240664790415999e-02 9.763351576894524486e-02 7.158467139235669130e-02 1.038878487910222248e-01 8.712029126714988803e-02 1.169790646353931068e-01 1.142298322909963693e-01 8.713618699919416233e-02
1.159246767751465623e-01 1.163706052048457673e-01 8.737122535560513936e-02 9.548900875326458981e-02 7.486020436446634563e-02 1.017245740848963242e-01 8.647941887715622500e-02 1.163396951574392768e-01 1.189446356763651513e-01 8.649595575081461818e-02
1.132857934464085031e-01 1.137072536816986362e-01 9.034846110087728366e-02 9.606272483330322021e-02 7.571345909582773148e-02 9.406599059242169714e-02 8.990047220903270297e-02 1.136954328162547434e-01 1.233117353871286681e-01 8.990867683704682756e-02
1.178132387077761301e-01 1.185363980884076573e-01 8.660066637762831032e-02 9.721150760625468790e-02 7.301774515772151142e-02 9.839884187208697286e-02 8.582387099810515063e-02 1.184687998778730517e-01 1.182905087924437937e-01 8.583842252170273412e-02
1.095625470192127804e-01 1.103705808639481589e-01 9.035212053818897360e-02 9.866647278027865231e-02 8.216046390097364593e-02 1.023032788221057005e-01 8.927380338676665916e-02 1.101663367854594650e-01 1.178456457120247713e-01 8.929875019104120681e-02
1.254431829358430561e-01 1.267020919759884734e-01 8.948381794891688279e-02 1.067874223275582096e-01 4.753478142199029505e-02 6.862960601804921068e-02 8.764335173633916454e-02 1.258908382588487529e-01 1.341282489075347473e-01 8.775665846893120070e-02
1.109861562339053281e-01 1.116183701419627555e-01 9.280752101508213392e-02 1.019824041536031844e-01 7.534515204131408961e-02 1.009994752416189523e-01 9.097636058583291607e-02 1.114917606568020247e-01 1.127989004456819572e-01 9.099389948419667196e-02
1.125132372663841251e-01 1.133012039163405343e-01 9.181336917144015952e-02 9.906755527271485229e-02 7.717717971464332916e-02 9.698304865095967731e-02 9.032657213348957437e-02 1.130887749513871388e-01 1.153735473506620202e-01 9.035551157197858896e-02
1.130429079542334403e-01 1.136457005174688617e-01 8.871346689699670385e-02 9.815413034973941020e-02 8.037948516344335659e-02 9.559849980896681365e-02 8.841177455383393557e-02 1.135477692638253711e-01 1.200768824137480040e-01 8.842938307774415863e-02
1.161672713617152575e-01 1.168683630677127966e-01 8.582379600687088661e-02 9.463857867445060745e-02 8.036323700118394586e-02 1.017574866274874035e-01 8.524203781391784251e-02 1.168009239956336182e-01 1.170819295915612734e-01 8.525637585946641006e-02
1.161562551901269974e-01 1.170150198258348845e-01 8.792659174686674739e-02 9.924213352525758369e-02 7.273919724181529545e-02 9.754354584665578254e-02 8.688582754881259140e-02 1.168109393955672065e-01 1.187650191093517632e-01 8.691547056971118956e-02
1.118620919185398382e-01 1.124016649757238195e-01 9.278734986352434044e-02 9.943343246450180029e-02 7.580399869079458564e-02 1.009816494423017297e-01 9.146549947906103262e-02 1.123271879251941802e-01 1.114597240602038380e-01 9.147740118015484923e-02
1.140365758675580266e-01 1.149378390125174176e-01 9.047872555161483310e-02 9.941045831671180277e-02 7.080711140806993098e-02 9.731245619622171106e-02 8.893794280762012949e-02 1.146345920062906559e-01 1.204637139804403817e-01 8.898058485295512465e-02
1.091327449118317389e-01 1.097307417246811551e-01 9.234273786492155911e-02 9.542378263266390603e-02 8.538929142924030213e-02 9.522265670938968862e-02 9.208632337767462539e-02 1.096274089962830101e-01 1.189463856982159590e-01 9.209792665509809739e-02
1.130947105747958786e-01 1.142028005260896234e-01 8.848295520556080651e-02 9.922536989680919017e-02 7.542515001926712592e-02 9.994473745847501367e-02 8.738346103805920417e-02 1.139076952427350159e-01 1.209167296164481153e-01 8.741639042176001240e-02
1.084911954050889471e-01 1.090760894982393397e-01 9.368257471385772750e-02 9.769146938966997984e-02 8.407534919623078917e-02 9.948465651458641978e-02 9.372280289583047319e-02 1.089570230831401060e-01 1.110828154301619353e-01 9.373602387319435181e-02
1.179980563684011746e-01 1.187368950764771947e-01 8.811401055751642841e-02 1.015063175835420051e-01 7.267853191450547590e-02 9.027785240093201546e-02 8.736387885724380964e-02 1.185693161971240472e-01 1.173620717291327942e-01 8.739306931512508259e-02
1.116925398643626166e-01 1.122502977344366076e-01 9.232904407750300302e-02 9.951605711875964599e-02 7.453049628195403120e-02 1.003696438661601936e-01 9.114042064231528406e-02 1.121015388636288496e-01 1.149039218379894201e-01 9.116603971289037600e-02
1.129478982243842938e-01 1.137940101315096514e-01 8.897910688582205685e-02 9.687924078935145067e-02 7.597701330823879162e-02 1.054115488231645581e-01 8.798598916327635133e-02 1.136434303247695482e-01 1.163784030557882126e-01 8.800335929369505761e-02
1.051239807826587491e-01 1.054541212995391553e-01 9.678524876641263208e-02 1.028024416129110358e-01 8.206668803705437221e-02 1.025654746257324001e-01 9.454439593870134217e-02 1.054162780951766049e-01 1.106932914620535058e-01 9.454807937976018872e-02
1.139856086444445277e-01 1.147113015509345219e-01 8.902854080068471621e-02 9.798661004274171471e-02 7.707177786689266286e-02 9.523449513534588962e-02 8.878938729650813488e-02 1.145678953462145461e-01 1.198137432607962460e-01 8.881064005543704010e-02
1.128249317100331467e-01 1.134039147801174097e-01 8.934974836594114511e-02 1.017208685458825257e-01 8.138540986984905967e-02 9.789208916931209370e-02 8.866719308962502100e-02 1.133081721902120809e-01 1.127627083212040665e-01 8.868496395782336783e-02
1.126830777044393883e-01 1.132924594019330128e-01 9.033243049738416686e-02 9.759249680330316090e-02 8.165876769086724551e-02 9.238372604400368893e-02 8.962621085482530559e-02 1.131562537709673161e-01 1.196253669269641690e-01 8.964921030531254609e-02
1.064734593954410335e-01 1.068621604280312748e-01 9.299382791082057287e-02 1.032122615463752779e-01 7.855911395917072881e-02 1.108004583100521551e-01 9.140795367388088177e-02 1.067978649802660412e-01 1.114735674862558507e-01 9.141933230970619717e-02
1.121043523796157737e-01 1.127745376466496308e-01 8.873818194341494270e-02 9.981916775521079699e-02 7.810998880492822649e-02 9.552299915554916809e-02 8.801913552726471635e-02 1.126658841550198520e-01 1.242103658960218154e-01 8.803538673632504974e-02
1.113590003629534170e-01 1.119896721108927934e-01 8.767996251669558927e-02 9.570169157494298751e-02 8.311131200284047060e-02 9.835875506541265356e-02 8.701184239605821991e-02 1.118711114068892953e-01 1.258849256567551589e-01 8.703172690655940069e-02
1.127312723023142088e-01 1.132311598875560821e-01 8.704720563211475193e-02 9.995744492780046786e-02 8.524966065768213586e-02 9.918715919046842966e-02 8.650972054429366398e-02 1.131171633974491497e-01 1.164335699151085868e-01 8.653564354521244006e-02
1.143370277633080634e-01 1.150459998504181763e-01 9.236151235765052703e-02 9.805643105005465432e-02 7.220260373102639628e-02 9.237914355479118211e-02 9.116101691735058188e-02 1.148575563032825514e-01 1.184090371962379790e-01 9.118967127587992993e-02
1.057628668180455173e-01 1.060256528093028866e-01 9.306503129701095001e-02 1.016417264860063063e-01 8.783574099572848126e-02 1.051292484760421864e-01 9.174959151229243604e-02 1.060259464572589211e-01 1.110119826626207590e-01 9.175221248569152832e-02
1.142232923624642432e-01 1.149798886014468668e-01 8.618619812928973722e-02 9.570113560520968066e-02 7.964540086318012968e-02 9.930539956527768830e-02 8.580950631545225527e-02 1.149061633622977807e-01 1.234226595287866712e-01 8.582035566659496073e-02
1.151195734621122402e-01 1.159685057226890331e-01 9.051956993181654865e-02 9.628825926850639871e-02 7.124670536457725079e-02 9.223778887672828830e-02 8.948162784713734053e-02 1.157131619200598982e-01 1.239065696030458297e-01 8.951823800332714409e-02
1.137179738248792066e-01 1.143038051867074356e-01 9.176144790710322185e-02 9.907003975202820223e-02 7.341723538202882260e-02 9.128699634094242232e-02 9.136918756032720579e-02 1.140496791112941971e-01 1.196086835857340658e-01 9.141495134895524788e-02
1.154455691634852649e-01 1.162798879012497538e-01 9.022033178539244636e-02 9.660236951257773763e-02 7.047834593157513428e-02 9.651686949238079405e-02 8.954507055857342801e-02 1.160136626102643842e-01 1.193134980647756194e-01 8.958439497972545129e-02
9.684044919495027326e-02 9.657115047512961070e-02 1.024941552364473374e-01 1.049795564447354307e-01 9.313803105767332058e-02 1.066118852018047847e-01 1.014818465742577669e-01 9.664971296937112377e-02 9.976180844083976096e-02 1.014714044047906188e-01
1.024014794663192507e-01 1.021905125179042306e-01 9.592501928274665968e-02 9.537806736436435506e-02 1.023777220625149698e-01 9.966897572200224265e-02 9.758687900140314286e-02 1.022679708755721423e-01 1.046178758220223104e-01 9.758549788515069601e-02
1.103216694893021654e-01 1.107189803375049769e-01 9.085968398938833179e-02 9.787665935937961414e-02 8.240815175552122784e-02 1.081113839418781503e-01 9.019785731542234730e-02 1.107450312730564462e-01 1.085643302684554251e-01 9.019625227009127333e-02
1.105206804311135022e-01 1.110007701874179409e-01 9.196977190677294023e-02 9.726775309259298730e-02 8.277221039242781131e-02 1.002724241868801075e-01 9.187415600515003167e-02 1.109342356769738441e-01 1.115026070455989310e-01 9.188539107507188997e-02
1.119088986626363968e-01 1.125400381927175175e-01 9.139516349714808807e-02 9.668688032853708925e-02 7.538398724447187282e-02 1.040184143492366015e-01 9.025350604205231719e-02 1.123838333510713411e-01 1.151510899368206470e-01 9.027818839530814266e-02
1.117541350504034914e-01 1.125547311151267188e-01 9.109125742428378358e-02 9.939575892391951106e-02 8.087441131895403701e-02 9.521051999080853978e-02 9.053124128457548658e-02 1.123109804055704430e-01 1.157120853563152196e-01 9.056487913004282464e-02
1.133989633927313528e-01 1.141482141979748566e-01 9.057311631011473463e-02 1.001615268108827228e-01 7.460684970201854338e-02 9.968716331212942872e-02 8.899494153656672957e-02 1.139490409878535088e-01 1.154555315905040347e-01 8.902465215922414354e-02
1.119317529623692908e-01 1.122668257340142528e-01 9.028426578344514453e-02 1.001730879137174984e-01 7.902857075534248932e-02 9.698225337126567536e-02 8.992557377984110312e-02 1.122031939413482005e-01 1.172586634594057903e-01 8.994581229925054100e-02
1.133338467048794485e-01 1.141906526502346475e-01 9.064143790128885436e-02 1.003203966666184749e-01 7.339366971576738452e-02 9.118515076234545713e-02 9.022812767548399338e-02 1.139253082866878569e-01 1.225167667669618959e-01 9.026464286973204243e-02
1.187350071404361662e-01 1.193241111314905234e-01 8.606221190951957034e-02 9.713515228364119625e-02 7.604702847916887387e-02 1.017418961993840770e-01 8.546363277707706707e-02 1.192832829046426846e-01 1.107277108270172811e-01 8.547996634762251855e-02
1.087585949212165198e-01 1.089672076014111396e-01 9.194677717196129973e-02 1.023406168863718602e-01 8.039716236265256888e-02 1.041701206042320443e-01 9.049385777503458905e-02 1.089109680769289878e-01 1.134996932549392767e-01 9.051500134525176933e-02
1.154607111701487776e-01 1.162053296649768058e-01 8.747528693531676780e-02 9.992332501277198520e-02 7.557219466228140559e-02 9.410476388234426115e-02 8.686896148409961604e-02 1.159818906017015538e-01 1.215017139568954629e-01 8.690582262946333625e-02
1.106959796474445840e-01 1.115233544423477330e-01 9.088931475036883534e-02 1.002720466762526269e-01 7.872474813669258498e-02 9.901706361534244605e-02 8.954239215351503245e-02 1.113033123063284086e-01 1.184615727652144623e-01 8.957021550649330033e-02
1.128340246951288761e-01 1.135977264920012553e-01 9.005357514881096037e-02 9.750801636066259992e-02 7.591269634104648445e-02 9.605188014236955285e-02 8.893371831141271000e-02 1.134326014930952115e-01 1.227195377534231746e-01 8.895622326204918884e-02
1.150105465689586770e-01 1.155181315507230327e-01 8.752982945113450819e-02 9.401164297432086647e-02 8.062329368750277558e-02 9.283007466932353957e-02 8.695558603244850360e-02 1.155307682446937573e-01 1.250291368107624979e-01 8.696099001013178620e-02
1.137367951967245272e-01 1.142899730220915677e-01 8.652115891581668716e-02 9.737667724166473859e-02 8.131529987601165965e-02 1.028924710159906108e-01 8.609530481967174464e-02 1.142409673512871232e-01 1.174222749183717190e-01 8.610907764236963580e-02
1.147689125623812118e-01 1.155849954660038842e-01 8.815185455380689095e-02 9.484947394617208871e-02 7.287357741161498703e-02 9.987612624330134692e-02 8.739529622886994809e-02 1.154041151006713478e-01 1.236744120927121687e-01 8.742123639446613970e-02
1.113448774657383317e-01 1.122095911892388997e-01 9.410481529557902791e-02 1.002036983272073939e-01 7.865299945033042694e-02 9.077127901758538786e-02 9.365745632646342578e-02 1.119529994717265303e-01 1.134138773264253691e-01 9.368840612970522064e-02
1.196429780991478120e-01 1.204243665989768453e-01 8.551600361727750010e-02 9.673356008712334642e-02 7.062898031920392117e-02 9.496689099757331387e-02 8.507336560648595669e-02 1.201997645620485056e-01 1.217015462019428174e-01 8.511254391022000931e-02
1.091024359097608476e-01 1.095408237909157728e-01 9.272103413791332738e-02 1.006883633812822726e-01 8.637549874826801199e-02 9.247587823242225946e-02 9.248427475034948220e-02 1.094023677554802343e-01 1.146991537889976293e-01 9.251016950461012078e-02
1.106326517141407589e-01 1.111692824509366018e-01 9.137774236464873967e-02 1.010597780831763715e-01 8.298636145842164247e-02 9.978891044527231358e-02 9.042248635554106517e-02 1.110292458366662904e-01 1.110865061777494556e-01 9.044703511344684421e-02
1.148869722131092563e-01 1.155464817290242779e-01 8.553284453697787559e-02 9.359319565585175194e-02 7.671656225254794292e-02 1.028469085173065040e-01 8.460441105450468291e-02 1.154939753165411948e-01 1.261614023707926802e-01 8.461724635334381961e-02
1.092904900214247410e-01 1.097369546369348775e-01 9.034936613504108982e-02 9.735563033082307582e-02 9.103063894283545954e-02 9.739039373115919440e-02 8.987081439592839449e-02 1.097135506110910597e-01 1.153862939941002058e-01 8.987586720066195745e-02
1.144992558101061153e-01 1.151446029428016410e-01 8.959977594854522109e-02 1.006707255134363377e-01 8.469612553187337578e-02 9.307381245281730331e-02 8.879084908680036359e-02 1.150088664063698973e-01 1.097015380690613967e-01 8.881444823818836209e-02
1.096669372466878289e-01 1.102519143916085159e-01 9.188156384197665449e-02 1.019305360857296339e-01 7.614560503661910174e-02 1.026722934122808184e-01 9.002108920537263415e-02 1.101195410274213721e-01 1.172690234675039522e-01 9.004149628479948819e-02
1.110344719817660392e-01 1.111431119378497034e-01 9.125451412506144222e-02 9.797841632714968108e-02 8.331312537318283362e-02 9.731412622813484514e-02 9.079476873502177747e-02 1.111872068324207818e-01 1.151777582275356204e-01 9.080250023187727559e-02
1.151025939015688504e-01 1.158160932620161399e-01 8.735176819813106341e-02 9.642707822663341977e-02 7.231311285652722298e-02 1.060942676635997228e-01 8.644333793259782739e-02 1.157439437477685712e-01 1.182519856768795841e-01 8.645581853427766750e-02
1.141012902940837098e-01 1.149386454572315364e-01 8.811164213639491316e-02 1.005440992962541441e-01 7.442343916312280094e-02 9.974937590827785694e-02 8.688066924185980366e-02 1.147464896572296250e-01 1.195967864846450707e-01 8.690756236090058096e-02
1.107536885509207286e-01 1.112299063997371495e-01 8.791681686343257029e-02 9.823163934903866856e-02 8.811139455747689364e-02 1.075136922171937570e-01 8.766954443475954983e-02 1.112001015857381064e-01 1.096947424289019257e-01 8.767847361280067808e-02
1.077667134181661546e-01 1.078229472250543108e-01 9.255316783875211506e-02 1.062026329290426813e-01 8.500409581105559942e-02 9.979156517117977743e-02 9.183441135203311567e-02 1.079160781511482869e-01 1.092787469394996408e-01 9.182964116406833188e-02
1.127573545704915609e-01 1.131696635536405815e-01 9.235349154341666866e-02 9.885656700946990338e-02 8.297523044771186462e-02 9.175534434841689513e-02 9.170159125194009275e-02 1.131076558223380740e-01 1.116057634544677379e-01 9.171733799810659338e-02
1.080951171594322358e-01 1.086705007353995639e-01 9.451787804533118287e-02 9.956100981354976120e-02 7.675372343259566355e-02 1.032023203765409791e-01 9.233939921469275225e-02 1.085231092853109064e-01 1.159770242486647673e-01 9.235991768848211825e-02
1.156894413960853490e-01 1.166063957754714941e-01 8.685792197574368489e-02 9.851503553325401119e-02 7.785453851829378380e-02 9.704738190040967938e-02 8.619402840770358509e-02 1.164420639201680929e-01 1.185782563160223402e-01 8.621493625684793771e-02
1.131410352617535087e-01 1.142096849054681090e-01 9.114158878517518436e-02 9.857321837330093595e-02 7.246376025135962962e-02 1.022801039613393664e-01 9.020599926905450983e-02 1.138969493750376788e-01 1.138455184888318844e-01 9.024214132867915128e-02
1.103542846254960130e-01 1.108737297366283459e-01 9.218721362729699609e-02 1.003037407487880756e-01 8.060715115768848915e-02 9.480037032357854776e-02 9.187290684978868804e-02 1.107177897168392933e-01 1.163827690441730234e-01 9.190004416972250012e-02
1.162914592373121975e-01 1.171496797912102705e-01 9.071426065569206110e-02 9.890566647166827707e-02 7.618310688339385850e-02 9.003971696949085446e-02 8.978791801897156866e-02 1.169759674463170668e-01 1.141418950655903458e-01 8.981032946035352738e-02
1.113285102373831187e-01 1.121019563563265403e-01 9.297705836146508140e-02 9.839584880985617621e-02 8.019490440639762130e-02 9.899508012749544394e-02 9.154194613397240166e-02 1.119863830129442239e-01 1.109274802485665512e-01 9.155083230559284135e-02
1.080467688524973241e-01 1.085989690726662377e-01 9.355206416886165111e-02 1.008546691345861973e-01 8.415759349933980837e-02 9.615435632087927786e-02 9.225847471462965410e-02 1.084312671997093858e-01 1.156614881539678730e-01 9.228434888286260462e-02
1.103107806909498084e-01 1.107504001627264284e-01 9.365887031290474896e-02 9.916110657100465908e-02 7.914297205561421356e-02 9.532849521408799653e-02 9.261233645624565580e-02 1.105959880032876680e-01 1.157967649469799354e-01 9.264228558619889975e-02
1.108631190355401086e-01 1.110238289234032616e-01 9.052495142826448571e-02 9.802149529099338232e-02 8.462278262837896747e-02 9.355384842450079064e-02 9.052108035859196544e-02 1.110420923410840449e-01 1.192951546527420276e-01 9.053164691650095186e-02
1.137345353654536234e-01 1.139934703040326458e-01 9.110698692182839231e-02 9.898504853238516976e-02 7.924331020623789912e-02 9.003853832375970090e-02 9.116607725831560316e-02 1.139446418761370788e-01 1.166000566934220911e-01 9.118733451842783722e-02
1.160184650578678089e-01 1.168062043063648470e-01 8.701226280629406618e-02 9.406935140481970103e-02 8.137433855384054726e-02 9.925876544984595096e-02 8.655484758227130482e-02 1.166977562082980591e-01 1.156366660851251421e-01 8.657134254527257267e-02
1.139920768923115002e-01 1.146647106867305088e-01 8.537147661906450968e-02 9.544216259768986688e-02 7.827891576838819088e-02 1.124890714433451899e-01 8.500025291368129565e-02 1.146160504118039075e-01 1.151345923670001187e-01 8.501069029998488402e-02
1.083658448987836753e-01 1.086257642620427899e-01 9.828009065996651250e-02 1.002972207957036344e-01 7.797504756288861638e-02 9.385059897326859801e-02 9.565621172127272698e-02 1.085628585149130687e-01 1.127150411586538975e-01 9.567132145250641095e-02
1.170991372369932920e-01 1.175440198948842080e-01 8.807052188743931531e-02 9.607198867051217062e-02 7.513381965797696904e-02 9.407513004136659751e-02 8.774089207282806391e-02 1.174694259619138426e-01 1.190302779481768880e-01 8.776478662790854202e-02
1.110837994455618205e-01 1.116250535055284404e-01 9.098488389178500946e-02 9.895555096240236936e-02 7.772263671371322513e-02 1.017163496854433524e-01 9.031630532527522293e-02 1.114575179622568357e-01 1.157915079311015727e-01 9.034639457693219300e-02
1.163062247489562995e-01 1.166849631240406276e-01 8.868987906646383368e-02 9.834480281841596894e-02 7.844940012587670042e-02 9.822189485832392986e-02 8.836859797300868069e-02 1.166500671149787033e-01 1.098970844990618118e-01 8.838708567087341650e-02
1.142381848092057089e-01 1.151784165094866391e-01 9.235407325314777538e-02 1.018179680729415781e-01 7.229501172439933843e-02 8.882196600897143690e-02 9.085815584648163079e-02 1.148609371727447176e-01 1.186742743194121319e-01 9.090101228320902893e-02
1.179538613143061576e-01 1.183634290490505753e-01 8.752194141255198456e-02 9.711119330782885806e-02 7.388913440951629108e-02 9.246058337944350336e-02 8.750818603427940046e-02 1.182942202884095517e-01 1.193640535516497236e-01 8.753339725296399587e-02
1.102005013422443641e-01 1.107249932904807999e-01 8.949328408800742707e-02 9.534209390998389655e-02 8.364350358713869282e-02 1.018139096214270151e-01 8.880504765441847581e-02 1.106929665083518644e-01 1.204731705920305401e-01 8.881052940591692424e-02
1.120984972279056441e-01 1.128532962646310450e-01 9.246494129324439593e-02 1.000743901523820506e-01 7.914074516019027616e-02 9.584151710182069184e-02 9.138104627096944876e-02 1.126706340595420297e-01 1.120702842334021787e-01 9.140464823591215593e-02
1.119365800593592059e-01 1.125826738683973205e-01 8.937649242787389092e-02 9.482928732553129458e-02 7.675242679643078103e-02 1.058079850056949794e-01 8.859184214184585848e-02 1.124493165041349635e-01 1.190604302897469990e-01 8.861296558098472054e-02
1.068182319150315085e-01 1.070318310403908790e-01 9.243036485481513631e-02 9.625106659281049137e-02 9.609924804170963397e-02 9.542413974697920576e-02 9.383810406396840553e-02 1.070368038538228872e-01 1.112292881725849419e-01 9.384092171788692427e-02
1.139051903415393141e-01 1.146497068462334762e-01 9.149767229310035166e-02 9.858012959825196431e-02 7.446370057144480192e-02 9.968749976937303636e-02 9.040751512263831002e-02 1.145570326037263637e-01 1.118343731448493972e-01 9.041717970884299849e-02
