8.750662936163312866e-02 1.009777480285506401e-01 1.184773146122427151e-01 1.183435107862556984e-01 9.292548150621866843e-02 1.185850340008059584e-01 9.294822449452931623e-02 1.168103207234469643e-01 7.626572134815497173e-02 7.716001513816196644e-02
8.740897307404457695e-02 9.753601450947570195e-02 1.207604359283424023e-01 1.205573016688065435e-01 9.095188779421678471e-02 1.212081383173489318e-01 9.089337301795358259e-02 1.108778056307970772e-01 7.863368074957557963e-02 8.117238930943884712e-02
8.644476485667194898e-02 9.934888947773158618e-02 1.170368317345894249e-01 1.169037770882555144e-01 9.374674428811337334e-02 1.173114486845512477e-01 9.371628812548969678e-02 1.088636649734092826e-01 8.313561407606538667e-02 8.349197669512251063e-02
9.528633434087824261e-02 1.007441426638655962e-01 1.182392483469564409e-01 1.180354701087037717e-01 8.967990721252690201e-02 1.184611634711620065e-01 8.966617926179203113e-02 1.184572647564538644e-01 7.476097434512890549e-02 7.666931549253225286e-02
8.790110665403082224e-02 9.721282901235180074e-02 1.233581145579244337e-01 1.232673825069093704e-01 8.951595441148577081e-02 1.238194360862800159e-01 8.951726978863185080e-02 1.125404936249697618e-01 7.538812207992877379e-02 7.747929127748738598e-02
9.533398607169001060e-02 9.486706266988283176e-02 1.132615536308227422e-01 1.133463221389327119e-01 9.076469070206069634e-02 1.135440500943044190e-01 9.081619844414082210e-02 1.040674908195128312e-01 9.156573498665174227e-02 9.243291044200120654e-02
8.703867400543674471e-02 1.018773859432924173e-01 1.218888320011998899e-01 1.217774108081583623e-01 9.048725817167441177e-02 1.220512409153682171e-01 9.053418536705105935e-02 1.142925616111041959e-01 7.484514551528763382e-02 7.520730566142704021e-02
9.773821073180954944e-02 9.763860389707659793e-02 1.177774012183347846e-01 1.176103495106653046e-01 8.971361656588734690e-02 1.180149263073884958e-01 8.970714505097535096e-02 1.133718908960137106e-01 7.739206918192567675e-02 8.103578663992319631e-02
8.779212059707870719e-02 9.930142600546919274e-02 1.160173042334945587e-01 1.158511417535058180e-01 9.273404991299223632e-02 1.161283245183348245e-01 9.273162888248560887e-02 1.109599166887721838e-01 8.396354088077535860e-02 8.452054652709146965e-02
8.851837631334356915e-02 9.991368615032861222e-02 1.192873503144388780e-01 1.190901484692159368e-01 8.993188383472407177e-02 1.196749618661408221e-01 8.988711328158419112e-02 1.144566235041305918e-01 7.940390217618320534e-02 7.983595408991008002e-02
9.082066219541826135e-02 9.777221656358424384e-02 1.224360312571741022e-01 1.222360240624010413e-01 8.725515373252339113e-02 1.229952987766527589e-01 8.720780662998975363e-02 1.098232638777572878e-01 7.894016823782558367e-02 8.051337466667360387e-02
8.527405990293494831e-02 9.887776839773650128e-02 1.227673993960151783e-01 1.224896996885265349e-01 8.949772896947973122e-02 1.231898341777870470e-01 8.944006515477222197e-02 1.205019637115585657e-01 7.242554147205296222e-02 7.553593912913639241e-02
9.298091968831993792e-02 9.977175706276547595e-02 1.155742643759308519e-01 1.155376195905199327e-01 8.836483595350960729e-02 1.156366535143295987e-01 8.844362663998014962e-02 1.208883408292117934e-01 8.116615756558936967e-02 8.163582477984325514e-02
9.496532472015156712e-02 9.770780207670155815e-02 1.223358142691549078e-01 1.220841545931792144e-01 8.658994591614162240e-02 1.227919243788762466e-01 8.655046645017097640e-02 1.226629307285512921e-01 7.049352029744127002e-02 7.381811656963140067e-02
9.389913815928599417e-02 9.917242958910768569e-02 1.220988777536659298e-01 1.219218023128385703e-01 8.845219683237746933e-02 1.224303731623601482e-01 8.845121563795810271e-02 1.186392193889139884e-01 7.139632040228267862e-02 7.353842676120943278e-02
8.760647511705135781e-02 9.724570974253990419e-02 1.227167843132547648e-01 1.225436333376627024e-01 8.930526217785635101e-02 1.232494429409412701e-01 8.926091175742595363e-02 1.150398480122323541e-01 7.516153832329081075e-02 7.787039427774447575e-02
9.158472531398134664e-02 9.854644301270708284e-02 1.168698134317896764e-01 1.166736541390613058e-01 9.104701013992609615e-02 1.172608008083809716e-01 9.097995584821608195e-02 1.150452893793726117e-01 7.896179907146114174e-02 8.303050885510364354e-02
8.998693069328790595e-02 1.023227940229369248e-01 1.174720712227970837e-01 1.172043253950506986e-01 9.539334719533595908e-02 1.175730046215450186e-01 9.534447446610194721e-02 1.110879452772513265e-01 7.649416608367572146e-02 7.712094102201740020e-02
8.133340858411894359e-02 1.026764555167868770e-01 1.245616467154545964e-01 1.243088826100029326e-01 9.000793994804658082e-02 1.247912103810671913e-01 9.000677445154349476e-02 1.177481113814797115e-01 7.132419886061726333e-02 7.324137155088239481e-02
9.455740788241961958e-02 9.955104175079368400e-02 1.194138229602390022e-01 1.192600965695210236e-01 8.724971183549141973e-02 1.196203757337849088e-01 8.727666525070171266e-02 1.166998215828567026e-01 7.572063472725547306e-02 8.065042170693643986e-02
8.510987379118727103e-02 9.887028821638203790e-02 1.234802215992774482e-01 1.233089530373634168e-01 8.886533705247447179e-02 1.238797832164306723e-01 8.885674651950564717e-02 1.146105100498898410e-01 7.535309821522127860e-02 7.766518830226792902e-02
9.423591281685084198e-02 9.914361833679004310e-02 1.167332716672445231e-01 1.165121770686234209e-01 9.145437747975203313e-02 1.171155190447933647e-01 9.137615841957265339e-02 1.100994079651129026e-01 8.086420923197225330e-02 8.246534796928799149e-02
9.049182107506399675e-02 9.641348636229193914e-02 1.182848239886461622e-01 1.181343786974502208e-01 9.120841278233102201e-02 1.186713052312703270e-01 9.116719435270664862e-02 1.126831692688837760e-01 7.976216162187722836e-02 8.318324661947867904e-02
9.960935065779626119e-02 9.704440139736190962e-02 1.198947757299288486e-01 1.196993850299717249e-01 8.850137461202596534e-02 1.201843917110021337e-01 8.849126322440491188e-02 1.149460571251972457e-01 7.431685170490988368e-02 7.731214880740112927e-02
8.361666801867224941e-02 9.708894826104447207e-02 1.195713459897127934e-01 1.194844148972673686e-01 9.043234059324536944e-02 1.198441177648409545e-01 9.045244899415820494e-02 1.160344108554698522e-01 7.963559239181540461e-02 8.383971223377327531e-02
1.277426629475114372e-01 9.579977541768858185e-02 1.184469789803639095e-01 1.182028525116392281e-01 8.657341833432739830e-02 1.186412145074328683e-01 8.657058043930951352e-02 1.146582709426254287e-01 6.588844897549395174e-02 6.747579694360766878e-02
8.589845527293635263e-02 9.934504524957990523e-02 1.167181191131498597e-01 1.165563122185588885e-01 9.388666715552181075e-02 1.169655308264858501e-01 9.384878256809080221e-02 1.124151693992444523e-01 8.214081635505482426e-02 8.222510184137728217e-02
9.051194809180407308e-02 1.029555514715062708e-01 1.156556352383564662e-01 1.156073292108618783e-01 9.210595968728574334e-02 1.158966739361246001e-01 9.211963361716209164e-02 1.106979138712594068e-01 8.161183812992299502e-02 8.283751674571651624e-02
8.971980507097458701e-02 1.000557187230506628e-01 1.192660883834862073e-01 1.191067782842448186e-01 8.955857591866744905e-02 1.196535560109549534e-01 8.952979067847152694e-02 1.142520410953346138e-01 7.867817105511655529e-02 8.017947477969863956e-02
9.537368474836165066e-02 9.899898531681557146e-02 1.143727382010087945e-01 1.142333866889317234e-01 9.140170447317845503e-02 1.145641668205150260e-01 9.138870593220546623e-02 1.120977746584224388e-01 8.334171194130511606e-02 8.422714121925579944e-02
8.498979107662429922e-02 1.005376695695249095e-01 1.233496473745247096e-01 1.232082984500038614e-01 8.941534641893481017e-02 1.237449323607223289e-01 8.941397654320962229e-02 1.152411421433644501e-01 7.496825413965613194e-02 7.513094192343486299e-02
8.841541704950076075e-02 9.999494115251326976e-02 1.186827860171329185e-01 1.184611385040121173e-01 9.116701290728682072e-02 1.191101277470949099e-01 9.109217567874068611e-02 1.164343992540875644e-01 7.766556740348762311e-02 7.897643428614324612e-02
9.025469214928143191e-02 9.972543059068653126e-02 1.196848065749780698e-01 1.194749590589178762e-01 8.941078517600857534e-02 1.201178294893489873e-01 8.935697380592121097e-02 1.187127839849819316e-01 7.536929651729339097e-02 7.789244265258192523e-02
9.262190333155122246e-02 1.061649338590915370e-01 1.060224734862466184e-01 1.059658807807010716e-01 1.033945166071217892e-01 1.061067808006174173e-01 1.033262663464701858e-01 1.045943259309578682e-01 8.590575016349265292e-02 8.589716869374965091e-02
9.554480220489716680e-02 9.642149642876778060e-02 1.143201614301635749e-01 1.143135944609883908e-01 9.213326656295130201e-02 1.145128394638210700e-01 9.216898130311805548e-02 1.073525309291796237e-01 8.558711578420873101e-02 8.764521143190423524e-02
9.443486512326501603e-02 9.902781010101034675e-02 1.209034428877630574e-01 1.207457356782786484e-01 8.516595474753510531e-02 1.212709882453689852e-01 8.517614412526734735e-02 1.173584768110214754e-01 7.655718243156582614e-02 7.935939984892421972e-02
9.544331407825366875e-02 1.007518041422580668e-01 1.200317462713770544e-01 1.198867765476517994e-01 9.113533757183214790e-02 1.202033608302581214e-01 9.115593508130008515e-02 1.216473271529910638e-01 6.931615040406066686e-02 7.042824792001731171e-02
8.159497279780879297e-02 9.929700632642812774e-02 1.227051587133905358e-01 1.225300368654772820e-01 9.042108646376491310e-02 1.230439699575697071e-01 9.041106790881843491e-02 1.147033387516928765e-01 7.661825375092451429e-02 7.867510846412487102e-02
8.977938023292854341e-02 9.395508860299206511e-02 1.252459169508627068e-01 1.251352213788594070e-01 8.597155775305040382e-02 1.256755585582693957e-01 8.600108555256250065e-02 1.160468262722827160e-01 7.443438375295059750e-02 7.775498094524167791e-02
9.176990118464159463e-02 9.724454087604766928e-02 1.236476756241312314e-01 1.235323176941661022e-01 8.624663053561565373e-02 1.241231964131294108e-01 8.625645493683363474e-02 1.203989208635120600e-01 7.233448512597336066e-02 7.444587674594925486e-02
9.009840487056779146e-02 9.793806087004247596e-02 1.218691724350274563e-01 1.216999367691172923e-01 8.821340657905961391e-02 1.222601164254445288e-01 8.820262503582730618e-02 1.128987145797373942e-01 7.660982785252999638e-02 8.020973458264617217e-02
9.468419339430420023e-02 9.959540964904532723e-02 1.174608184492701851e-01 1.173068999637096738e-01 8.983196424994699392e-02 1.178640554102340227e-01 8.978953400300744569e-02 1.162596438110318903e-01 7.688748621116087145e-02 8.031999485828934804e-02
8.497968984417843263e-02 9.883822432443618855e-02 1.227755677031018428e-01 1.226513011418210453e-01 8.794585630820839217e-02 1.230136880483159584e-01 8.798841652325853357e-02 1.140241944716070127e-01 7.580932676830266781e-02 8.197373486676991228e-02
8.955639839412309067e-02 1.005158570760710107e-01 1.201436882541146167e-01 1.198989286300710388e-01 9.049611118851977332e-02 1.204966431141060446e-01 9.044327030071734608e-02 1.164896661495099378e-01 7.519301765070948718e-02 7.676641924205759859e-02
8.960574118979222624e-02 1.037448694688289236e-01 1.171914306873697992e-01 1.170424924928912119e-01 9.400727734294803128e-02 1.174202918307050841e-01 9.398120153209063576e-02 1.161583954756316567e-01 7.501905766273436749e-02 7.582924231700803597e-02
8.721439827956865842e-02 1.025635570437959665e-01 1.173952664148999320e-01 1.173481723835496371e-01 9.086279469686070476e-02 1.176049548794093763e-01 9.089959989704325671e-02 1.117811203955882543e-01 8.177401075590783053e-02 8.255612525337642504e-02
9.140192622541368217e-02 1.009807771635248541e-01 1.201026443266152988e-01 1.199984105587846434e-01 9.219188956153867576e-02 1.201811926665710822e-01 9.224425528252137851e-02 1.226574066433372551e-01 6.899478665499297891e-02 7.124671091670020662e-02
8.182947393108545853e-02 1.006894516255020383e-01 1.221760942782906811e-01 1.220190973068850382e-01 9.033715184437027257e-02 1.225118496874372381e-01 9.033185986316520644e-02 1.206854528189631182e-01 7.409606173379887362e-02 7.532350691050206104e-02
9.226903684910021941e-02 1.007567225004571410e-01 1.168450425513320040e-01 1.167612915001930152e-01 9.238512546378589707e-02 1.171014402142875332e-01 9.238568368578202461e-02 1.101010879057867653e-01 7.958222935236332340e-02 8.181233997691200743e-02
9.179500515091552904e-02 1.045716883182899598e-01 1.164341028867564021e-01 1.163254652217809576e-01 9.308479146850257013e-02 1.166772396885001756e-01 9.307256013625037072e-02 1.087375234846575389e-01 8.177701113637270147e-02 7.752461250797379466e-02
1.013173486942512413e-01 1.054453408646094797e-01 1.051511635651562471e-01 1.051951262528453834e-01 9.676742862967065151e-02 1.052928837268956724e-01 9.676860723738628378e-02 1.032953948257820664e-01 8.959486183347538379e-02 9.117184436992757657e-02
8.864248340058429598e-02 1.008939246603592493e-01 1.175358712184496196e-01 1.173186099669223242e-01 9.106847841542013711e-02 1.177818075513760165e-01 9.103172618985802544e-02 1.115354209866601942e-01 8.198748377299441836e-02 8.220419383737571917e-02
8.934420290135891562e-02 1.051366686432119307e-01 1.129415057309534898e-01 1.127671740896201980e-01 9.495801137175952089e-02 1.131871083310902887e-01 9.488528923377671787e-02 1.109387500384616532e-01 8.256988440797317919e-02 8.327140525179412001e-02
9.665600544639406377e-02 1.003385887822279554e-01 1.141990996571499717e-01 1.139491177224929985e-01 9.285078602295950001e-02 1.145797383191288349e-01 9.273442746617915899e-02 1.086472374874009050e-01 8.047249372187202654e-02 8.557250537419452963e-02
8.976971802669306277e-02 9.765891376301026605e-02 1.221252232172353458e-01 1.219742127946864124e-01 8.861383290679770985e-02 1.225755393412372857e-01 8.859563809953757696e-02 1.166703877982531862e-01 7.450890937525607438e-02 7.750762467729307992e-02
8.990315241943067082e-02 1.009773974007480007e-01 1.228841449983160000e-01 1.227254740376868825e-01 9.019711647547191957e-02 1.231158211683617137e-01 9.021838968252821056e-02 1.206233326907790171e-01 6.803579078844064487e-02 7.131938033823695400e-02
9.006023572122315302e-02 9.783480411192330140e-02 1.234864613790143950e-01 1.234061346876578480e-01 8.596826175270505521e-02 1.240240235728771040e-01 8.597763681485090514e-02 1.179740516531895128e-01 7.447704521710252212e-02 7.679134508945620330e-02
9.481050665524548560e-02 9.882954104595768896e-02 1.205942992827470500e-01 1.205235391951425955e-01 8.808751358042880841e-02 1.207808258981184213e-01 8.814883097729345196e-02 1.223091816750269123e-01 7.169999565616398673e-02 7.421576603387561311e-02
8.847874908534776595e-02 1.006178575586496315e-01 1.190856450253684057e-01 1.189472342084376133e-01 9.139587602125692767e-02 1.193274709121332350e-01 9.139637183545316901e-02 1.165005582117102506e-01 7.676703851806757073e-02 7.748319862357551380e-02
9.318615358525889070e-02 1.036274425588241122e-01 1.139327850025753097e-01 1.138663989747758648e-01 9.537218891056720160e-02 1.141642526682123127e-01 9.535305704952608263e-02 1.106413799048339697e-01 7.737413227811960892e-02 8.248220906730661939e-02
8.663219583667873536e-02 9.590471686010072772e-02 1.244905698071634009e-01 1.243648468410053637e-01 8.544144597245494077e-02 1.250215182778224021e-01 8.544568694702500689e-02 1.114520808041941230e-01 8.120237180212158679e-02 8.004456685143372663e-02
9.524565103696061574e-02 1.056824884313836144e-01 1.094629075753979913e-01 1.094779968626313771e-01 9.475047411388398677e-02 1.096575140658134773e-01 9.475654666164107232e-02 1.098049023635514904e-01 8.556118856081058877e-02 8.560033032792577212e-02
9.081314787750861817e-02 9.674419579112562839e-02 1.191919198902500338e-01 1.189562953784356475e-01 9.037425066649229510e-02 1.196452651638503090e-01 9.029695315090321972e-02 1.124846388818667442e-01 7.851995085315725820e-02 8.297338234641023214e-02
8.707025088801605139e-02 1.010881482025269562e-01 1.194664504913890979e-01 1.192327251358121509e-01 9.276648761498823559e-02 1.198215656835312642e-01 9.269794250556276372e-02 1.117701395427124766e-01 7.859217240861821052e-02 7.749411752684277899e-02
9.869399565625576465e-02 9.671529599107263342e-02 1.130045216357986604e-01 1.130180316803368890e-01 8.788210973836141360e-02 1.132594721121349263e-01 8.792519834798351308e-02 1.091787375704274810e-01 9.042287994506550963e-02 8.989975732256318131e-02
8.107603811385566406e-02 1.012805779609014523e-01 1.202817393294383225e-01 1.202110189991299066e-01 9.199246518363064784e-02 1.204743836133199963e-01 9.203246207005764956e-02 1.172714329775202541e-01 7.739876949698738795e-02 7.798111225515878819e-02
9.042352152206659111e-02 1.027794380491067333e-01 1.148455482689223900e-01 1.148102257626486961e-01 9.317702829943955156e-02 1.151655129123417276e-01 9.316575224374662456e-02 1.201001620447969820e-01 7.773801211103960329e-02 7.779479878589110053e-02
9.606353908932196983e-02 9.872540375611334185e-02 1.152879671826621544e-01 1.151345546679422294e-01 9.163845321739033656e-02 1.155129363035752310e-01 9.161520984519865018e-02 1.165797454921752851e-01 7.800941970669815484e-02 8.143277073892264684e-02
9.300712660838945933e-02 1.010743450738382232e-01 1.182888601072045465e-01 1.181542288067577023e-01 9.148276773433697273e-02 1.184834183951463948e-01 9.149118564220516669e-02 1.146415980106746391e-01 7.461030399660942281e-02 7.876616562483748640e-02
8.546774890479155729e-02 1.011843821834649271e-01 1.165366791569068805e-01 1.164394802307457399e-01 9.225235364192475862e-02 1.166618713832513754e-01 9.227901040784838860e-02 1.120411774265875071e-01 8.398128239835166153e-02 8.315601426612720393e-02
9.635197627173940071e-02 1.017648648168763686e-01 1.158299972361370167e-01 1.158241221948573402e-01 8.952085236370053989e-02 1.161784773977482393e-01 8.953967798932437050e-02 1.087187337033841961e-01 8.288091033882941105e-02 8.339038768740315855e-02
9.257501313925743658e-02 9.806331958794418935e-02 1.204974858273348409e-01 1.202740341252410555e-01 8.975524669348151907e-02 1.208176590936337336e-01 8.972420091482469218e-02 1.147880856417819312e-01 7.537184260593725316e-02 7.813311237056336234e-02
9.709371852663883917e-02 9.921518169411508437e-02 1.144807315048193552e-01 1.143374325241055950e-01 9.230283904844809040e-02 1.148239809720856958e-01 9.224514654529175628e-02 1.163914071583768417e-01 7.856105938408480815e-02 8.054850264203396171e-02
9.210101862536428097e-02 1.011222179261410115e-01 1.187760590383189208e-01 1.186916845073680005e-01 9.031257679086528156e-02 1.190851662835367003e-01 9.032193471497147741e-02 1.214536272839801812e-01 7.388449664933309513e-02 7.425121818012102304e-02
9.317521353748571544e-02 9.732957237139171214e-02 1.214728242763378624e-01 1.214296027750854656e-01 8.811497706050241963e-02 1.217869134783590157e-01 8.816210954009787160e-02 1.187058062811141984e-01 7.348184189915765718e-02 7.634113878046805413e-02
8.397321416080642809e-02 9.581888934836983729e-02 1.232759226900900507e-01 1.232420789456652316e-01 8.967291513948126569e-02 1.237380218541530297e-01 8.969225926392475345e-02 1.135507025147554638e-01 8.147227480359942042e-02 7.556372127915456094e-02
8.869021391135487042e-02 9.990041832717237724e-02 1.220509135105614235e-01 1.219698309303216960e-01 8.826945943680686302e-02 1.224688576210672675e-01 8.828354762252389742e-02 1.220606134323126285e-01 7.118765556218623058e-02 7.511848964569278753e-02
9.464972279586818249e-02 9.835276501892700751e-02 1.185525735042490536e-01 1.183244126193274404e-01 8.925081624781272538e-02 1.189630100455408984e-01 8.918977652914848731e-02 1.102448032594166016e-01 8.033714499410650467e-02 8.213497498560312637e-02
6.103284616105413701e-02 1.097008243927820870e-01 1.406093202559559052e-01 1.397631427130930915e-01 9.039988360778117293e-02 1.403135274601752802e-01 9.039579805967731807e-02 1.297901863437797843e-01 4.885795575682738007e-02 4.913651524887390626e-02
9.156620858754192793e-02 1.046105561640756770e-01 1.164073060843367619e-01 1.162739725829749216e-01 9.351858340760882404e-02 1.166882228847685998e-01 9.348423146729148425e-02 1.147218235372837458e-01 7.529739448708765159e-02 7.743170079703040609e-02
8.952492829244609873e-02 1.006332802492563017e-01 1.181627043778629566e-01 1.179456835167908002e-01 9.197893757754269095e-02 1.184397168131124389e-01 9.193273295833308267e-02 1.152652171111334112e-01 7.749686285931921270e-02 7.861993624420303417e-02
8.899360547888517103e-02 9.836510155525331200e-02 1.209446955917950345e-01 1.208279101887402562e-01 8.870456332032962410e-02 1.213458438494956354e-01 8.870194439256114116e-02 1.140635190237307417e-01 7.739614269498440446e-02 8.065667390422469329e-02
9.727890346134050736e-02 9.579503787261514636e-02 1.189717401797904528e-01 1.188918388351146715e-01 8.634102247941177755e-02 1.193766136596918354e-01 8.635338438356089663e-02 1.185108283851497302e-01 7.707234122660666653e-02 8.140828951671830183e-02
8.588328423021596159e-02 1.014390414137609081e-01 1.223527011906438561e-01 1.221408306105757624e-01 8.899500808412239006e-02 1.226944419121612367e-01 8.897811940255793972e-02 1.198034282320625948e-01 7.314113949569273077e-02 7.457200542820661970e-02
9.271482050207056902e-02 1.023559773090649688e-01 1.151862440808365390e-01 1.151068481212086381e-01 9.426920035980410062e-02 1.154390961874582483e-01 9.425251758409639025e-02 1.158959897959259688e-01 7.665628519244556405e-02 7.812302086708894366e-02
8.915194964676553813e-02 1.005989961604972366e-01 1.232158697527606372e-01 1.228963814154303835e-01 9.025880684971469836e-02 1.234957240078475849e-01 9.021506468900487852e-02 1.164306043397861923e-01 7.183741458519141143e-02 7.189918855300142519e-02
9.060527135122170561e-02 9.473009180089464465e-02 1.187500276557596213e-01 1.186217957171835785e-01 9.156067721805732917e-02 1.191939166072497475e-01 9.151479844523031926e-02 1.091062701372042393e-01 8.102882703931689468e-02 8.488832402788192011e-02
8.955507671360893318e-02 9.979225543993069936e-02 1.230945217650939033e-01 1.227698453500720432e-01 8.822487369594268769e-02 1.235863181114595366e-01 8.814726616659473990e-02 1.151465422382403625e-01 7.352515095647961518e-02 7.615814956257749291e-02
9.331146359762390596e-02 9.923025535769665340e-02 1.134662329528508262e-01 1.133402214874044273e-01 9.538173754438462881e-02 1.137360086905288697e-01 9.532380791413384846e-02 1.109727843202932274e-01 7.966672888840196920e-02 8.557075924668167133e-02
8.206728357714687672e-02 1.041066912436810349e-01 1.211128244134283966e-01 1.209478026483351287e-01 8.973444846001568664e-02 1.213595995981709419e-01 8.974383470620021785e-02 1.219443259234611610e-01 7.428683120394333206e-02 7.469635822561720984e-02
9.008051901659133720e-02 1.018756647053862957e-01 1.183069799998067717e-01 1.181525520284936598e-01 9.343649069074448643e-02 1.185184648888403247e-01 9.342217888684259397e-02 1.150153964590696493e-01 7.471918875891271627e-02 7.647256456531215107e-02
9.355457280981599455e-02 9.877620428067625247e-02 1.195101926060234410e-01 1.193442494260775200e-01 8.991015285768756693e-02 1.199485579505496086e-01 8.986667461484580677e-02 1.162936187523011117e-01 7.513628552135175054e-02 7.765949118067091983e-02
9.354491017683580489e-02 1.042966272817355128e-01 1.126877413388436000e-01 1.126379643395936242e-01 9.606007262462420981e-02 1.129507724716861949e-01 9.602827307505279464e-02 1.071707895360304863e-01 8.128633560105348599e-02 8.333651355454427256e-02
8.775608151322278339e-02 9.878016306328450680e-02 1.215631845288064200e-01 1.214024523112650356e-01 8.965722815123280953e-02 1.219627825274464811e-01 8.963732617656383628e-02 1.158309215442447221e-01 7.557159601344100308e-02 7.783826417049242996e-02
8.836864277051739713e-02 1.037767754638139056e-01 1.155818693133355696e-01 1.154828936904809533e-01 9.058867311158674829e-02 1.158343164479752468e-01 9.058774370374272911e-02 1.159003122549614184e-01 8.069337507871923720e-02 8.318539816486675287e-02
8.627761632850963758e-02 9.785507590130153310e-02 1.206463189266482328e-01 1.204937104226918437e-01 8.998312990613901996e-02 1.209852652080388447e-01 8.997262816084557191e-02 1.137213648573334734e-01 7.803409152863631515e-02 8.203079875985547220e-02
9.661684463533450062e-02 1.051950593664276040e-01 1.140934577520430204e-01 1.140178532795807498e-01 9.331011879072421966e-02 1.143480656834870435e-01 9.329415941573590554e-02 1.091000133719438325e-01 7.981915492149121993e-02 8.020527278323189013e-02
8.549159228527616894e-02 9.932081345807662609e-02 1.243828352579389451e-01 1.242407795273437338e-01 8.773569404047382170e-02 1.249268826894787826e-01 8.771832310149758893e-02 1.124475715806594056e-01 7.588823716399639707e-02 7.784727089525853017e-02
8.966643701914404907e-02 9.424798404047526890e-02 1.247466323505588004e-01 1.245907770060065839e-01 8.579862108636202023e-02 1.252857026016896969e-01 8.579111364984515209e-02 1.104426308388217204e-01 7.742472485247309244e-02 8.200537655462361575e-02
9.272640743583977774e-02 1.003142186315391371e-01 1.173951973549194200e-01 1.172755092991173975e-01 8.689214167681028056e-02 1.176236026727879996e-01 8.691831595007865063e-02 1.137346717960096287e-01 8.141238242733113417e-02 8.570755275556660169e-02
8.504230479767550810e-02 9.994445747322511231e-02 1.215327653624044824e-01 1.213351701262396221e-01 9.307355733917700713e-02 1.218111106119865450e-01 9.304684920043804208e-02 1.173758296032290788e-01 7.308338272833765636e-02 7.375457275728693196e-02
9.318911748796000760e-02 1.023164605351741530e-01 1.119684464317279304e-01 1.119570025429043880e-01 9.242776257375373561e-02 1.122342091408303627e-01 9.242914980278962855e-02 1.068936113015337280e-01 8.807031226130315749e-02 8.851392792202283921e-02
9.114632891406516946e-02 9.514306622396138946e-02 1.233573085670466862e-01 1.232536453593972847e-01 8.542186539111705501e-02 1.239690541487752790e-01 8.541153394417463907e-02 1.145851357063131654e-01 7.844412324516583657e-02 7.926793849998356456e-02
8.621900809366696283e-02 9.689477550659962579e-02 1.258354138745934880e-01 1.255540479307946655e-01 9.023133783088299609e-02 1.261997012725201983e-01 9.019761379432972292e-02 1.167924508821265583e-01 7.019796414066234447e-02 7.187768667382347931e-02
8.568423025655656777e-02 1.001458161073399133e-01 1.218528720305298158e-01 1.215933401329925695e-01 9.249205632550883127e-02 1.219513558398687414e-01 9.248921499684698011e-02 1.154966662882293826e-01 7.387702247502304920e-02 7.441742554710414903e-02
9.045611245337616124e-02 9.841511384523372874e-02 1.226274718136438069e-01 1.223556296894383610e-01 9.140800186073214095e-02 1.228695426092674958e-01 9.137879736886254933e-02 1.185306023267740511e-01 6.996670580813051099e-02 7.199202222454115230e-02
1.020447545826098507e-01 1.056648462811583394e-01 1.001248880918551853e-01 1.002038591665311423e-01 1.020598626744890075e-01 1.000700118619965578e-01 1.020922710402736994e-01 9.716301538210710131e-02 9.693478058761467731e-02 9.364171033136442501e-02
1.070690282634480933e-01 9.385552493251539397e-02 1.025899537634271247e-01 1.026638520415054240e-01 9.584429268833385973e-02 1.025670109862775320e-01 9.590488514064653136e-02 1.004445143610869784e-01 9.849909600881290306e-02 1.005618418139461734e-01
9.800412516006823394e-02 1.007161551392489057e-01 1.118321685374767255e-01 1.118450501137685238e-01 9.285098308020429958e-02 1.121124248599825318e-01 9.285570466682892266e-02 1.141526026952258965e-01 8.078675634113294257e-02 8.484402940606301791e-02
9.461755066088478605e-02 9.931426022132031073e-02 1.142428518743591886e-01 1.141701573193466962e-01 9.389309869466580527e-02 1.144881061276123158e-01 9.387815951351397015e-02 1.134821034817521945e-01 7.730310581646464285e-02 8.461060629008017309e-02
9.721609752669724269e-02 9.844039319807502963e-02 1.179506244747422633e-01 1.177877565096130952e-01 9.202488770089445325e-02 1.182065100027931970e-01 9.200298840452154903e-02 1.146938990120477675e-01 7.478615181865112815e-02 7.689069135196423266e-02
8.856889878919729786e-02 1.000374346977399159e-01 1.175294653379577031e-01 1.172812429842299692e-01 9.136366546597543548e-02 1.177828711544791074e-01 9.131141316456278800e-02 1.134326117587445004e-01 8.102360037873423959e-02 8.166879626837902917e-02
8.927685667586165996e-02 1.025280289501687148e-01 1.190858680793033531e-01 1.188835915562131973e-01 9.129562960150275353e-02 1.193410729900002687e-01 9.126972940347195806e-02 1.170117809932679914e-01 7.471430995847769263e-02 7.659313179173246611e-02
8.829046011541816230e-02 1.012831894624902640e-01 1.189014227772853816e-01 1.188287652513624476e-01 9.094260499256613672e-02 1.191160273522443164e-01 9.097546556763726200e-02 1.135674091156181481e-01 7.809546551953638893e-02 7.999918984584150627e-02
8.260063079549410936e-02 1.008234209061930342e-01 1.243939962407585031e-01 1.241004420365414695e-01 9.093933950498858665e-02 1.247558149227495500e-01 9.088926798152117958e-02 1.149192648002484718e-01 7.257321135315636385e-02 7.400461145834875964e-02
9.537180921891065533e-02 1.010408914302907135e-01 1.154142854595946593e-01 1.153738639576948888e-01 8.890494557288422528e-02 1.156126416674328750e-01 8.894728985209829353e-02 1.242967240596980633e-01 7.588183574527726516e-02 7.915571303611830534e-02
9.382161351507435632e-02 1.039177642251306044e-01 1.155284562596607251e-01 1.154676584839297304e-01 9.190641957596894229e-02 1.156463977829928491e-01 9.194609811911469421e-02 1.106717508880805945e-01 7.935171763255727262e-02 8.174212351749023109e-02
8.555909436461478501e-02 1.006922270887255638e-01 1.234212411745683191e-01 1.231852421792476726e-01 8.769314968571798041e-02 1.237023718907703934e-01 8.769402375567304786e-02 1.172004630639732897e-01 7.448082595169319697e-02 7.637136084501576494e-02
8.972726375818086686e-02 1.005949313674676382e-01 1.199787342829956721e-01 1.197357536128374061e-01 9.010421969764624561e-02 1.203686480162138306e-01 9.004529636518787683e-02 1.121080483303280029e-01 7.810774672492419579e-02 7.922935784421825112e-02
8.749276604128569668e-02 9.759767203266474234e-02 1.237637742559320325e-01 1.235688999509724773e-01 8.919355606520636137e-02 1.242395223555901179e-01 8.916050869819801272e-02 1.138972167425195137e-01 7.493988761572292767e-02 7.614619624190815950e-02
8.561998844576589052e-02 9.375419614456149964e-02 1.249300188398786288e-01 1.249164820909826057e-01 8.670437957740272095e-02 1.255060546934793353e-01 8.673048561829829750e-02 1.153892366120918694e-01 7.603837346704284128e-02 8.041078451049635256e-02
9.401436795796477841e-02 9.839292100647677175e-02 1.190525566804261220e-01 1.189886645809733329e-01 8.704584587971271603e-02 1.194314244244268630e-01 8.706592201995519420e-02 1.156718769942661068e-01 7.808111034260341310e-02 8.225531011319471564e-02
9.192517938137666211e-02 9.540278542242570936e-02 1.253320104101187660e-01 1.251230372975412342e-01 8.804908879960511581e-02 1.258035314827894713e-01 8.802784135761945739e-02 1.164177054632740127e-01 7.047570632521187040e-02 7.344311406003767306e-02
8.655945052487941382e-02 1.015094770856097978e-01 1.160213695022125902e-01 1.157661745771721706e-01 9.519287716402501098e-02 1.162698093739015226e-01 9.510340516533402622e-02 1.138692983224265515e-01 7.978687007661670882e-02 7.992126820782224916e-02
8.750020281608528183e-02 9.869877881432111144e-02 1.250356260239514627e-01 1.248109527767670146e-01 8.688514911319748790e-02 1.252708495576204673e-01 8.691134626920303530e-02 1.229106596855386729e-01 6.974479880749134830e-02 7.223163613582413156e-02
8.649535350851329796e-02 1.006974512794553828e-01 1.153378863984271946e-01 1.151930198720259590e-01 9.261950513252552308e-02 1.155112932458632335e-01 9.260695858291290161e-02 1.096174901169144761e-01 8.534425581124158167e-02 8.657678605212053291e-02
9.528153346017656511e-02 1.026094764365693551e-01 1.134151823789942143e-01 1.132785369116677265e-01 9.195683986679131783e-02 1.135740885223982949e-01 9.194463133217448125e-02 1.130015641920497638e-01 8.053051774768410498e-02 8.440762915149420398e-02
9.204537981646243594e-02 9.355562806089615102e-02 1.266377784357798630e-01 1.265534212393951974e-01 8.461318823957839075e-02 1.272557281971786469e-01 8.462855942798207243e-02 1.157045657038290321e-01 7.224097055122240263e-02 7.676478032767580784e-02
9.507451955622603368e-02 9.614190868817795721e-02 1.142840121065339942e-01 1.142439972773313800e-01 8.882030179525764180e-02 1.146640617845602755e-01 8.881457812572648991e-02 1.085565874516732643e-01 8.949073718470954009e-02 8.990929602980340940e-02
9.083273418655411768e-02 1.027039184916931081e-01 1.124903455673327418e-01 1.123679039195984719e-01 9.071736931732880815e-02 1.126425216265634494e-01 9.071479031578816299e-02 1.176389856144555990e-01 8.335164529045875625e-02 8.653978567022670154e-02
9.099043489678972085e-02 1.030784848041621377e-01 1.193659357018618528e-01 1.192139809862415439e-01 9.122174001937290166e-02 1.197093305371005750e-01 9.119608467723915035e-02 1.116876936912001156e-01 7.636495068065571323e-02 7.717136400537626117e-02
9.163165387036208143e-02 9.869844436672188526e-02 1.159278743531108602e-01 1.159625368400205719e-01 9.136133698777577916e-02 1.161237067158277514e-01 9.142375030488593401e-02 1.119811848282305233e-01 8.299817080147922632e-02 8.389134093158542860e-02
9.671698567522561685e-02 9.836138775936442702e-02 1.211695960747333628e-01 1.210797795530171306e-01 8.827404786411964521e-02 1.216274883333789275e-01 8.827212793174603334e-02 1.183910667977927794e-01 7.228379183365717109e-02 7.382372817696485068e-02
8.809284008352381845e-02 1.018750251774976495e-01 1.221837965462248543e-01 1.219741812900517336e-01 8.824438013168404982e-02 1.225852963295379211e-01 8.821914399005360841e-02 1.166969052843945115e-01 7.450484491484768435e-02 7.562358625218412733e-02
1.044992259012395563e-01 9.945974858663660101e-02 1.113609013800403030e-01 1.113237072486673584e-01 8.883182227609759396e-02 1.116208053130857553e-01 8.884098149783893617e-02 1.128204553054253934e-01 8.199243911871761936e-02 8.924991337225089694e-02
8.864526082523911665e-02 1.076592887481770816e-01 1.106258648203371497e-01 1.107062384705120722e-01 9.306004355346696177e-02 1.108174608426623353e-01 9.311031701936742233e-02 1.094564823157083283e-01 8.978295752340248459e-02 8.613608588112706133e-02
8.813929609409323906e-02 1.008924597703687170e-01 1.142080466521768894e-01 1.141456103786902682e-01 9.363032779622303126e-02 1.143704282977825865e-01 9.364254247803752151e-02 1.155949441165816660e-01 8.062381077861310863e-02 8.475253363743298629e-02
9.332712391078734626e-02 1.005278587233653792e-01 1.179018833563261343e-01 1.177350257443840198e-01 9.343329825880772321e-02 1.182165823636596169e-01 9.338650952307990527e-02 1.098829786284135773e-01 7.791792741710476533e-02 7.767081207407149079e-02
8.876833028343368570e-02 9.971127963134122918e-02 1.209246543325042667e-01 1.207472231971262466e-01 8.743815520918958584e-02 1.213795555759106110e-01 8.741056138295359712e-02 1.183128966150611694e-01 7.633126352603068765e-02 7.897608024644893476e-02
9.671412460638577346e-02 1.007361186734316016e-01 1.176815317568323666e-01 1.173744962324609897e-01 9.253205937006928061e-02 1.179705660486136537e-01 9.244148464120849340e-02 1.169483380723534416e-01 7.329839045777171436e-02 7.430289014087267108e-02
8.782647309467142560e-02 1.009044411046925022e-01 1.178025506475004758e-01 1.176366266725558940e-01 9.256798615166209054e-02 1.180194197063673955e-01 9.255024889674449973e-02 1.116244905280042859e-01 7.979790123880806108e-02 8.126986195899338350e-02
8.426149204245327040e-02 1.013602830592979509e-01 1.177786509618992256e-01 1.176096117524249307e-01 9.220923300835659475e-02 1.180751347400759155e-01 9.217308916682567799e-02 1.202918867698034439e-01 7.800152781845602623e-02 7.823909068040693637e-02
9.146426443778789273e-02 1.005995751034295671e-01 1.141105239899344176e-01 1.139886708272745131e-01 9.381638243964098012e-02 1.144711746227614207e-01 9.375060006858226824e-02 1.149159766562056345e-01 8.073408900004762356e-02 8.214874285433572398e-02
8.789706811994531244e-02 1.011669054737736190e-01 1.168536212162058913e-01 1.166702383572015139e-01 9.274442244785048584e-02 1.171063141910535926e-01 9.270461810449680262e-02 1.090614401496441260e-01 8.113724728170985945e-02 8.465812465811881071e-02
8.984101960902195205e-02 1.003055688717743310e-01 1.177734453922640590e-01 1.176126032607030109e-01 9.378331595904519646e-02 1.179200228748597534e-01 9.377756386674866718e-02 1.120460185760066285e-01 7.673177900511507499e-02 8.020866258446129882e-02
8.788356019502042982e-02 9.769861498830818836e-02 1.189372336903860849e-01 1.189434282500867884e-01 9.015127905532295538e-02 1.192058608893271088e-01 9.020478378286310439e-02 1.106846911500352498e-01 8.194887837537923048e-02 8.434166962327081796e-02
8.428565424254838567e-02 1.002589029970966522e-01 1.182956385618517958e-01 1.182433810675587171e-01 9.229843761804265578e-02 1.184318603590446134e-01 9.234801084229782298e-02 1.154498839491005652e-01 8.006557088206597839e-02 8.032265948039285508e-02
9.429250958834382856e-02 9.538241349196929786e-02 1.178350962943336411e-01 1.177199664839476828e-01 8.786096278125858638e-02 1.182135768580169499e-01 8.785239091688297475e-02 1.186523284071338835e-01 7.955853633812419445e-02 8.263221883998894679e-02
1.009316114146360521e-01 9.739614615548257415e-02 1.179307878908155555e-01 1.178670293503263355e-01 8.681673147932970902e-02 1.183531990057701128e-01 8.682303093748745815e-02 1.172676002572529408e-01 7.663195547318024659e-02 7.998190803571902929e-02
8.767196489418799255e-02 1.024367604555014993e-01 1.154345478255693197e-01 1.153661202284308879e-01 9.774677237115060591e-02 1.155761785830033000e-01 9.774557815327053478e-02 1.109818365529774975e-01 7.733460517063418804e-02 7.970563576527417426e-02
8.705000027010952046e-02 9.799601825628954932e-02 1.217262771176955694e-01 1.216461966685407070e-01 8.946759649030221195e-02 1.219469044081210318e-01 8.951687481375927846e-02 1.199224221512669442e-01 7.401232900911197676e-02 7.671538081480321070e-02
9.300184141188558296e-02 1.000038975627374899e-01 1.177419272978663667e-01 1.175682067158850957e-01 9.140082369806902529e-02 1.179333404442103467e-01 9.139273206346516798e-02 1.128723630498219416e-01 7.934659180886309560e-02 7.873827594719591538e-02
9.191964980558073317e-02 1.020410878682507100e-01 1.141614786712700641e-01 1.141300087131711660e-01 9.165623305038152202e-02 1.142524115865343193e-01 9.170919821614903489e-02 1.211358086893195712e-01 7.753560363270292632e-02 8.145851976664000849e-02
8.143864680285371749e-02 1.034654991555765680e-01 1.219571970054153381e-01 1.216322119539576252e-01 9.263857541709251409e-02 1.222075278719867847e-01 9.257641165163212060e-02 1.171986424371376651e-01 7.314269379796653481e-02 7.374259390638114586e-02
8.589913372910874811e-02 9.914547124064293504e-02 1.221363079631762466e-01 1.220631467093814815e-01 8.929515440576844820e-02 1.223292817446242492e-01 8.935548840598339648e-02 1.208511850497336754e-01 7.343310134730338112e-02 7.549172940427742451e-02
9.346713048838418969e-02 9.492992195544248946e-02 1.203880261856299788e-01 1.203302741839106099e-01 8.849387403998293378e-02 1.209077345226837324e-01 8.848433941753708343e-02 1.104502219782680095e-01 7.919743313486256320e-02 8.335104409329836817e-02
9.008284235229463421e-02 1.021075824972642043e-01 1.151914478248231011e-01 1.150115903176130022e-01 9.346645163797188960e-02 1.154378209190613791e-01 9.341514801803393886e-02 1.153531841137427211e-01 7.899694328206245675e-02 8.093698903713270054e-02
9.864121276535098293e-02 9.547274055047068331e-02 1.205701764182593311e-01 1.204176751002849488e-01 8.930422448618524633e-02 1.209494551943683660e-01 8.928840265232282358e-02 1.134786897202983980e-01 7.448034524772625953e-02 7.739707786473291884e-02
9.634184610743903865e-02 9.499414684085347171e-02 1.098719963450361797e-01 1.098675404606649086e-01 9.260604767787401770e-02 1.100863821371400181e-01 9.261202984775603053e-02 1.057028659494028827e-01 9.309496076976581103e-02 9.482218386406766897e-02
9.257852196290097813e-02 1.014428252535579389e-01 1.156636903958289109e-01 1.155657592501769526e-01 9.320090736030205159e-02 1.160063783599290244e-01 9.316294061958690920e-02 1.182667458452126286e-01 7.739712463681927557e-02 7.671510631568533023e-02
