9.396801992217909683e-02 7.850243815659294078e-02 1.186566652097636176e-01 7.857445589233591487e-02 9.456230123208850258e-02 9.698169031019909792e-02 1.027635222468731152e-01 1.207289392808248568e-01 1.205442046958505736e-01 9.471776305329225598e-02
9.356377108814090127e-02 8.283459632665642058e-02 1.126780516180941605e-01 8.279385958072930929e-02 9.294003791373312007e-02 9.493465035348160053e-02 9.980383189909963759e-02 1.238398244528073622e-01 1.235181258392243075e-01 9.309325092803323598e-02
9.354721087229400656e-02 8.493679461134913400e-02 1.105357472676456732e-01 8.497537373450075870e-02 9.548543822952901272e-02 9.487466846167723344e-02 1.012687191588987623e-01 1.194874771877848657e-01 1.192815147468526127e-01 9.560705572946794073e-02
9.164947792402264315e-02 7.774455383345584003e-02 1.196978930347789294e-01 7.779343150780648752e-02 9.103017259720370957e-02 1.082449317231167357e-01 1.023785707211989360e-01 1.202654582554516377e-01 1.199749068667844559e-01 9.122060353618065276e-02
9.310612984660232572e-02 7.943354752730819035e-02 1.148712355439904936e-01 7.937620171352666176e-02 9.173567950604208376e-02 9.622526350691881780e-02 9.970347696633746759e-02 1.269587456965524386e-01 1.267826940068967345e-01 9.180702568582474465e-02
9.458349707029460596e-02 9.414570181849599151e-02 1.057815615086837441e-01 9.413966305955799585e-02 9.232500796538872789e-02 9.900111773362524348e-02 9.648272740070110154e-02 1.156024706146461523e-01 1.156806869522716691e-01 9.225756587633478223e-02
9.234379041973506119e-02 7.677136890910148115e-02 1.165397546055803868e-01 7.685157756949273500e-02 9.233449083587519368e-02 9.958385723682557089e-02 1.039837317592566118e-01 1.246435975733025392e-01 1.244805213324143567e-01 9.246730975841606359e-02
9.401575460929240124e-02 8.228632812797205542e-02 1.148307560679200645e-01 8.231937345364395697e-02 9.117881735551792988e-02 1.050356573993084658e-01 9.929298322295733448e-02 1.199738618498863429e-01 1.197288032573852745e-01 9.133766465611620200e-02
9.455257037396830322e-02 8.584843382149477675e-02 1.126707342283566060e-01 8.597776135879457715e-02 9.431871406480248077e-02 9.507685927898895661e-02 1.010165213899189701e-01 1.181332949618996014e-01 1.179059439983961566e-01 9.449916652337955747e-02
9.313487130770363442e-02 8.131363896857528306e-02 1.160796919174581221e-01 8.129609433822714004e-02 9.173843101248815857e-02 9.860285254186121340e-02 1.020957013138817510e-01 1.220739240201438036e-01 1.217685169232237546e-01 9.189627765643706980e-02
9.167526723550557810e-02 8.230176334034228214e-02 1.117346878159326956e-01 8.225561384463264680e-02 8.930711000684431189e-02 1.015447780633529778e-01 1.002750219777435031e-01 1.258980446288614219e-01 1.255649650560014818e-01 8.944274803078312852e-02
8.986309667246905608e-02 7.708615819949415915e-02 1.223005837252816169e-01 7.711536075697646153e-02 9.149852207555028705e-02 9.773527902534755174e-02 1.012520272330971749e-01 1.259261585069193501e-01 1.255096324413390307e-01 9.171318136352527017e-02
9.245349369958542896e-02 8.289506225574412579e-02 1.225353595079570757e-01 8.303942545809293863e-02 8.968715930564913341e-02 1.034309679161588280e-01 1.012481247076426477e-01 1.174949367336584199e-01 1.174430497279010804e-01 8.977242068761033533e-02
8.884183160728291451e-02 7.523389590447837616e-02 1.241909933641329039e-01 7.523839841492493963e-02 8.836742953958702518e-02 1.094195594278191547e-01 9.988868216916074738e-02 1.253249801974161137e-01 1.249387659190704380e-01 8.855546345612742842e-02
9.120259292216469083e-02 7.502087524922378126e-02 1.204989489821967213e-01 7.502533028666108494e-02 9.025685723717469244e-02 1.065934235714355166e-01 1.012987917768923413e-01 1.249816674611941292e-01 1.247100853278446664e-01 9.041142718521233412e-02
9.012142638348935586e-02 7.963745612234432447e-02 1.169818677338167467e-01 7.961097850409133703e-02 9.141609025748233253e-02 9.894759531950027276e-02 9.969565694481329066e-02 1.261737614619374837e-01 1.258796863297554358e-01 9.153548094276942049e-02
9.325140378441838795e-02 8.413155089536435149e-02 1.159731604257451393e-01 8.409414498111754399e-02 9.241817932299092875e-02 9.968150178787398008e-02 1.001989715000782960e-01 1.189911711355036983e-01 1.186881506828677824e-01 9.257176548403985017e-02
9.604424815552946304e-02 7.819693659951203191e-02 1.125569192974128913e-01 7.823713721219646700e-02 9.688590809575961527e-02 9.854098469111174929e-02 1.039944206367973967e-01 1.193717498945677385e-01 1.190139130350971047e-01 9.715778238201552841e-02
9.361213278873983801e-02 7.482221634634744767e-02 1.200204822337789801e-01 7.486931974984312177e-02 9.202720881447871981e-02 9.239462770382510237e-02 1.050854995545869586e-01 1.276354028921720951e-01 1.272775509354167611e-01 9.225555898081093387e-02
9.224860392100060758e-02 8.177867542533794054e-02 1.180454045768417060e-01 8.187106136363264675e-02 8.850646646620430325e-02 1.052088263280174379e-01 1.010582323822975803e-01 1.214221254842617476e-01 1.211989771610113287e-01 8.866162689139472919e-02
9.301773840777242952e-02 7.945786008777565301e-02 1.168163975971171775e-01 7.945463099138756757e-02 9.096496523340036333e-02 9.442496461128663254e-02 1.013179012987609484e-01 1.268567721894033051e-01 1.265829487136873877e-01 9.110582086940849367e-02
9.369488391358005153e-02 8.365048029863043910e-02 1.112437169996593894e-01 8.360989461555638769e-02 9.295888322323993258e-02 1.031018318445518916e-01 1.009585766717356753e-01 1.189909667374316748e-01 1.186561122436316645e-01 9.313465345198287948e-02
9.202521694203008584e-02 8.467450004697971155e-02 1.142233955418449770e-01 8.468094609641600712e-02 9.294866513862035107e-02 9.841041597047071876e-02 9.834432630639416972e-02 1.209341584922149215e-01 1.206904981182559539e-01 9.306787734677311741e-02
9.295069394373350891e-02 7.873975660498297446e-02 1.166953173738565497e-01 7.875782668569202005e-02 9.021749439372919732e-02 1.084403461720282597e-01 9.899846296540688873e-02 1.225494681496467203e-01 1.222596655505718971e-01 9.039096816035192827e-02
9.218814326499073786e-02 8.546202519637860484e-02 1.179056268515203260e-01 8.554549138461434166e-02 9.218348042478373416e-02 9.112661057915093232e-02 9.898564104327255142e-02 1.222365584085328416e-01 1.220911453116416134e-01 9.227527753511430286e-02
8.663122135806963775e-02 6.820934260121194748e-02 1.155975222070334124e-01 6.826469847108421196e-02 8.758048509823089522e-02 1.491749961655828294e-01 9.696205089561321655e-02 1.200574835055496226e-01 1.197191118438494517e-01 8.780308785377473335e-02
9.456969948306570561e-02 8.364886970463017435e-02 1.140710843897243532e-01 8.367207681157759480e-02 9.564525273826882112e-02 9.326676773017029964e-02 1.012814683471891380e-01 1.191442211447142629e-01 1.189041845875981329e-01 9.579637506306154515e-02
9.243914000131926711e-02 8.380943790406068794e-02 1.117162284716926302e-01 8.383612062305324797e-02 9.317704996028909614e-02 1.030111346090469976e-01 1.042711889346567972e-01 1.172985100631621369e-01 1.172084745812881912e-01 9.323271485143097559e-02
9.217906669465611436e-02 8.158236949675497229e-02 1.157269622871803516e-01 8.156748053692593203e-02 9.120028813904752785e-02 1.008867608748058864e-01 1.020560693854515033e-01 1.218637726034269980e-01 1.216085414418123373e-01 9.132868853993836300e-02
9.155083307032581275e-02 8.529355895002291299e-02 1.132996683647867486e-01 8.540241112548792313e-02 9.268587720429855015e-02 1.063034968384733020e-01 1.004631154234791740e-01 1.161882811718367436e-01 1.159858576054593055e-01 9.282690024582955501e-02
9.143211091502463639e-02 7.691570401596564688e-02 1.175226094852921399e-01 7.691803792758505898e-02 9.156462379965897569e-02 9.755775531848820403e-02 1.030821299165396027e-01 1.267785161014764739e-01 1.265445947984410180e-01 9.168391772152822972e-02
9.235172742009550850e-02 8.030144766018779134e-02 1.177320467353518835e-01 8.025923963660470950e-02 9.287132753052797229e-02 9.912783809963253423e-02 1.020688526658383444e-01 1.212945287251998017e-01 1.209522322799470029e-01 9.304075924661438235e-02
9.367821838548053004e-02 7.923554311854467957e-02 1.200090768589653356e-01 7.915848286292126446e-02 9.106092522666719979e-02 9.955571248168358645e-02 1.017647930110928967e-01 1.223219769123430750e-01 1.219944423836782088e-01 9.122082875862320972e-02
9.365109741432525725e-02 8.586542087564216774e-02 1.044170725399553579e-01 8.586692154469947880e-02 1.034469114390220434e-01 1.048081317302960724e-01 1.063317194117406189e-01 1.060958469138510302e-01 1.060160598093272816e-01 1.035008183211406640e-01
9.608138438009108939e-02 8.908617195312273918e-02 1.089487908368756003e-01 8.909453186048031659e-02 9.358052759424008438e-02 9.894212561378333548e-02 9.791248668339315453e-02 1.163883086260266569e-01 1.163586681992563598e-01 9.360700425273070502e-02
8.667807647584638286e-02 8.061626159323707908e-02 1.187468449412557858e-01 8.074388972805351949e-02 8.659234566242096642e-02 1.125564400932365927e-01 1.008351904366660279e-01 1.233771249268074827e-01 1.231269846584855249e-01 8.672684148399063819e-02
8.991328827583951189e-02 7.162791232676174458e-02 1.232873885195874541e-01 7.167454609198074811e-02 9.267195815154424809e-02 1.111319344736875769e-01 1.024892808415791834e-01 1.222923793582734037e-01 1.220848095016576623e-01 9.282650245908850850e-02
9.251645010436146399e-02 8.045247395659398115e-02 1.169264771774519984e-01 8.049220918816921144e-02 9.252666702972393853e-02 9.108187862140690316e-02 1.016968438017771953e-01 1.259493357739246699e-01 1.256786361201110980e-01 9.267902822647955396e-02
8.942168354839953592e-02 7.995013272605017152e-02 1.188696198065725546e-01 8.002102549560730083e-02 8.838722886019068081e-02 9.980622045228723649e-02 9.661478507049540976e-02 1.293209832337386955e-01 1.291221418922737507e-01 8.848617891438470551e-02
9.055953940697415716e-02 7.626728118081345376e-02 1.226010182514877950e-01 7.623775402541084489e-02 8.834141639257075962e-02 1.035981591953721165e-01 9.972255535728141718e-02 1.272246367785143661e-01 1.270142446122823898e-01 8.843339479929274161e-02
9.238200375342993376e-02 8.181038199248640008e-02 1.147587627296014490e-01 8.182907935975837488e-02 9.004678365444214461e-02 9.947900181656409158e-02 1.000847819869509908e-01 1.248463138128807909e-01 1.245770114373851989e-01 9.018587945650061166e-02
9.225736359376282558e-02 8.139486468232959293e-02 1.171540116287739935e-01 8.134404587720961421e-02 9.112466366704101428e-02 1.054023874049000442e-01 1.012108859156162916e-01 1.195589082082360033e-01 1.193095789612228647e-01 9.124329006090771410e-02
9.179121579410300102e-02 8.349553221151273519e-02 1.159611814235450011e-01 8.362624273590985036e-02 8.957423707944273117e-02 9.454177865145779736e-02 1.006958118474692576e-01 1.253986355709464373e-01 1.252090730176748656e-01 8.970629166793830933e-02
9.207867733032615298e-02 7.809390711755900827e-02 1.179894375087376379e-01 7.809557604592554103e-02 9.221203145952661107e-02 1.013617365218360961e-01 1.025935288473801832e-01 1.227623100083610752e-01 1.223995930619896089e-01 9.241320209835807153e-02
9.216207171790366526e-02 7.678085780395775550e-02 1.172242160561758478e-01 7.679085614996532250e-02 9.526732514440444666e-02 1.033207530865178775e-01 1.052717954228710034e-01 1.189955725561458871e-01 1.187759928393640890e-01 9.541055922269406353e-02
9.139566509920958592e-02 8.379252800891437425e-02 1.132379608210357935e-01 8.388064704236876390e-02 9.218860349261560894e-02 1.003800363674794000e-01 1.041427563628409547e-01 1.194056382193641325e-01 1.193210513244934851e-01 9.225511326167788739e-02
9.178283662443005586e-02 7.249350842724548716e-02 1.245122232698754883e-01 7.255974548432754523e-02 9.374415164427758740e-02 1.039177705520719780e-01 1.026510053795265109e-01 1.222991537107041143e-01 1.221570062995060296e-01 9.388259860803524481e-02
8.969905982610940076e-02 7.696965295178480326e-02 1.227610610577897360e-01 7.702227995445265485e-02 9.235640693992192007e-02 9.529842802195630236e-02 1.030518967593753998e-01 1.252962108814624220e-01 1.250499800414998364e-01 9.249502356564746897e-02
9.339889185207091160e-02 8.293207111364404860e-02 1.113520784435985955e-01 8.294488168541792883e-02 9.367412117610486588e-02 1.022799486711168382e-01 1.022485192427943640e-01 1.187747115982601687e-01 1.186362971038548292e-01 9.375847911313746341e-02
9.254668016357042726e-02 7.871467863618501759e-02 1.102237288389135428e-01 7.872720625904103264e-02 9.459255595154772434e-02 1.070641932272000246e-01 1.064255833465735657e-01 1.185879447955636434e-01 1.184184556758230422e-01 9.469897310558197945e-02
9.784167168468821396e-02 9.102829667968941052e-02 1.028922381608074615e-01 9.089487646908457619e-02 9.653153128090333213e-02 1.088451042048289019e-01 1.053358145602571599e-01 1.050551063627923193e-01 1.050969440839608637e-01 9.647841651298770527e-02
9.193783858165226197e-02 8.346355287078689733e-02 1.130292603759109477e-01 8.355873117696092922e-02 9.264449932031088020e-02 1.004372365000034267e-01 1.027766639059242287e-01 1.198109369989891343e-01 1.194989568563011584e-01 9.284232341316012160e-02
9.515877588696226852e-02 8.384606040620913581e-02 1.113243781757101147e-01 8.380093560558976584e-02 9.576954264493652003e-02 9.996758373556714761e-02 1.062639011430962788e-01 1.140975684892118758e-01 1.138438835308048652e-01 9.592737038191197219e-02
9.621233318884951646e-02 8.615946142028371724e-02 1.089067624608329315e-01 8.604585813459142418e-02 9.372209313367244055e-02 1.027718687960949423e-01 1.015191578469552824e-01 1.155556092835797188e-01 1.151858117866415149e-01 9.392104394849846993e-02
8.780352369869660889e-02 7.910302825401965832e-02 1.184630781216065021e-01 7.914896225497704274e-02 9.049076728776171696e-02 1.043623620810491259e-01 9.985065868187317784e-02 1.252120005687241688e-01 1.249586774773300268e-01 9.060694157396194381e-02
9.030590493944641584e-02 7.267131871986072522e-02 1.224691541387845223e-01 7.271361379172383566e-02 9.187698934189089672e-02 1.042826809887531375e-01 1.029148862898740524e-01 1.254823719276336180e-01 1.252486364157427701e-01 9.203444344629004015e-02
8.664361836093813218e-02 7.851429935293098572e-02 1.198980390422451081e-01 7.854329918339876537e-02 8.788931448309117433e-02 1.067913944425779582e-01 1.001700086243891424e-01 1.268871472395047550e-01 1.267151170470385557e-01 8.794776222388536735e-02
8.949388506156548406e-02 7.560726004876122675e-02 1.241806729774897755e-01 7.569404685225814000e-02 8.966289047899146658e-02 1.089815881813716164e-01 1.005991802450118822e-01 1.230658384906963415e-01 1.229531215486935891e-01 8.976151611516046402e-02
9.321895926995110715e-02 7.889854730684552064e-02 1.182508830165065056e-01 7.891979227710860245e-02 9.310064158447951821e-02 9.882057456549842023e-02 1.025741721947415891e-01 1.215941138037336111e-01 1.213854678815265986e-01 9.323684809960852693e-02
9.265060729599437772e-02 8.292975321453521786e-02 1.108427567783760448e-01 8.290238855041771882e-02 9.585170825733554945e-02 1.052499760354883712e-01 1.042768522642169293e-01 1.147464258972619860e-01 1.146348282732403134e-01 9.591470343313344971e-02
8.968930608295262730e-02 8.244194849390415469e-02 1.143441639683701189e-01 8.248188471756745521e-02 8.804628692457117101e-02 9.830435729179502757e-02 9.894657653084368287e-02 1.289192425971387723e-01 1.286864085493081289e-01 8.813982484354891678e-02
9.445786034915411300e-02 8.594055795874078196e-02 1.098785019267338875e-01 8.587939156499009574e-02 9.507875016823059966e-02 1.073476918937053270e-01 1.062136083249932972e-01 1.100706490991560926e-01 1.100688982152049911e-01 9.506409049909085585e-02
9.286186930631674941e-02 8.436957886874757451e-02 1.138294374443154788e-01 8.433936009943364398e-02 9.208081612257151827e-02 9.817578742842210382e-02 9.872730320050607244e-02 1.218615056885488379e-01 1.214973443384927132e-01 9.225699750264529375e-02
9.251033580285050739e-02 7.897563518546905914e-02 1.135172604219960163e-01 7.897049458852289927e-02 9.471157285498232881e-02 9.879399318412301900e-02 1.033788831045710926e-01 1.222930918193331912e-01 1.219438956504290961e-01 9.490483738772279021e-02
9.686207161100882090e-02 9.144676856149380750e-02 1.107592984362962829e-01 9.140806589969244222e-02 8.934364985533593817e-02 1.019913940313825762e-01 9.837182510758099574e-02 1.152393980142995544e-01 1.152278498412745017e-01 8.934967864163508022e-02
9.252836776410404418e-02 7.959520367640715577e-02 1.194379194603493455e-01 7.967167727104543240e-02 9.387394664183407178e-02 9.160920748462511587e-02 1.033749482186569063e-01 1.230281139911516414e-01 1.229143812863697921e-01 9.396623420545641148e-02
9.036372832317939030e-02 7.875829288275280893e-02 1.208419365366497356e-01 7.872012599131503197e-02 9.431263131074540951e-02 1.053639836814158903e-01 1.041897492985622287e-01 1.165975536754802477e-01 1.165140969829893819e-01 9.433790131690983349e-02
9.195590366150119266e-02 8.239727664961410403e-02 1.175237125407297550e-01 8.244404732653730361e-02 9.281609425597922569e-02 1.060455916869902648e-01 1.000743904470182272e-01 1.170023262591743246e-01 1.167774744958330058e-01 9.296318267662255497e-02
9.285500703816089441e-02 7.977238837676080274e-02 1.158186021444469194e-01 7.981565210577570846e-02 9.266654159507232980e-02 1.038864023928534469e-01 1.024504058316455524e-01 1.200624005165570329e-01 1.198660273003526455e-01 9.280657269837462586e-02
9.376999185282336446e-02 8.457102806481812951e-02 1.138563150923643519e-01 8.468223245901036755e-02 9.385530736951315511e-02 9.495696528793658164e-02 1.029727288940271573e-01 1.187496052740456831e-01 1.186103499083448198e-01 9.397547579711644505e-02
9.061848298739481888e-02 8.441359839137581311e-02 1.096781723483239435e-01 8.441052473248013277e-02 9.057763396520449040e-02 1.113938191692512986e-01 1.031232288138506786e-01 1.176238898161222762e-01 1.175751407325152376e-01 9.058550904348129651e-02
9.169176282737602490e-02 7.957734276661194983e-02 1.165200812962516735e-01 7.962000651011440222e-02 9.154047673683281261e-02 1.030780354296747942e-01 1.001145819975025053e-01 1.232288574403863218e-01 1.228981052181103706e-01 9.173074977713910338e-02
9.131008321561157048e-02 8.147245708142353271e-02 1.170849672834739230e-01 8.144362753914673181e-02 9.348727994635197547e-02 1.086457063483538960e-01 1.006432104179053183e-01 1.162689625835420931e-01 1.160417132139023172e-01 9.360199237028869745e-02
8.826652945998565702e-02 7.546140226721269328e-02 1.227958204619189336e-01 7.549440886335404000e-02 9.178026064030572750e-02 1.094440046833634606e-01 1.028811294773016305e-01 1.210802941851191333e-01 1.209338786545572642e-01 9.186227130688152942e-02
8.951980029470819888e-02 7.798285876420911478e-02 1.207417413188805189e-01 7.802773114181493774e-02 8.991303257258681514e-02 1.058159401400205896e-01 9.933868243653598551e-02 1.243907479740204158e-01 1.242971876295968087e-01 8.997227772762662890e-02
8.844627005893887506e-02 7.821247905697238656e-02 1.170518721881479568e-01 7.824820219960473833e-02 9.278094717587077878e-02 9.713170148327060494e-02 9.917697146297840827e-02 1.281216728435807528e-01 1.280196934250676932e-01 9.281019010556781912e-02
8.913495998695079858e-02 7.653559346672618446e-02 1.235864356461034014e-01 7.652978469240835635e-02 8.988410431980745074e-02 1.030926645425089272e-01 1.018553193629517239e-01 1.247915340502010195e-01 1.246349127131003154e-01 8.995469121924187794e-02
9.298935208191111412e-02 8.350284857326170651e-02 1.116580955688951104e-01 8.348467656022300065e-02 9.091250464121951314e-02 1.040411176315780423e-01 1.003645911712949396e-01 1.211528152213316722e-01 1.208042128704499563e-01 9.108978567983502805e-02
9.412936225416196345e-02 5.110816879988514666e-02 1.352699609966895034e-01 5.117627978142501310e-02 9.417212931451687807e-02 7.370886394658196505e-02 1.143006448706950784e-01 1.461846456361547975e-01 1.451030037550589680e-01 9.484694064483070730e-02
9.309927670606935046e-02 7.817400755658179823e-02 1.153348592977423565e-01 7.812846248282460937e-02 9.446495722172883192e-02 1.048313976312590656e-01 1.058589039026488765e-01 1.178647817224919847e-01 1.176593170242108410e-01 9.458403645444231345e-02
9.271142303075288749e-02 7.985854795378684312e-02 1.166780363556906702e-01 7.988271153370402056e-02 9.357564458379322159e-02 1.003727396377080139e-01 1.025146396494385492e-01 1.204769368725618905e-01 1.201611560540459117e-01 9.376816432851797778e-02
9.295572776750275767e-02 8.224251127510504022e-02 1.158211646871778744e-01 8.222568544749629671e-02 9.047245100115676453e-02 9.783580936695911168e-02 1.004378676922804553e-01 1.238203918547487181e-01 1.236188070296994901e-01 9.056958387787349130e-02
9.236026209440079127e-02 8.291448004045799680e-02 1.200387820197934413e-01 8.288941486812802240e-02 8.794449341238011475e-02 1.049834290327383013e-01 9.766586404951650702e-02 1.216714673940234442e-01 1.215179569026149653e-01 8.801385018594640175e-02
8.877448724039523065e-02 7.601964167529376426e-02 1.215961262329631060e-01 7.608553263007007683e-02 9.081244255832116030e-02 1.019073141964790818e-01 1.036682730349409998e-01 1.252318779776631363e-01 1.249132891659652522e-01 9.099101528790812243e-02
9.225075433697618732e-02 7.900643736478800416e-02 1.167047390358512821e-01 7.898131639479191723e-02 9.534455165926832010e-02 1.052432914518231649e-01 1.036402204650896802e-01 1.167704849212140572e-01 1.166385114731327693e-01 9.541969289706458968e-02
9.288889275976286442e-02 7.347372901120582944e-02 1.186378182999607289e-01 7.349704324671925415e-02 9.239626321398046460e-02 1.009637988675028408e-01 1.031110619653812926e-01 1.264086288366176869e-01 1.259558744119984586e-01 9.266688938687059340e-02
9.257488515281893371e-02 8.657016088190544467e-02 1.108207667984279221e-01 8.654689211996904885e-02 9.346531137463148786e-02 9.657126928835395308e-02 9.677379885156536798e-02 1.216713156351854480e-01 1.214488380416882674e-01 9.355676185545412638e-02
9.061361319069691223e-02 7.760109665348297048e-02 1.167505247767798987e-01 7.759912929085158173e-02 9.011438570083371569e-02 1.028988790613752369e-01 1.021703237393938035e-01 1.261943889683095343e-01 1.257071427635355065e-01 9.035051585474085378e-02
9.233313237305271204e-02 8.619711723860634667e-02 1.113976989808281165e-01 8.621027546584655865e-02 9.620164688974251754e-02 1.020086232729537634e-01 1.001800892309867574e-01 1.146775699943061860e-01 1.144833100040189705e-01 9.631053654965807120e-02
9.296877026033927016e-02 7.610217543499628312e-02 1.237356077154682515e-01 7.612133155217870595e-02 9.144881873975325981e-02 9.454603587632040562e-02 1.062433562021271871e-01 1.237353980452341184e-01 1.234911850406504169e-01 9.160732113293211520e-02
9.048517629658547889e-02 7.755380218199757481e-02 1.163347661247626508e-01 7.761939251435705234e-02 9.482365142132462288e-02 1.043701371090785396e-01 1.034736180382078430e-01 1.202939827582745480e-01 1.200692431937362553e-01 9.497623036167540667e-02
8.785023325521539028e-02 7.890138371900151659e-02 1.175042800969983148e-01 7.892348945243377045e-02 9.144706611923482387e-02 1.094422094421981378e-01 1.006289033492508422e-01 1.220005354072362103e-01 1.217302063766870363e-01 9.157169278174397131e-02
9.416187630636117800e-02 8.386878024685311128e-02 1.075198005479296032e-01 8.379742948894566834e-02 9.667910562892212400e-02 1.048716229242067088e-01 1.051319342442371269e-01 1.136737812262391539e-01 1.135793953678246038e-01 9.671627401848074956e-02
9.191089722093111203e-02 7.946067549940787067e-02 1.177087875805652717e-01 7.945291942321891510e-02 9.157971398880490610e-02 9.819719221361723760e-02 1.010196804764797174e-01 1.246097635068849352e-01 1.243503343837387143e-01 9.171003570635130608e-02
9.228353726259627687e-02 8.401647934519410055e-02 1.165777480787990733e-01 8.403719207676638159e-02 9.150355466113563319e-02 1.010557107763994100e-01 1.049984210215411384e-01 1.170416402338622514e-01 1.168844439577782363e-01 9.160127258592745680e-02
9.256485469726181969e-02 8.360524737285957020e-02 1.155063594457099996e-01 8.364183144822712190e-02 9.176148544748086167e-02 9.457034701449025527e-02 9.986718711074403509e-02 1.234142640135393182e-01 1.231739431497430731e-01 9.189448029994397305e-02
9.098574683744738156e-02 8.072515561612143842e-02 1.094979889788565836e-01 8.072517940835186034e-02 9.394464829673185302e-02 1.138501222752518610e-01 1.061001964983742385e-01 1.151411554015146638e-01 1.150144217053403056e-01 9.401538498200982807e-02
9.104110076241116178e-02 7.971837907008591517e-02 1.145713949886168759e-01 7.967704603114271478e-02 8.985796824455566378e-02 9.752499431660145712e-02 1.019033996988118751e-01 1.280016195814557833e-01 1.277469331084599979e-01 8.995716419785855511e-02
8.952883780438028460e-02 8.408888396160206502e-02 1.128104274837387760e-01 8.413752243017584564e-02 8.803551401391379594e-02 9.948166572578256983e-02 9.679961245593894648e-02 1.286212995366347311e-01 1.283485259927288069e-01 8.814771059510423390e-02
9.452800086374384125e-02 8.676184120345886708e-02 1.148732125731714848e-01 8.682317548940038376e-02 8.800456944437645701e-02 1.009396518798958281e-01 1.017080747756891335e-01 1.192070006123532450e-01 1.190255748261627167e-01 8.812889833174804288e-02
9.173424091244745948e-02 7.535628488091557220e-02 1.195076885774618014e-01 7.538261617263478098e-02 9.517205143544918422e-02 9.638802592218666254e-02 1.022678002241232537e-01 1.245660621818344138e-01 1.242741035119461768e-01 9.535112618100072268e-02
9.092174261033941773e-02 8.928575228688630239e-02 1.075044848939557263e-01 8.931406773980037073e-02 9.320642313398283529e-02 1.068385099021141871e-01 1.033236332275140612e-01 1.132174534122429160e-01 1.131721998714201732e-01 9.321573292174395453e-02
9.032936529158744343e-02 8.143244489277041975e-02 1.169968046752010160e-01 8.138379542115116438e-02 8.778404384614227340e-02 1.015827879727731198e-01 9.792048540658830624e-02 1.274679120248687347e-01 1.272541583318504144e-01 8.784820213706712178e-02
9.222568492211000168e-02 7.385515357579391926e-02 1.195852471051977034e-01 7.387097527762001570e-02 9.282431811528903121e-02 9.558550513332182696e-02 9.973898957759536055e-02 1.298385048560487809e-01 1.294224863332847641e-01 9.305313510373863783e-02
9.454541895728031664e-02 7.601565586877544189e-02 1.179102808186294482e-01 7.610549783708368821e-02 9.458642947692585956e-02 9.444780672483843453e-02 1.024176153032614750e-01 1.247371054362470671e-01 1.243878802796046235e-01 9.484630929735364535e-02
9.244180299722250249e-02 7.356559016483339708e-02 1.207334381422130870e-01 7.359673007478544082e-02 9.350856302538607112e-02 1.006668251771565825e-01 1.007269976483652629e-01 1.256967620241986883e-01 1.253119915782517912e-01 9.375129916758716264e-02
1.002326814860472204e-01 9.349775998258420817e-02 9.712860905177847504e-02 9.343958865422347104e-02 1.017896412933109868e-01 1.070307375780054082e-01 1.053996314371154208e-01 9.983222131523653009e-02 9.994345458510890678e-02 1.017056746165893727e-01
1.031966396604253738e-01 1.013577309598397286e-01 1.013347927976281926e-01 1.013265945220588604e-01 9.651010256694612932e-02 9.863885066221060594e-02 9.438009031084691747e-02 1.033476997884320153e-01 1.034495334832383762e-01 9.645796524837377262e-02
8.971681250233583260e-02 8.532172453843368809e-02 1.142501262947588636e-01 8.532810330452726688e-02 9.333814321493306976e-02 1.118956242956240105e-01 1.013566975675710274e-01 1.127434725056140757e-01 1.127279592056159713e-01 9.332133657058623577e-02
9.248432377662592352e-02 8.522379337076162187e-02 1.138801571338488861e-01 8.523510111942160516e-02 9.459346600662570104e-02 1.032048795070915764e-01 1.001218318464212748e-01 1.153577363438038628e-01 1.152359107199939225e-01 9.466280017540558422e-02
9.211971671470721434e-02 7.814472363317562231e-02 1.161612087992222181e-01 7.815613655029823859e-02 9.358108431200241883e-02 1.077442335617970481e-01 1.001689882384157043e-01 1.202165411714155863e-01 1.199744255255704023e-01 9.373294149339553294e-02
9.372867225558630111e-02 8.296658655863310694e-02 1.149344229843303755e-01 8.301847146032526048e-02 9.301437582765026413e-02 9.771242578557480518e-02 1.019787580658263609e-01 1.198817546735898298e-01 1.195280915081914502e-01 9.323644088029224564e-02
9.079573236355832633e-02 7.766501966965240478e-02 1.182502650574148439e-01 7.771982380113710842e-02 9.268388567418478496e-02 1.037498164988687743e-01 1.042349054460095514e-01 1.211627150408003117e-01 1.208697208621230673e-01 9.286811558625084062e-02
9.233454911194359516e-02 8.131255839154895304e-02 1.151971157754404645e-01 8.137770487027522204e-02 9.241755849127565592e-02 9.973122806823649100e-02 1.029824718903824127e-01 1.211296177077942765e-01 1.210109050988887047e-01 9.250629059421422440e-02
9.224516932782012013e-02 7.568850879488787931e-02 1.171512536398922333e-01 7.570924589086432122e-02 9.316014287808553618e-02 9.406390149538911005e-02 1.034335732082836828e-01 1.277899043162896708e-01 1.273599138170466161e-01 9.339838663144074682e-02
9.218001459083063898e-02 8.003974005963973570e-02 1.250449492242501903e-01 8.005586524379619540e-02 8.983549539931395822e-02 1.070136044199569564e-01 1.021792057730866315e-01 1.169136056552913805e-01 1.168394283106016784e-01 8.989809132323260676e-02
9.294581291661671574e-02 8.246750249304790614e-02 1.115575070211958508e-01 8.254707675207353934e-02 9.269827889166523671e-02 1.067657602883158446e-01 1.048840413446988223e-01 1.167183157297306262e-01 1.166283029950753586e-01 9.278740156758007174e-02
9.231570950845666146e-02 7.798429758574383641e-02 1.193585845391637035e-01 7.805437424011148206e-02 8.964029604476188295e-02 9.709079143065005302e-02 1.030467441954394103e-01 1.265029245324510998e-01 1.261601764542875093e-01 8.984610146893443061e-02
9.230547701454555609e-02 8.058938509451778198e-02 1.136143931065764778e-01 8.058999534327415670e-02 9.182418610988873908e-02 1.014269757210462808e-01 1.027126316887743696e-01 1.226424839250812443e-01 1.222770973061402811e-01 9.201737469015511262e-02
9.085957313239843847e-02 7.804258903774861922e-02 1.162231676045113460e-01 7.803861316171455120e-02 9.150678207348382498e-02 9.876745274852126444e-02 1.002561791175322764e-01 1.274842687059402069e-01 1.271684714481564338e-01 9.165290296999306641e-02
8.893424289163712193e-02 8.269694344649339279e-02 1.179722976138963958e-01 8.269503252979776287e-02 8.907278494042572548e-02 9.516197903926912338e-02 9.636453992517825251e-02 1.290549972714887528e-01 1.289656547678511844e-01 8.908152757396224641e-02
9.057540347905754241e-02 8.356183507270319166e-02 1.169738786903199018e-01 8.358544158960749815e-02 8.841479200332946764e-02 1.056975422750013882e-01 1.000547802275497111e-01 1.213948164112362560e-01 1.212660978980034387e-01 8.847541235319160424e-02
8.978124872726069017e-02 7.538503866178548896e-02 1.189238817037020640e-01 7.539108015241607896e-02 9.043424541575485753e-02 1.032535052527231989e-01 9.806676721559988430e-02 1.292527759387388786e-01 1.289185582310019840e-01 9.059289870101694397e-02
9.647597403216058576e-02 8.103750065748066556e-02 1.150636184641683352e-01 8.099946639804146697e-02 9.673578565320037348e-02 9.362289818513901130e-02 1.033056976886977535e-01 1.180761164240476946e-01 1.177147467302078754e-01 9.696819576685625219e-02
9.107170732976546668e-02 7.398343483054918568e-02 1.254914101223332246e-01 7.406583336901470527e-02 8.902793166928790747e-02 9.937223627019932393e-02 1.011772766336652002e-01 1.284497940637842339e-01 1.281273006339279374e-01 8.923307507747282874e-02
9.503045195082640562e-02 8.773564212722655131e-02 1.109556811729748710e-01 8.781257413910546761e-02 9.396578206801339817e-02 9.394671185265486557e-02 1.022382264001350655e-01 1.172034561805617575e-01 1.169961648278284444e-01 9.411530928067322888e-02
9.702698758601779883e-02 8.495700813271245266e-02 1.134413862020486607e-01 8.493832685061335208e-02 9.261655155835558928e-02 1.021816612302566124e-01 1.034716927124179758e-01 1.144001538903673676e-01 1.142068299827965761e-01 9.275940185441357289e-02
8.649908287750081304e-02 7.891492563243539260e-02 1.182448847706003003e-01 7.894161082687584097e-02 8.694208646467932455e-02 1.056872688183446013e-01 9.621351051904050711e-02 1.308724809957010904e-01 1.306836329937293151e-01 8.700051610109282851e-02
9.674898082803176647e-02 9.151662440105262641e-02 1.100411629308102462e-01 9.140970183908812829e-02 9.041740900440511930e-02 9.800317602830599384e-02 9.797578649495641834e-02 1.167700773607020792e-01 1.166720916174239508e-01 9.044498949522375431e-02
9.863497415416405678e-02 8.712439646259380333e-02 1.180101490241893258e-01 8.708897564225598353e-02 9.138692273721657489e-02 9.581672323684525816e-02 1.035993117188865609e-01 1.134970009416966102e-01 1.133228396564193302e-01 9.151870642573253778e-02
9.157166527956735191e-02 7.831692962025475768e-02 1.129623065224939077e-01 7.830905536325659388e-02 9.264187895170405973e-02 1.056203605690651942e-01 1.048684256770091305e-01 1.215888169598736135e-01 1.213497394275141750e-01 9.277082162926121589e-02
9.368206178941039519e-02 8.536684639396743823e-02 1.136906745883955738e-01 8.540099404218247370e-02 9.284176089708945367e-02 9.962742412995247154e-02 1.002870671570754574e-01 1.181199211701696589e-01 1.181437918316664004e-01 9.283945800009064941e-02
9.011837391991006641e-02 7.533649078427093193e-02 1.200594939952222828e-01 7.527759872273626085e-02 9.004594120177017436e-02 1.104894130302984806e-01 1.004677395240349408e-01 1.241318917020208384e-01 1.239582253232568432e-01 9.011483179647916675e-02
9.026087183442804696e-02 7.703829130410105863e-02 1.183527546074699677e-01 7.705618825243061576e-02 8.999409976689984325e-02 1.032760406292374394e-01 1.041000437300485526e-01 1.250420798839008418e-01 1.247186454956197149e-01 9.016098449586391894e-02
9.609438192230057574e-02 8.961490592348422823e-02 1.127990073619937889e-01 8.953739354905340675e-02 8.918864592807453084e-02 1.093883779424437430e-01 9.998974895726157885e-02 1.121182808111547274e-01 1.120406876142116120e-01 8.922856999002180822e-02
9.440320135653400280e-02 8.689523078038806359e-02 1.101216731851793473e-01 8.685762574426818261e-02 9.375791589778061097e-02 1.020778333948999111e-01 1.086343802471151365e-01 1.117377750926341062e-01 1.118210377729408900e-01 9.369332652825970720e-02
9.551221464782214121e-02 8.561523881340867004e-02 1.164119327886107003e-01 8.562504893309766385e-02 9.456624152284473506e-02 9.466532991922531337e-02 1.019476271692036085e-01 1.155554864651784502e-01 1.154574296189968680e-01 9.464345012161186343e-02
9.163181967282497953e-02 7.894824888370688409e-02 1.113542425601902058e-01 7.894750357291430154e-02 9.506843375535237173e-02 1.061418987117457580e-01 1.024131698671643942e-01 1.202688850947156024e-01 1.200136561682568631e-01 9.521214171312869512e-02
9.158575302283630815e-02 8.043624466678989116e-02 1.197922476745680309e-01 8.040803056918575942e-02 8.913050783719596304e-02 1.003190984176795253e-01 1.018394281792227157e-01 1.237562413768660552e-01 1.234680236535195402e-01 8.926442460213623864e-02
9.471299673352591431e-02 7.536235717589163940e-02 1.180620348553028942e-01 7.530538893590510430e-02 9.404877855782597940e-02 1.064071933260859609e-01 1.025658814005991071e-01 1.198280178453564881e-01 1.193935021568043597e-01 9.431384901270258025e-02
9.399877149421899392e-02 8.252875774432119615e-02 1.131345050264946361e-01 8.257417239414399646e-02 9.409204570200969953e-02 9.705695552387361147e-02 1.026526576675244884e-01 1.199748445980831774e-01 1.197340058381263644e-01 9.425328401120385002e-02
9.350886678292093246e-02 7.959006412565394761e-02 1.217424568709347399e-01 7.957085240221574429e-02 9.388878060310638929e-02 9.412272081142128433e-02 1.033501908095465910e-01 1.202218527063445286e-01 1.199659771252352403e-01 9.403823776262064393e-02
9.189196746299717333e-02 8.308817068833211639e-02 1.155920009284822358e-01 8.303942322706181489e-02 9.500780692861905685e-02 1.026541742737104995e-01 1.020543225322843445e-01 1.158878267003793372e-01 1.156862638667531112e-01 9.509804339138024087e-02
9.293807425092766306e-02 8.564254050443181887e-02 1.101239466644453463e-01 8.570746202970837280e-02 9.396455019243689366e-02 9.786664086736601709e-02 1.026250715890572873e-01 1.186333551673875580e-01 1.183658467426983024e-01 9.413251199154071269e-02
9.450737351062879488e-02 8.133947035140416670e-02 1.134652750250045861e-01 8.139447185865397727e-02 9.515508972282801792e-02 9.790766422606167474e-02 1.018004265403577302e-01 1.196649895485765447e-01 1.194404856130825698e-01 9.532475360340193771e-02
9.362285424423089086e-02 8.603025853214264773e-02 1.126753193529778652e-01 8.607492534812252738e-02 9.187747246975754012e-02 9.506674513919527447e-02 9.956966797352578835e-02 1.216044417641666125e-01 1.215816900251270039e-01 9.189662515075384952e-02
9.384976358136926100e-02 8.187999118744578031e-02 1.175176841620250573e-01 8.196439549646951372e-02 9.405195887899639451e-02 9.298138171474439051e-02 1.021497407465568052e-01 1.207757624734627361e-01 1.206936939008210474e-01 9.413562785810898614e-02
9.122310001634559296e-02 8.418723771631983488e-02 1.202286272650389537e-01 8.420426733287307564e-02 8.957115270307140775e-02 1.026742722915734291e-01 9.732391212928230562e-02 1.205583981421765039e-01 1.203619702419813503e-01 8.966706216133754626e-02
8.781467387901420452e-02 8.112566176014829322e-02 1.182529624318512385e-01 8.114358088719969553e-02 8.805531008643009694e-02 1.164955090622240286e-01 9.891800551577720202e-02 1.201108425837890958e-01 1.199767543212590798e-01 8.810669947230707899e-02
9.425483871950358916e-02 8.065701137746104921e-02 1.121004436762501472e-01 8.066876826931669575e-02 9.888487188767262903e-02 9.703162137141038701e-02 1.036528259747568903e-01 1.169427571348931744e-01 1.168395196888177279e-01 9.896734189991769626e-02
9.058334477489571324e-02 7.841093985872052419e-02 1.222096048331572371e-01 7.850573791196308049e-02 9.139626290305652434e-02 9.805611959698064262e-02 1.000975658354453096e-01 1.246868350814453186e-01 1.245570306425576868e-01 9.149655856177792146e-02
9.213603082979972270e-02 8.008709170822603252e-02 1.146222968365718242e-01 8.017108531054119303e-02 9.307738733717145496e-02 1.047569799817365949e-01 1.019070712008826735e-01 1.201200629339884973e-01 1.198719344246024776e-01 9.325005943647954321e-02
9.266666363635131520e-02 8.218249490763807064e-02 1.218306739960287599e-01 8.225868964777918735e-02 9.240344035553323121e-02 1.027916353089398660e-01 1.028992640752189464e-01 1.152723898735220631e-01 1.152238297608923906e-01 9.247091843809615574e-02
9.413468381247576400e-02 7.513334144431674244e-02 1.190445313830932467e-01 7.514970232388264171e-02 9.456904055062649583e-02 9.235418434432059176e-02 1.057901165053417719e-01 1.247127158864791835e-01 1.242580617111414404e-01 9.485362203832208017e-02
9.180497626429594271e-02 7.720346366774662183e-02 1.232339097345271500e-01 7.727696578853156251e-02 9.123883469090877940e-02 9.649358673462371527e-02 1.012923078868794985e-01 1.251168044334264873e-01 1.249997118121498607e-01 9.133943898691038177e-02
8.954514737353261311e-02 8.509529867363352373e-02 1.121955780295007671e-01 8.508214873181701998e-02 9.033640054553185306e-02 1.035505684522571995e-01 9.700038820142432849e-02 1.234824780429109869e-01 1.233427161252964588e-01 9.036927582409520765e-02
9.479668297997995152e-02 8.183265466582539949e-02 1.161522326310409220e-01 8.180165572684076902e-02 9.460883768248795622e-02 9.914805622198187562e-02 1.035099713762024087e-01 1.168189966914573441e-01 1.165571264661868084e-01 9.477378555799660653e-02
9.068104991176534346e-02 7.901018842075978321e-02 1.153900816139712127e-01 7.902326357459536765e-02 9.121964483998543094e-02 1.088373823540125240e-01 9.758078843891161702e-02 1.235786261551627269e-01 1.233326807779148021e-01 9.134629391292123368e-02
9.853979652666622346e-02 9.604720448667750099e-02 1.068778669214387189e-01 9.600239619010192405e-02 9.383719997650374900e-02 9.544586443638282403e-02 9.626124232102582778e-02 1.115869623734701138e-01 1.115571862124041108e-01 9.384428055532897939e-02
9.283765526754263198e-02 7.786042706226184440e-02 1.193211880564897798e-01 7.777871032294036979e-02 9.463180033467881447e-02 1.043007163354943562e-01 1.031607869313839049e-01 1.177843150804619016e-01 1.176158607996765221e-01 9.470853980906983327e-02
