1.102064344735606966e-01 9.265334681970498198e-02 1.173889965823858988e-01 7.965629668898352445e-02 1.100525939395293196e-01 8.924364672152590439e-02 9.356276678836954186e-02 1.191183056295625625e-01 9.422848036027581253e-02 9.388913199610171567e-02
1.072555928446260048e-01 9.333263479831122034e-02 1.128403972540259897e-01 8.358188487977059877e-02 1.069811442274983954e-01 8.953273508147448212e-02 9.285094172359333042e-02 1.231765444108968710e-01 9.713596541562598274e-02 9.331215936417708301e-02
1.037185541429885421e-01 9.359984507808913334e-02 1.109230057308599054e-01 8.798874624055945393e-02 1.035623126468721844e-01 9.033506314689383754e-02 9.570417588143401155e-02 1.193925654196835578e-01 9.805460389513076525e-02 9.672112781748859467e-02
1.236110018009442257e-01 8.838342518545201643e-02 1.159623574072303626e-01 7.647644851502249930e-02 1.232201354735905641e-01 8.476593396877665776e-02 8.807512638686763873e-02 1.159314958812053126e-01 9.461202666565199371e-02 8.896204871525872915e-02
1.102823344639168313e-01 9.254606755779541671e-02 1.144850856566300146e-01 8.002310628572512075e-02 1.101035832778703982e-01 8.870140382927227396e-02 9.131496177268798309e-02 1.258164008968914449e-01 9.442656288128134512e-02 9.230049337792914366e-02
1.082047042604304676e-01 9.427127399746973446e-02 1.054088283950406768e-01 9.521468308486974452e-02 1.082203065064233083e-01 9.190697993784512076e-02 9.202518441826897100e-02 1.149470226420796909e-01 9.854551315006375434e-02 9.125550360750853129e-02
1.107703869072334257e-01 9.169085888432325360e-02 1.160496791037597258e-01 7.800196880359264173e-02 1.106580449799419996e-01 8.947006307824753590e-02 9.201925485907520852e-02 1.237959909882000165e-01 9.526264971432137074e-02 9.228110268130486349e-02
1.196304918362078445e-01 9.163250692930252628e-02 1.123270137671531915e-01 8.237112879484891070e-02 1.193298988286322498e-01 8.532254542023322286e-02 8.911327591396120407e-02 1.168357353697799111e-01 9.368466102663640382e-02 8.975274211324452134e-02
1.058825999567395565e-01 9.442674308300981478e-02 1.129028406478996688e-01 8.797895284123921633e-02 1.057257433270644420e-01 9.198124990249655075e-02 9.450304433557864259e-02 1.180395969396814959e-01 9.433789293171317147e-02 9.422133603457739925e-02
1.117136441060167101e-01 9.236406403827270017e-02 1.156038699604741565e-01 8.446129781110098267e-02 1.114000203394260313e-01 8.793869719751051806e-02 9.115209213636320251e-02 1.207822397054607033e-01 9.269512798602984327e-02 9.188894671934515201e-02
1.136292317586947154e-01 9.126089530939431038e-02 1.116633734773039566e-01 8.348083038846269843e-02 1.132916761656473370e-01 8.798937955760288698e-02 8.902891024187656321e-02 1.248428609084129559e-01 9.503916166781219144e-02 8.977368052479235694e-02
1.166177887408702679e-01 8.831225295725321500e-02 1.208718380934534209e-01 7.659796532647350498e-02 1.161834385919233437e-01 8.399838190390528092e-02 9.016924398550218989e-02 1.234918559091846141e-01 9.309625401543292211e-02 9.066098047600118504e-02
1.214954216193569192e-01 8.938913722756260116e-02 1.187796588647711954e-01 8.378311173308237991e-02 1.213552182872823099e-01 8.531928611769203086e-02 8.701880318310227513e-02 1.137018286371221237e-01 9.194715540653497499e-02 8.721037892349321752e-02
1.331913309590856409e-01 8.497414226439732599e-02 1.194574602303814792e-01 7.321801428558989688e-02 1.325737686010758920e-01 7.982780160554785176e-02 8.474949544435439464e-02 1.195680718434611045e-01 8.697878744930812034e-02 8.546112731679826602e-02
1.243340460707940132e-01 8.836225113681482612e-02 1.172381331080575295e-01 7.390912035662507151e-02 1.239709745603110314e-01 8.440794836954994274e-02 8.770403675708730862e-02 1.209181883238078375e-01 9.115535015539467933e-02 8.799995116155777397e-02
1.154847823771143339e-01 8.904888458593786249e-02 1.160637582031881082e-01 7.960132068078372425e-02 1.151456437765195351e-01 8.503404475202207269e-02 9.045284542533420236e-02 1.242338691710291737e-01 9.408104947343773339e-02 9.085380155463324003e-02
1.145964674515889681e-01 9.190356968232184232e-02 1.147962346311709458e-01 8.506733421243108106e-02 1.142223651796747397e-01 8.530807886294763942e-02 9.120320527323283466e-02 1.169674314467571558e-01 9.423215925959940731e-02 9.170315400027535813e-02
1.060852335819029713e-01 9.516884651425794317e-02 1.120358425748061854e-01 7.862929303592601504e-02 1.058458058586346090e-01 9.361534803069161692e-02 9.636442624364295606e-02 1.183897304365093273e-01 9.712629683892247401e-02 9.673917688470587417e-02
1.050533574320130642e-01 9.359144970671272323e-02 1.205534909868792443e-01 7.697285883073597124e-02 1.048399450500993313e-01 8.874284663834833276e-02 9.239194365588677960e-02 1.275925135911491481e-01 9.647619505173833654e-02 9.378539905643706875e-02
1.215149903016947974e-01 9.042000428760715858e-02 1.161353952895528979e-01 8.112066711003242114e-02 1.212360428962527131e-01 8.403566683148040728e-02 8.705960420462023619e-02 1.189784394471764956e-01 9.264370115780472259e-02 8.685548847377813630e-02
1.085454030656469726e-01 9.280584234496934426e-02 1.169833084364430842e-01 8.124156506833586644e-02 1.083217121490444718e-01 8.791467512564141162e-02 9.097873678431479816e-02 1.262941083203655834e-01 9.532300764522705361e-02 9.159164106001148331e-02
1.132006474404163160e-01 9.245315441317800143e-02 1.102344337092494020e-01 8.481070573415122604e-02 1.128369297854037862e-01 8.848954083464122267e-02 9.186039766416162489e-02 1.171253330559652861e-01 9.642833184943754021e-02 9.256052551339551127e-02
1.138505598672537172e-01 9.111141585389785635e-02 1.134963849701532412e-01 8.457905449283888155e-02 1.135631305081614556e-01 8.676977037620622890e-02 9.215581389848073735e-02 1.194419971713502754e-01 9.233076654907923508e-02 9.270110631257837130e-02
1.254319380657374916e-01 8.977195840994893483e-02 1.131685005004729183e-01 7.855630739501440196e-02 1.250457601998199164e-01 8.358900469650912268e-02 8.739192764479102038e-02 1.182216933062494035e-01 9.087560228373769977e-02 8.794730749771913214e-02
1.079502626807016114e-01 9.223743163266233391e-02 1.183144463034472016e-01 8.492429797123178525e-02 1.078092315343301411e-01 8.839979498384292755e-02 9.244713373188814809e-02 1.221589479209973239e-01 9.298238097531429103e-02 9.277607226558420850e-02
1.695247634610667908e-01 7.747067262789998632e-02 1.038889312167889101e-01 6.230714450919073305e-02 1.685913615082914874e-01 7.427114610363004521e-02 7.866160383158724012e-02 1.073883302404746859e-01 7.854822091361671199e-02 7.934782558745338832e-02
1.045743005270971110e-01 9.421870525930017837e-02 1.140498273120943845e-01 8.654891552231451513e-02 1.043787203885417070e-01 9.095716578164732280e-02 9.548176954945508665e-02 1.185778179308167035e-01 9.571201102068072064e-02 9.550076670805228429e-02
1.105073771001132965e-01 9.228687443911195998e-02 1.117641540307526132e-01 8.549109727925120750e-02 1.103856869662055151e-01 8.909120303485001946e-02 9.316861147418482869e-02 1.169613227394100674e-01 9.570038921289104883e-02 9.464328372322942939e-02
1.140369307988545605e-01 9.134555711470178363e-02 1.151138674412055252e-01 8.201847664544099914e-02 1.137431870125211464e-01 8.853501582727793529e-02 9.053693596373676988e-02 1.204770223793300843e-01 9.320334421057489827e-02 9.098966260635628356e-02
1.184190520833817567e-01 8.957518884973696138e-02 1.112368320547412331e-01 8.578314279865915937e-02 1.181471070138355173e-01 8.668969461250773667e-02 9.091025051819329184e-02 1.136312218585873446e-01 9.462191864257733787e-02 9.098559156777966117e-02
1.106987422852833552e-01 9.091877161690163633e-02 1.172740772975415652e-01 7.912298858515261213e-02 1.104846960777297743e-01 8.782961152587724640e-02 9.126271877068027616e-02 1.258037038465534274e-01 9.445664762680933135e-02 9.214804236747071997e-02
1.135548891681213840e-01 9.112006350788610931e-02 1.167186884844408912e-01 8.219767916170679645e-02 1.131673477440219844e-01 8.654718753977019841e-02 9.176925440839074632e-02 1.193489467213246086e-01 9.240291526942551181e-02 9.317302799491181120e-02
1.158279697954816001e-01 9.182360367760403208e-02 1.181868500357277918e-01 7.985281760457628442e-02 1.154298466338244539e-01 8.635776353945479045e-02 8.940691488678281784e-02 1.195617107495134807e-01 9.307259194830966309e-02 9.047993112872507182e-02
1.031982483940391826e-01 9.351466538917978244e-02 1.044485546429608225e-01 8.660382153700904584e-02 1.031039831462332301e-01 9.279398076937531159e-02 1.033233121870608395e-01 1.059361325102664564e-01 1.022560134609142163e-01 1.048212879629611544e-01
1.088843839664785235e-01 9.493422243326656018e-02 1.077620992221385160e-01 8.889394476210134288e-02 1.088321119172607487e-01 9.180048010959945826e-02 9.258740614791503842e-02 1.148768566006201086e-01 9.764591394112391576e-02 9.378258089949584320e-02
1.314141762669223668e-01 8.433218374115974969e-02 1.160217498356777288e-01 7.934436947270585849e-02 1.309918126662427962e-01 8.081549219747018176e-02 8.450288690119124591e-02 1.198349091299895641e-01 8.818463432103101907e-02 8.455778546760944758e-02
1.293125616995694505e-01 8.570385521066875567e-02 1.179936587100439277e-01 6.960289523920423771e-02 1.289756838295959551e-01 8.289981599236327658e-02 8.865025246758949373e-02 1.165958352267334047e-01 9.076867720501982650e-02 8.949676441921167180e-02
1.048215618003540961e-01 9.299687937226741585e-02 1.179783128983986767e-01 8.180948073654183139e-02 1.046339681589749659e-01 8.977616324522054436e-02 9.325678968411522940e-02 1.264115234644145880e-01 9.434144316902412508e-02 9.397387747068847164e-02
1.213737084872924116e-01 8.768934585225846012e-02 1.169545035961514906e-01 7.904914173959190493e-02 1.211200751629888106e-01 8.338007743257656867e-02 8.691087798635192818e-02 1.265343105719001493e-01 8.943476244629712524e-02 8.755319672459117852e-02
1.248714767066986531e-01 8.781794672070185326e-02 1.193366623841532331e-01 7.639950825787364397e-02 1.245221127907795572e-01 8.244890337767912802e-02 8.584080261563628578e-02 1.230115739263971664e-01 8.932775589020933160e-02 8.642325732987113374e-02
1.140856139890257109e-01 9.192198981679401693e-02 1.146039115972763145e-01 8.328641604619803351e-02 1.138182055699703682e-01 8.591169917850635662e-02 8.980954847625885473e-02 1.239548221235330094e-01 9.165196795972642418e-02 9.095582524271088320e-02
1.205752613527147354e-01 9.012185872819056254e-02 1.148966344566715453e-01 8.168563023602307127e-02 1.201894959911289779e-01 8.393845978788708195e-02 8.912918448590904930e-02 1.164729550071640640e-01 9.307501667764410402e-02 8.991550327666676667e-02
1.091988509909602723e-01 9.230838280376701954e-02 1.169718680225004387e-01 8.314021022397073690e-02 1.090678073800952080e-01 8.638160181560962381e-02 9.039795737779830753e-02 1.260455490304688009e-01 9.566576634471764262e-02 9.082200601011189423e-02
1.156864742654714756e-01 9.069560520969194295e-02 1.167900635070010934e-01 7.899396322574450680e-02 1.153049398984940244e-01 8.675338662430794046e-02 9.105937109913538052e-02 1.207110439831487886e-01 9.234796517561556783e-02 9.165718701138932112e-02
1.139437061549002511e-01 9.082715900444543466e-02 1.159594139536999219e-01 7.905119713967145856e-02 1.136908920347772939e-01 8.609728065096296235e-02 9.410034555998168793e-02 1.171876168782475663e-01 9.358039766320051800e-02 9.556199096011290528e-02
1.093493310994256146e-01 9.149651858471541388e-02 1.136065375726020010e-01 8.413634550476606355e-02 1.092595816189499552e-01 9.063747484687727229e-02 9.250369524394295995e-02 1.194591599786936770e-01 9.638762051043302248e-02 9.316373503959399227e-02
1.224725390041337403e-01 8.882094724537392683e-02 1.209089803826053633e-01 7.227782868624935131e-02 1.222775029145897613e-01 8.336811095092631907e-02 9.107810596069876308e-02 1.184858259247927870e-01 8.870347332127098694e-02 9.160668560935907034e-02
1.121932899493523900e-01 8.887122564794351642e-02 1.221435740230700367e-01 7.734284179307580886e-02 1.119421211922055903e-01 8.647378995456773965e-02 9.175180544788338888e-02 1.239663731988197154e-01 9.322554411329109225e-02 9.208943467979070763e-02
1.113671198193199041e-01 9.303664832510458171e-02 1.111865620279168659e-01 8.518869866901486454e-02 1.112126179986283048e-01 8.781163729421102848e-02 9.347168511854320183e-02 1.181618637334225785e-01 9.356006367111932565e-02 9.500310334271939994e-02
1.104486038952405963e-01 9.171296140279498743e-02 1.095225953901397403e-01 8.400473329656982235e-02 1.102801980569070445e-01 9.015545804799673935e-02 9.391889462040382830e-02 1.173976595650466220e-01 9.787216471587099897e-02 9.468673100902967599e-02
1.062842163305063731e-01 9.769516385680190873e-02 1.027292458105986545e-01 9.346502537266751509e-02 1.062586384133555606e-01 9.304423735857908495e-02 9.631414258487223934e-02 1.047370020752874109e-01 1.011147909563627073e-01 9.835753724096854556e-02
1.103376657807243338e-01 9.132973377283429284e-02 1.127588563499284241e-01 8.494100706876352158e-02 1.100624205298898622e-01 8.950051880960831208e-02 9.229841936888530385e-02 1.189336416461846402e-01 9.697268601854554249e-02 9.286505065463578068e-02
1.049188856220979460e-01 9.477269223398532283e-02 1.112833920635442064e-01 8.561615049790334553e-02 1.046734085284484195e-01 9.189567035910771453e-02 9.550717497243471632e-02 1.134828026410293067e-01 1.004869549957261299e-01 9.736286808572287843e-02
1.106196667727726568e-01 9.552644839683704925e-02 1.086146208438201199e-01 8.676737562424269301e-02 1.102222719600828710e-01 8.861810488639104699e-02 9.313697294556864958e-02 1.144173914090264033e-01 9.944380809011768574e-02 9.263333907114082444e-02
1.226528415833086916e-01 8.597482704005457443e-02 1.164676590805904105e-01 7.697842575650006014e-02 1.222947643446211097e-01 8.337499401093516338e-02 8.878771082871894649e-02 1.222890524200502538e-01 9.120472655827879804e-02 8.997499837694200586e-02
1.219738694226554371e-01 8.819797296913317597e-02 1.200952439714842029e-01 7.094376359375496877e-02 1.216964939471846946e-01 8.416866038043124831e-02 9.005710763118585094e-02 1.225227043621168327e-01 8.940606964602045015e-02 9.093811407603319408e-02
1.265333127183800865e-01 8.461578724100883575e-02 1.174990688754829482e-01 7.765453594229207446e-02 1.261954420616898664e-01 8.110083965811394624e-02 8.597162224082836868e-02 1.234919382307519964e-01 8.988311904892765103e-02 8.705433398252421240e-02
1.308812845899368915e-01 8.587453998922703335e-02 1.195457702873285177e-01 7.353238976689525919e-02 1.306274569030340671e-01 8.191164402946596312e-02 8.633910943531623861e-02 1.180888498307223755e-01 8.652351576563735436e-02 8.667543940243631340e-02
1.124352898293174280e-01 9.186288664753639033e-02 1.169417335146099857e-01 8.001855387365836014e-02 1.122181446367506302e-01 8.861356526086945629e-02 9.198694553230327142e-02 1.197291530601902049e-01 9.383913473182796394e-02 9.235459291293628137e-02
1.122498923651834013e-01 9.251839067968427310e-02 1.109403995977272794e-01 7.991447060064409136e-02 1.120858875507722563e-01 8.986963211940440788e-02 9.581710308078138227e-02 1.144393493563629904e-01 9.474172469812808250e-02 9.742314995131184929e-02
1.134056900854610028e-01 8.913246404629669717e-02 1.140012772436571759e-01 8.405368621323519585e-02 1.131689661205482339e-01 8.845349970889125613e-02 8.767136912258555181e-02 1.276894457795310911e-01 9.394543806759152182e-02 8.847816361220225967e-02
1.106279027867334008e-01 9.378744518978983369e-02 1.092203257219835910e-01 8.866353952241982916e-02 1.105362722543452719e-01 9.009384722046184790e-02 9.441716566979246883e-02 1.091258743120176872e-01 9.693867960843317866e-02 9.658894771402291857e-02
1.132089581396775596e-01 9.213013661974309154e-02 1.134499315133039865e-01 8.463090319070794287e-02 1.128259388378382300e-01 8.641178316935030357e-02 9.149129674399278378e-02 1.205392680090392882e-01 9.312663581993753381e-02 9.218514795640925241e-02
1.082903201681258698e-01 9.185592049618081234e-02 1.132131993391229385e-01 8.081829960512885991e-02 1.079940222869231053e-01 9.085144739666746461e-02 9.423975443966897680e-02 1.212065309236495941e-01 9.652683480318834108e-02 9.500367054134400968e-02
1.130631748556084337e-01 9.500639271579548739e-02 1.087431872582413500e-01 9.466058702202309605e-02 1.129664759525247780e-01 9.056506873888359177e-02 8.770688951312563542e-02 1.128024536419454937e-01 9.633351967896180978e-02 8.815225062289022695e-02
1.049117364039110906e-01 9.247143947738058201e-02 1.196883542958520202e-01 8.253951187302611958e-02 1.048296787931413260e-01 8.862024390022085751e-02 9.408218796486464419e-02 1.229209954565907426e-01 9.602233835516896243e-02 9.391351347984372433e-02
1.200500611566657910e-01 8.818869081939116616e-02 1.182784322272625033e-01 7.939454638305440404e-02 1.197951998293352166e-01 8.525838354148734810e-02 9.210332997010590994e-02 1.135487779530806735e-01 8.920254566680779762e-02 9.418003245280921754e-02
1.224594203911536089e-01 8.933230886065633702e-02 1.146217892331591465e-01 8.073051346846772669e-02 1.221109879076632126e-01 8.506796176397726783e-02 9.037768822433556171e-02 1.135757847498981704e-01 9.094482169069384447e-02 9.077872370999513774e-02
1.163172951998844851e-01 9.146131767398439638e-02 1.144589059906016976e-01 7.893991678903673759e-02 1.160966309942166319e-01 8.625461583237425955e-02 9.153880731483658717e-02 1.182222234114970322e-01 9.332167330499259450e-02 9.338861348857552258e-02
1.047135580940411481e-01 9.373630538205542095e-02 1.141150205053760719e-01 8.649667149108079822e-02 1.046217246931353539e-01 9.299262993061364890e-02 9.409731139396239341e-02 1.187395411688883240e-01 9.611584031200084977e-02 9.437139702884599080e-02
1.181353495035025319e-01 8.976284567090699051e-02 1.088144650549711795e-01 8.553375009656868921e-02 1.179819957260077323e-01 8.722918907773527519e-02 8.979435172354117978e-02 1.162257891901054274e-01 9.540530250512663235e-02 9.111696145153433402e-02
1.186541860678820420e-01 8.979823026052125012e-02 1.146275799482183028e-01 7.936371713321341281e-02 1.182936010788122466e-01 8.532077225581341517e-02 8.990850183772050586e-02 1.205227746445946269e-01 9.265265903512326373e-02 9.085797773810089240e-02
1.243656341161429868e-01 8.846607404234628491e-02 1.138924914489047452e-01 8.165478631124141462e-02 1.239440511048611748e-01 8.351166032551556040e-02 9.066878963538826941e-02 1.123950597515753075e-01 8.911971489138137414e-02 9.198173837264289610e-02
1.274495676405862921e-01 8.502562317648103274e-02 1.187166430100414088e-01 7.488909967202214690e-02 1.271241478208974263e-01 8.224243856860806445e-02 8.859800533794326416e-02 1.164684756377861174e-01 9.010360708293524423e-02 8.938239205269898902e-02
1.261748618283933254e-01 8.688345560906379772e-02 1.175094428364401589e-01 7.526591567341474331e-02 1.259545582283996823e-01 8.411439115220273322e-02 8.747988030004355542e-02 1.205574392544054435e-01 8.774212437863797287e-02 8.831793073899862900e-02
1.129933844379504976e-01 8.712011618525310197e-02 1.155814853018151400e-01 7.955266966687835062e-02 1.128474991210288991e-01 9.139815693504772798e-02 9.152496719077130027e-02 1.258527311722472397e-01 9.118017798722874434e-02 9.194881200177898450e-02
1.231967366009786430e-01 8.717336532591986320e-02 1.212981928576258861e-01 7.512134315352153591e-02 1.228988246536127232e-01 8.212549796099352650e-02 8.807242261490308421e-02 1.217478845287581629e-01 8.957632167533284562e-02 8.878941062835368769e-02
1.152200181019790576e-01 9.157133802148020862e-02 1.104273938248333808e-01 8.441597238834509798e-02 1.148428493375098919e-01 8.754002164380510209e-02 8.969117727676535756e-02 1.189979327637601808e-01 9.673010569577400464e-02 9.056319094574771800e-02
8.605943772613544596e-02 9.575407035899120844e-02 1.389644488239327180e-01 5.354818079455073848e-02 8.584807063478371025e-02 9.348158276598826644e-02 9.693485725218183024e-02 1.496500468247896620e-01 1.016207806954950443e-01 9.813852412315139662e-02
1.136753627767408958e-01 9.209491708480227468e-02 1.144843044973306578e-01 7.938005012120614989e-02 1.134165219674743291e-01 8.714981508269764587e-02 9.359380331858899171e-02 1.164190083334389475e-01 9.444988932628789469e-02 9.533632749143217122e-02
1.132608357786404341e-01 9.139361406973256496e-02 1.155378375331622409e-01 8.081534281503144346e-02 1.129393113545672650e-01 8.808863991915735769e-02 9.248243616702561676e-02 1.186366362481400955e-01 9.306977749154131396e-02 9.377556862300161222e-02
1.124178481555096476e-01 9.238277232807221018e-02 1.154686760315881550e-01 8.365808042827338475e-02 1.121924914445417559e-01 8.657925582655170982e-02 9.007337892284446312e-02 1.227492466180902242e-01 9.421187258723634494e-02 9.026637765729203511e-02
1.262343800905261770e-01 8.903043383035458280e-02 1.160795805010082782e-01 8.324978672322221052e-02 1.258940374832940023e-01 8.084142377939299018e-02 8.490354665912758225e-02 1.169613822319733737e-01 9.140033416987464188e-02 8.540509453122611949e-02
1.184927737522557811e-01 8.748407878045312558e-02 1.204091400736890666e-01 7.582897158549095629e-02 1.181410442965826757e-01 8.514651246233875814e-02 8.977440575803387335e-02 1.232494137931949840e-01 9.083425935510516802e-02 9.063940014285559732e-02
1.172895789603495692e-01 9.073577118402696706e-02 1.151260611367953268e-01 7.974026070708704894e-02 1.170580907186180020e-01 8.671448674178999783e-02 9.390288332539706295e-02 1.147010469003304084e-01 8.955924380717604494e-02 9.517257651842959965e-02
1.144822956205621967e-01 9.094095274870496459e-02 1.167895474725404031e-01 7.457169871698401953e-02 1.141026130083156592e-01 8.807730749100307899e-02 9.081742481296269098e-02 1.236863770228229381e-01 9.446107929473981923e-02 9.207070381136421566e-02
1.108838966151027977e-01 9.236210477192999257e-02 1.108997400286045182e-01 8.677330704453521670e-02 1.106411426509857077e-01 8.785462572489798061e-02 9.332605142532073017e-02 1.210121285596581497e-01 9.277202118107499840e-02 9.347498199788985274e-02
1.175364473531214787e-01 8.953650807039416348e-02 1.160270607249683644e-01 7.882005589914876931e-02 1.170480406298707726e-01 8.435474054743243022e-02 8.927594565512299296e-02 1.243442629743438943e-01 9.294063945927644177e-02 9.011629868632065055e-02
1.133037610610603818e-01 9.158412840302010416e-02 1.108494774549574208e-01 8.566108232918202836e-02 1.130446953274251293e-01 8.521100461527830738e-02 9.551775039533468015e-02 1.135698255279439794e-01 9.591315397097106843e-02 9.534512091482692797e-02
1.086075711528768639e-01 9.215019784599673414e-02 1.231611646080845029e-01 7.796537641474460267e-02 1.083891309435981720e-01 8.884605519366027548e-02 9.093383240141823809e-02 1.225653803731303892e-01 9.585249044227707460e-02 9.152880062421311913e-02
1.164509929350586587e-01 8.925202297159640086e-02 1.151796773647498495e-01 7.746707022731452730e-02 1.162013359949720659e-01 8.639478175791948100e-02 9.379059773950509937e-02 1.186149843333988013e-01 9.181431206216170149e-02 9.483422461332341458e-02
1.263943296208033529e-01 8.544804707666545096e-02 1.147849775952325818e-01 7.716420062720387441e-02 1.259551127299592954e-01 8.242543989049734565e-02 8.909242438639471129e-02 1.183496877317716384e-01 9.043399917299300983e-02 8.995178116847873939e-02
1.076807390673100856e-01 9.413337673527238936e-02 1.076785537683517813e-01 8.527306031213061077e-02 1.075489703637684258e-01 9.015044824858146899e-02 9.667925010674349728e-02 1.134271935263480857e-01 9.850019087083468350e-02 9.892821700065895785e-02
1.136984349764036534e-01 9.101979365742052241e-02 1.170160742654331176e-01 7.997264163543081616e-02 1.134207521890390064e-01 8.703419529316396008e-02 9.087865396716891808e-02 1.231204279158172599e-01 9.286965729894282318e-02 9.096936880117993673e-02
1.119161242701360304e-01 9.176942168395031685e-02 1.162958840167071933e-01 8.265829215249417827e-02 1.117056176286644331e-01 9.018135571975273435e-02 9.116667836773859057e-02 1.162442859836990555e-01 9.630868019545446579e-02 9.175365998140297408e-02
1.093489301847019590e-01 9.253511739985141593e-02 1.158760792087075858e-01 8.298895236365050332e-02 1.091337083586646495e-01 8.883481998821436687e-02 9.194304521423696253e-02 1.231612729399572392e-01 9.366870942740232464e-02 9.250936491461297928e-02
1.168948380101350465e-01 8.990758387769919036e-02 1.084635162674460612e-01 8.179657362448072844e-02 1.166888956359260349e-01 8.737613678304252673e-02 9.294965978513773652e-02 1.136196542728598602e-01 9.782309764440695610e-02 9.448004409886591459e-02
1.104407962538649923e-01 9.142174632081949415e-02 1.154409274478111203e-01 8.007149673901763076e-02 1.102003304872165163e-01 8.916867637549186210e-02 9.037201492379162704e-02 1.280746951555996049e-01 9.381782742358267535e-02 9.099148887280451847e-02
1.164864389305570180e-01 8.922968890949289911e-02 1.128223274883344007e-01 8.316991700679401966e-02 1.162040746207137487e-01 8.509512773365855709e-02 8.791948630800508480e-02 1.277579341162057014e-01 9.285320849758900430e-02 8.846179638864955230e-02
1.132822524245739038e-01 9.357916242074421076e-02 1.140654291757387945e-01 8.845510548433137277e-02 1.130784885248938970e-01 8.653156014667288953e-02 8.736479821800895162e-02 1.179037887435091247e-01 9.797588244987776029e-02 8.776353241164917829e-02
1.109971989430993677e-01 9.038096731467348821e-02 1.182526724382691879e-01 7.576539719091780756e-02 1.107409449478777425e-01 8.805803076978779842e-02 9.403776164255478465e-02 1.226254559696637048e-01 9.407696771937396063e-02 9.506460306378214375e-02
1.122096682318737410e-01 9.138682641723774869e-02 1.082163783762991049e-01 8.780593304614421613e-02 1.120926427968334110e-01 9.305040487070134758e-02 9.373625980401874280e-02 1.135878715399408906e-01 9.284219143787171558e-02 9.507182347907906783e-02
1.200970791592623349e-01 8.845708697776649698e-02 1.149516669774151845e-01 8.280097662239749301e-02 1.197678343922028710e-01 8.432642085386352071e-02 8.604956161068348652e-02 1.242731041807715320e-01 9.292374511886765387e-02 8.635252410676944046e-02
1.132266221579119186e-01 9.093351566351752513e-02 1.185044408488407502e-01 7.455453890994730159e-02 1.128966818433880942e-01 8.693268613765899044e-02 9.184362664143523591e-02 1.278459595061302301e-01 9.062385644612662439e-02 9.263807184504332937e-02
1.073691170637082748e-01 9.355090403636225072e-02 1.172043461167558420e-01 7.723531780170776739e-02 1.071586108100317375e-01 9.097824344104117611e-02 9.402790128945601178e-02 1.235710455761880877e-01 9.477821227394278569e-02 9.412630159080606629e-02
1.179274391252298770e-01 8.973188221752564919e-02 1.177971625010802020e-01 7.241829746249507649e-02 1.175609807289128145e-01 8.623847064817698194e-02 9.111653890076130968e-02 1.219799400325449340e-01 9.370748665832524804e-02 9.152180172494789323e-02
9.830713257111298176e-02 1.001699321638636064e-01 9.693365390337163601e-02 9.778279731900786642e-02 9.841919163437522211e-02 9.889611189435515426e-02 1.016892655587221250e-01 9.982320595150856457e-02 1.051702012607835524e-01 1.028085077428993466e-01
1.043275785210283774e-01 1.018627541007010723e-01 9.990994684996237774e-02 1.058527645349855578e-01 1.044097330516983863e-01 9.437927738393528387e-02 9.528324988525743722e-02 1.020252308879600889e-01 9.822961929792110858e-02 9.371984548655033775e-02
1.250525505545989069e-01 8.793663854936673019e-02 1.121920591082146701e-01 8.470305131133723520e-02 1.248406648716598732e-01 8.262302433703128113e-02 9.151190674066091157e-02 1.102828404368711990e-01 8.865266301646992919e-02 9.220460107378920800e-02
1.173056027052041123e-01 9.180827200066042637e-02 1.133477214541754596e-01 8.430084403716522901e-02 1.170884887363633220e-01 8.406586198430929247e-02 9.401580625478336839e-02 1.143594310995285634e-01 8.967684017497880300e-02 9.403113155283149283e-02
1.228279256873360953e-01 8.941543949179765749e-02 1.131805821814831081e-01 7.648080641287084702e-02 1.224941968083521487e-01 8.641806308175221940e-02 9.105687831019836087e-02 1.165785021487149159e-01 8.951521809607895785e-02 9.203238778141568932e-02
1.095508885575195018e-01 9.282268731007305151e-02 1.143601698058311078e-01 8.432559301131690999e-02 1.092391620100126304e-01 9.026177928755377278e-02 9.238046248744384570e-02 1.186257101619006687e-01 9.574587112557113311e-02 9.268767624277739203e-02
1.166112528673265841e-01 8.933994256609120721e-02 1.168757570560873260e-01 7.802161511065479338e-02 1.162901005397437709e-01 8.564995099357457231e-02 9.146918690457223056e-02 1.191359402657816147e-01 9.373280427412696014e-02 9.287344942204102394e-02
1.109722253910838119e-01 9.179242621944824765e-02 1.148079881766069926e-01 8.279349876099605099e-02 1.108516524137260068e-01 8.761670740108831734e-02 9.211077068348970387e-02 1.203458081673587782e-01 9.633290462144136757e-02 9.237601816476076477e-02
1.066951405195425140e-01 9.231190444717699006e-02 1.178341885843448567e-01 7.735374700138768211e-02 1.064021314932806633e-01 8.897720890133392624e-02 9.353369092937821594e-02 1.277008545776406045e-01 9.551487546295005238e-02 9.367625808296452250e-02
1.270394292830462624e-01 8.853206346668386628e-02 1.204614097344978152e-01 7.904728977454965333e-02 1.267721829132896771e-01 8.239344513319191154e-02 8.647228907684427479e-02 1.122031809121178531e-01 9.006871967443842719e-02 8.700999003134020360e-02
1.133090425608933444e-01 9.244747712946618790e-02 1.111916169312150982e-01 8.374504824857507967e-02 1.132089951203177486e-01 8.804058010318577265e-02 9.245012708273038504e-02 1.161176129834584486e-01 9.565644225081848528e-02 9.383305758933939422e-02
1.116618283136244782e-01 9.157026261135570167e-02 1.189403273341821249e-01 7.961468926823130066e-02 1.113878900171749176e-01 8.707618380823720083e-02 8.926052416379040566e-02 1.253920563757321693e-01 9.545510243384526528e-02 8.964113567382647751e-02
1.119790785060398308e-01 9.142301607502160976e-02 1.130420051300748130e-01 8.217536639467409865e-02 1.116344779032760054e-01 8.787137671725717136e-02 9.115086481069635538e-02 1.212074660830301798e-01 9.722605553909233200e-02 9.229029284083760387e-02
1.137790395095941154e-01 8.980329109607773641e-02 1.153442897102019693e-01 7.925825528059129987e-02 1.134722017795688348e-01 8.618012278049431985e-02 9.063157671727707643e-02 1.256497877184100664e-01 9.428209416693243694e-02 9.159934124085220009e-02
1.162941242959006916e-01 8.866706841021286534e-02 1.178967090848367788e-01 8.063135200326249086e-02 1.161163226821012445e-01 8.562275152095326358e-02 8.889632284907235393e-02 1.281605831845049059e-01 8.823892634994943973e-02 8.947583961920593798e-02
1.223127058785536542e-01 8.875510367266173373e-02 1.149468119071979932e-01 8.302117462765337685e-02 1.220527956116388424e-01 8.311723087069124161e-02 8.678444123033714208e-02 1.186710156389690629e-01 9.319369300343648133e-02 8.714502755886051333e-02
1.236990454771645931e-01 8.753404908900991321e-02 1.164639381874556373e-01 7.421255146759515864e-02 1.233028819156497397e-01 8.323455348127110909e-02 8.840161158862662460e-02 1.256981468095642041e-01 8.847121417898856643e-02 8.898200780467450943e-02
1.036623326523339328e-01 9.573825547292877380e-02 1.147313640039793886e-01 8.312229829314439489e-02 1.033722595270759603e-01 9.282540425666405137e-02 9.620408056327248159e-02 1.170580663726968479e-01 9.690127053609326468e-02 9.638466832181094568e-02
1.201138544543685488e-01 8.848680962324777244e-02 1.225219819740683835e-01 7.354961326563221047e-02 1.197932082357143768e-01 8.366776373125556221e-02 8.689368120972458531e-02 1.247959310601497590e-01 9.306632332706725463e-02 8.711083311877153290e-02
1.023996293832331456e-01 9.543519915168152679e-02 1.117687449305366509e-01 8.933976613065351680e-02 1.022582319701279691e-01 9.321834892966314456e-02 9.460013360438788987e-02 1.176626718920697617e-01 9.865357754113331101e-02 9.466369646651309755e-02
1.112691941144040159e-01 9.593664386372359465e-02 1.125213900095063391e-01 8.582364814332750502e-02 1.110485556069268076e-01 8.958962234546273551e-02 9.177889904615592342e-02 1.130635663501103755e-01 9.638818685108169193e-02 9.258029366930101145e-02
1.291356483051644966e-01 8.447782132422171353e-02 1.158645084342060233e-01 7.585647322564548212e-02 1.287906583320571341e-01 8.075548864879673883e-02 8.505783668326301339e-02 1.273098714131135623e-01 8.682603296906471479e-02 8.592566066446709339e-02
1.092279320142261756e-01 9.567442017724762937e-02 1.090040938048292829e-01 9.396429495130528831e-02 1.090595166967089358e-01 9.167864461092052608e-02 8.942681128117400957e-02 1.150943653234034331e-01 9.699897130596851769e-02 8.987094983421616001e-02
1.079184676503883722e-01 9.762809447571350885e-02 1.171908575758634635e-01 8.939892478292447986e-02 1.077092780354028112e-01 9.072543751395335809e-02 9.064488148607546814e-02 1.122760698837969862e-01 9.519190750716165217e-02 9.131608108871985818e-02
1.136814671304535035e-01 9.087561359785839565e-02 1.124904065394435604e-01 7.992648643838330680e-02 1.134269707767982110e-01 8.758780090135145913e-02 9.211830001781283472e-02 1.204424033332767291e-01 9.558162663098289380e-02 9.386892463363913364e-02
1.118968654395076368e-01 9.287112105077989510e-02 1.128221805960628876e-01 8.569091519921603894e-02 1.118683758807740847e-01 9.073427474371005552e-02 9.218261431972915587e-02 1.169894771395714600e-01 9.228705933897016211e-02 9.265711629167860952e-02
1.293435034538691908e-01 8.677336773012854498e-02 1.159962987301566134e-01 7.408354546385848005e-02 1.289700289800061739e-01 8.302647109173937057e-02 8.682682333003953479e-02 1.191665242639729227e-01 8.815200038237938629e-02 8.766143657384976862e-02
1.169685762076679708e-01 8.925253162057950052e-02 1.175627360573954644e-01 7.840508818733471497e-02 1.166191820658948469e-01 8.567025133139107018e-02 8.922330430862597528e-02 1.233886101091194454e-01 9.262012413584921888e-02 9.028959597614184818e-02
1.218950273169987358e-01 9.386809591673266062e-02 1.104051658950022663e-01 9.074691127459116879e-02 1.216468959821022239e-01 8.308454653282668079e-02 8.718426890375355343e-02 1.092894238096087933e-01 9.449488290953127201e-02 8.738478145885267279e-02
1.036776173563394993e-01 9.453175583734839404e-02 1.102922188560036543e-01 9.170125962401948216e-02 1.036953799154325118e-01 9.335608611319420880e-02 9.390279763871932361e-02 1.117195071464044814e-01 1.024034288247470670e-01 9.471994868779133603e-02
1.074935940725323807e-01 9.527636685514626058e-02 1.164085046217696179e-01 8.605253583358735137e-02 1.073707574730365655e-01 8.991032817182055548e-02 9.450034698438537772e-02 1.152071286196015426e-01 9.269817994195786448e-02 9.508225742616244203e-02
1.142044133100384995e-01 8.993090715693821680e-02 1.096739357940963028e-01 7.879953160182039118e-02 1.139301312750401751e-01 8.905247179752881492e-02 9.347410132365829849e-02 1.178496816138119851e-01 9.757592090899856740e-02 9.550890521806873479e-02
1.171108808460347289e-01 9.031361521896592859e-02 1.186422881992301170e-01 8.081191712081328693e-02 1.167475313124914510e-01 8.574597265141513380e-02 8.805634379541639467e-02 1.216822138153327432e-01 9.231283783083842065e-02 8.857639920946179524e-02
1.199304968214367773e-01 9.147221752592211985e-02 1.146745895381783564e-01 7.480369052679027020e-02 1.194222221659242689e-01 8.802544973912601600e-02 9.107779069262732230e-02 1.155952513521728425e-01 9.328610209259351194e-02 9.171218954522855626e-02
1.069453956910352416e-01 9.382279558074634040e-02 1.133136500124246882e-01 8.372103624968037228e-02 1.067564401769714177e-01 9.097064221780486182e-02 9.416253529050580551e-02 1.196799381965998194e-01 9.633465331076057625e-02 9.429291327347086304e-02
1.093666839757917453e-01 9.247318850764632558e-02 1.209144536746525334e-01 8.078524257042436763e-02 1.090918290307601873e-01 9.004728855587905423e-02 9.303602555727660817e-02 1.187148374105361642e-01 9.175214169723910906e-02 9.381830901979391901e-02
1.152510397597254627e-01 9.037018361664130028e-02 1.140868005586753581e-01 8.418577974835382560e-02 1.149301658886682648e-01 8.629165648239073283e-02 9.347882879309274418e-02 1.136756119657776898e-01 9.289400161519635601e-02 9.483593157147827968e-02
1.064247731588896378e-01 9.381413508803182477e-02 1.115608957874484747e-01 8.653880828441486150e-02 1.062139584130890324e-01 9.019433701830964489e-02 9.506767436230065260e-02 1.196334687619512033e-01 9.435540137270907735e-02 9.619654775285560455e-02
1.088229993470139073e-01 9.411322729872628745e-02 1.133695777152203960e-01 8.080320053605119512e-02 1.086509643880535364e-01 9.046770512633144079e-02 9.504698778611300747e-02 1.191881305189874812e-01 9.361723574186656127e-02 9.591997154163617312e-02
1.075036840747188582e-01 9.384710974387960869e-02 1.130912458955115052e-01 8.850307590298003846e-02 1.074679510887971701e-01 8.885731891223479229e-02 9.225455659848900980e-02 1.217180125214583492e-01 9.451792306774110808e-02 9.223912219418953229e-02
1.058779245632746613e-01 9.351694005212124461e-02 1.173680337457090328e-01 8.447423172524581858e-02 1.058183332433461216e-01 9.024141071154880012e-02 9.398383480148733704e-02 1.203651693414405227e-01 9.452687365297811339e-02 9.382724816284836178e-02
1.243988517096396296e-01 8.829225290789816105e-02 1.168005907747578648e-01 8.305065094286889771e-02 1.240309488843089614e-01 8.354986262026883881e-02 8.683758514293649089e-02 1.164049485362874670e-01 8.944808307740786946e-02 8.718622540362580553e-02
1.367709583169108567e-01 8.404934851787383698e-02 1.135469980158965719e-01 7.851139513803098713e-02 1.363469637280822211e-01 7.967751757342317331e-02 8.439297588718140675e-02 1.146373460863387567e-01 8.736246727755921093e-02 8.470402945870296463e-02
1.046365021672474027e-01 9.404336604906421426e-02 1.120922199991315482e-01 8.056266446088289346e-02 1.045576086348903450e-01 9.118676373948686464e-02 9.884368067314468209e-02 1.166665872031388967e-01 9.595070210366637986e-02 1.014599049693468008e-01
1.175071260987533700e-01 8.893156463571996739e-02 1.203557281402478363e-01 7.779406446484810056e-02 1.173396968097340093e-01 8.502682412577639015e-02 9.002029707954477267e-02 1.223715045924237688e-01 9.040806435144867204e-02 9.024512970150308511e-02
1.163419427165332254e-01 9.031411771890070217e-02 1.127775513031703675e-01 8.161976682029228880e-02 1.160830102800050612e-01 8.800318295113949973e-02 9.152186544997076290e-02 1.177253162471057074e-01 9.361523341324834435e-02 9.199801309963409612e-02
1.192645861002698537e-01 9.061478810004801321e-02 1.194380523042650882e-01 8.133632709227725521e-02 1.191158348420710833e-01 8.521098524454999434e-02 9.059491294766527925e-02 1.127653965427244803e-01 9.080936067876010931e-02 9.084975614736885696e-02
1.034632767557589761e-01 9.380305356647630766e-02 1.192936208621553223e-01 7.659474691895484799e-02 1.031683822118845267e-01 9.144404176019975405e-02 9.458848080242883427e-02 1.242268373411655469e-01 9.761511643873299615e-02 9.580244334224286007e-02
1.150045689440625241e-01 9.029432852391799935e-02 1.215692178969523946e-01 7.692090279127586361e-02 1.148691449695013744e-01 8.678715198418322785e-02 9.004551396763002535e-02 1.230469565068758042e-01 9.151592745084460856e-02 8.994628696475619190e-02
1.195847507395276788e-01 8.846016606545026306e-02 1.111111794666212321e-01 8.303018132604407520e-02 1.193330730660166067e-01 8.508691499503154287e-02 8.929872982409679805e-02 1.215256004756474495e-01 9.261675082110001900e-02 8.995265322046433476e-02
1.103676617980140634e-01 9.365930394537289039e-02 1.152242324481359548e-01 8.169619454601423358e-02 1.100827049042459455e-01 9.065519894694919201e-02 9.365110778782392842e-02 1.152861445460029721e-01 9.481225518297242694e-02 9.456519589446832352e-02
1.265127456646499560e-01 8.757830963894883136e-02 1.118497720966606102e-01 7.755184877015790235e-02 1.261434808835796839e-01 8.299251812393763916e-02 8.828787519776598591e-02 1.191029808364675313e-01 9.105645971387288373e-02 8.892400907395893450e-02
1.051862919249755557e-01 9.777585313354741903e-02 1.061383592927981484e-01 1.019035964923686727e-01 1.051133141938291188e-01 9.003425575340487375e-02 9.312487727673755822e-02 1.105153991469692981e-01 9.849151320642880736e-02 9.171653957894054798e-02
1.180523709281029870e-01 9.015640132141199137e-02 1.162726158286132433e-01 7.929253462075794290e-02 1.177440558634705314e-01 8.666819226294017464e-02 9.197149644079338771e-02 1.141165546566582228e-01 9.273501359676925015e-02 9.299076448048229637e-02
