1.137134838234074158e-01 7.750281947138187855e-02 9.387901223890234015e-02 1.186645727333389827e-01 1.099608215599442856e-01 7.968187087315571626e-02 1.016362261849613341e-01 9.394827321214135885e-02 9.349046705240608712e-02 1.175224528503606009e-01
1.159917637031611659e-01 8.241447704151001752e-02 9.304106767066808170e-02 1.216816802629473726e-01 1.064026241919630161e-01 8.312913861807595672e-02 9.928000326266414599e-02 9.299210430650882431e-02 9.248372358284914774e-02 1.125834173596523408e-01
1.083610386135402670e-01 8.454090606633514471e-02 9.620987354335153174e-02 1.180366654850298347e-01 1.028565160184588406e-01 8.741572256741458880e-02 1.008751892896013469e-01 9.619140515261444258e-02 9.512483869743122711e-02 1.103878445662227620e-01
1.196960893477923560e-01 7.588790555547375583e-02 8.996511737486040383e-02 1.164445589066126496e-01 1.243339636699435785e-01 7.724616631617513274e-02 1.000493416331705854e-01 8.998323421075982154e-02 8.896884321568346299e-02 1.174247797695282952e-01
1.126723328345337893e-01 7.937117347764049979e-02 9.266928222289826100e-02 1.255407289690099182e-01 1.104520005997601806e-01 8.033681149018113976e-02 9.957626443748661405e-02 9.268770203690743226e-02 9.164568144573762010e-02 1.150480224858445588e-01
1.057125824972997563e-01 9.446386411414883777e-02 9.179514169868134565e-02 1.155914680443804465e-01 1.090158378691693380e-01 9.599639688818602246e-02 9.679789025894397492e-02 9.187458706416271048e-02 9.264085087315841738e-02 1.061113806918691643e-01
1.147323722790446615e-01 7.638814900110742212e-02 9.231281082396781967e-02 1.234356816662519202e-01 1.106873808110773738e-01 7.813337514204946044e-02 1.036375217159269252e-01 9.241362628137717028e-02 9.201038149887148798e-02 1.162487007803257588e-01
1.107366984467238330e-01 8.149911973234628959e-02 9.113320441323459475e-02 1.179147149801479943e-01 1.209610441727209940e-01 8.355246912194266851e-02 9.845974635207348225e-02 9.115852401741397770e-02 9.040447624675415628e-02 1.141800025166420374e-01
1.117738449757517405e-01 8.523254783674041879e-02 9.362956746428927057e-02 1.167337025335811601e-01 1.049310065033693812e-01 8.736484667293120676e-02 1.005307900393205417e-01 9.367241099577386376e-02 9.382826166997669526e-02 1.123030213082656659e-01
1.204608926782310546e-01 7.993037105845456070e-02 9.105332128880773424e-02 1.186633408808784318e-01 1.101189188234026617e-01 8.350462332657883346e-02 1.003612085296154283e-01 9.102279356036738212e-02 9.022791949155040125e-02 1.146566103621135119e-01
1.136499025437835569e-01 8.237177910006554526e-02 9.023310952414602404e-02 1.242346029397585067e-01 1.135899782561540228e-01 8.370697013566379130e-02 1.002988569806679275e-01 9.019369222577343359e-02 8.939754628317835017e-02 1.123235620108088834e-01
1.245968806301926829e-01 7.520214489125050250e-02 8.996562613976388789e-02 1.212750555052471563e-01 1.149207885110835603e-01 7.581396967312319102e-02 9.884725876840086412e-02 8.992886873891643706e-02 8.935100087319283735e-02 1.200984062688288528e-01
1.222595525309323472e-01 8.021897368063163336e-02 8.716941462336483259e-02 1.135994372707248429e-01 1.213792702503234261e-01 8.394565505269081795e-02 9.821233116878762270e-02 8.730323785416664595e-02 8.697543103109989238e-02 1.189366965372779111e-01
1.284991965745193865e-01 7.242955939589872105e-02 8.596079274745256626e-02 1.190722804303080001e-01 1.329239609904628583e-01 7.349038722617574904e-02 9.619693023558764655e-02 8.594303713337789197e-02 8.513854078755654642e-02 1.203453144786605783e-01
1.242623731337893223e-01 7.327472019529225611e-02 8.858634972988306544e-02 1.209014579633402586e-01 1.245870243755714396e-01 7.436571567749572509e-02 9.899454007411748191e-02 8.862092974310897819e-02 8.821724513798512302e-02 1.181896439694163636e-01
1.164330035721658357e-01 7.877989713726009369e-02 9.092063179717263521e-02 1.231973184363146095e-01 1.149702897982839561e-01 7.952534648557456343e-02 9.858465261335931651e-02 9.088652539296025734e-02 9.044601722373585284e-02 1.162563175431728518e-01
1.160155843277904247e-01 8.276202128019595483e-02 9.153699840501804130e-02 1.157045263682927594e-01 1.136837654439464551e-01 8.466496106354930162e-02 9.854244456827487841e-02 9.147659421254938916e-02 9.093751321372321728e-02 1.146755911166595920e-01
1.099029738310473153e-01 7.807650543073119120e-02 9.738926196115701983e-02 1.182917254695020071e-01 1.062677521200812158e-01 7.896918230624450086e-02 1.040040222554947102e-01 9.737686234584484735e-02 9.685847824670766604e-02 1.128632360331894985e-01
1.218672155972316679e-01 7.399077964982277156e-02 9.262865573647821593e-02 1.250980000337537923e-01 1.033606710377276555e-01 7.594734748757288323e-02 1.040747348110634685e-01 9.266829330597088632e-02 9.113405626904672041e-02 1.192302460713319107e-01
1.206036581032232935e-01 8.043830292045814345e-02 8.705606342785064677e-02 1.186775201309904493e-01 1.214005921793541165e-01 8.132042303541292538e-02 9.957222499103740576e-02 8.713393539478789251e-02 8.720397103976716691e-02 1.165933087771180016e-01
1.160541568766222525e-01 7.912737527214737387e-02 9.132564027896822312e-02 1.250073053655209876e-01 1.078494735715283953e-01 8.093494963737553338e-02 1.009347982106144764e-01 9.134504246632955959e-02 9.064330029480806294e-02 1.167779580260851074e-01
1.094962664192382223e-01 8.331060799132197769e-02 9.343317854421891167e-02 1.170911402304925103e-01 1.135360071818359573e-01 8.531924354215104922e-02 1.005228496676300737e-01 9.335783441398655402e-02 9.260685062062305739e-02 1.113260213885016725e-01
1.132251618656669040e-01 8.367112488703273843e-02 9.251140514758067479e-02 1.182977624505554548e-01 1.130981383517856015e-01 8.426518620141033866e-02 9.720962411986647234e-02 9.248095266708585005e-02 9.189440978893204104e-02 1.133462345200839522e-01
1.151016235436839175e-01 7.750566099168376688e-02 8.954450358167868884e-02 1.195218841895243356e-01 1.270591801800255716e-01 7.988844427683465532e-02 9.755149034291937804e-02 8.956754270131037088e-02 8.889166688511189462e-02 1.153680033072273931e-01
1.205862245029482582e-01 8.402020129122378389e-02 9.109165587742044934e-02 1.194332976902744564e-01 1.058058116440013102e-01 8.342734946081220571e-02 9.744591041285941002e-02 9.114544521596869286e-02 9.073765348664131203e-02 1.163064504178501213e-01
1.151652278228629811e-01 6.541378662185368120e-02 8.495938507039774157e-02 1.141613303682488118e-01 1.799573143148309462e-01 6.666195787843207099e-02 9.316382559466258872e-02 8.499869989943512061e-02 8.411642624495360709e-02 1.114020461843224646e-01
1.108118680240407772e-01 8.297849381505943700e-02 9.506099574449534961e-02 1.172656701601986345e-01 1.037078085119643028e-01 8.601351293158496225e-02 1.005532534832301317e-01 9.504590928391004612e-02 9.495872295034410437e-02 1.136037650951722544e-01
1.105809882996093285e-01 8.323968514831962817e-02 9.409086085637909103e-02 1.158766120719002812e-01 1.096969104638361725e-01 8.503290040449995590e-02 1.035681659187157461e-01 9.412042633168854477e-02 9.260073954189163015e-02 1.111927109631596355e-01
1.172789543839072024e-01 8.070886827574376421e-02 9.078334975581515975e-02 1.193029521785179542e-01 1.132680774858149109e-01 8.171515260664516389e-02 1.009448109280779854e-01 9.077291738406560728e-02 9.025995471414322013e-02 1.149649622872690041e-01
1.137294591233137392e-01 8.378689295196486975e-02 9.134305428980270258e-02 1.134785906679607603e-01 1.184248751918469955e-01 8.604984505191380639e-02 9.884896850512650546e-02 9.136070138777789562e-02 9.119958454753791799e-02 1.117780282827547794e-01
1.208303421257003185e-01 7.592936599361409244e-02 9.138060239940150320e-02 1.239317422133016516e-01 1.094324719152365150e-01 7.844023592829917069e-02 1.017793422481598070e-01 9.140426569078231867e-02 9.044405792441406744e-02 1.164275735610905832e-01
1.180841712182515157e-01 7.872867945165316905e-02 9.258566135019710708e-02 1.174193685261367415e-01 1.120891808580836285e-01 8.142187677102155630e-02 1.000250631480853886e-01 9.250805816713723873e-02 9.107149549722509674e-02 1.160664450122085856e-01
1.200017198718426464e-01 7.778899003570548254e-02 9.056525831556740125e-02 1.185573973621505545e-01 1.152091600649539083e-01 7.971763920223440270e-02 9.982996470917646081e-02 9.051903101622878201e-02 8.938831358029991625e-02 1.184225258418404314e-01
1.044329638723008186e-01 8.491028893280151701e-02 1.038380316959255645e-01 1.045813828327745998e-01 1.019772722421874306e-01 8.568997632078460824e-02 1.051007558878512549e-01 1.037513817653332726e-01 1.022969679298461887e-01 1.034209785201946757e-01
1.084167099013414459e-01 8.870350009494207266e-02 9.441789059470741263e-02 1.154475924710744311e-01 1.096063260727724448e-01 8.959572814497335225e-02 9.754957056211820132e-02 9.447649268873231643e-02 9.321713868678326020e-02 1.085690507825551043e-01
1.208000088222906665e-01 7.877713348855490405e-02 8.488948917111618919e-02 1.195166088390480358e-01 1.313088751046420366e-01 7.964826318002403427e-02 9.867668859339165377e-02 8.493776517639646528e-02 8.477933125352624111e-02 1.166658363710097457e-01
1.202537369926014871e-01 6.942199394609381569e-02 9.084223578553515810e-02 1.178136358992840499e-01 1.307520385632490456e-01 7.069035967765945061e-02 9.946209993092473833e-02 9.090277843623227605e-02 8.991716896134666070e-02 1.199439518070732763e-01
1.198375730367796099e-01 7.965289842571711409e-02 9.248245009415757834e-02 1.235439096582531537e-01 1.028254728981425475e-01 8.044754719909244511e-02 1.007793366220550574e-01 9.250112715316288758e-02 9.169881102962640362e-02 1.162308738830132165e-01
1.165870468805223908e-01 7.891593545613592720e-02 8.803196559992483572e-02 1.264994342091672053e-01 1.217077495020064404e-01 7.954172547893248457e-02 9.549672256240454571e-02 8.809817773175089572e-02 8.735264974974371599e-02 1.177685928294115725e-01
1.219878531237702651e-01 7.456362218360998440e-02 8.701341934320341864e-02 1.230360821661038440e-01 1.252259771904319086e-01 7.692375146559850274e-02 9.747543923940868438e-02 8.704988982494424321e-02 8.638935989056005516e-02 1.203346055723691493e-01
1.152435471123009064e-01 8.121171238025350070e-02 9.068310669289417203e-02 1.226731803298339862e-01 1.132895595331291222e-01 8.294583839458269381e-02 9.941301914868906631e-02 9.069445151891059043e-02 8.946488273110216050e-02 1.143807021583038430e-01
1.181431088782721184e-01 7.978054357209504732e-02 9.018398983175060502e-02 1.159014016107358519e-01 1.202651332118163940e-01 8.177238926986209189e-02 9.913712407055420839e-02 9.014972741013492497e-02 8.932074748038368317e-02 1.153458346643950888e-01
1.194687314179394555e-01 8.292073102229484405e-02 8.958735663754448242e-02 1.238094083517474880e-01 1.075613494586200175e-01 8.208627830356048094e-02 1.002100083958365473e-01 8.968008414433610576e-02 8.912569798983455138e-02 1.155503542782859994e-01
1.188735811575338253e-01 7.683084533913919767e-02 9.150493068327729407e-02 1.193990003245167519e-01 1.147766442212298510e-01 7.866689609134881744e-02 1.009724674850642212e-01 9.147180139333144222e-02 9.078854888896267794e-02 1.167152844155959768e-01
1.134502228177288324e-01 7.545458229473044065e-02 9.522495305744912986e-02 1.160757405065821063e-01 1.130799894443494102e-01 7.869445481787798458e-02 1.034837669020064327e-01 9.521298427844043788e-02 9.368318042434047033e-02 1.156401254564947412e-01
1.160343918553572301e-01 8.305132049407207284e-02 9.215098274278131496e-02 1.178434473970496749e-01 1.080827565337937474e-01 8.333002611830625517e-02 1.033118333886315771e-01 9.222195555730025585e-02 9.148437194390539318e-02 1.124889139688025064e-01
1.269674833675411563e-01 6.987780784757148533e-02 9.105211444100072549e-02 1.174902362645303122e-01 1.215076393094214474e-01 7.195967951993181844e-02 9.913327893744709740e-02 9.115639658395235934e-02 9.048503999541886167e-02 1.203703237331847642e-01
1.276138509744371707e-01 7.489686060716264915e-02 9.036037486402159757e-02 1.208523612702165906e-01 1.096851179405417404e-01 7.587114936907583818e-02 1.003573645995380348e-01 9.038597792949440435e-02 8.996423569450548441e-02 1.200127067510065176e-01
1.093760573350397586e-01 8.242181974165098401e-02 9.472457030513932452e-02 1.172844932208998714e-01 1.107903538739607313e-01 8.492589707658414200e-02 1.016505668328079037e-01 9.473989425321521773e-02 9.315270175698038557e-02 1.109336456037216118e-01
1.040775760672709160e-01 7.880552026706409696e-02 9.560193923787579928e-02 1.179344201176098506e-01 1.112161670675305414e-01 8.477667719239659339e-02 1.065610724871439013e-01 9.560921030879113158e-02 9.477043183316459507e-02 1.106469854211525466e-01
1.042018725958895053e-01 9.090879225067470537e-02 9.831816646942702353e-02 1.046127285072976226e-01 1.062314051031676976e-01 9.346189361505442827e-02 1.049735682955264121e-01 9.830540234198772986e-02 9.629837536354221572e-02 1.026877954574326457e-01
1.123453523807143722e-01 8.283017074871359964e-02 9.277408696635537633e-02 1.179113441010161134e-01 1.096962681961856922e-01 8.468955153873619635e-02 1.021489316688931337e-01 9.276371515519467315e-02 9.209629757162096642e-02 1.127442816725698904e-01
1.082127436696384004e-01 8.339220019554441365e-02 9.723309453699542637e-02 1.124703114182003805e-01 1.042465503856718767e-01 8.525210715871806011e-02 1.056173803347600498e-01 9.715257440957676682e-02 9.526273217979019936e-02 1.111603057111043708e-01
1.081129495490800452e-01 8.645732123098068267e-02 9.363928846867226874e-02 1.144057400088530491e-01 1.109812123783836535e-01 8.728855629474116529e-02 1.017550535511663468e-01 9.352628985481906132e-02 9.401110440166117466e-02 1.098224842616424696e-01
1.179670883882862481e-01 7.758550994699334180e-02 9.008469146340525313e-02 1.215039087144355184e-01 1.222150168716746865e-01 7.701733567562732419e-02 9.797890789552558821e-02 9.008070201505846697e-02 8.882948543821714282e-02 1.167373535907764437e-01
1.242160719413134135e-01 7.088193959940328193e-02 9.065247989952844587e-02 1.215030949984881731e-01 1.211776101973625897e-01 7.075608900574918703e-02 1.004944439072580076e-01 9.071473154827404406e-02 8.970664775292327975e-02 1.198968911496996331e-01
1.201881572487683292e-01 7.681984929046724309e-02 8.715536509546219224e-02 1.228310889369589737e-01 1.262142209996613140e-01 7.777683846674084134e-02 9.799612900870262322e-02 8.718126744252725768e-02 8.604665908462139079e-02 1.177904244260898070e-01
1.197744391960993277e-01 7.343580304594421460e-02 8.757253926072304517e-02 1.190176897791334482e-01 1.319809816277531245e-01 7.444643452227521496e-02 9.787353150946993818e-02 8.768406631176470234e-02 8.721535383619757886e-02 1.209991609106393640e-01
1.156477891962509746e-01 7.786663841486285431e-02 9.238912302000602816e-02 1.191370002372078296e-01 1.121250606000496614e-01 8.002434418104756308e-02 1.013078804241679953e-01 9.242277012581229245e-02 9.195908905880206818e-02 1.171203047417927329e-01
1.111750215937347408e-01 8.236244099281260500e-02 9.681602150278237340e-02 1.132386237552364255e-01 1.112637839033678300e-01 7.939193820832134152e-02 1.034841950888066436e-01 9.679877210950044164e-02 9.517727968575802333e-02 1.102919231596795613e-01
1.152841119201624964e-01 8.213264760573671386e-02 8.865165512573197626e-02 1.270028380410010704e-01 1.132717037042571956e-01 8.419454311726551343e-02 9.862522168060069983e-02 8.867932483866049209e-02 8.780005767358989299e-02 1.143578962929939630e-01
1.108961978195855264e-01 8.474533649527493662e-02 9.587183139252584974e-02 1.081086329507185279e-01 1.096979864156700235e-01 8.805003063354649440e-02 1.045887517755143270e-01 9.587183643274328759e-02 9.371996777704587334e-02 1.084494283073751258e-01
1.104023646393168245e-01 8.394595895222675686e-02 9.246552076696558375e-02 1.196506214902898907e-01 1.127996426977068423e-01 8.459798234607440737e-02 9.822757361139800025e-02 9.239135279450555460e-02 9.165016198478542764e-02 1.138688207167307120e-01
1.111548319554929998e-01 7.861226310040066168e-02 9.522107480601732510e-02 1.203540402691459094e-01 1.079248866166028220e-01 8.078251838119919481e-02 1.029222727375938423e-01 9.516206860800406619e-02 9.433057640841290004e-02 1.135354671171302648e-01
1.101898764040044748e-01 9.080743758738885063e-02 8.916805834399182951e-02 1.138978818823998540e-01 1.143278086541086314e-01 9.585065897788817846e-02 9.767174944605264142e-02 8.923852968361500881e-02 8.873862130069312681e-02 1.101093777198574181e-01
1.178961672226389173e-01 7.849162475693882701e-02 9.254621116720752882e-02 1.207881076830943506e-01 1.033159216136316227e-01 8.145239592546839325e-02 1.020826409929856265e-01 9.263230579991778291e-02 9.269323234509259379e-02 1.181013924930243847e-01
1.219440667534329309e-01 7.592447212381159272e-02 9.297232748455824813e-02 1.116037884559877014e-01 1.181321132287872777e-01 7.838432160547942340e-02 1.003324263171500447e-01 9.295523089815928286e-02 9.089893316878146223e-02 1.168523199638520083e-01
1.146656317552986332e-01 8.062004102693087759e-02 9.138702829580346021e-02 1.136504866749851461e-01 1.226850721613906015e-01 8.117847574548553435e-02 9.800975128121054702e-02 9.138856499806700950e-02 9.090583822161581173e-02 1.155091098392123511e-01
1.136307641414209257e-01 7.876762260179263897e-02 9.351573948098966527e-02 1.178087954652287939e-01 1.161136580015555003e-01 7.903344081506109842e-02 1.012601283028871924e-01 9.354955849721115213e-02 9.159096531570691535e-02 1.147293273781460760e-01
1.145297663593203147e-01 8.376256180533081519e-02 9.342630002267754419e-02 1.171864509213549066e-01 1.035416308908585353e-01 8.568269238273960864e-02 1.021711200589728724e-01 9.349544428782292915e-02 9.311254057929549410e-02 1.130914926916270491e-01
1.069102186621958966e-01 8.432344462589914935e-02 9.183020445067828497e-02 1.167289238081127278e-01 1.188879393210740265e-01 8.627521928920293959e-02 1.029375507492849978e-01 9.185955548769673962e-02 9.050078601245485632e-02 1.097461575934004091e-01
1.158362800367954554e-01 7.841483424586336015e-02 9.137060999798343741e-02 1.202103678140244991e-01 1.186680456593573740e-01 7.966882398759815576e-02 9.876396733067248357e-02 9.136347190811923424e-02 9.030775160688032932e-02 1.153958474127056433e-01
1.171466396485267708e-01 7.905303355877643656e-02 9.212318104550717979e-02 1.117209080031943969e-01 1.238031038989655941e-01 8.160739201857676595e-02 9.761520618936891935e-02 9.206246284439488503e-02 9.072577498710061861e-02 1.141422978055884746e-01
1.213314963693027521e-01 7.298032220279393467e-02 8.964801273462137676e-02 1.162608126375412609e-01 1.273673730550071992e-01 7.515478437769253228e-02 9.952511399731256425e-02 8.968039618656671597e-02 8.882757981015762527e-02 1.192241086290040109e-01
1.190594637104431947e-01 7.624899498560182287e-02 8.883332475867063149e-02 1.208625282122595540e-01 1.266880971521623656e-01 7.583815789728978740e-02 9.720380705854890502e-02 8.891529821246432763e-02 8.798329569512634840e-02 1.183670323174330352e-01
1.166547408311667117e-01 7.706564046075231600e-02 9.189866897928010425e-02 1.251875730755169780e-01 1.127689174107801423e-01 7.961052738465163037e-02 9.776351109040518073e-02 9.194014665473974890e-02 9.147482081483879202e-02 1.156354532978684374e-01
1.273553586131644932e-01 7.425292556874281413e-02 8.796269217224994552e-02 1.199588015445506167e-01 1.216498460164169848e-01 7.446554658520440628e-02 9.878678834102563866e-02 8.800024459024999302e-02 8.722668494208903056e-02 1.203411116263061464e-01
1.133600204343448992e-01 8.297037497577258724e-02 9.137858595017306351e-02 1.189076923326408824e-01 1.155288052384122327e-01 8.491522558181772984e-02 9.973074325820126262e-02 9.132629863201034703e-02 9.038418661077599059e-02 1.114980669858509771e-01
1.387294307515467839e-01 5.063372462682209224e-02 9.510338363644230131e-02 1.432111983868831762e-01 8.285867621343712131e-02 5.175424965159061697e-02 1.138343119941059023e-01 9.522111851678688454e-02 9.358996681368877968e-02 1.350639394086963208e-01
1.206324998982253871e-01 7.655246996100269208e-02 9.430575574350689994e-02 1.144329204205164346e-01 1.119740429003492493e-01 7.841934565995314910e-02 1.035862102648858335e-01 9.427527627540287225e-02 9.250358450545236033e-02 1.133178943707051634e-01
1.151693464809396411e-01 7.861160892206213446e-02 9.361017992047888925e-02 1.174721118122960817e-01 1.124414014170567883e-01 8.049584269514752088e-02 1.009886501839721562e-01 9.357900435263942496e-02 9.220121026210340021e-02 1.154306439533039352e-01
1.181635325588589608e-01 8.146427715618685672e-02 8.988585818940425520e-02 1.214672288754021362e-01 1.115973666917808027e-01 8.326480648532363915e-02 9.948620755703410645e-02 8.990935442687780776e-02 8.965092204578545276e-02 1.151104460133459961e-01
1.200891911069524587e-01 8.076505028677216647e-02 8.622629000405090949e-02 1.174442438207662087e-01 1.269808010728015468e-01 8.404394178518070913e-02 9.513134183827141876e-02 8.626274298110701844e-02 8.569537315149229617e-02 1.173610239526052812e-01
1.224288277386979262e-01 7.435992348191025614e-02 8.990058356903654624e-02 1.212899537986840692e-01 1.169284971109392918e-01 7.513622255696331131e-02 1.015032532684994465e-01 8.991233984425529846e-02 8.894799646061676834e-02 1.195924021703970580e-01
1.137907920096317416e-01 7.744486200577184454e-02 9.477398648375572054e-02 1.136874735121625873e-01 1.164187318651030562e-01 7.938126687107889545e-02 1.015489021043125967e-01 9.476510560307276065e-02 9.346465874735089552e-02 1.147242207977598738e-01
1.183373964280488022e-01 7.251221944262276065e-02 9.271832731793396010e-02 1.233405126185244255e-01 1.145403818401061896e-01 7.490466620236295447e-02 1.018956439873008601e-01 9.270429273519585622e-02 9.129897140566978209e-02 1.177475880222344090e-01
1.082807023834541360e-01 8.642416037449833499e-02 9.352721429677815501e-02 1.201571508927760240e-01 1.104988797175894544e-01 8.667769909388176042e-02 9.660679683009257279e-02 9.348845548589004850e-02 9.332023695517009665e-02 1.110187039698694172e-01
1.163885888749883468e-01 7.690824881432037352e-02 9.037795329332309890e-02 1.231844224755397621e-01 1.169302146553340277e-01 7.875355955206415903e-02 1.012794374158294680e-01 9.031216408446794686e-02 8.938374835751518310e-02 1.164816624766176895e-01
1.084905182968961407e-01 8.534311209559301836e-02 9.518474094265670649e-02 1.126576659066569480e-01 1.126192412027563622e-01 8.536790644318575927e-02 9.920450127206392743e-02 9.513651300593090054e-02 9.528884120785144352e-02 1.107069596264088074e-01
1.256413429571187068e-01 7.451166214585666636e-02 9.027959774637819845e-02 1.202048371722315989e-01 1.067810400957146799e-01 7.688333639837775790e-02 1.040817818918457344e-01 9.032754226193187574e-02 8.962157861412831106e-02 1.216672807164164566e-01
1.160917714189457772e-01 7.612719754469568501e-02 9.430707627888491873e-02 1.172855864139778215e-01 1.153646281078821167e-01 7.699727152812314845e-02 1.016818708629314560e-01 9.431711729218010543e-02 9.318761350767826301e-02 1.146398670447007218e-01
1.204652716806193929e-01 7.684876078105162822e-02 9.006033481140172936e-02 1.175055297533829507e-01 1.257916338238156684e-01 7.714060458222996020e-02 9.801225316118178377e-02 9.002501578894163414e-02 8.912169246490243835e-02 1.150289031524727307e-01
1.078559824736167738e-01 8.346423973616641512e-02 9.844065241085384055e-02 1.123610156788669989e-01 1.068948014219189002e-01 8.478751712600299251e-02 1.044839938395100004e-01 9.839455994011883644e-02 9.616289069999565953e-02 1.071543466729496241e-01
1.199552893001969434e-01 7.839353902744922165e-02 9.054770776858700465e-02 1.216510118996952799e-01 1.127046298395341650e-01 7.952275497118546643e-02 9.967581435526287614e-02 9.055333095738934968e-02 9.039161647685087231e-02 1.166043054038487931e-01
1.179943478839931698e-01 8.294909892354598857e-02 9.102337687359199347e-02 1.147676712457064430e-01 1.107000345451326917e-01 8.197700143874850354e-02 1.036525626835001906e-01 9.104627378618133926e-02 9.039594227982182539e-02 1.154936903397778825e-01
1.177243926382022798e-01 8.283780141432045552e-02 9.162659758525319720e-02 1.211830334356340660e-01 1.079395670212525415e-01 8.213075700563067516e-02 9.902831302951259351e-02 9.164230367645713471e-02 9.099847917082704019e-02 1.148887550229099747e-01
1.104184248557757569e-01 8.009198266403129429e-02 9.481803431643850977e-02 1.134951198118135246e-01 1.169640582371855309e-01 8.205896288206049327e-02 1.052081763461480968e-01 9.480698037480615736e-02 9.323712583874657622e-02 1.089011346729940460e-01
1.155087563841618453e-01 7.986265995622923719e-02 9.069239735701344063e-02 1.266228291224437419e-01 1.096776215323520542e-01 7.973806404055303054e-02 1.020101344509442703e-01 9.069144291026280669e-02 9.002090527486485139e-02 1.151751889711746801e-01
1.130096982501845593e-01 8.412256024899522622e-02 8.875696443853721418e-02 1.271436377676435359e-01 1.164221396998842972e-01 8.338323398432083422e-02 9.690857193693724891e-02 8.877307439384972410e-02 8.815676531391754278e-02 1.133233539657297756e-01
1.104634997710276373e-01 8.661968880136482196e-02 8.843214558732787056e-02 1.182699606943183462e-01 1.138618006526414678e-01 8.911979775603356968e-02 1.016534971679658866e-01 8.850002309479058915e-02 8.798365722293681468e-02 1.150959292515930099e-01
1.168366706695719848e-01 7.410718310076978843e-02 9.479835442461971573e-02 1.214048540241523116e-01 1.102072154736837145e-01 7.547175522371743495e-02 1.006683836178038638e-01 9.479525186920219337e-02 9.367394433880998905e-02 1.180363872576690454e-01
1.054670767456625524e-01 8.933115078335916726e-02 9.461560483146462530e-02 1.126854064224779295e-01 1.115141539089143791e-01 8.742120852790186136e-02 1.033192218844063842e-01 9.462027111179213690e-02 9.328197607837040994e-02 1.077439297056505818e-01
1.155023978756400116e-01 8.064699951996108507e-02 8.727550011572680899e-02 1.246152586097604431e-01 1.208847267406500947e-01 8.362844624174692321e-02 9.690832775688743017e-02 8.728076187331286484e-02 8.693889950525615640e-02 1.163186817610581819e-01
1.235015432475616293e-01 7.254834907281354495e-02 9.218712137989772126e-02 1.260318758630654679e-01 1.120538996460800490e-01 7.405561986337122482e-02 9.809984763110461692e-02 9.218411050827407527e-02 9.126954926243850685e-02 1.180680835253930666e-01
1.161546504087302145e-01 7.534834126146947031e-02 9.415787194375861702e-02 1.228253129606702021e-01 1.069999980711397874e-01 7.718869462611678556e-02 1.017843898441855022e-01 9.421110087064749061e-02 9.393464726116926289e-02 1.173949927521126951e-01
1.175321147142757844e-01 7.235478270899792230e-02 9.261250755142767799e-02 1.224161813894048406e-01 1.186501164992663643e-01 7.316202201595564669e-02 9.922219314361789555e-02 9.262203648791642041e-02 9.207348848485298609e-02 1.193545570042844201e-01
9.672780844470911521e-02 9.387057640802104475e-02 1.032114168513488250e-01 1.004891090181888880e-01 9.893160274305912161e-02 9.834091133694834730e-02 1.057349664851934129e-01 1.032464117060905712e-01 1.021473463339342552e-01 9.729985067250644659e-02
1.000228925878715591e-01 1.013365836260212149e-01 9.484834748053817821e-02 1.035419793457331566e-01 1.058476066149901251e-01 1.073449266388001727e-01 9.443492467719115380e-02 9.494834156163088623e-02 9.650345149644737330e-02 1.011709459707761938e-01
1.142755723836972603e-01 8.318573281360111538e-02 9.168451417752621069e-02 1.093679280809663340e-01 1.240918786320502204e-01 8.429704591624161136e-02 9.875522674661003919e-02 9.169426351558593313e-02 9.101041787122139681e-02 1.116374198624999203e-01
1.180868937765387483e-01 8.343640114360047211e-02 9.268947714320345532e-02 1.122364674678420493e-01 1.152927823127470330e-01 8.307378608980299506e-02 9.803657492192255352e-02 9.269277513872015151e-02 9.264282166083533110e-02 1.118120203447872107e-01
1.146949690545350786e-01 7.671575805323242736e-02 9.299825109903558928e-02 1.170498257421070110e-01 1.235334870695764392e-01 7.720554998040221606e-02 9.840525911534248049e-02 9.299753975752329815e-02 9.192829604945419730e-02 1.144710640787912348e-01
1.121680983158541561e-01 8.234443603287021352e-02 9.287763737310840428e-02 1.178541094558733932e-01 1.091549650383276948e-01 8.426994584589242443e-02 1.013400311985410140e-01 9.285158581938635081e-02 9.244131380132197817e-02 1.146978771188244123e-01
1.149254746417807393e-01 7.642723062340896212e-02 9.282843177525772205e-02 1.182180373224082232e-01 1.159707243643950392e-01 7.787693896633864077e-02 1.026697307751598398e-01 9.282408660004327905e-02 9.131872258049847368e-02 1.169406223507091364e-01
1.145898922594419944e-01 8.059660391940870472e-02 9.199747318935294627e-02 1.194638752738121784e-01 1.103826882306434415e-01 8.253948006265397763e-02 1.021810269694051199e-01 9.206972315611688940e-02 9.170943797579163281e-02 1.144697989633730456e-01
1.210599378818127819e-01 7.504064505737306767e-02 9.273142070570307427e-02 1.251654983499885798e-01 1.050340114672737024e-01 7.639203053041059011e-02 1.026395260917866703e-01 9.271243076968267716e-02 9.245598573422478261e-02 1.167685134117440876e-01
1.229738489365835574e-01 7.722063631401292205e-02 8.727731089109304341e-02 1.122796457927405511e-01 1.271345969814167975e-01 7.939309310810602205e-02 9.861112252563085379e-02 8.735355595427424236e-02 8.672921384288841129e-02 1.210269756532536406e-01
1.115682303988845409e-01 8.187489688763600892e-02 9.355963202923966993e-02 1.155268726341955321e-01 1.128731564162675227e-01 8.359532062537765318e-02 1.042438790658748726e-01 9.363336536855930425e-02 9.215126691724077890e-02 1.109733796567241165e-01
1.198539886437275659e-01 7.721250521108034837e-02 8.937700937809765767e-02 1.241013247911681855e-01 1.108659298027244583e-01 7.930438351926767659e-02 1.021892432174755228e-01 8.942314257788658294e-02 8.889923550682916897e-02 1.187732373517428053e-01
1.140096487478061971e-01 8.004967641887714147e-02 9.254403186449855490e-02 1.203650822160835798e-01 1.116082534101257434e-01 8.216682605800681993e-02 1.020467663388641422e-01 9.249526937123082881e-02 9.127754049083115773e-02 1.134369050836758486e-01
1.111674426079091033e-01 7.773975902746869948e-02 9.226338129039397817e-02 1.254454572310415295e-01 1.140477255910080090e-01 7.971013257704935573e-02 9.988977583545874395e-02 9.224496824501708658e-02 9.120113827864906320e-02 1.162902193160044312e-01
1.212964443660383973e-01 8.158298366252182687e-02 8.844146830004935567e-02 1.260228740690354787e-01 1.147723510529140845e-01 7.979956976030554150e-02 9.504291137863864203e-02 8.848723476388535569e-02 8.788020480783576005e-02 1.166739578387755022e-01
1.168596177589605323e-01 8.229508744125224595e-02 8.751149265676194666e-02 1.186052256011554118e-01 1.224945460282655663e-01 8.341102868681668503e-02 9.855057832068551960e-02 8.755893623068508602e-02 8.713340568155986121e-02 1.155800815938571174e-01
1.206688981515278147e-01 7.402200940798589479e-02 8.952437282521573392e-02 1.253600698571670780e-01 1.237840174483792466e-01 7.458215880096255579e-02 9.635429401964568097e-02 8.952850790557145833e-02 8.885588284455177288e-02 1.173197887389927779e-01
1.137423318367632580e-01 8.024694701812840059e-02 9.615624212053547337e-02 1.157011035290661793e-01 1.027814622389130045e-01 8.262418189690320935e-02 1.023188136338456650e-01 9.608086686056777070e-02 9.582854036889275340e-02 1.145195104963842858e-01
1.286281998014550954e-01 7.197580458575246476e-02 8.707009445776678347e-02 1.239580726322198345e-01 1.195740916759852612e-01 7.352158076912823637e-02 9.864377275514008003e-02 8.715220040495583187e-02 8.676858792754460481e-02 1.227075949900517937e-01
1.104131280361200507e-01 8.759163243986313463e-02 9.407506479113014741e-02 1.163288057598574898e-01 1.014942312285719572e-01 8.869551487208539309e-02 1.022063602891171430e-01 9.409541912073635106e-02 9.393904346516958326e-02 1.111607999973488192e-01
1.105902607227916140e-01 8.448546388192551548e-02 9.303188747933267833e-02 1.130496022633975944e-01 1.114214460641895915e-01 8.613404512675049141e-02 1.029198685085014053e-01 9.304524913415963827e-02 9.215159418395997559e-02 1.131705826349915095e-01
1.161905029904081038e-01 7.790689529545073710e-02 8.677496436500824195e-02 1.276690905143048338e-01 1.299480882450703145e-01 7.665299365203730175e-02 9.500002297811513396e-02 8.681148901918570027e-02 8.587776292716664539e-02 1.171681900132529597e-01
1.118774825477806267e-01 9.106484046294639756e-02 9.038823567071337106e-02 1.151963212389354452e-01 1.096135105970308943e-01 9.443349230297713726e-02 9.739194077297125274e-02 9.039294103543416004e-02 8.993094568737128314e-02 1.097102896838394182e-01
1.195575234063809417e-01 8.556340990771188482e-02 9.052220545731773371e-02 1.108005859546399019e-01 1.066374266368066148e-01 8.851711074229050291e-02 1.017506187661211398e-01 9.054794314792669052e-02 8.979333857122141771e-02 1.163098374095831999e-01
1.150918067685849366e-01 7.760010845576584271e-02 9.366245002926718022e-02 1.193356890993953062e-01 1.129683976746583274e-01 7.965687025388776266e-02 1.038847585136812440e-01 9.364553013083889987e-02 9.183466165402111303e-02 1.123197274198994011e-01
1.159837420839630595e-01 8.419816703847772532e-02 9.206071030334420091e-02 1.161814465964499388e-01 1.112672780112752835e-01 8.534600133742827055e-02 9.896812109391708856e-02 9.215690247854556316e-02 9.162274456547708779e-02 1.122148864911218097e-01
1.207055149277418832e-01 7.349732300316266786e-02 8.870141723493411845e-02 1.198256295970499125e-01 1.303283577281732497e-01 7.496000008329303799e-02 9.792957290894506450e-02 8.871515430735502084e-02 8.782419806587511701e-02 1.175128321434699974e-01
1.171346650562458819e-01 7.616130454306473119e-02 9.020855965560252432e-02 1.222363596315562545e-01 1.162516884824681268e-01 7.821742672547510322e-02 1.029389274462675224e-01 9.020450560302326060e-02 8.904827438259993455e-02 1.175982884736966327e-01
1.109945630660761351e-01 8.860576958479821075e-02 8.838370218071667228e-02 1.101537005107043748e-01 1.229592243124966455e-01 9.175698282221061985e-02 9.878055337154782733e-02 8.841337297500583003e-02 8.817202042582372723e-02 1.117801107506199293e-01
1.158187163296396371e-01 8.583937717209109974e-02 9.334907419616263191e-02 1.101398095160277396e-01 1.023247553608392507e-01 9.057797867976617734e-02 1.071617763392728739e-01 9.341409028420580296e-02 9.260146440796619693e-02 1.087729577140285897e-01
1.154785728593598626e-01 8.431851588769706529e-02 9.378329525871539896e-02 1.132913406391680838e-01 1.058548059563167582e-01 8.489979945729389521e-02 1.004453056208032130e-01 9.382153037997090217e-02 9.318063277662237687e-02 1.149262011640524300e-01
1.065978583003331509e-01 7.856145307840801950e-02 9.680658386510440638e-02 1.185601391613428091e-01 1.152093033353255025e-01 7.973357756504050042e-02 1.019238567774164717e-01 9.675861512410020848e-02 9.464355073557491338e-02 1.112050620573540594e-01
1.240390943041820571e-01 7.886556503506224336e-02 8.801073354944681515e-02 1.198951026616902754e-01 1.157547875269518134e-01 8.016632477042738569e-02 9.981060378873321537e-02 8.800213501885771616e-02 8.741987312054481929e-02 1.180357802241037146e-01
1.162819973224500092e-01 7.408415131847095880e-02 9.328807443124664811e-02 1.163291361737491120e-01 1.209697409693836073e-01 7.578906267064354496e-02 1.008280344642922127e-01 9.321238092065479985e-02 9.247482056729276756e-02 1.167426011618163673e-01
1.146096836303209104e-01 8.197113452056234428e-02 9.376765926634793302e-02 1.183036622955953299e-01 1.059980082601683776e-01 8.316789678267448582e-02 1.020643084950279139e-01 9.378200199522106206e-02 9.355683666195846460e-02 1.127788080921231367e-01
1.220632000364830633e-01 7.769159258540443702e-02 9.254265929501329091e-02 1.162713202045419919e-01 1.073825739596385859e-01 7.956024481648929503e-02 1.008844556389825176e-01 9.252310695737965551e-02 9.168419534901889323e-02 1.193966511570483113e-01
1.172834532731944213e-01 8.097628397106997056e-02 9.399837555472040362e-02 1.118429330799214916e-01 1.136361510617200365e-01 8.326371356183290273e-02 9.937082612201249276e-02 9.392160560258965007e-02 9.257934984782080490e-02 1.131273079251178953e-01
1.105882124941292011e-01 8.541035692057610818e-02 9.503909886931991013e-02 1.173536305172596522e-01 1.047151803720387797e-01 8.533650061574618584e-02 1.024440010856670913e-01 9.501447628639836385e-02 9.382130950671002667e-02 1.102772333321546672e-01
1.092126729669132268e-01 8.107778236524611215e-02 9.591528859046316580e-02 1.185739767010141332e-01 1.084963462028044889e-01 8.074923643041420629e-02 1.016182640520230107e-01 9.594249243689323414e-02 9.495583415317090936e-02 1.134581061010574987e-01
1.131599205590217705e-01 8.563157177211828952e-02 9.148657760283010476e-02 1.205090825869554461e-01 1.066809547470111558e-01 8.795248416927195501e-02 9.918514114943229043e-02 9.157829626468301509e-02 9.152428034132248369e-02 1.122916908073534753e-01
1.168036368087644050e-01 8.074344173450420659e-02 9.272975817143319643e-02 1.187369750249015615e-01 1.046213206755427089e-01 8.362467033924088355e-02 1.008960833535364893e-01 9.282770813202222138e-02 9.287358619379690317e-02 1.161428195662573826e-01
1.212647111305156233e-01 8.173278835275982201e-02 8.741494097035214239e-02 1.159776660641450852e-01 1.241641609913866212e-01 8.320943494942051322e-02 9.452892129834963852e-02 8.742799345835169933e-02 8.702025857424884603e-02 1.172591242104699810e-01
1.172129784669582314e-01 7.895978519620107383e-02 8.608085632380080288e-02 1.158728107887242037e-01 1.384073074139280934e-01 7.981001347256348744e-02 9.626062094698741023e-02 8.610713461710203798e-02 8.574812378599806773e-02 1.155403689877365359e-01
1.091579675183955989e-01 7.979413557635006704e-02 1.005044037555467146e-01 1.151911097130996348e-01 1.034982864413617476e-01 7.982220755486107988e-02 1.025866043510550024e-01 1.005084120921653085e-01 9.786065812805577746e-02 1.110762148691090828e-01
1.227563040100708713e-01 7.650137826239510053e-02 8.954760306343649556e-02 1.210485140034034679e-01 1.164312442516459989e-01 7.732061763873769589e-02 9.783356778185078872e-02 8.964426751039140939e-02 8.930229506928806515e-02 1.196142084087800650e-01
1.124787696497626388e-01 7.908607523892259572e-02 9.262462548303070087e-02 1.178419251905011567e-01 1.166814256042465331e-01 8.211249770141935966e-02 1.008022577806163139e-01 9.265159951432590246e-02 9.205981432427841338e-02 1.136610095128963299e-01
1.207016951531672544e-01 7.980956678207072608e-02 9.009886902727452795e-02 1.117176250552427696e-01 1.181607152109193370e-01 8.080952352195069910e-02 1.000435527354522486e-01 9.019344867907774788e-02 8.984155409523864044e-02 1.186234497396060905e-01
1.164231281020189079e-01 7.454776809099669665e-02 9.531353008848858499e-02 1.223609150612392088e-01 1.023014228324698738e-01 7.597121627594972948e-02 1.050714379725714298e-01 9.527603340569187895e-02 9.393332229763576291e-02 1.188012258729378851e-01
1.197271591345541591e-01 7.588079557239670037e-02 8.971047310534474573e-02 1.224154782221835852e-01 1.146014081209928981e-01 7.687064583061789524e-02 9.971716274831175786e-02 8.982568223286767350e-02 8.979386006672974985e-02 1.214573349660008489e-01
1.128001949127693249e-01 8.447072792670901054e-02 9.035024368507202364e-02 1.212931035837742644e-01 1.197426920742374890e-01 8.338422148483548568e-02 9.624432038656249855e-02 9.034856551989921269e-02 8.967689057033542688e-02 1.116890398558052777e-01
1.190071998484224514e-01 8.035218657012392629e-02 9.393214843900177247e-02 1.136879263681713909e-01 1.090773247658166495e-01 8.096978515584940528e-02 1.016239973281229531e-01 9.389287824508581182e-02 9.292166115548272654e-02 1.145348921239228990e-01
1.118950652485376090e-01 7.791370931952111556e-02 9.072831894981683853e-02 1.206650020554505404e-01 1.284668190619802364e-01 7.906052489478898604e-02 9.628937916909820205e-02 9.073434397419267994e-02 9.001257492706384034e-02 1.142342623995499656e-01
1.075016854664662819e-01 9.548733672264438088e-02 9.187324009818720327e-02 1.104536115390293560e-01 1.052999106181039674e-01 1.020766853571180022e-01 9.571155200344018399e-02 9.190655673086155220e-02 9.330306602609775291e-02 1.063863554380513055e-01
1.213637433294468410e-01 7.553318449306177518e-02 9.282956534002470561e-02 1.132154783492174549e-01 1.173233719091089228e-01 7.906507143587825082e-02 9.995908608720342758e-02 9.279290932301559325e-02 9.175956084681537173e-02 1.161580288862276017e-01
