9.347932163015960916e-02 1.103632417492594747e-01 8.922743832007143383e-02 1.173728321291940824e-01 1.192990943469437182e-01 7.975225004348691915e-02 9.358955860387969949e-02 7.599138072304439939e-02 1.017388430782067560e-01 1.191860393757539077e-01
9.187503451059807202e-02 1.065308005797517832e-01 8.870467086164524062e-02 1.117565033493721771e-01 1.224087324084835449e-01 8.270687964305183104e-02 9.204228000864840553e-02 8.312250146002993223e-02 9.882080155393407894e-02 1.220317956244849900e-01
9.476560785969410927e-02 1.029596676387845855e-01 8.952230486479374749e-02 1.099120878796964879e-01 1.185704949770378519e-01 8.718252011639214538e-02 9.488804548335207090e-02 8.323184087507538853e-02 1.006314097992392076e-01 1.183360205059344472e-01
8.939720475451280735e-02 1.259256772950816949e-01 8.614413114662965165e-02 1.178209798129433578e-01 1.181094074264410487e-01 7.773259958263344094e-02 8.956014464750995663e-02 7.669923034162921816e-02 1.007118140275039680e-01 1.178988109651148836e-01
9.075775471697805630e-02 1.098844811857639936e-01 8.819438480476438080e-02 1.138374006148091810e-01 1.254012547011486289e-01 7.960582282914872854e-02 9.081689927549375929e-02 7.780168059277860204e-02 9.865958799696177006e-02 1.250407332821528439e-01
9.153627870840551350e-02 1.076064321381462602e-01 9.134952816392338804e-02 1.048164768736438296e-01 1.143270840469415295e-01 9.477105655969383924e-02 9.144913876727776836e-02 9.448674859907162105e-02 9.551656954652433529e-02 1.141406865963719153e-01
9.151532087443049746e-02 1.103516609977554797e-01 8.902151221926234148e-02 1.154861907056799336e-01 1.233908191706536567e-01 7.776610022587293614e-02 9.159023226002832585e-02 7.449754661838044190e-02 1.031377353559870119e-01 1.232428815719493753e-01
9.007807068076510715e-02 1.212714509704505839e-01 8.632972964055152243e-02 1.136397058748592481e-01 1.184880382864052784e-01 8.333981427135503384e-02 9.021184041473161164e-02 8.011637585343750478e-02 9.825135790978513362e-02 1.182736160976590317e-01
9.354825762803710421e-02 1.050672256183274034e-01 9.114964353007386222e-02 1.118640850069072268e-01 1.171891902156002585e-01 8.720748708460242249e-02 9.369687970121866327e-02 8.281208332502547342e-02 1.003995617234169357e-01 1.170655861667906500e-01
9.037175440305307561e-02 1.111994915890586744e-01 8.729306512073567448e-02 1.147193333684920491e-01 1.202401715461368370e-01 8.375310517461938276e-02 9.053202363799933705e-02 8.128129803383858654e-02 1.006997675300473627e-01 1.199099895960190759e-01
8.822440729135888615e-02 1.130355947382043064e-01 8.729844152402208013e-02 1.107477626014688604e-01 1.242772986317321610e-01 8.271185307892366112e-02 8.836947586684372469e-02 8.237572037725576779e-02 9.913949159599261263e-02 1.238199542941979397e-01
8.982182991448509068e-02 1.167668869388533703e-01 8.380896995989714493e-02 1.205486844676370434e-01 1.236482291641489567e-01 7.637050451640493842e-02 9.003545581628796812e-02 7.610523372629138250e-02 9.962050548772442837e-02 1.232737000082696349e-01
8.781252639676494220e-02 1.227875685839656117e-01 8.609528073202495080e-02 1.199088756082911517e-01 1.148494383961294607e-01 8.474775830495474838e-02 8.782667643177576033e-02 8.204605771335501951e-02 9.913237548671960386e-02 1.147934423460187786e-01
8.599364833610195769e-02 1.358542683342851831e-01 8.111211405270500607e-02 1.213398563279024650e-01 1.219183163885863841e-01 7.435631861824809619e-02 8.617154861476092331e-02 7.435853701894597212e-02 9.736531816440414933e-02 1.215300741440597798e-01
8.857054262558741731e-02 1.259945352683806419e-01 8.532066905049215388e-02 1.184945993397421293e-01 1.225495538745418750e-01 7.475324729734607321e-02 8.869609895571489711e-02 7.383402005445985350e-02 9.952100670593391762e-02 1.222657268278010273e-01
9.017021583152974584e-02 1.155837812980650969e-01 8.484728446667012813e-02 1.157881538102271818e-01 1.243551903959121824e-01 7.938656298033834602e-02 9.030016823505028489e-02 7.721817137732682468e-02 9.842616020294761570e-02 1.239243114019325936e-01
9.103917844965851713e-02 1.148901798138571989e-01 8.526289273470388785e-02 1.146970462067427171e-01 1.172468101836736526e-01 8.488772973293873259e-02 9.121196419919577747e-02 8.499526811310274821e-02 9.885282725821116501e-02 1.169161033079155892e-01
9.587904351706683093e-02 1.059064223985157344e-01 9.331889880293717243e-02 1.116245849447941724e-01 1.182994756438559697e-01 7.834814089768299405e-02 9.613321597834317833e-02 7.907218339465434120e-02 1.032591892730835847e-01 1.181588451490659941e-01
9.110210222922363044e-02 1.039639765414770572e-01 8.762343276223247268e-02 1.190049578266774294e-01 1.263362496371549237e-01 7.604475840479638094e-02 9.128732666012244479e-02 7.428571811020245885e-02 1.042467357005116141e-01 1.261047421276016156e-01
8.755495281739140989e-02 1.225374516933838837e-01 8.457801272886630861e-02 1.168883794316035174e-01 1.200090453116527123e-01 8.171133049426525241e-02 8.766180698113436309e-02 7.916522091256683602e-02 1.000735219617110289e-01 1.198202776674246600e-01
9.013870990722283594e-02 1.078980648149995974e-01 8.718045684180293631e-02 1.159933802672401537e-01 1.255868414231538499e-01 8.056926490146257280e-02 9.026020256663018493e-02 7.662344588663071165e-02 1.004984059898061943e-01 1.252512274010509907e-01
9.184071292102617690e-02 1.136367524196345430e-01 8.860696782258241366e-02 1.103267890201997808e-01 1.176297955413854596e-01 8.476069628499549591e-02 9.203966420879804156e-02 8.393502082899033379e-02 9.992574103765791693e-02 1.172978599147298101e-01
9.203731208022812582e-02 1.140885534628302278e-01 8.673567635422238520e-02 1.134333981991632878e-01 1.197063037071137842e-01 8.449603551940872148e-02 9.216527473272348447e-02 8.044392145430066809e-02 9.750649970233414565e-02 1.193870247876752250e-01
8.860670076139200158e-02 1.275910924501282850e-01 8.484373731953608055e-02 1.148482333376322634e-01 1.203153377185759154e-01 7.973152803744179562e-02 8.875375782430598715e-02 7.784967794376297656e-02 9.740272562157134550e-02 1.200572089856533631e-01
9.129904233982615025e-02 1.068703782920294165e-01 8.733289323402028403e-02 1.169037711236959182e-01 1.209148796438046652e-01 8.398869859891280876e-02 9.136085919696516899e-02 8.253254105810986507e-02 9.810362704074321316e-02 1.206933094718925514e-01
8.436911038274588770e-02 1.823237493494139216e-01 7.976983209304572275e-02 1.115557309445650291e-01 1.156587747022468637e-01 6.698389898594389602e-02 8.454591354308994833e-02 6.568206935576324790e-02 9.364817641207288934e-02 1.154627442311125796e-01
9.456690323471544923e-02 1.038965997086846865e-01 9.018142357046055047e-02 1.130522858928162677e-01 1.178266633756366172e-01 8.577320075960105650e-02 9.471758198762116054e-02 8.206718339765786685e-02 1.003124848860778989e-01 1.176056731867284738e-01
9.285820437325778554e-02 1.103187332486710998e-01 8.880931436489428177e-02 1.114296178086115613e-01 1.167672706227949053e-01 8.530253675150438475e-02 9.289641075647302182e-02 8.117468482280629227e-02 1.038647978023257701e-01 1.165784294486609390e-01
8.999771525377615877e-02 1.137580376712172825e-01 8.809323748057530656e-02 1.145153917034996416e-01 1.201901711632095138e-01 8.157027623451329479e-02 9.012342528512146123e-02 8.110069242419494506e-02 1.007817010426625276e-01 1.198693517412298681e-01
9.124786267626949776e-02 1.191681391940431489e-01 8.708762500880387614e-02 1.117362379680664625e-01 1.143770050457849213e-01 8.618694282604875967e-02 9.137186782401905683e-02 8.558461522859278636e-02 9.903613048019851983e-02 1.142035737481729707e-01
9.023683893948994394e-02 1.097859697097264969e-01 8.690222422598242735e-02 1.160330889577087382e-01 1.247967700975730204e-01 7.833572581130127110e-02 9.033547785945650332e-02 7.746327155283753985e-02 1.016373539630355399e-01 1.244732788828884773e-01
9.129020565344607430e-02 1.134980650268558738e-01 8.621891270804994678e-02 1.162273201654357158e-01 1.192708912120422488e-01 8.176191570248797502e-02 9.148085937450405047e-02 8.085742797798058101e-02 1.004870416044049558e-01 1.189073605747925921e-01
8.958019205783183947e-02 1.166005901321010008e-01 8.663898146905704700e-02 1.185282332841673947e-01 1.203207091471792944e-01 8.000916483968291415e-02 8.974828359602690653e-02 7.838497251376913555e-02 1.002330742300280714e-01 1.199557987301564377e-01
1.036056893562075643e-01 1.036172316619489026e-01 9.309120074685027502e-02 1.047778778784758530e-01 1.063701583671020495e-01 8.689615282938550900e-02 1.037021445967916261e-01 8.508848592177767345e-02 1.065577748290336135e-01 1.062932838124269197e-01
9.270471526728291112e-02 1.090941031041396669e-01 9.190952280605398095e-02 1.079155550162944899e-01 1.151304216946970604e-01 8.909529866339295501e-02 9.270362706379887963e-02 8.946475107187551457e-02 9.699499346259511656e-02 1.149870118498694110e-01
8.501039822675787727e-02 1.326470769316897558e-01 8.136097846390123733e-02 1.168056790594359379e-01 1.209718592945261545e-01 7.993566144605085411e-02 8.511210642770758450e-02 7.845346362898443504e-02 9.903490109627779980e-02 1.206678754246683499e-01
9.083295065125919499e-02 1.328645208606247519e-01 8.499997959193494879e-02 1.209919816736539783e-01 1.197920638964996287e-01 7.149535788407683501e-02 9.094300327264474848e-02 6.786214742118563958e-02 1.005863573817320222e-01 1.196316373663882382e-01
9.155556691363618549e-02 1.032422510375958502e-01 8.822191624199809956e-02 1.159210000204037028e-01 1.245473194763460911e-01 8.041811189753751699e-02 9.168708482230625290e-02 7.938779158176748063e-02 1.007635081951107625e-01 1.242554498132980717e-01
8.685146529051239461e-02 1.216062063019197476e-01 8.335303714496468397e-02 1.169374989750285310e-01 1.268204537389824305e-01 7.912572244000831700e-02 8.691131785292681433e-02 7.691792559365381865e-02 9.499708517255009421e-02 1.264792874894531960e-01
8.638342482208487272e-02 1.261017696443890446e-01 8.300789884376739980e-02 1.201575173249816858e-01 1.241823257084394838e-01 7.696665415180141412e-02 8.645176778898802650e-02 7.541943277723550665e-02 9.751917047049502019e-02 1.238100384678175181e-01
8.906403487087119486e-02 1.134972718255839591e-01 8.527364378536969602e-02 1.137413307078888602e-01 1.233757975246326660e-01 8.265685004384054624e-02 8.918544511433003363e-02 8.106316499401683418e-02 9.909396052711468006e-02 1.230485006063514880e-01
8.966711184573214477e-02 1.217823005537590902e-01 8.452258604993991009e-02 1.156763968760391031e-01 1.176007020494147515e-01 8.218447694756167432e-02 8.979447323253243740e-02 8.184387705820796166e-02 9.965600387015896566e-02 1.172720715166540029e-01
8.910987457773310305e-02 1.078700654097824174e-01 8.519091216222239582e-02 1.153797846956938628e-01 1.245718951192021084e-01 8.211806666410624567e-02 8.918758166413807975e-02 8.195067691235644047e-02 1.002556302796606957e-01 1.243655125151046231e-01
9.082283790836152837e-02 1.158950110175791942e-01 8.665962337029316231e-02 1.166165840581217250e-01 1.209527566461129078e-01 7.884226350499203007e-02 9.102297487935467890e-02 7.730815121821443814e-02 1.012434748436217835e-01 1.206363225533485378e-01
9.447066326188099938e-02 1.147468985812056252e-01 8.651006520511932141e-02 1.165077511699082330e-01 1.180049587789483989e-01 7.946545676854917251e-02 9.460685393511814034e-02 7.338714572178950402e-02 1.044992246097416755e-01 1.178009819677389436e-01
9.154148698591596522e-02 1.083676711291138156e-01 8.970697596801820162e-02 1.124641805455371124e-01 1.183999476915046090e-01 8.340671998674452359e-02 9.157138489194834030e-02 8.293686152455903571e-02 1.033706146782576718e-01 1.182341565984006831e-01
9.188259151899973165e-02 1.238086138524166491e-01 8.413279110230922897e-02 1.220546092512833775e-01 1.197586325569990062e-01 7.312925544939119504e-02 9.195737064310360864e-02 7.287148876746288306e-02 1.007300719860470817e-01 1.196745748719872660e-01
9.086828122162128596e-02 1.115146350747347054e-01 8.570839370788080336e-02 1.210587134153872230e-01 1.231813284894065774e-01 7.672604362956915447e-02 9.098481796178968517e-02 7.557598806652757184e-02 1.014837801610237872e-01 1.228980182720591924e-01
9.315862826837759125e-02 1.112044511923059587e-01 8.755179585702488332e-02 1.108683004137085287e-01 1.180261696835542690e-01 8.498670805999708477e-02 9.322906597678151663e-02 8.143940228381606194e-02 1.017179656793973097e-01 1.178175125850367821e-01
9.357536508690789123e-02 1.102655061534300179e-01 8.988423470058935771e-02 1.091878394958903792e-01 1.172632720791527555e-01 8.378666897083589249e-02 9.367214451382123441e-02 8.000178188346632191e-02 1.053044239872224369e-01 1.170587631286837543e-01
9.647814051467651364e-02 1.064820706930616478e-01 9.316623709144115917e-02 1.028874223937385618e-01 1.049086666610464791e-01 9.360994774246879369e-02 9.643866062518414994e-02 9.613053565521662014e-02 1.050829996812524120e-01 1.048153189419136905e-01
9.168133486326139614e-02 1.099780237288459639e-01 8.902863183376025225e-02 1.121247680791103291e-01 1.186122882933101086e-01 8.444362616246962883e-02 9.186809888215517750e-02 8.198092311113355790e-02 1.019033565178080192e-01 1.183789485281455667e-01
9.501862296758922799e-02 1.047543387589941755e-01 9.154850074366398249e-02 1.108178776780042729e-01 1.133054689942232379e-01 8.517267371741842064e-02 9.519991270088720703e-02 8.554581050317294766e-02 1.055525631754193755e-01 1.130842307606271524e-01
9.288461927197506907e-02 1.108311210856976481e-01 8.854492766182696373e-02 1.084528407182893672e-01 1.146834254175252837e-01 8.642188372913053862e-02 9.312961185024459798e-02 8.987291168328220836e-02 1.008317815203232382e-01 1.143468770617050573e-01
8.918159955716574439e-02 1.236354647164614046e-01 8.380687613125191449e-02 1.170655823351079566e-01 1.232732205637978445e-01 7.741162586394063905e-02 8.928989163136961948e-02 7.494953713101797088e-02 9.847762006703222881e-02 1.229085820028546217e-01
9.032387236972995448e-02 1.226912057817202417e-01 8.447833498947734943e-02 1.205457537266116513e-01 1.232567412701166126e-01 7.132675456601858532e-02 9.043599865508859803e-02 7.259521772819156615e-02 1.012970840896543767e-01 1.230490368233911197e-01
8.630247336802286673e-02 1.274258700925254284e-01 8.142935575173490537e-02 1.179992690309410036e-01 1.243294119159758654e-01 7.804636925472785425e-02 8.634508976113981771e-02 7.590314725907722215e-02 9.829880919587793975e-02 1.239202043699770966e-01
8.779140777593359701e-02 1.333535207625917707e-01 8.329879625227570861e-02 1.216144907333392700e-01 1.202882803845842091e-01 7.496566207299584783e-02 8.782834030766568933e-02 7.219599277101480805e-02 9.852842543269725584e-02 1.201350835069018436e-01
9.207369854662011965e-02 1.128653964817611238e-01 8.876560336379263338e-02 1.171369522505011501e-01 1.201863339939951980e-01 8.020612685811102927e-02 9.218476381805912334e-02 7.505875912833739894e-02 1.015473233994387270e-01 1.199750421593835520e-01
9.596479854944314769e-02 1.126400206526292219e-01 9.004154255075541569e-02 1.111580214762207391e-01 1.148355754386251870e-01 8.011809233957935261e-02 9.603291602336209987e-02 8.016073779899612894e-02 1.043986809515058400e-01 1.146496142188828532e-01
8.652246289527616707e-02 1.122434097480341092e-01 8.734806465473343717e-02 1.125705055857796899e-01 1.264512711752745489e-01 8.301785476618590842e-02 8.659637312293352873e-02 8.196842764272041504e-02 9.724952044204449031e-02 1.260321099670176637e-01
9.462975011609667253e-02 1.110028791885590699e-01 9.027671427668178261e-02 1.094696293891813249e-01 1.094381630161380958e-01 8.890445747476252714e-02 9.461750317472020222e-02 8.681764948628496736e-02 1.055435117853480709e-01 1.092997420922273422e-01
9.120169608393115246e-02 1.133593838051490527e-01 8.626835146913167107e-02 1.132105953023474915e-01 1.207387647558606780e-01 8.433119433667095322e-02 9.140090398229916424e-02 8.115521638381945069e-02 9.798374547223581699e-02 1.203501484085545414e-01
9.356345935192052210e-02 1.079391092826032794e-01 9.034010220774958688e-02 1.125235580024845639e-01 1.208793586774742912e-01 8.028215030218964487e-02 9.376951028150558309e-02 7.781243944211664598e-02 1.023278404940554803e-01 1.205624719579003884e-01
8.811183359994206876e-02 1.137032257226942566e-01 9.096733879536010592e-02 1.092531707361888288e-01 1.134227695684923154e-01 9.511940975678244425e-02 8.808912032325884323e-02 9.117692086941375784e-02 9.691618359195428023e-02 1.132400270359130851e-01
9.286103428860434383e-02 1.037576604823568505e-01 8.748633357995877491e-02 1.181889818136689502e-01 1.215424897234568952e-01 8.163900284762955206e-02 9.290881719926173676e-02 7.793797889646847388e-02 1.022948128894323599e-01 1.213828882791619934e-01
9.236685841664221686e-02 1.207418850102231350e-01 8.550806944972365320e-02 1.186493543770069381e-01 1.140725017481054870e-01 7.969509400996453719e-02 9.239837984167598162e-02 8.077644961014342206e-02 1.019575650984522880e-01 1.138338424380623409e-01
9.096850346699038303e-02 1.236667493927494366e-01 8.570534808645623170e-02 1.154656762858275176e-01 1.146752809214749286e-01 8.133648410057849054e-02 9.110400155422838930e-02 8.437371914687503971e-02 9.822870246080805945e-02 1.144755345840115235e-01
9.172970518826373265e-02 1.168423301684183430e-01 8.649505301439358584e-02 1.147811389656908099e-01 1.187878232224885561e-01 7.923234898658985947e-02 9.183818519657944990e-02 8.015854984176304376e-02 1.015224089779995925e-01 1.186124564378130547e-01
9.303401128150769195e-02 1.037167093857965516e-01 9.199224968649455381e-02 1.128928157952152761e-01 1.176315448933764884e-01 8.566617215356181481e-02 9.311372690588040624e-02 8.228175249890638809e-02 1.021564982995276788e-01 1.175145190997331363e-01
9.010323676670792259e-02 1.186969904416828175e-01 8.751788995248323266e-02 1.092020955500493107e-01 1.167925549598519686e-01 8.589574889466128349e-02 9.009951104318125736e-02 8.272493180778024702e-02 1.024301805301915252e-01 1.165368600534104626e-01
9.009742536344399200e-02 1.193476809713820280e-01 8.561195221319808923e-02 1.149870836333992535e-01 1.212844124961374864e-01 7.960952008666498381e-02 9.027314811307571296e-02 7.905549363114697248e-02 9.873654806102055703e-02 1.209967354305308967e-01
9.160259798593466118e-02 1.261376298479721103e-01 8.444912029921858299e-02 1.151508521596113777e-01 1.139360930570048058e-01 8.250619251742934146e-02 9.173728154069345220e-02 8.211593018040905245e-02 9.870968385043059345e-02 1.136546185612959947e-01
8.985776251212283794e-02 1.296503005173883782e-01 8.343710200997421500e-02 1.204638494867133758e-01 1.184024728226269196e-01 7.608496244933499186e-02 8.991891025373929813e-02 7.330543642795842030e-02 1.007203842738567390e-01 1.181588192462848380e-01
8.848654311737753908e-02 1.278795959377070079e-01 8.508076605776322687e-02 1.189004829366965693e-01 1.221633630426435246e-01 7.628948639288744837e-02 8.850277859566170469e-02 7.302802692891068037e-02 9.774512093459432338e-02 1.219238360557580170e-01
9.061636450213975125e-02 1.120973041232969231e-01 9.049632587029186881e-02 1.144601385462353932e-01 1.248638922421176217e-01 7.889124168561073569e-02 9.062881493729683935e-02 7.658980650268289170e-02 9.683816333146252897e-02 1.245179482588653769e-01
8.834489658466229689e-02 1.239801837687697778e-01 8.239737416394177227e-02 1.217277785354656666e-01 1.224410063080708377e-01 7.546449328224529018e-02 8.839381769174697867e-02 7.505751295463562733e-02 1.000743339704300156e-01 1.221186027400318064e-01
8.967789341657721180e-02 1.156649539756980094e-01 8.765843804646322734e-02 1.105262896192764216e-01 1.195303249508121723e-01 8.438518984037732262e-02 8.986535754662343389e-02 8.434665487096502934e-02 9.916872514502099445e-02 1.191761725881861772e-01
9.314400646457295097e-02 8.324540099087382461e-02 9.019322136993002115e-02 1.339119573592304491e-01 1.450564955081208862e-01 5.176383946537234382e-02 9.368339549123362586e-02 4.991450378292363460e-02 1.140256545091841017e-01 1.450615250585581828e-01
9.363471191304438557e-02 1.140804121360769335e-01 8.725817525818199694e-02 1.146153419442488275e-01 1.168180262541039655e-01 7.947765686564617349e-02 9.375756115141060942e-02 7.879992689835868536e-02 1.049769843999641405e-01 1.165812031789642961e-01
9.228149211109917815e-02 1.134552294582051174e-01 8.802020831627298258e-02 1.154082726626486088e-01 1.188625267363605104e-01 8.070525209865236915e-02 9.247027834555060499e-02 7.889334206973414032e-02 1.012957532991034665e-01 1.186076449023729801e-01
8.968046594345131795e-02 1.122553155463047320e-01 8.625012720048866321e-02 1.150313956807704902e-01 1.225838890511911361e-01 8.334827974921542315e-02 8.976297478996367318e-02 7.923351779770498871e-02 9.959239629329023902e-02 1.222616379476193227e-01
8.609812939744750093e-02 1.284116594616330764e-01 8.200122517470161132e-02 1.177656352726303146e-01 1.189147106544151816e-01 8.446126722624337779e-02 8.614705070725087177e-02 8.198960172338431995e-02 9.560753542803428207e-02 1.186031849542594219e-01
8.930544836109582940e-02 1.183496076775706202e-01 8.479899246730572548e-02 1.198949529922059970e-01 1.231025875466117553e-01 7.555452869706846819e-02 8.946161341640150588e-02 7.465040131544012358e-02 1.020795800655359686e-01 1.228022874607639925e-01
9.426359106525254716e-02 1.180439698346663069e-01 8.708227151283336187e-02 1.156239003638192125e-01 1.153901305814793166e-01 8.013127971081779322e-02 9.433876981359543001e-02 7.745391017009843615e-02 1.024853486309446893e-01 1.151868283164929202e-01
9.076316068948779570e-02 1.149212534963605509e-01 8.819457931659833994e-02 1.168823647811313982e-01 1.242601133441315064e-01 7.463462462468846426e-02 9.101086821088828771e-02 7.376013590656232966e-02 1.015953841156926329e-01 1.239775155144587082e-01
9.241864327597502926e-02 1.101325751778828993e-01 8.706538421886655943e-02 1.098887187386315134e-01 1.202386684841302289e-01 8.592828861000692542e-02 9.252792781167640257e-02 8.611623403049119274e-02 9.580036891626383944e-02 1.198831907360753540e-01
8.898178873205166151e-02 1.177726199199932849e-01 8.423952975906130736e-02 1.157994820180046347e-01 1.246694932454568139e-01 7.857611266357765467e-02 8.922795484761464335e-02 7.538259077497792837e-02 1.011190418313577810e-01 1.242313862079043041e-01
9.579961195246197714e-02 1.139709947970727472e-01 8.552913394116680446e-02 1.112535952774682813e-01 1.142377543067227136e-01 8.593879114811418807e-02 9.593196153782201918e-02 8.343728118185787801e-02 9.989084916122603630e-02 1.140100266960873965e-01
9.006672285061542715e-02 1.079563996894302713e-01 8.807785320269261031e-02 1.220864695315737741e-01 1.217841014064584004e-01 7.734949283918517160e-02 9.018841248026555901e-02 7.621302412492689249e-02 1.047139875505049139e-01 1.215635363243469935e-01
9.379480510125391690e-02 1.167799120245680417e-01 8.647272049744780809e-02 1.152782263746024577e-01 1.189786102975437382e-01 7.760788842069032967e-02 9.392957398129474222e-02 7.588104469895357029e-02 1.024911933731128683e-01 1.187860252305324715e-01
8.979476824555970849e-02 1.278928073503251828e-01 8.315174483936332850e-02 1.157792774149015019e-01 1.197401561255365260e-01 7.783333429288440131e-02 8.992741668267460742e-02 7.760099263853224849e-02 9.889626011236452019e-02 1.193832422978580027e-01
9.644108608722538889e-02 1.075974642623541422e-01 8.995332767974106858e-02 1.074475843696033328e-01 1.133499903363473643e-01 8.509278517843722744e-02 9.649753135346524069e-02 8.564527912484634631e-02 1.048291845048794219e-01 1.131457671031004808e-01
9.027198016751546150e-02 1.133339078924431309e-01 8.652874434981475127e-02 1.163221719421824729e-01 1.227371180960830088e-01 7.950794884707028387e-02 9.039272196728459496e-02 7.882817436136009548e-02 9.967069260019242871e-02 1.224065397760537716e-01
9.077254751586148751e-02 1.117492119473481454e-01 8.984637724677067838e-02 1.158592586078722592e-01 1.160233204617806130e-01 8.237920869770302967e-02 9.085439210790727249e-02 8.255460894833695218e-02 1.041459162489998813e-01 1.158151582174197641e-01
9.078732128452579597e-02 1.083051627682143636e-01 8.779225098348575340e-02 1.145043147762624669e-01 1.220169330958689874e-01 8.202438707302130150e-02 9.090380170704871754e-02 8.301172218272988290e-02 9.892255346070974453e-02 1.217315526681329585e-01
9.352136957649671845e-02 1.178342421235418630e-01 8.794993617826016297e-02 1.091803825009982631e-01 1.145617077027087094e-01 8.237613435211393886e-02 9.359292953576596463e-02 8.104584983392641717e-02 1.055798309579418920e-01 1.143576172382460843e-01
8.899213052779161859e-02 1.091111112293726426e-01 8.787225192902939352e-02 1.137486235511877136e-01 1.265856741711503530e-01 7.889874404971446153e-02 8.908692341569414419e-02 7.862370401392670960e-02 1.009286051026400260e-01 1.261522320094929095e-01
8.715402665260318926e-02 1.158235775972619591e-01 8.441579905061268041e-02 1.119147393185055822e-01 1.271329176481496293e-01 8.250214585982221238e-02 8.725183215914604495e-02 8.120176755863930951e-02 9.590410574495325524e-02 1.266990884103061099e-01
8.732648958007360740e-02 1.135133023930436635e-01 8.654741794223501372e-02 1.140902199551682566e-01 1.181596275344776736e-01 8.848937940202868113e-02 8.740978963874709851e-02 8.554251352254634011e-02 1.009581196616184673e-01 1.179631403700611841e-01
9.378514486354604107e-02 1.110892212887107378e-01 8.792077392920066847e-02 1.180463948656023387e-01 1.227506459197285765e-01 7.568756872279820691e-02 9.394933120603532473e-02 7.329568579452787336e-02 1.009768436358649130e-01 1.224983897739853750e-01
9.304042657056799115e-02 1.115152107306285473e-01 9.236394870004974167e-02 1.074287101306963116e-01 1.128856345838953196e-01 8.721375330804050086e-02 9.305058153344193672e-02 8.678760659667041077e-02 1.030258524230228401e-01 1.126882754229864558e-01
8.587787595446051692e-02 1.202741106738068194e-01 8.419720058344776215e-02 1.147758611008867086e-01 1.244523604055180477e-01 8.264791943802350660e-02 8.593898162880699021e-02 8.208215790977255177e-02 9.577007518985790335e-02 1.239834571154192627e-01
9.124504470336568251e-02 1.129547833460767675e-01 8.649945571498020291e-02 1.178721447690790208e-01 1.276332732954621185e-01 7.418246374000882215e-02 9.145300098999041560e-02 7.254194033803089414e-02 9.832073780337094449e-02 1.272971552996351174e-01
9.337683159238503727e-02 1.069648902912519184e-01 9.048786308515117949e-02 1.165380313459729866e-01 1.232042463933753496e-01 7.687270864563705564e-02 9.358772371730482431e-02 7.447178528878473092e-02 1.014292000164270929e-01 1.230667196237097832e-01
9.191322825216077796e-02 1.194368582044780663e-01 8.713054986089623088e-02 1.189734532778153747e-01 1.236051350568631857e-01 7.318513706696494481e-02 9.212873032287530184e-02 7.095931322151592668e-02 9.930612485178601234e-02 1.233614698846442065e-01
1.020710214876189709e-01 9.851111242882300278e-02 9.919591067632353709e-02 9.725901290970334623e-02 1.000507559028416954e-01 9.821320513973030852e-02 1.019844343502173123e-01 9.707455388961165610e-02 1.055332960022608846e-01 1.001066972128692723e-01
9.566760863547529858e-02 1.046125411900461488e-01 9.469313730414800900e-02 1.002845218302450686e-01 1.023185949480628215e-01 1.063099180665797450e-01 9.558667231382698970e-02 1.046500641801915155e-01 9.352666873829172667e-02 1.023502727931327322e-01
9.234903223328365385e-02 1.264113417019232521e-01 8.334942987803962977e-02 1.132235814500782561e-01 1.113957769776381390e-01 8.554468321690879284e-02 9.233604512264240172e-02 8.403381014775203328e-02 1.001600063544592495e-01 1.111962929172745779e-01
9.387659113736593341e-02 1.174016715825765694e-01 8.396536705181308069e-02 1.132310375868111341e-01 1.144244448035375422e-01 8.424278035238834395e-02 9.394611804461967808e-02 8.527222911459667043e-02 9.941150413306668043e-02 1.142282561932243951e-01
9.229061751539796576e-02 1.248657760052422905e-01 8.767475669606035471e-02 1.148094886883378740e-01 1.185456640353434454e-01 7.761671418007409784e-02 9.242984998425732290e-02 7.449738885146091338e-02 9.895047134161753799e-02 1.183192727022082252e-01
9.204491190437907866e-02 1.095959925435214394e-01 9.008565599516742128e-02 1.140815290108829760e-01 1.187225165874662147e-01 8.406316873368785414e-02 9.226208190367662931e-02 7.950534294084553311e-02 1.011627726665781657e-01 1.184760277137947293e-01
9.159588256265197015e-02 1.171990957474454975e-01 8.587067255894970108e-02 1.171529944602325152e-01 1.197520768238826555e-01 7.823839520508642231e-02 9.176378959869839480e-02 7.574279066393249660e-02 1.031678170251126708e-01 1.195164853540076760e-01
9.163630474787222424e-02 1.105941357350487403e-01 8.718616899448415614e-02 1.142689128860443493e-01 1.199533799244141136e-01 8.251120867444002027e-02 9.168660023859132036e-02 8.025867673948519632e-02 1.021268552635456461e-01 1.197777567960742195e-01
9.191169794616155242e-02 1.052994190128735269e-01 8.758416121163763168e-02 1.159368739562603445e-01 1.261264173028890656e-01 7.610475819744018378e-02 9.213962083938531666e-02 7.680192418683828848e-02 1.023058536453820555e-01 1.257892737011320483e-01
8.795180305355856931e-02 1.295490853089001915e-01 8.380483295292484591e-02 1.225667659906117257e-01 1.142879292825964704e-01 8.052406022623413706e-02 8.797430083686680335e-02 7.922190917072760574e-02 9.998449851792419463e-02 1.141348146596554702e-01
9.258695824842680389e-02 1.136013247149871702e-01 8.818843324191837085e-02 1.114050329574558795e-01 1.164602656896495253e-01 8.402322237500829682e-02 9.263319823557616961e-02 7.999146887952141016e-02 1.047526175258245568e-01 1.163574781316318585e-01
8.860984490129875102e-02 1.112540530359324570e-01 8.655176825121506379e-02 1.181975227561335856e-01 1.249932639807668500e-01 7.915523470200624967e-02 8.877542039658284367e-02 7.569633750594433053e-02 1.020376522390553375e-01 1.247289022310645867e-01
9.106994125267620088e-02 1.123423039348571822e-01 8.792892369545639297e-02 1.130658891632675550e-01 1.216697217673608916e-01 8.212516881729739482e-02 9.126955088516321146e-02 7.715790705845183839e-02 1.020459062972052383e-01 1.213246871282640388e-01
9.041974678298965451e-02 1.139335656156024446e-01 8.606888096897037654e-02 1.151719828634616832e-01 1.258812404133647089e-01 7.913582100030004673e-02 9.056288918138623301e-02 7.414878518131412521e-02 9.919247279008057416e-02 1.254846152025301809e-01
8.798498629812130656e-02 1.153712609499507463e-01 8.472823108040543338e-02 1.167049280058502225e-01 1.271221442272108260e-01 7.989549782291605062e-02 8.797640587654709243e-02 7.840270593443607328e-02 9.511686403949018431e-02 1.266969757650720230e-01
8.703771000895917098e-02 1.229800644097682888e-01 8.337421736595715394e-02 1.153267593749721792e-01 1.192907142141745869e-01 8.333998113311319456e-02 8.707453248523754075e-02 8.412732231873315536e-02 9.844785424288517162e-02 1.190008444461996134e-01
8.876956245022224468e-02 1.246855356773180074e-01 8.366800263467732979e-02 1.170522208355842947e-01 1.267639552203942421e-01 7.461671814625882304e-02 8.891303342153986100e-02 7.273972533499586945e-02 9.642213804357559204e-02 1.263691082354337081e-01
9.565856696018962269e-02 1.035346202641136693e-01 9.247369644112098108e-02 1.142266489580283234e-01 1.169341933997952582e-01 8.266213508382755371e-02 9.591070650449408375e-02 7.946657744923311950e-02 1.024426681471391209e-01 1.166901867920582675e-01
8.732376172134859171e-02 1.211441948256422318e-01 8.417248203322615085e-02 1.232515511534598984e-01 1.258902915668855538e-01 7.408613791252173508e-02 8.746925612445211051e-02 7.156822405914731178e-02 9.943090224338944905e-02 1.256631983599269808e-01
9.358549451901029825e-02 1.015522130027226855e-01 9.230897378657020036e-02 1.106582959266708688e-01 1.167311955077739299e-01 8.845352527083200078e-02 9.371744272264341535e-02 8.446006965649976994e-02 1.019654344994609108e-01 1.165673551078159204e-01
9.213545708275494572e-02 1.120069929544920406e-01 9.002134769508071677e-02 1.130466289101406813e-01 1.138115158725356985e-01 8.620028193120432558e-02 9.226158040451981623e-02 8.382267127742085155e-02 1.030320122435560842e-01 1.136615116282948257e-01
8.541440481907103255e-02 1.300587953025598709e-01 8.110827579186177805e-02 1.163963483543140470e-01 1.282466392828622570e-01 7.627302247784763234e-02 8.545261350665378508e-02 7.477042871010043668e-02 9.450342750844116513e-02 1.277760442462879398e-01
8.917956597865678292e-02 1.091615790749555226e-01 9.145155250039102568e-02 1.087312692683879423e-01 1.150090601778557681e-01 9.364216829136176590e-02 8.920902473096144203e-02 9.230411613426003914e-02 9.658865713600515990e-02 1.147230067071645515e-01
9.034988210433445022e-02 1.079112461804509343e-01 9.050827063628288927e-02 1.168940940627540698e-01 1.121915695516085831e-01 8.912447089376564213e-02 9.045954894083065023e-02 8.802441222628548667e-02 1.024857856321803873e-01 1.120507197715068931e-01
9.205231961760708403e-02 1.139330349348792043e-01 8.760173976047022637e-02 1.124935855695972098e-01 1.207606613488437647e-01 7.994314650506882669e-02 9.217706319481047683e-02 7.631046587859867392e-02 1.042558070536527687e-01 1.204721761364717508e-01
9.167376541298170867e-02 1.113400210790888856e-01 9.019251799291340410e-02 1.121988490915681314e-01 1.163869765052178568e-01 8.536161515052533011e-02 9.163068683888150878e-02 8.602669313955886576e-02 9.893723113664511237e-02 1.162516436526192382e-01
8.813894735861010910e-02 1.317173503525927436e-01 8.431220986731263745e-02 1.178037291092339650e-01 1.213111986884438803e-01 7.528016814317431415e-02 8.819779699558026598e-02 7.395895327159504595e-02 9.832076833239587754e-02 1.209588778810611887e-01
8.881005538178095293e-02 1.168919943961034130e-01 8.537304945130638756e-02 1.171273085807830322e-01 1.233338796278204558e-01 7.811947187852343044e-02 8.896353988934797841e-02 7.556509620883929135e-02 1.028254744494492556e-01 1.229901301360458166e-01
8.856201220003238894e-02 1.240880882245143785e-01 8.440605077817898982e-02 1.121837042640407567e-01 1.111976365439440728e-01 9.215794335619746647e-02 8.859072153418384721e-02 8.859921044028859494e-02 9.921444267926574079e-02 1.110001899793537639e-01
9.359914409605997465e-02 1.033746462950495687e-01 9.298659845147343173e-02 1.099056021439686198e-01 1.113173380874954571e-01 9.149003658619733748e-02 9.351498770886952638e-02 8.447925976130073178e-02 1.081364629505259106e-01 1.111959239190594417e-01
9.414702315497441854e-02 1.073213703462247981e-01 8.960059519140443907e-02 1.160241321774276579e-01 1.149648428402018085e-01 8.582247706631612738e-02 9.420347093312135545e-02 8.155335563061807957e-02 1.015329223744188131e-01 1.148298102852925162e-01
9.407600428304696560e-02 1.152744529769853116e-01 8.972292601188103234e-02 1.104719942949706490e-01 1.190263510987301931e-01 7.937818161632705094e-02 9.422732839479897038e-02 7.758265739741834754e-02 1.014845250062070409e-01 1.187555789196344802e-01
8.759700719671853486e-02 1.169957403672030744e-01 8.538512330206481094e-02 1.181179028959457727e-01 1.215303534459934165e-01 8.041901661411721136e-02 8.772561995466947316e-02 8.092844944342644786e-02 1.001431068851898892e-01 1.211576798946713968e-01
9.261642500285763302e-02 1.225862490800231214e-01 8.970582200196385025e-02 1.167800019292508651e-01 1.181822054009702416e-01 7.610046586976813854e-02 9.289389751922406957e-02 7.191658468649725355e-02 1.013209736909870956e-01 1.178973748184576759e-01
9.344256536863317086e-02 1.064221875351843427e-01 9.036919366376819363e-02 1.125439380779553189e-01 1.191457817833013050e-01 8.317201594167203393e-02 9.358721390622945502e-02 8.027185477654780188e-02 1.020998258831253280e-01 1.189454230635830778e-01
9.203971702687742396e-02 1.086374883248650697e-01 8.918079741065328137e-02 1.197209936089612958e-01 1.178542481649933332e-01 7.997991552045043140e-02 9.218647630422213690e-02 8.136456634337077554e-02 1.014374448044261107e-01 1.175983524911801970e-01
9.351163499836838422e-02 1.157190667784186860e-01 8.639151886218117415e-02 1.141999201223486277e-01 1.140718288237408534e-01 8.420807114359676881e-02 9.363351232172797967e-02 8.397664900059084725e-02 1.005059364747495909e-01 1.137818614742771156e-01
9.387489605884247190e-02 1.054032027711277603e-01 8.916867887530520453e-02 1.102640196409428036e-01 1.185566238265248623e-01 8.551007458488898982e-02 9.404176783896850411e-02 8.216307949700404900e-02 1.026922328832153980e-01 1.183254240231799842e-01
9.429207119098254042e-02 1.082175402758170230e-01 8.983639375357510559e-02 1.125663961987532907e-01 1.185871096761245136e-01 8.028920377772458261e-02 9.443444807293750742e-02 8.226870069334905888e-02 1.010686300398298126e-01 1.184395063209065929e-01
9.144151784286774776e-02 1.066527350297016841e-01 8.804682542822363234e-02 1.121065575923698571e-01 1.207662716532857394e-01 8.785125825467868244e-02 9.142149661553615470e-02 8.210512276287611211e-02 9.903868501781051825e-02 1.205695298026498580e-01
9.312176295320985508e-02 1.050663370902967658e-01 8.942358593830794511e-02 1.163378252414279529e-01 1.194260539091794998e-01 8.387310155269170342e-02 9.315588526511071887e-02 7.910424535578453042e-02 1.011793021975290058e-01 1.193119004964620783e-01
8.736788264995652697e-02 1.256053941335643631e-01 8.411092783690059249e-02 1.175838872546404040e-01 1.174679750487610808e-01 8.359954224777367549e-02 8.745233067704642760e-02 8.465487112046135576e-02 9.498955800224666290e-02 1.171676310286489248e-01
8.605209991509275846e-02 1.398703353096654722e-01 8.125840626988788118e-02 1.158230209087970086e-01 1.171772286209910863e-01 8.012509004484065500e-02 8.609124202523517344e-02 8.012988861786365935e-02 9.661367797684553005e-02 1.168590103107807615e-01
9.871216626488640844e-02 1.046563594469859249e-01 9.109498370509414023e-02 1.119940106371381527e-01 1.167026492091179368e-01 8.058843727901078557e-02 9.878284302548974438e-02 7.733638763412849226e-02 1.035516013830951459e-01 1.165805614150533104e-01
8.973169445591462623e-02 1.173821477381999240e-01 8.477025334335079598e-02 1.200290068562474416e-01 1.222212389371165470e-01 7.772873328292968786e-02 8.977860336304806232e-02 7.798497961875808238e-02 9.833308526231461510e-02 1.220402571421201621e-01
9.189831569071892081e-02 1.171369908597958975e-01 8.845809121522599239e-02 1.133432335591123136e-01 1.185918703943315139e-01 8.207462990628749955e-02 9.204416815980027977e-02 7.725696571445096750e-02 1.007869467784774375e-01 1.184087877217992607e-01
9.088907917534931602e-02 1.198670223971618765e-01 8.548346828089864458e-02 1.198668139642835445e-01 1.132418466395017781e-01 8.176573729636581189e-02 9.090814215185150093e-02 8.361576333832358709e-02 1.011952026572092711e-01 1.131669240990546832e-01
9.366632733566097879e-02 1.029442756381928475e-01 9.074116797738440710e-02 1.183034692285270667e-01 1.236684950556495577e-01 7.594507562666980016e-02 9.394049926598102562e-02 7.228094694264437792e-02 1.051053259697841136e-01 1.234044169595058665e-01
8.982460957198246110e-02 1.149564474265166447e-01 8.658792861416374220e-02 1.213286202246358775e-01 1.229667756244485766e-01 7.692476238020788670e-02 8.986390556814585762e-02 7.497447391095282687e-02 9.976559742970637912e-02 1.228068792492397199e-01
8.919323362038288072e-02 1.197333111357167940e-01 8.500168595864093790e-02 1.110132584070043366e-01 1.217002679135725796e-01 8.296915618362692146e-02 8.922967158525262066e-02 8.410347541871281141e-02 9.574809879176367222e-02 1.213078409853265149e-01
9.354111982107690682e-02 1.106522903230497817e-01 9.066474568816623725e-02 1.151966353674165888e-01 1.155625262562611638e-01 8.163715977509995725e-02 9.371214945665776175e-02 8.119738331948934962e-02 1.024966497780823160e-01 1.153393402146999092e-01
8.960612993919216118e-02 1.287851480541143956e-01 8.429794976433077625e-02 1.136024577043899114e-01 1.212975462371102403e-01 7.879112482944072848e-02 8.972061716736852433e-02 7.693386937485767463e-02 9.598040492917725430e-02 1.209847520000183474e-01
9.264499105271094270e-02 1.047565600090555604e-01 8.956504283979041525e-02 1.056042889368991600e-01 1.100541608191763360e-01 1.013314372287631299e-01 9.264999448890824663e-02 9.846286944234131089e-02 9.503405638662916488e-02 1.098965987957257612e-01
9.279240712221668852e-02 1.195191200628744205e-01 8.749382014398114638e-02 1.173734655025422680e-01 1.154457737668983935e-01 8.003619155060764934e-02 9.288345758745393532e-02 7.810739041784151016e-02 1.011736421288377125e-01 1.151747317167463314e-01
