7.719339649970967387e-02 9.147310344012533900e-02 1.136496821182594874e-01 8.995960597139572579e-02 1.138494827218944211e-01 9.854024422368433400e-02 1.149496922099127183e-01 1.032546051091026429e-01 9.849448182839880273e-02 9.863570587751688268e-02
8.135287408634192530e-02 9.456270213424733395e-02 1.097067933833847514e-01 9.105611682749617519e-02 1.099411721153505106e-01 9.703926919007896390e-02 1.187279033715530757e-01 1.033590090089193253e-01 9.688765325104045645e-02 9.736650663158744057e-02
8.532935462761233325e-02 9.516604267851469512e-02 1.075159380669625520e-01 9.095619268070700980e-02 1.076801042105749034e-01 9.845855853193910545e-02 1.150659848111124789e-01 1.028056868944786928e-01 9.836167914484329755e-02 9.866045835325493174e-02
7.584498698585839804e-02 9.393295185749819809e-02 1.148621473485579025e-01 8.789727784079814921e-02 1.151541798302756908e-01 9.822121432881623926e-02 1.142008594428240292e-01 1.032876941747930405e-01 9.809069081586795080e-02 9.850799737471035988e-02
7.794880062822440170e-02 9.196742922029002565e-02 1.113962515958965560e-01 9.018414814395857293e-02 1.114697994285863414e-01 9.656542311092296271e-02 1.214998113584851019e-01 1.057842361735647357e-01 9.650522371425009072e-02 9.667887662582122510e-02
9.401760291566003958e-02 9.723007674841226133e-02 1.041035796289583870e-01 9.295428108799079492e-02 1.039545974689723706e-01 9.486674261299692101e-02 1.131005152591629953e-01 1.101474600997399689e-01 9.492652383588247311e-02 9.469862034222376046e-02
7.529381807852955633e-02 9.209567094161680290e-02 1.119193583889525889e-01 8.863192907659132869e-02 1.120713978259433447e-01 9.997416376647533243e-02 1.189414627886774545e-01 1.010966920329761931e-01 9.994362798464904996e-02 1.000318791155883763e-01
8.183490003889155873e-02 9.318499154344497826e-02 1.114968547330150855e-01 9.125200673071626190e-02 1.117223947529937533e-01 9.643015669767592002e-02 1.153417543436033588e-01 1.057745406341056710e-01 9.634137336066640744e-02 9.662102716488699117e-02
8.546231253545837070e-02 9.185409951239853488e-02 1.096225476599475418e-01 9.200080976941669986e-02 1.098687801586189089e-01 9.841534845688786060e-02 1.141842345578105156e-01 1.016714731275920464e-01 9.833969194109815071e-02 9.858070228077139840e-02
8.210956619016970826e-02 9.020087344758659365e-02 1.122748343687522549e-01 9.002347479407508957e-02 1.125182762679240167e-01 9.858704314865622542e-02 1.163968848628724045e-01 1.005258612072044144e-01 9.842410416671644457e-02 9.893908154604283411e-02
8.165316656968717168e-02 9.296387143362537520e-02 1.091083354869994138e-01 8.945898363703777556e-02 1.093167948253934846e-01 9.770025733023236791e-02 1.207707780064366937e-01 1.034325293603287760e-01 9.752963766298552994e-02 9.806564568727341169e-02
7.456916206140144776e-02 9.073122664878462140e-02 1.174930418141110350e-01 8.626308624812514814e-02 1.178594468043001053e-01 9.714506503137190774e-02 1.189951893627132357e-01 1.024265831065528098e-01 9.695888728632541531e-02 9.755831163631421832e-02
8.219928917595623052e-02 9.037692135226042811e-02 1.165172062577229384e-01 8.779284418762901832e-02 1.165681696890639163e-01 9.635115405247059173e-02 1.113520012835808315e-01 1.061874197889844940e-01 9.637766311641061956e-02 9.627733109592091776e-02
7.357798951841940105e-02 8.750176869410657143e-02 1.198566473554850131e-01 8.563703797710932319e-02 1.201843390559189234e-01 9.622628283393623583e-02 1.188999183973231677e-01 1.054573440203879914e-01 9.605426578720778485e-02 9.660440636010558801e-02
7.316695020458703624e-02 9.031918229515330243e-02 1.158960238373469148e-01 8.763581995351238385e-02 1.161208292957787297e-01 9.737450988822773934e-02 1.187442657142535746e-01 1.058764361828180289e-01 9.727198197136278923e-02 9.759400065695947313e-02
7.809917691645090754e-02 9.230756904986767153e-02 1.137468566005519210e-01 8.752124222572596479e-02 1.139273912312991355e-01 9.672378960163335870e-02 1.206252506420991966e-01 1.034478105623080207e-01 9.658599195878025956e-02 9.701492121128353630e-02
8.339930136166269492e-02 9.242352121378098750e-02 1.124325510569618158e-01 9.033733208100801215e-02 1.126784511940684963e-01 9.693696822889907860e-02 1.136564214479922341e-01 1.040630667805536036e-01 9.676614047841422539e-02 9.730624615665885158e-02
7.643192483703496742e-02 9.458542536357637809e-02 1.087380175163959600e-01 9.285773275868218490e-02 1.091311947318982234e-01 1.006227690031072514e-01 1.143810161730076380e-01 1.018029280599022229e-01 1.004634133658793005e-01 1.009855781905158456e-01
7.257962200589937463e-02 9.113108994833331311e-02 1.134976997329729259e-01 8.851855814843728743e-02 1.138418256075307833e-01 9.946070882075234987e-02 1.194174480538366112e-01 1.024684372466101584e-01 9.932946113325460957e-02 9.975514930237261435e-02
7.941070503695193961e-02 9.084224346578259612e-02 1.135978385579325955e-01 8.871598136981120875e-02 1.138092848456836864e-01 9.728791524073072960e-02 1.158210758348134084e-01 1.058574677062113639e-01 9.721533284638587957e-02 9.744215509569653655e-02
7.811760773298372096e-02 9.172393515895321814e-02 1.123603844789116124e-01 8.940316877652214334e-02 1.125578484665260420e-01 9.738098965830031817e-02 1.203992947814889886e-01 1.031765729686306698e-01 9.727537770110954163e-02 9.760482027657375881e-02
8.342752273313622235e-02 9.488615982580568542e-02 1.083236183947013237e-01 9.121669761037283497e-02 1.085997068261797399e-01 9.814254243601308603e-02 1.141649941006734337e-01 1.047243471774184226e-01 9.794882032944228489e-02 9.856559056625695259e-02
8.364734718429461813e-02 9.137976691164421961e-02 1.121599940389835653e-01 9.028433281085131157e-02 1.123346749775367553e-01 9.644187378183820269e-02 1.171699129494397917e-01 1.035779414856251024e-01 9.633236285912225028e-02 9.667179300066416903e-02
7.895950196725760872e-02 9.146014374568166294e-02 1.136192674319836532e-01 9.045919024348783588e-02 1.138791821214315131e-01 9.639696459309339549e-02 1.179398581529215312e-01 1.043708979577759044e-01 9.629437332259865867e-02 9.662062046376822255e-02
8.214649342435871582e-02 9.005524840051895574e-02 1.143840924505445666e-01 8.933106946656782510e-02 1.144819462618868744e-01 9.601488585789455521e-02 1.175026705745646077e-01 1.040337029781897432e-01 9.598613650684434395e-02 9.606375407862982607e-02
7.029050434267172798e-02 8.880191757392248697e-02 1.170004683921178207e-01 8.766180643440336928e-02 1.173667474826769475e-01 9.826372351019049822e-02 1.202705487232215015e-01 1.036763295945832136e-01 9.815292939954411988e-02 9.851502454666830055e-02
8.382129004411795203e-02 9.280160647456955902e-02 1.103713709474492960e-01 9.146862190973288620e-02 1.105867837865047582e-01 9.796198849724155333e-02 1.141143459917973030e-01 1.028238933695522217e-01 9.785143635897455838e-02 9.819866262005996771e-02
8.318032481898592068e-02 9.315322181538196467e-02 1.086936486127431517e-01 8.984774409627387104e-02 1.087382923720386085e-01 1.013261709658299647e-01 1.132479268877476519e-01 9.910929076940984406e-02 1.012635513642703433e-01 1.014398282973186793e-01
7.986215035817574581e-02 9.080245687952376299e-02 1.119735568758646743e-01 8.910967417810625180e-02 1.121594635921554783e-01 9.857334386482152766e-02 1.163267458059365628e-01 1.038917755375345642e-01 9.843534484708085786e-02 9.886548806080057428e-02
8.517760513822805746e-02 9.408546363940593904e-02 1.104134207296867676e-01 8.917099600624615874e-02 1.106076475431025524e-01 9.789038266858264559e-02 1.122693631542113490e-01 1.045015701717074696e-01 9.779813371586495996e-02 9.808541723296415604e-02
7.603528807193216110e-02 9.082828285398990287e-02 1.125782360308319324e-01 8.749581379178289486e-02 1.127336320921994567e-01 9.863751722935910904e-02 1.199076211915929280e-01 1.044020402725194252e-01 9.853801042281035150e-02 9.884355804298181059e-02
8.007728424245434684e-02 9.007627075400687078e-02 1.135681610804759462e-01 8.901478366662264607e-02 1.138459846203466602e-01 9.822627017554691475e-02 1.151384317444882205e-01 1.033679555643255837e-01 9.802886764031458477e-02 9.865599051141821230e-02
7.781254164982553956e-02 9.071344926747886006e-02 1.149951494635004928e-01 8.967991284105213123e-02 1.152546075501123535e-01 9.728502992949547568e-02 1.153560463432886929e-01 1.041253188635069132e-01 9.710677516684677879e-02 9.767116892489276225e-02
8.543747715842417434e-02 1.008411219411157050e-01 1.029885603626271018e-01 9.234182165173804302e-02 1.030718812899534542e-01 1.047419065913345326e-01 1.042074690587755509e-01 9.677528271772657675e-02 1.046302366210079826e-01 1.049642426072968648e-01
8.777234323288569950e-02 9.642109709893224856e-02 1.063675361835471067e-01 9.373210004783429083e-02 1.063609502965476433e-01 9.561389245905918544e-02 1.130122580847346958e-01 1.095396336105827345e-01 9.563447509318453998e-02 9.554571389269185533e-02
7.912575338908611755e-02 8.809011231553355581e-02 1.156423964242273422e-01 8.430227447165757060e-02 1.158324113020798157e-01 9.808162558710688261e-02 1.186101488348539762e-01 1.040307647965644927e-01 9.797225308690107881e-02 9.831225979198916776e-02
6.979624055947940275e-02 9.113089210804729834e-02 1.181537373227291438e-01 8.607974955730032796e-02 1.183635255301345168e-01 9.826193544784703193e-02 1.162687235757023790e-01 1.053542403371574704e-01 9.820130939803621561e-02 9.838964616356619952e-02
7.825836554473834805e-02 9.036151551813836891e-02 1.127422701120003451e-01 8.914917425037052756e-02 1.129571323988610293e-01 9.803118294042266478e-02 1.199904484457033488e-01 1.023336417981874635e-01 9.793085703442683254e-02 9.824541195715101594e-02
7.851873747284680849e-02 8.894461847131879262e-02 1.160899440650259851e-01 8.721008547152460377e-02 1.161982574599727674e-01 9.433844168653376938e-02 1.246966979765180700e-01 1.053072792386859635e-01 9.431187775324735567e-02 9.438406040432592570e-02
7.551342107878777909e-02 8.832400852473840103e-02 1.178194599639332263e-01 8.687482462780356240e-02 1.179242694146655918e-01 9.565375343366572247e-02 1.204926503108560004e-01 1.060140596728842421e-01 9.557670956444262733e-02 9.580684340822286094e-02
8.134940654967250107e-02 8.962706704568861038e-02 1.118411268333865394e-01 8.997242665220857305e-02 1.120386281359350977e-01 9.746805616345891043e-02 1.200701472899597944e-01 1.025765528130731935e-01 9.736054056584518557e-02 9.769604795077158066e-02
8.078663793452768582e-02 9.205616198965799191e-02 1.135120450912558976e-01 8.928729723380365857e-02 1.136901143036038592e-01 9.782281277199562919e-02 1.141952314120478901e-01 1.028374795448076806e-01 9.767318919402653843e-02 9.813903052427318252e-02
7.971444100434227353e-02 9.187670538279778254e-02 1.120856899808157503e-01 8.866573346903289243e-02 1.122433570480979304e-01 9.741867095317995051e-02 1.201904731363320766e-01 1.029357195808395242e-01 9.738488241870030260e-02 9.748432702586148912e-02
7.720477306777627502e-02 9.036224303682301173e-02 1.139876407330922686e-01 8.891433084586843061e-02 1.143120322514557391e-01 9.900108028566821650e-02 1.169136219533774418e-01 1.010816191556634658e-01 9.881811884949710800e-02 9.940453982077804285e-02
7.704154358393859592e-02 9.128953701460347514e-02 1.128881315889212755e-01 8.868706337143797414e-02 1.130898480265341427e-01 1.012796358083338233e-01 1.134995843089419282e-01 9.952150780913918138e-02 1.011517522404345865e-01 1.015513962477149618e-01
8.114615974452794867e-02 9.303826016090920026e-02 1.095270022894896250e-01 8.831007481208434651e-02 1.095758638830982845e-01 1.006837566404421291e-01 1.147213739910772495e-01 1.016087578106701639e-01 1.006479612586563266e-01 1.007407894090447398e-01
7.142362996951147347e-02 8.782834844732412272e-02 1.193355841374377641e-01 8.787745063880937624e-02 1.194977241255456291e-01 9.851734987994324733e-02 1.166537778310538370e-01 1.018322680512416117e-01 9.851206534475474841e-02 9.852180157437813446e-02
7.431002139638032133e-02 8.966697209461442497e-02 1.172264347749880781e-01 8.554466928875369136e-02 1.174209225286166197e-01 9.830580411404164776e-02 1.182086228708094933e-01 1.025919040619553968e-01 9.820380604137007863e-02 9.852084282847017871e-02
8.355265917362050820e-02 9.183726221517977961e-02 1.089854274363527831e-01 9.134851894281706408e-02 1.090816003462967421e-01 1.000068956629732997e-01 1.152503437865390612e-01 9.985904324413415190e-02 9.993821459000329366e-02 1.001400346020833443e-01
8.157476466890921374e-02 9.509088623047441680e-02 1.062901782284910446e-01 8.919903914136319278e-02 1.064231537057120508e-01 1.025230239452277758e-01 1.133598267935941317e-01 1.003704510085054735e-01 1.024070304644034840e-01 1.027616458133192301e-01
9.215945739502560963e-02 9.954925315421862819e-02 1.012557950558184705e-01 9.620638808985994272e-02 1.011711883684446311e-01 1.034109193055873649e-01 1.030078326954710771e-01 9.640700467734057699e-02 1.033670135496540798e-01 1.034651477085796467e-01
8.238102865797566898e-02 9.419420889250849915e-02 1.092849980830201545e-01 8.888454545593511835e-02 1.095798469211364118e-01 9.935328560190441471e-02 1.145685818619704144e-01 1.028588826655338490e-01 9.919696227345764505e-02 9.969765958655783800e-02
8.228941300136048687e-02 9.658287229921808104e-02 1.068475512251220172e-01 9.131376763868152835e-02 1.070817010983709655e-01 1.017927764250201456e-01 1.083262887343093422e-01 1.019462158061716223e-01 1.015912552168219823e-01 1.022281585549238703e-01
8.519652606480754287e-02 9.761507119836369817e-02 1.065102695434668317e-01 9.411257183333913978e-02 1.068308200264796171e-01 9.905679161039473990e-02 1.112466571846748714e-01 1.010171368647954510e-01 9.880679129046633646e-02 9.960736438321182717e-02
7.646721790196849000e-02 9.065654674238812771e-02 1.155855891432593374e-01 8.555001845174213526e-02 1.157498347072406092e-01 9.726503356897406305e-02 1.203948562164474101e-01 1.036829967646966805e-01 9.715644421177146994e-02 9.749146229151162135e-02
6.989024100838832354e-02 8.821096022585113439e-02 1.181338973658758451e-01 8.702594588464392100e-02 1.183508480608826269e-01 9.930501725508940336e-02 1.199135004103522167e-01 1.004813915673885283e-01 9.923527144608411399e-02 9.945292677544387283e-02
7.723400263741579674e-02 8.941607453712686893e-02 1.167865173666535333e-01 8.421642157343721402e-02 1.168287815690181447e-01 9.731399940439988683e-02 1.217133696360768874e-01 1.017909038270349148e-01 9.723475030793238272e-02 9.746517914090431500e-02
7.379674218843837452e-02 8.698250481137864698e-02 1.198740321351007415e-01 8.625524405204003375e-02 1.199608472746370724e-01 9.714681049711226812e-02 1.179810349240767720e-01 1.037254511915191024e-01 9.714896438385041411e-02 9.712836854184656032e-02
7.777849485278882924e-02 9.130755593898058631e-02 1.135506128524728237e-01 8.944371339152308586e-02 1.137323904762503474e-01 9.846705601383426432e-02 1.156593115401849947e-01 1.030353357069216103e-01 9.838314285126247005e-02 9.864238637578094659e-02
7.890239120458673872e-02 9.353527048523664622e-02 1.094226248950089520e-01 9.138257677906357068e-02 1.094958524313710962e-01 1.027817865616051790e-01 1.123672011234123774e-01 9.646078594262748329e-02 1.026895286094317711e-01 1.029619819676561299e-01
8.155957755733747594e-02 9.120911914997983927e-02 1.105624146089834031e-01 8.661786248327282833e-02 1.106737508733301178e-01 9.553937595313873044e-02 1.227560323539722276e-01 1.099199495997040810e-01 9.545674722418437397e-02 9.570517019609696419e-02
8.690846275514041430e-02 9.495769108941023995e-02 1.070175410195561005e-01 9.187834884344395214e-02 1.069641526682267585e-01 1.031818144261295034e-01 1.065807398682106222e-01 9.611198765885396733e-02 1.031211332113328022e-01 1.032781284596956534e-01
8.327814170585871867e-02 9.170214496571009455e-02 1.115149115383643891e-01 9.093248225400984985e-02 1.118028254514453895e-01 9.655403389065078668e-02 1.174123226998877445e-01 1.034799111647006775e-01 9.637278810707147758e-02 9.695043822230083042e-02
7.840133249425432216e-02 9.370842960837731661e-02 1.096916576584501535e-01 8.937405854515674541e-02 1.099881444182375656e-01 9.978422080057615384e-02 1.165352211156609058e-01 1.027238410795858342e-01 9.959629426776223093e-02 1.001968000119387442e-01
9.314322537192798457e-02 9.476806327931681928e-02 1.069953806882149860e-01 9.345829558589036079e-02 1.069424220161063477e-01 9.492273068400236546e-02 1.105397242389429963e-01 1.094190292636240125e-01 9.492747427221963352e-02 9.488365459975446614e-02
7.856625800744658494e-02 9.151474631755149303e-02 1.138592951536859799e-01 8.810855939231736211e-02 1.139452578947554862e-01 9.856876478342038728e-02 1.164924513282810659e-01 1.018008111051524056e-01 9.855046772756163864e-02 9.859338828982759650e-02
7.829823638066943370e-02 8.797361681833255898e-02 1.165535260912455295e-01 8.697261441854492459e-02 1.165511319351561215e-01 1.001761074065917467e-01 1.112940782985058497e-01 1.017573651123043349e-01 1.000925997032274806e-01 1.003307238354220060e-01
8.067752452900568694e-02 9.099654668224632648e-02 1.144445095409720864e-01 8.947536281991261276e-02 1.146594869056222765e-01 9.739367474536680946e-02 1.128152325093740999e-01 1.046329260102040193e-01 9.729010842190899400e-02 9.761462783538706056e-02
7.752619108142333459e-02 9.175969447922516231e-02 1.122933421249255465e-01 8.997683639530995592e-02 1.124774537314214701e-01 9.934813753699618666e-02 1.154644754649169908e-01 1.023745157382369292e-01 9.927178229974079060e-02 9.950757114780364732e-02
8.326896794811408653e-02 9.268152107874071122e-02 1.098121607016630252e-01 9.039658730070629367e-02 1.099508198711146023e-01 9.938851596087211471e-02 1.138957227057981053e-01 1.017912779709843341e-01 9.934791601969159003e-02 9.946651044231513694e-02
8.460033374557666963e-02 9.432641721318481276e-02 1.075967960518995487e-01 8.877059313088461745e-02 1.075628564997586911e-01 1.009308646652858077e-01 1.142924590593522305e-01 1.000227934436244970e-01 1.008738832732950924e-01 1.010230029171380606e-01
7.841640452819163831e-02 9.167018890995379254e-02 1.131313204389949173e-01 8.898874840989889901e-02 1.134256852213052780e-01 9.718104063506274870e-02 1.181159854413893484e-01 1.045477547862902201e-01 9.704714087669789879e-02 9.747573075221523109e-02
8.245409435510198115e-02 9.004242436872779420e-02 1.149030917344368574e-01 8.950078515180892591e-02 1.150802834143850595e-01 9.852937352767501822e-02 1.126234177236761919e-01 9.964537317095822910e-02 9.838309438254851103e-02 9.883806217068140387e-02
7.448086858870420213e-02 8.966530577810402636e-02 1.179660880455083993e-01 8.463763491365977609e-02 1.180505598494421271e-01 9.865953507111815957e-02 1.150934310603013572e-01 1.040584691883303659e-01 9.858620838531240160e-02 9.880189911951919868e-02
7.533810640117220847e-02 8.790593179376809951e-02 1.175272613581307413e-01 8.698268366771147453e-02 1.175497197824669215e-01 9.663910550057902560e-02 1.199567658416361704e-01 1.048405019979543051e-01 9.663755678748343902e-02 9.662236686909761452e-02
7.765533741290255032e-02 8.904470124263097475e-02 1.127709503079666331e-01 8.505557063073512780e-02 1.127629852913511616e-01 9.542699400732239379e-02 1.219335371457688777e-01 1.145017882769147344e-01 9.541168444532609205e-02 9.543645123908145456e-02
7.356776110793837586e-02 8.775157939347927316e-02 1.186614731669810158e-01 8.540890774993760426e-02 1.187214564857119320e-01 9.758144879708438579e-02 1.182867873182005258e-01 1.047936706026040277e-01 9.751069495225021810e-02 9.771622042581265544e-02
8.304963429470575698e-02 9.520296139832062909e-02 1.085337361793466682e-01 9.036531485955796861e-02 1.088117148114412236e-01 9.741317161855631013e-02 1.159693997550415440e-01 1.056102942087365493e-01 9.722982108383126931e-02 9.781395179046210864e-02
4.644880951955202009e-02 8.859078303325594594e-02 1.199032114468323584e-01 8.371791703280383190e-02 1.211115111064034466e-01 1.021950550028553478e-01 1.285906454699291823e-01 1.046345053977828649e-01 1.019197879175357119e-01 1.028877740730492485e-01
7.730171022965963423e-02 9.199841884673072567e-02 1.113497219149913731e-01 8.980837822865034292e-02 1.115163824791104569e-01 1.020086434372508705e-01 1.125811688011118805e-01 9.925558241447000885e-02 1.018610217519666933e-01 1.023189718960579864e-01
7.899497517449122208e-02 9.109470680606274184e-02 1.128042189836905435e-01 8.960055835584303241e-02 1.131014729004716501e-01 9.904617894954702295e-02 1.150844158366733788e-01 1.019917686992550671e-01 9.888798508761886819e-02 9.939371920634650082e-02
8.137632814336966114e-02 9.167886532811518607e-02 1.122248827656831538e-01 8.997314966115574353e-02 1.123447284514630523e-01 9.718779438753043232e-02 1.184571336883113307e-01 1.022938528610654180e-01 9.710166849908917486e-02 9.736159621421681953e-02
8.307430539128324298e-02 9.122032972608405677e-02 1.157606872141129367e-01 8.891644516019091282e-02 1.158215671481077486e-01 9.400809405984157652e-02 1.158449248216617405e-01 1.072883283355082762e-01 9.395124675285769500e-02 9.411407139035178615e-02
7.351214408781953091e-02 8.819320664075749883e-02 1.165864295813349161e-01 8.503474626399341874e-02 1.168638358093115615e-01 9.930167951529399184e-02 1.184959249242612117e-01 1.032366214460761072e-01 9.915578884470648002e-02 9.961962288644529706e-02
7.901180489187552280e-02 8.879750387655135913e-02 1.139648112151858128e-01 8.997228660579684179e-02 1.140532495455423428e-01 1.010358190299246034e-01 1.129942802288595727e-01 9.801176401106681535e-02 1.009466325922618035e-01 1.012118480029353118e-01
7.256691511491754343e-02 9.207419247476832103e-02 1.134453474690505365e-01 8.884156405986287641e-02 1.138820913451583372e-01 9.865413400076546158e-02 1.192741120405222677e-01 1.037191809386645153e-01 9.846982858768758839e-02 9.907263396860249705e-02
8.595710820560170662e-02 9.193450324372853810e-02 1.097825170495891484e-01 9.163192083233950846e-02 1.099131758441481976e-01 9.573279088304033346e-02 1.188435182966525588e-01 1.046397868232368106e-01 9.563804103502965281e-02 9.592663778663355900e-02
7.687516273459064908e-02 9.074775197494661105e-02 1.129939859118732209e-01 8.767418978842653199e-02 1.133997246461193875e-01 9.871483311208854861e-02 1.198666676562512301e-01 1.019968531121264177e-01 9.847015093680401565e-02 9.926068012677333186e-02
8.507616900030418039e-02 9.529195639646859117e-02 1.100196900716566561e-01 9.112833075988094333e-02 1.101793534267368757e-01 9.880685553358765916e-02 1.120822982215693014e-01 9.967298218670907206e-02 9.868866427404829333e-02 9.905370012903842725e-02
7.351561253666424878e-02 9.047420335665168345e-02 1.159804341675697570e-01 8.705773871838026756e-02 1.162026191314705637e-01 9.951054708694187512e-02 1.148028454843537799e-01 1.033044981569286314e-01 9.939597596315501160e-02 9.975552539788415385e-02
7.627675473175067611e-02 9.053655128032170318e-02 1.132945755961239920e-01 8.806332137886503653e-02 1.135077031267180125e-01 1.007556288577669962e-01 1.161001788277140623e-01 9.983761345808496446e-02 1.006527386468151347e-01 1.009749340958394359e-01
7.747110120962474866e-02 9.083949137553871955e-02 1.151272580980617216e-01 8.595821942486285561e-02 1.153182688502629588e-01 9.837266631293903330e-02 1.177418390609570736e-01 1.022622221435699613e-01 9.822659739333439166e-02 9.868233613084852196e-02
8.359480967841420584e-02 9.649652245983755816e-02 1.054785179119299421e-01 9.230292529725775408e-02 1.055217711060811858e-01 1.029149775455861365e-01 1.105717075457339355e-01 9.719016514493512837e-02 1.028098161980285502e-01 1.031187871121955896e-01
7.780625909545979546e-02 9.041380637430200540e-02 1.137187346797881582e-01 8.870775551252077507e-02 1.139045415850319237e-01 9.747129196074375002e-02 1.187627482059703948e-01 1.041468236798644142e-01 9.735814473096619792e-02 9.770989417535258514e-02
7.960075816229250645e-02 9.277560493875253167e-02 1.119017381630632579e-01 8.848353942967519814e-02 1.120199003130757792e-01 1.006099098269980924e-01 1.112909701935345802e-01 1.019828713620068300e-01 1.004992440786856567e-01 1.008354635319155673e-01
8.062649529832692508e-02 9.109673397972412046e-02 1.124766992906325452e-01 9.007126511362636978e-02 1.126608065785080076e-01 9.720020720943674253e-02 1.187603518349123061e-01 1.026081914255126126e-01 9.711026339060749302e-02 9.738898587871287760e-02
8.064372699975433378e-02 9.642468208384560868e-02 1.068633703515937533e-01 8.872039117022721688e-02 1.069462479251347270e-01 1.033495384012596413e-01 1.113921827265639958e-01 9.884168069547757951e-02 1.032309097265808467e-01 1.035872699195622554e-01
7.700248667533167446e-02 9.022586128028686758e-02 1.108903019475967061e-01 8.801608962531562441e-02 1.110215238042425168e-01 9.841646123726822959e-02 1.219118041967756361e-01 1.055484010941377115e-01 9.829073297218436644e-02 9.867633716686062539e-02
8.199061740694277289e-02 9.160257292024985565e-02 1.111510257761254977e-01 8.812577611747091089e-02 1.113034995012248535e-01 9.527786454706836661e-02 1.247169177263550283e-01 1.051816236876885469e-01 9.518924358227913440e-02 9.546085873459500548e-02
8.534411791225064714e-02 9.461868483709483246e-02 1.100047286031318600e-01 9.046517216608002121e-02 1.101578074759634318e-01 9.736693493372845787e-02 1.131548258623477493e-01 1.040738805389868626e-01 9.729074475709650893e-02 9.752310291331962866e-02
7.361335320756907941e-02 9.150977299375642748e-02 1.147334340131303115e-01 8.801537441739787360e-02 1.149978387118253814e-01 9.817915421254697073e-02 1.182479233188808709e-01 1.042134993781891339e-01 9.806783322406562031e-02 9.842181652263833069e-02
8.667512616095031375e-02 9.166251049785896499e-02 1.067979466648802250e-01 9.021671806266511051e-02 1.067826700775727777e-01 1.024260800804416699e-01 1.115935267308751366e-01 9.894637027131010509e-02 1.023600257931983060e-01 1.025390256602473765e-01
8.159901044698839034e-02 9.154129894277357460e-02 1.132018154622876915e-01 8.724715237961588876e-02 1.132677981799678074e-01 9.448325999452997226e-02 1.212034378790883132e-01 1.083989505751196264e-01 9.439021803576938541e-02 9.466705810385937780e-02
7.295709055596932835e-02 8.883676897134969164e-02 1.157666692055908247e-01 8.926065990522748239e-02 1.161320645359637110e-01 9.661057262102902554e-02 1.239073460211916472e-01 1.031446703202782145e-01 9.648024863472422219e-02 9.690390922867588019e-02
7.439579823246875168e-02 9.152286506133947008e-02 1.127345756525474502e-01 9.043250436147792781e-02 1.131165701949830155e-01 9.815898099543519939e-02 1.183477922185804249e-01 1.048439704610477641e-01 9.806107396631985607e-02 9.838586885580009878e-02
7.150507889235956094e-02 9.266328805380780187e-02 1.161023111972918631e-01 8.888405531028396866e-02 1.164875264687133954e-01 9.695672950169098581e-02 1.194700315522035511e-01 1.038554891712355072e-01 9.682893126835140363e-02 9.724655858406193454e-02
9.708001785488339086e-02 1.043033648097314442e-01 9.623533313808878276e-02 9.929460127910003098e-02 9.613411981988986832e-02 1.044096735183047547e-01 9.924091284037038496e-02 9.457227023327720306e-02 1.044492155289235558e-01 1.042804909774305705e-01
1.061175408385511693e-01 9.848295692319034011e-02 1.001936256678821330e-01 1.020050371828921804e-01 1.000913431959472438e-01 9.344110853053151644e-02 1.023928531230510058e-01 1.105446110564945045e-01 9.354338556859412290e-02 9.318753791286578381e-02
8.553786417156122868e-02 8.953712545819605961e-02 1.132737453458576571e-01 8.877259234934915810e-02 1.132021288793337299e-01 1.002150260395280323e-01 1.108520992786327236e-01 9.816563262892970265e-02 1.001746276095313581e-01 1.002691582390803499e-01
8.390230225013223242e-02 8.933036304937154448e-02 1.127383266263679573e-01 9.145636124470536699e-02 1.128185038740585205e-01 9.899972758005606832e-02 1.132081959713113761e-01 9.948770817428113922e-02 9.893450659602093245e-02 9.912400463369484827e-02
7.695701615475615542e-02 9.017691549439034449e-02 1.137445287626374785e-01 9.014691708150790461e-02 1.139641347299345381e-01 9.806473106934517070e-02 1.164997864976299730e-01 1.042053244813659629e-01 9.796706387962740570e-02 9.827358184880502501e-02
8.172047661890562142e-02 9.293275172013146235e-02 1.107163363592703897e-01 9.029168719173756574e-02 1.110610464364041733e-01 9.821619007721760219e-02 1.141040481511894633e-01 1.043136838334182692e-01 9.804392055817039153e-02 9.859985905355507507e-02
7.602030084856804815e-02 9.144950939774924847e-02 1.137465360017517330e-01 8.728693105406336306e-02 1.140251867071072761e-01 1.002024025361611115e-01 1.152581799811015217e-01 1.014294471116070767e-01 1.000532550513394126e-01 1.005282513105512504e-01
7.996581798390754725e-02 9.312676448561080234e-02 1.108240427189809418e-01 8.874687424251319345e-02 1.109098275413118451e-01 9.906611101117929197e-02 1.156861102513646877e-01 1.035160815308326515e-01 9.903020209031264398e-02 9.912816814398639487e-02
7.387404640328526506e-02 9.134638807909400970e-02 1.123530323568397576e-01 8.846366680520538484e-02 1.127290211608942966e-01 9.918388343805430163e-02 1.207789650426582817e-01 1.026755909795697003e-01 9.900012952195703930e-02 9.959527621244197715e-02
7.848643380204506359e-02 8.948572972604328102e-02 1.195189997028117124e-01 8.793567519456314818e-02 1.195456657780478299e-01 9.752361684790598895e-02 1.109231546637274163e-01 1.015199054167433695e-01 9.749430813360347725e-02 9.756651073450874068e-02
8.161636640096504858e-02 9.333227635570087721e-02 1.083143213637977331e-01 9.018928912336296455e-02 1.083990758882373562e-01 1.018586785880617740e-01 1.127999517931752987e-01 9.974518046417882311e-02 1.018207425205930883e-01 1.019241175019270501e-01
7.608332533073801363e-02 9.137609751955441673e-02 1.135315228722667547e-01 8.778028707868353042e-02 1.138454302032814863e-01 9.804789171272422499e-02 1.189168869571578385e-01 1.041668189462057192e-01 9.791994697513772827e-02 9.833179240425031498e-02
7.990511646694463399e-02 9.460016224112231809e-02 1.097946470762880961e-01 8.917979729716851711e-02 1.100976767983513072e-01 9.912680139689397651e-02 1.167591190416609054e-01 1.020490906993131719e-01 9.893137079546805712e-02 9.955621818678901669e-02
7.720599225296344292e-02 9.188965441585590643e-02 1.122300459490870733e-01 8.766387923131654936e-02 1.124480816598147082e-01 9.669164279980366206e-02 1.211964113112857927e-01 1.071429523168207221e-01 9.656201761146192275e-02 9.696932245159027575e-02
7.928551141710835082e-02 8.678094069764427654e-02 1.158592575161733335e-01 8.714817973511249094e-02 1.158024143710568443e-01 9.444655909046123510e-02 1.249120528997375162e-01 1.068892557168907714e-01 9.443795601533976070e-02 9.443787254047539270e-02
8.181096197326528929e-02 9.185496108071380950e-02 1.132142688237388478e-01 8.752376250666846214e-02 1.132570409335786343e-01 9.666608097027090674e-02 1.161429401980803161e-01 1.061501787949130499e-01 9.660804240853460012e-02 9.677176231023609798e-02
7.430430717147491759e-02 8.867593908863885543e-02 1.164439572139218254e-01 8.782532612101581759e-02 1.166886132069703957e-01 9.596079761065541558e-02 1.245909351318236769e-01 1.034641565375511857e-01 9.585348400369145261e-02 9.619248391425648526e-02
8.000048928755928990e-02 9.335181515314584788e-02 1.102619639321592154e-01 9.246602495354268314e-02 1.106220442602587201e-01 9.892460681397159672e-02 1.117662917858209953e-01 1.045097405997360424e-01 9.872262728874325877e-02 9.937439592506232267e-02
7.132484522409708594e-02 9.041885961352928713e-02 1.186470080023384055e-01 8.604584557111745469e-02 1.189626093002380536e-01 9.576191469233852338e-02 1.201704555533090468e-01 1.070468952446785860e-01 9.568333949127266758e-02 9.593822730708086166e-02
8.596699736484363086e-02 9.505056197745870294e-02 1.074951882406135761e-01 9.205812168323398992e-02 1.076954598978861477e-01 9.907298020506651037e-02 1.126634243990766726e-01 1.017426795013748608e-01 9.897657768566947567e-02 9.927800904477640520e-02
8.339777912596217646e-02 9.373331961069637785e-02 1.092371029594173676e-01 9.340673305958281658e-02 1.094318508797342965e-01 9.958380234124664110e-02 1.093102035451969656e-01 1.026025989893558643e-01 9.946879385391568795e-02 9.982781563489179222e-02
7.671779038601574119e-02 8.784950064221198895e-02 1.170889871769104362e-01 8.548117167730817645e-02 1.171293422821111790e-01 9.509273023141771863e-02 1.274576990497170159e-01 1.029602170655030263e-01 9.504448045992439087e-02 9.517808102888029864e-02
9.212191839095833223e-02 9.502895323397883565e-02 1.068263222732402790e-01 9.382111583676004674e-02 1.068350823024754315e-01 9.491102013480746946e-02 1.120769139906889061e-01 1.085111235768622395e-01 9.485158613071000000e-02 9.501596412951845982e-02
8.538523724560531658e-02 9.099813628590264214e-02 1.118335198059045438e-01 9.341612688129329045e-02 1.120099113329408175e-01 9.807661978967013860e-02 1.067305215694534098e-01 1.052778612836577227e-01 9.796850937478310262e-02 9.830355643078898809e-02
7.786861602297688589e-02 9.315768810575747461e-02 1.094796474829879823e-01 8.868962052838397225e-02 1.096592598249480077e-01 1.014841976408163704e-01 1.164311262232792799e-01 1.000999261461872208e-01 1.013391829907831915e-01 1.017907350338796563e-01
8.448928867299848600e-02 9.104611442233352669e-02 1.112097886074282227e-01 9.150635468439925757e-02 1.111345763343922349e-01 9.807309813619388694e-02 1.149821772022334154e-01 1.014944454040254962e-01 9.811729119348058803e-02 9.794686534251487164e-02
7.459133044470038498e-02 8.875049380229427243e-02 1.166476260530404929e-01 8.739917014599948852e-02 1.167163479440190832e-01 9.738282461080871588e-02 1.189330951599324726e-01 1.047340191781495622e-01 9.729929532867864772e-02 9.754579733237683792e-02
7.584428046526806022e-02 8.968515134974608394e-02 1.135869317301138881e-01 8.655370484950669629e-02 1.138438578611933455e-01 9.975150307184993403e-02 1.182772205175106894e-01 1.027583951913654120e-01 9.958364172508964163e-02 1.001153132383562905e-01
9.032448612310081670e-02 9.402307329099077182e-02 1.098436539396719092e-01 9.346298514884238129e-02 1.098607409639678900e-01 9.716094506356968974e-02 1.082265115650140053e-01 1.027237146944074836e-01 9.709620867148334444e-02 9.727768053895176348e-02
8.735199377843760882e-02 9.743115699634706528e-02 1.050570827669702473e-01 8.991212123752735652e-02 1.049075314100253037e-01 1.033603865893422541e-01 1.061529349231494362e-01 9.914198572853301361e-02 1.033510052848696376e-01 1.033338012847980908e-01
8.359552359144245548e-02 9.013856156022130584e-02 1.130058662883703380e-01 9.262738284236575470e-02 1.130831902282201373e-01 9.891194090037641606e-02 1.114594255117097865e-01 9.932265275060993270e-02 9.887055644268853694e-02 9.898489988399532258e-02
7.822636749587112692e-02 9.688192709539567016e-02 1.087578971155068464e-01 8.945707696416718702e-02 1.089650678067853595e-01 9.993391030259170249e-02 1.160997838002611471e-01 1.016540855898587919e-01 9.979667129263095071e-02 1.002272125369312178e-01
7.829375442218748649e-02 8.947587104146263737e-02 1.148128450862692940e-01 8.767114511512424935e-02 1.150156622193049399e-01 9.737614095011597193e-02 1.167738752132774782e-01 1.056560109169379230e-01 9.722360237963008356e-02 9.770109265568996393e-02
7.422454128406902329e-02 9.264210154679623777e-02 1.135542558443282113e-01 9.110748153658360105e-02 1.139952221198721055e-01 9.857044015901751666e-02 1.136120475392411594e-01 1.048655559062720566e-01 9.834051004656807482e-02 9.908784401725201363e-02
8.096192572368945961e-02 9.327447187834968234e-02 1.094824088950504537e-01 9.094514418331285655e-02 1.097061646525724632e-01 9.934828382998377172e-02 1.150369190963492216e-01 1.024236135415669963e-01 9.924006833623480461e-02 9.958099986289019323e-02
7.780344860859364498e-02 8.845136290893698683e-02 1.163050113786431444e-01 8.924166697356369915e-02 1.165304838268346327e-01 9.857943288802434312e-02 1.134823408953876400e-01 1.022892527055129647e-01 9.844103788401487032e-02 9.887596193048808768e-02
8.309699344638026008e-02 9.169410396520662199e-02 1.125179249711556612e-01 8.933625359855394688e-02 1.126543786738037206e-01 9.905189267672515063e-02 1.113440009774562534e-01 1.020374174993480543e-01 9.890119881882851460e-02 9.936583537254187193e-02
8.397601652960125229e-02 9.170122586340433146e-02 1.081802941440198340e-01 9.129114102007186704e-02 1.084227804918613675e-01 1.007758778557562573e-01 1.153240935288282892e-01 9.860870871233551327e-02 1.006318896665736179e-01 1.010879721875476978e-01
7.884428723521111348e-02 9.149844065242974944e-02 1.105029659363617606e-01 9.203313362221175742e-02 1.107335224198497253e-01 9.924278962133216420e-02 1.156956924065116188e-01 1.028732383719830196e-01 9.916485328854215964e-02 9.941107644556693157e-02
8.596059297108300801e-02 9.186390449391308721e-02 1.098217357398227484e-01 9.113837826609356985e-02 1.097859680415331357e-01 9.703066376113488045e-02 1.177078600351320198e-01 1.026866636875731764e-01 9.705679259217699084e-02 9.694744041153736946e-02
8.119613281591020471e-02 9.099411700610932074e-02 1.127615247278145189e-01 8.996586300170607287e-02 1.128295032122479946e-01 9.808791022317453479e-02 1.153094503996258402e-01 1.027028191761093084e-01 9.809394696648453260e-02 9.805873247081767219e-02
8.343335570256764366e-02 8.992626044740470448e-02 1.172625775770952117e-01 8.883482897217173657e-02 1.173860937763997053e-01 9.476367615736401573e-02 1.160664709025247820e-01 1.027203386895068210e-01 9.468574556920995866e-02 9.492065220575537920e-02
8.058859330220104200e-02 8.969598922988786249e-02 1.164859872579091793e-01 8.632871535784004957e-02 1.165186044226494133e-01 9.719114676487776439e-02 1.167856161109208230e-01 1.019597593689296200e-01 9.711861705880452111e-02 9.732697112597965550e-02
7.874501300960325134e-02 9.384488750597390350e-02 1.094607301146450773e-01 9.198121376852845532e-02 1.095534325639033330e-01 1.012240081260578628e-01 1.135653299477152323e-01 9.914412528792915236e-02 1.011820384541642914e-01 1.012992212214794546e-01
7.613432460910045385e-02 8.862157088607093558e-02 1.177016928350325120e-01 8.712350019928424838e-02 1.177979971814119287e-01 9.645407797839300468e-02 1.191706403671283082e-01 1.040995183529089679e-01 9.645291347243906133e-02 9.644376411823062101e-02
8.039697879860277507e-02 9.237020212073449033e-02 1.110044097586704859e-01 8.920183078632969165e-02 1.112474025116127613e-01 9.873656611763700908e-02 1.153106458198682738e-01 1.041432068121126847e-01 9.863768866837653582e-02 9.895106860605536181e-02
7.993104943744747115e-02 8.935720850214157185e-02 1.173109534401061832e-01 8.909527642798548142e-02 1.173460303263253873e-01 9.905843494333496646e-02 1.105336182407854612e-01 9.926760782735331856e-02 9.905611640410925955e-02 9.904370445041088544e-02
7.246201815554854930e-02 9.248935884694531318e-02 1.126446012200574831e-01 8.910157989781067323e-02 1.130975723722805332e-01 1.001226289808762604e-01 1.164893854559661129e-01 1.030743306231594186e-01 9.990691172665080999e-02 1.006116127207048599e-01
7.448495867807213011e-02 8.874967275339391837e-02 1.176154695353828772e-01 8.750346515578391604e-02 1.177051513781883912e-01 9.673893195860380767e-02 1.185996115222565650e-01 1.051454891328638119e-01 9.674518189268095647e-02 9.671206799277365374e-02
8.313463382706118288e-02 9.270215366630006615e-02 1.111904322115371546e-01 8.860175686695237474e-02 1.112072706686065698e-01 9.591962982106487512e-02 1.206188992144477945e-01 1.047382961847869998e-01 9.585924116819315166e-02 9.602768637104977523e-02
7.948983352921844270e-02 9.231061447890713534e-02 1.119688831367846166e-01 9.134034287682368802e-02 1.122180077462020947e-01 9.965618038000874368e-02 1.113858948748179950e-01 1.021326823523614202e-01 9.949721904678072992e-02 1.000003415780951616e-01
7.882206836620084256e-02 9.260918645979868136e-02 1.135680991124834865e-01 8.916812663705606101e-02 1.137469705101388368e-01 9.598293489833734093e-02 1.200689202902738284e-01 1.039768348752063004e-01 9.589936795544420911e-02 9.615749089506041292e-02
9.974735425937374111e-02 9.639710997880518439e-02 1.039112439397369275e-01 9.573387019379046847e-02 1.038931125383518866e-01 9.352037017264577812e-02 1.077921711378431735e-01 1.119849471085536258e-01 9.351672327016019581e-02 9.350309740073900477e-02
7.814965137720440713e-02 9.137087871299627573e-02 1.144656110887413147e-01 8.892538433124751174e-02 1.145654953258717218e-01 9.869312237560291801e-02 1.116394357662423842e-01 1.046800978725724307e-01 9.857309436376718303e-02 9.893722878575382518e-02
