9.329023727690954892e-02 9.308166659836496215e-02 9.285688976627497204e-02 1.177270591627982282e-01 9.189183031104336541e-02 7.679527991623914807e-02 1.160204590906230848e-01 9.199519080552401307e-02 1.102942087707194790e-01 1.160471783015032676e-01
9.531282780733428550e-02 9.178659211912505722e-02 9.179998900304839338e-02 1.208384172692225783e-01 9.190523138823419869e-02 8.125049690173766215e-02 1.106774900562783048e-01 9.174381294036410006e-02 1.140758692972845961e-01 1.106092732173708515e-01
9.646051112694267737e-02 9.529984690918893997e-02 9.527042488541795362e-02 1.173959955868046634e-01 9.229902861545219439e-02 8.376212494461797442e-02 1.090556781606998732e-01 9.226655968365850280e-02 1.091560908729330842e-01 1.090337392142841089e-01
9.499642275397332525e-02 8.956408458050690857e-02 8.942247361043947906e-02 1.162737123787443844e-01 8.905640989476384939e-02 7.551005748678159268e-02 1.162988941308761848e-01 8.903364724990849022e-02 1.235668336820400087e-01 1.162774642319657353e-01
9.271986899119341596e-02 9.071254857629562629e-02 9.063879585385135884e-02 1.235168396963876453e-01 9.098220948966147248e-02 7.759027804580624632e-02 1.123500654761080131e-01 9.098414754850739361e-02 1.182958519046810320e-01 1.122093944175077962e-01
9.787488249938004758e-02 9.057627228892611848e-02 9.045625513754844416e-02 1.142627907364691664e-01 9.349855927659563026e-02 9.314514599957951502e-02 1.047289777808423084e-01 9.363258749981481777e-02 1.172566897161056720e-01 1.045678390647382799e-01
9.405455190242061059e-02 9.121759423468425720e-02 9.094271580852342218e-02 1.220303515331063043e-01 9.064252755659875371e-02 7.541892956900360379e-02 1.143928033669012329e-01 9.080794847529825853e-02 1.160693597499546648e-01 1.144232178035089198e-01
9.342622077404959258e-02 8.969261357477378849e-02 8.955480412121008538e-02 1.163927967469669394e-01 9.162728889484252071e-02 8.014893604208982170e-02 1.118944769936706385e-01 9.158629120959457803e-02 1.237943380371674951e-01 1.118822336056345540e-01
9.324773282690890230e-02 9.330254978535142130e-02 9.311502965314288893e-02 1.164701338459674940e-01 9.356406967844882461e-02 8.495285404258799689e-02 1.114141036552806219e-01 9.358154553662274833e-02 1.088576813224293727e-01 1.114942996532597430e-01
9.173637386118495274e-02 9.113209544592673628e-02 9.110657887279635658e-02 1.194431987716167987e-01 9.169318711630836116e-02 7.994293747075957579e-02 1.142997360491984915e-01 9.155883912046719475e-02 1.148761931464369057e-01 1.142108601453046129e-01
9.366831774538356137e-02 8.869299154060826529e-02 8.869683959128085715e-02 1.230444986995558182e-01 9.024663743449327924e-02 8.089894449337416138e-02 1.100227860002594982e-01 9.008291931675825592e-02 1.247326722524885884e-01 1.099133929257977149e-01
9.205024501859156161e-02 8.991429195792598195e-02 8.986972378758764646e-02 1.219718479501768621e-01 8.769981731126037794e-02 7.515077294025448995e-02 1.193653423526838397e-01 8.758860433941328960e-02 1.171072870686022671e-01 1.192820672735036974e-01
9.268515158871847015e-02 8.795777466252803489e-02 8.763866454047936072e-02 1.144515124258419919e-01 9.011653040993176933e-02 8.090947199171523441e-02 1.195483126054665141e-01 9.033620519031154705e-02 1.168944884161383646e-01 1.194618881688687406e-01
8.774674341378688180e-02 8.643837839014349711e-02 8.637124774925648840e-02 1.204866981408235088e-01 8.603912451177012088e-02 7.278270381872359307e-02 1.203422407285748841e-01 8.594126127985896035e-02 1.336640482010497399e-01 1.201875537660122978e-01
9.115539597226358925e-02 8.816999791093035888e-02 8.801557772884047171e-02 1.207785512409810524e-01 8.858372167797250174e-02 7.284053744837636069e-02 1.170824838794568418e-01 8.859106925381074471e-02 1.277798160899297486e-01 1.170028487974383302e-01
9.291149468205470163e-02 8.989906511898777819e-02 8.990234954497001996e-02 1.226811279387160641e-01 8.819242458091661185e-02 7.786205632760836992e-02 1.145707591420775523e-01 8.810712855968050317e-02 1.214715597534456182e-01 1.144020343515427807e-01
9.348232279936148637e-02 9.119521870070781966e-02 9.123262755802891144e-02 1.160080942634420381e-01 9.149958746729995596e-02 8.241368367984797105e-02 1.138264331207342328e-01 9.130956598492379062e-02 1.153310266341179974e-01 1.137014397915358105e-01
9.584175329382575714e-02 9.576217598241383577e-02 9.563451988919532964e-02 1.165926619142096526e-01 9.433144602208293206e-02 7.672615056873210992e-02 1.103685583356933675e-01 9.423610088779427185e-02 1.099701265045613247e-01 1.105365066014914188e-01
9.407903313263681067e-02 9.169987387071290574e-02 9.149252175251738894e-02 1.241788414241888766e-01 9.158845549987115753e-02 7.317165408938310078e-02 1.173408775132044890e-01 9.158997850307004640e-02 1.074422145923849686e-01 1.174165496220302279e-01
9.237776195760484532e-02 8.677365429034598898e-02 8.653059893221728971e-02 1.184683978227001333e-01 9.035624405145990801e-02 8.011858581915552724e-02 1.156303443119664209e-01 9.040447646017228667e-02 1.237275148788982704e-01 1.156124214754793711e-01
9.342318225807742793e-02 8.993629814801758215e-02 8.982005779850152360e-02 1.236798157732028058e-01 9.118209538017288396e-02 7.784045874301991075e-02 1.145394585215827599e-01 9.114643512185123531e-02 1.139633426621971674e-01 1.144688555933767171e-01
9.569427164423420507e-02 9.212303336663407727e-02 9.217624501320141606e-02 1.162124410483514614e-01 9.213821399618819796e-02 8.210488429117111797e-02 1.093613303966578798e-01 9.191725375389728225e-02 1.189590428197521282e-01 1.093132836699123034e-01
9.141911912415504049e-02 9.192608797753500094e-02 9.192229007604431346e-02 1.182043292555858688e-01 9.042720812290522270e-02 8.314210818943205961e-02 1.122912302340882823e-01 9.034478994035288757e-02 1.181434745159944538e-01 1.121793625639068565e-01
9.104706975065811336e-02 8.830860125230187430e-02 8.816728944389547185e-02 1.182959300238796280e-01 9.020383786016583638e-02 7.635513440246254058e-02 1.132310751359954931e-01 9.015428289213230084e-02 1.310278370268410375e-01 1.132089422116677735e-01
9.133507785835517923e-02 9.119900052538197632e-02 9.104007182108390939e-02 1.198746069851055474e-01 9.068802713239672297e-02 8.412367180635489661e-02 1.160747759927499706e-01 9.077044250867934150e-02 1.089235750623439580e-01 1.159707503075485535e-01
8.314884787099381669e-02 8.419662747321708662e-02 8.399692499487097785e-02 1.134067660866843602e-01 8.227774318805088083e-02 6.477054309128832399e-02 1.097225285838826225e-01 8.231359578602491511e-02 1.863799635902380625e-01 1.097864593347489398e-01
9.440597092979731431e-02 9.436957772770428188e-02 9.431618250690894378e-02 1.168552312375051028e-01 9.318365970394625053e-02 8.235605491512729137e-02 1.123838149494197636e-01 9.311617079425295318e-02 1.066533814120729506e-01 1.123599558232651618e-01
9.483930592828680728e-02 9.383848512826235833e-02 9.375075430764677475e-02 1.158680708591954267e-01 9.152526598797859625e-02 8.300410219451456739e-02 1.106923347538036617e-01 9.159791613253430442e-02 1.142844071483553464e-01 1.105993575594221290e-01
9.240175311975151740e-02 9.036935119576319786e-02 9.031968172373114334e-02 1.193777883646396643e-01 9.078980394181082603e-02 8.028490908367187651e-02 1.140347666867655846e-01 9.071024900870514052e-02 1.177903979884240421e-01 1.139212988867370768e-01
9.494916623587421056e-02 9.147223093655194870e-02 9.135837161172886967e-02 1.139297306173282232e-01 9.011306907185159809e-02 8.395048495410101230e-02 1.115212512582139798e-01 9.011898014202467111e-02 1.210873034492972733e-01 1.114994117230282689e-01
9.300237475924970354e-02 9.086100524015282287e-02 9.074825187204930976e-02 1.237755416110312701e-01 8.969567576455360347e-02 7.543200853829279406e-02 1.153549910581045390e-01 8.971756338961225929e-02 1.161543265076088044e-01 1.152582612593448796e-01
9.155313523888360117e-02 9.253462169841927820e-02 9.259835970063091948e-02 1.181867342416051264e-01 9.061790749487283469e-02 7.865489035411350749e-02 1.155534041369560561e-01 9.043198194104941356e-02 1.144430055328549550e-01 1.154259596606142801e-01
9.228346604593892777e-02 8.993235136381251549e-02 8.993768178250691192e-02 1.184969708175378916e-01 9.136588448889411407e-02 7.714151198552113287e-02 1.171005027193787323e-01 9.118158981096546878e-02 1.156139979819483243e-01 1.169460430034959530e-01
1.017559269563990398e-01 1.043883558834711317e-01 1.045385663367610074e-01 1.054413987922443174e-01 9.323350135932659266e-02 8.546619237429858851e-02 1.039542302721074285e-01 9.323242153502254992e-02 1.040499358801828950e-01 1.039394706101864074e-01
9.674294418155540698e-02 9.293684159842406645e-02 9.280885330562320401e-02 1.138010939794157628e-01 9.406345860659082181e-02 8.725306933132893905e-02 1.067279450379374633e-01 9.415018593888507814e-02 1.148542014541973494e-01 1.066614065660419081e-01
8.890919774768721306e-02 8.539856518021440857e-02 8.522575197038607941e-02 1.206872293763993353e-01 8.520698801687014157e-02 7.928214803267252808e-02 1.168181865181649459e-01 8.526014212021043592e-02 1.365116116955269465e-01 1.167001793418679656e-01
9.174944432693851737e-02 9.060097781246667648e-02 9.039463526491098300e-02 1.176697341673197117e-01 8.680367887874583521e-02 6.918358343998357030e-02 1.190705635856189049e-01 8.693056705736788847e-02 1.285700853133078525e-01 1.190267301533400462e-01
9.221006230726025432e-02 9.200553414201834146e-02 9.188344785210686427e-02 1.234067805249395161e-01 9.111085850010168519e-02 7.920998788977910710e-02 1.151594987436100614e-01 9.110713534169441463e-02 1.087851803284390489e-01 1.151215143700507204e-01
8.859057385189811340e-02 8.680701939321469607e-02 8.662158383198108325e-02 1.252146705354897360e-01 8.695403840457803513e-02 7.778863116881926110e-02 1.156976145013025592e-01 8.704878393225651267e-02 1.297065073064245511e-01 1.155705770740353688e-01
8.918815014724126855e-02 8.638708654456224434e-02 8.626462256757350122e-02 1.227541483072070172e-01 8.780394648570025162e-02 7.391782993754052178e-02 1.190348478606170074e-01 8.781886520824178088e-02 1.280212302602231345e-01 1.188092726810932587e-01
9.029655838661831968e-02 8.975762813094594061e-02 8.965832302514174790e-02 1.220009764831566090e-01 9.076877262029572901e-02 8.033227347614074754e-02 1.127763361049911039e-01 9.072103756446417422e-02 1.209767066297196547e-01 1.127113875785260150e-01
9.295768103631912860e-02 8.997560452685141041e-02 8.998047547350639108e-02 1.163148894857950616e-01 9.025849164097918265e-02 7.952975653526785094e-02 1.147025304551747837e-01 9.013505325163355397e-02 1.216146721801786429e-01 1.145308454142939664e-01
9.352862041684130434e-02 8.891867583527160446e-02 8.865933622018877525e-02 1.230598790361938921e-01 9.038173723111038449e-02 8.229067472517193060e-02 1.141925638074092753e-01 9.050185681726884146e-02 1.142731983145721109e-01 1.141934575959718812e-01
9.162057535261890207e-02 9.117581718863697338e-02 9.113077583506731805e-02 1.196213025071330982e-01 9.032775827486450027e-02 7.651113252492164341e-02 1.157243084228809643e-01 9.020168213927166889e-02 1.180062147219258506e-01 1.156804330326790670e-01
9.300316101929036183e-02 9.511298390048024409e-02 9.505869730217730851e-02 1.163429557913846502e-01 9.048068179651287679e-02 7.534253766757678661e-02 1.151098881682578734e-01 9.048254040219558259e-02 1.140111232686890491e-01 1.150554306834352669e-01
9.535712011163485768e-02 9.222168909482345023e-02 9.204252707662193000e-02 1.181036271469148025e-01 9.057397823934082437e-02 8.312098499655985739e-02 1.122951884094069985e-01 9.071686915106720595e-02 1.133387133108401668e-01 1.122293024627899483e-01
8.878725365595950547e-02 9.175240270432184764e-02 9.146433794231434433e-02 1.183323928841069073e-01 8.897365496145709374e-02 7.034162442144942240e-02 1.207488933183021307e-01 8.917938577441968107e-02 1.196874795008149722e-01 1.207325748368540397e-01
9.201406638490707002e-02 9.103434048603721573e-02 9.090578620951260402e-02 1.222236314743715552e-01 8.790868909181202839e-02 7.544303571221780413e-02 1.203986032817977447e-01 8.796113163144889113e-02 1.118326582560813243e-01 1.202780574718137485e-01
9.255950068486488991e-02 9.405198508279527525e-02 9.397658935916602951e-02 1.168154180107450896e-01 9.214561883485532234e-02 8.180827274848531672e-02 1.098988945373218784e-01 9.217379038907741462e-02 1.167297500509939939e-01 1.098401803016947759e-01
9.750692283815595718e-02 9.446971616406363292e-02 9.439705144720833552e-02 1.169110347926067411e-01 9.155804309766003846e-02 7.783714809204869689e-02 1.090555373110352749e-01 9.157938959842604199e-02 1.176525142886314101e-01 1.090326423701638986e-01
1.008458936267692535e-01 9.805903197471310673e-02 9.812219603940960932e-02 1.045633062441583688e-01 9.739870959082666535e-02 9.057345419686221866e-02 1.025275690243795113e-01 9.739338407723317770e-02 1.081132146878231726e-01 1.024032405378249577e-01
9.605397133102294704e-02 9.224049694051578152e-02 9.215054027990335350e-02 1.176854714246225453e-01 9.081101166639413136e-02 8.239028757586322471e-02 1.115789072798529791e-01 9.074281922435974146e-02 1.147343544071168508e-01 1.116121398703484174e-01
9.928101873936955035e-02 9.643850041514467897e-02 9.651329848768376574e-02 1.121141285788606334e-01 9.399354589159818196e-02 8.268820839127330458e-02 1.099310795510196753e-01 9.381634439179431517e-02 1.053296104086108159e-01 1.098942651446450508e-01
9.838544966619219845e-02 9.198988217458237138e-02 9.210438902500903136e-02 1.132291765285496493e-01 9.501518130601378787e-02 8.484078460905333796e-02 1.074763814350040425e-01 9.464174152734820822e-02 1.148785287810804995e-01 1.074384849471668596e-01
9.079350749669314047e-02 8.970399923116327556e-02 8.964921408515587331e-02 1.216723156381659121e-01 8.578068047677980812e-02 7.728387896217267516e-02 1.158417443703225608e-01 8.579496449883468323e-02 1.277941612801703486e-01 1.156855339605417643e-01
8.894940804699284775e-02 9.059025562133739273e-02 9.037783172205227089e-02 1.216675818861197855e-01 8.790179245417108211e-02 7.077053889468616632e-02 1.192461649707161203e-01 8.801452924955334434e-02 1.232725956840022702e-01 1.192093014703687198e-01
8.978629175552901853e-02 8.702833400911694217e-02 8.694613864751875310e-02 1.233518371201610675e-01 8.461586702957291095e-02 7.670170824498856454e-02 1.173022456477077341e-01 8.468240980963577524e-02 1.325467643877674129e-01 1.170384033480018487e-01
8.744564183635383792e-02 8.763489179994146672e-02 8.735590919861481451e-02 1.191424963060237069e-01 8.681356730901920726e-02 7.343478888208142263e-02 1.205883803151503453e-01 8.701882312558867349e-02 1.300901316159900345e-01 1.204753696112364769e-01
9.305212491193694258e-02 9.171738581164272375e-02 9.157488890045496766e-02 1.185930992663619260e-01 9.127557677916973977e-02 7.723649679502578302e-02 1.158169854074018040e-01 9.130030879782935482e-02 1.136712527593121830e-01 1.157618805708646031e-01
9.385591529742194628e-02 9.656081301466229450e-02 9.656370950009098009e-02 1.133288413838435676e-01 9.175695218248577922e-02 8.213746031445762208e-02 1.098393114237319335e-01 9.177561136066664238e-02 1.144335549784777084e-01 1.097478305441615259e-01
9.269164093101023294e-02 8.742587107005332647e-02 8.732009165536304407e-02 1.259614091786789569e-01 8.810307170413154976e-02 8.097210507727994888e-02 1.124161257771899292e-01 8.811047391680097707e-02 1.247192837585906211e-01 1.122799269309013998e-01
9.685505146915948660e-02 9.648249633969195604e-02 9.649717581020361701e-02 1.090779905865614657e-01 9.369914844367521756e-02 8.523902284564380261e-02 1.091353511177805269e-01 9.374298593181654149e-02 1.103034869056051942e-01 1.089672905498622613e-01
9.188677478671726517e-02 9.119742361024994748e-02 9.124811546704444942e-02 1.188763233680443648e-01 9.126438082273782837e-02 8.277050360858057010e-02 1.118633673861745143e-01 9.104470374587772530e-02 1.180695351909987062e-01 1.117788720135746150e-01
9.532776996980898976e-02 9.407865425549385985e-02 9.408919855414137057e-02 1.196139663532510555e-01 9.108246454305217454e-02 7.765247955668160007e-02 1.117193615169591037e-01 9.094856970643441785e-02 1.137793202549895605e-01 1.117082152891878954e-01
9.637343974052772766e-02 8.821893617688178479e-02 8.807704605906682693e-02 1.128926753399512872e-01 9.502559555807657543e-02 8.969430399194014414e-02 1.087890641756012466e-01 9.505535131997315534e-02 1.172434094867344928e-01 1.086301781512467313e-01
9.435624144950889580e-02 9.234848282507501782e-02 9.212407773952073498e-02 1.206495333055502134e-01 9.093384970489665209e-02 7.828543536035534323e-02 1.174575909382110928e-01 9.109546622104139346e-02 1.053577742074644358e-01 1.173915482483761652e-01
8.961283668869539365e-02 9.459627401210471409e-02 9.462253960045931278e-02 1.140476920321416843e-01 8.862586029270839993e-02 7.723635220702378124e-02 1.187431504179026487e-01 8.867537424339178020e-02 1.153823463372343344e-01 1.184575741683380062e-01
9.138258717808361853e-02 9.137205814069883358e-02 9.128803329297784097e-02 1.140026635437491886e-01 8.998580103115053075e-02 8.060394834145942489e-02 1.150366394271363502e-01 8.995763016123917155e-02 1.214069154570857484e-01 1.149637234264192648e-01
9.251819968503306735e-02 9.271156853499740169e-02 9.256717513513806894e-02 1.170536171916002899e-01 9.084821645688344327e-02 7.805725206283420370e-02 1.133202542796626910e-01 9.089552519400512232e-02 1.187216670684959063e-01 1.133065243913498332e-01
9.494241182248928934e-02 9.332139798872599035e-02 9.311511699495518546e-02 1.171375142930389940e-01 9.271482734732390540e-02 8.367013549000891504e-02 1.125728957087148013e-01 9.282083110195987752e-02 1.071160847828224877e-01 1.125887844699605400e-01
9.531099934942577345e-02 9.104920334654333092e-02 9.098997613534554052e-02 1.161633674636433772e-01 8.969861496528623579e-02 8.358068759755671318e-02 1.087087517796229696e-01 8.977071299395182613e-02 1.261874316871713642e-01 1.085402546814528552e-01
9.204196960946303685e-02 9.048161977789842547e-02 9.039055523835072548e-02 1.195837676599869198e-01 8.951587182016255972e-02 7.763231023142073972e-02 1.137277643397724275e-01 8.944912510217181700e-02 1.234646658331404190e-01 1.137123503876329156e-01
8.987335850565864037e-02 9.288793343579844486e-02 9.295031387995536520e-02 1.132975348166041230e-01 8.943289939137748223e-02 7.970602664937356807e-02 1.147706285129694442e-01 8.932669208134975947e-02 1.231582650577744686e-01 1.145963476691386485e-01
9.102061856574120147e-02 9.036346181907535524e-02 9.025393497530405373e-02 1.175777073132921874e-01 8.599387727284052430e-02 7.354696424325425641e-02 1.198054391747408465e-01 8.609661843903082534e-02 1.257403581046527274e-01 1.196010200920680361e-01
8.792117035872748509e-02 8.850448438641277116e-02 8.830874234438693127e-02 1.206811291784317813e-01 8.705937175176396703e-02 7.591973632358711699e-02 1.175884112633892170e-01 8.722408560152503099e-02 1.293768310742095806e-01 1.174160377175661046e-01
9.067906478984387453e-02 9.144041172368898296e-02 9.134292918914665993e-02 1.251248273022249613e-01 8.665348277434593849e-02 7.668231925476622080e-02 1.148573480765501809e-01 8.679442570368824106e-02 1.217624599918607636e-01 1.146627311938841903e-01
8.925541463220679206e-02 8.852800642785650653e-02 8.841438958405099802e-02 1.212454297530190656e-01 8.693815181501993172e-02 7.466795214551243121e-02 1.207428273233474153e-01 8.701176333516200123e-02 1.227059796160832605e-01 1.204900853677415978e-01
9.594952359734638947e-02 9.010775737123953577e-02 9.011404307502901556e-02 1.180143680271032586e-01 9.121971205627418811e-02 8.177524720739694220e-02 1.095009381829535194e-01 9.102379970842700008e-02 1.228377437700797631e-01 1.094568670041504710e-01
9.581045413413331879e-02 9.321616694776242718e-02 9.260019022747399686e-02 1.400713491844141345e-01 9.114730312168571602e-02 4.943758670259743720e-02 1.302677462293383714e-01 9.119616156026949527e-02 8.513045624068672768e-02 1.311225856516383681e-01
9.373407490276058907e-02 9.474828099912339929e-02 9.474592713150430112e-02 1.154737097536009810e-01 9.160704062528206293e-02 7.685540689353814736e-02 1.135318401438028535e-01 9.155376793365001264e-02 1.143135382436670094e-01 1.134364133730706575e-01
9.230656419701722959e-02 9.322410880238271580e-02 9.317994017537366280e-02 1.175207545448706953e-01 9.096135531074513170e-02 7.827412905817517086e-02 1.144447249414739937e-01 9.086842483189089270e-02 1.147943123449388231e-01 1.144256857931316151e-01
9.290608375899921112e-02 8.913793272230950693e-02 8.903783108010683567e-02 1.210016786473396416e-01 9.125959060269167589e-02 8.069902857357416637e-02 1.137894154902688720e-01 9.123198775754531864e-02 1.172777416428540942e-01 1.136587097243107469e-01
9.175830689594938194e-02 8.584082880036707219e-02 8.573094585370079346e-02 1.174165257248780125e-01 8.949209423610103575e-02 8.029773184561041222e-02 1.164795268212094476e-01 8.947673179459081361e-02 1.272639933639479470e-01 1.162433146636450698e-01
9.019674152733765660e-02 9.018874607140763000e-02 9.006557022026551174e-02 1.222078466037110345e-01 8.712586779239972490e-02 7.459779162699275989e-02 1.193739536013413427e-01 8.713732045886003752e-02 1.198045085514269359e-01 1.193016535462574079e-01
8.953270600482897412e-02 9.517469986979963659e-02 9.515355372744371820e-02 1.145733383175107645e-01 9.079374644427015695e-02 7.773855195637965898e-02 1.149666704135394735e-01 9.081779040874811415e-02 1.164257835499781096e-01 1.148231593075014212e-01
9.341487996291915341e-02 9.136990265261277222e-02 9.124668876339318835e-02 1.220886765050453043e-01 9.037199329774779633e-02 7.139221216180217933e-02 1.152984135317853404e-01 9.026639290467569632e-02 1.191646585715828432e-01 1.153861816484357122e-01
9.144611992059757666e-02 9.225154919643238638e-02 9.227939709154042713e-02 1.192613286390961230e-01 9.122459247977687813e-02 8.523458552280939460e-02 1.092605965770197529e-01 9.112557781636002052e-02 1.187735590768828758e-01 1.091426936794845926e-01
9.186034132202150482e-02 8.938645077689222340e-02 8.938620451213095952e-02 1.227763982803617843e-01 8.895081308378671725e-02 7.603342219073923325e-02 1.145553201776226548e-01 8.873925217173347924e-02 1.237924895536857972e-01 1.145193079310256462e-01
9.524616669222070453e-02 9.483150822299207805e-02 9.486907962840585018e-02 1.127594593489924385e-01 9.117846139185564747e-02 8.506574768105111539e-02 1.100374450805864379e-01 9.110250022531714287e-02 1.149559051581989649e-01 1.099537265703796202e-01
9.438924499826253922e-02 9.030810713210438156e-02 9.012345016695046118e-02 1.205471653680761646e-01 9.096612589897755397e-02 7.444243819054059685e-02 1.211161656935532127e-01 9.099618195034178680e-02 1.060709959601044139e-01 1.210401246410889309e-01
9.134094076806666129e-02 9.447468446653128904e-02 9.437002290343937672e-02 1.178331032783997701e-01 8.898622846981087131e-02 7.628191322699059973e-02 1.144135532200771105e-01 8.904159130592660676e-02 1.188592985033885274e-01 1.143986638573691456e-01
9.076439670177194330e-02 9.043676378561447959e-02 9.044080065534348956e-02 1.187346044335373801e-01 8.599420555705832026e-02 7.719858480959579383e-02 1.151204094011639145e-01 8.595359274182476361e-02 1.303998790652423356e-01 1.149567628488475518e-01
9.744260610019585267e-02 9.792124609212222996e-02 9.799839616689988431e-02 1.122478586252417809e-01 9.323893615000564128e-02 8.299838337204484828e-02 1.065300427877391987e-01 9.320834512651088311e-02 1.119833934919732127e-01 1.064307920872664542e-01
9.176857205673565054e-02 9.004243393174353460e-02 8.995940626729087564e-02 1.215721678460960214e-01 9.015132762928126930e-02 7.789138243925804173e-02 1.155153516417731646e-01 9.011047697964032210e-02 1.175861960577626458e-01 1.154026851504184326e-01
9.557995100819416390e-02 9.118856069839390011e-02 9.108879335181509218e-02 1.153216374674449762e-01 9.124121943895334430e-02 8.306624818837456126e-02 1.153453191808330724e-01 9.124799437745441388e-02 1.106991716963441202e-01 1.152211045921923416e-01
9.200858066927082579e-02 9.101193092029992437e-02 9.090702315705519176e-02 1.208660912988786806e-01 9.109184884677794247e-02 8.225723804490264746e-02 1.136965760158915317e-01 9.107148259098311882e-02 1.134572393583112154e-01 1.136319890976289493e-01
9.783255908135297940e-02 9.459737387313271739e-02 9.458307479453385846e-02 1.136416950692805405e-01 9.007503712162363840e-02 7.990491057340182168e-02 1.084605537004864062e-01 9.009874697649601638e-02 1.224272283309042197e-01 1.083788204787877879e-01
9.201482687581233333e-02 8.937267819763494714e-02 8.932055972869171190e-02 1.255849688176768342e-01 8.984522421416873961e-02 7.862110146903401875e-02 1.131540405536274746e-01 8.979423896466187660e-02 1.192850347014300511e-01 1.130073264772620129e-01
9.126050903438005790e-02 8.709140718105304324e-02 8.699804808011291080e-02 1.255184630733208462e-01 8.789186187978723086e-02 8.253774580424477758e-02 1.108093534779609618e-01 8.786661667816236809e-02 1.293231451896934836e-01 1.107028496012843199e-01
9.702972718757120474e-02 8.709271690973578728e-02 8.688888512409199960e-02 1.166977276961334714e-01 9.287347254583412648e-02 8.522550041605282678e-02 1.128839760748222149e-01 9.287125314333226356e-02 1.156003060692082779e-01 1.128364348332178274e-01
9.284464814728649040e-02 9.400212950702674375e-02 9.390963882596779777e-02 1.208555610246907636e-01 8.945740851025540952e-02 7.346035574110412747e-02 1.165378992528440377e-01 8.946456355330707766e-02 1.129513159943177081e-01 1.165164794431998024e-01
9.256264737334785053e-02 9.476638641673176822e-02 9.475588174523176532e-02 1.132427031156100772e-01 9.111773496697225805e-02 8.952777491311590674e-02 1.078503648446986762e-01 9.117658112887579158e-02 1.172844129368481314e-01 1.077155125585677470e-01
9.234291399146733748e-02 8.593331738386318641e-02 8.588901346055302644e-02 1.235551512474966779e-01 8.805559038801683003e-02 7.931705377617191688e-02 1.142233715872194438e-01 8.800009839473386941e-02 1.287130382730339584e-01 1.139704514974437533e-01
8.910096167596744110e-02 9.130865692883276263e-02 9.118774887897947157e-02 1.254498702389575948e-01 8.973006754568231547e-02 7.179310349575525330e-02 1.162862172217829643e-01 8.967079211322459553e-02 1.191586853008730212e-01 1.163138965999446078e-01
9.326181657010863824e-02 9.287248888308388683e-02 9.262135407210078664e-02 1.212855682784900607e-01 9.238707141139707035e-02 7.426483141694181778e-02 1.150685597053592996e-01 9.241286310537702442e-02 1.105927416922390383e-01 1.152327048649024327e-01
9.301371626500080925e-02 9.111445397786636924e-02 9.096157603643004186e-02 1.208564358799138205e-01 8.943150307771859098e-02 7.112238759655191422e-02 1.167218990246532556e-01 8.939544211766296822e-02 1.206053583622422737e-01 1.167772276619599703e-01
1.052324758585624909e-01 1.027692072672181101e-01 1.027521087976092373e-01 9.993840583018853696e-02 1.001040876857987594e-01 9.341824422726908994e-02 9.703827624792762951e-02 1.002364441682841306e-01 1.014720514953980218e-01 9.703869842174393801e-02
9.851011444783082383e-02 9.391359898214078628e-02 9.374161213698914419e-02 1.023144805249277950e-01 1.019725968341272382e-01 1.001824357964689605e-01 1.001815063707284098e-01 1.020688133831507138e-01 1.069603025297005822e-01 1.001545389939355324e-01
8.961685505178726419e-02 9.314587273600330453e-02 9.313886451405668787e-02 1.114836043907676960e-01 8.884970588737230168e-02 8.453938966266855148e-02 1.133613671078535917e-01 8.893654700710108829e-02 1.238213803202517366e-01 1.131064133221377777e-01
8.924866234089563755e-02 9.361387055119961553e-02 9.356973078956096201e-02 1.137239140019442180e-01 9.144389237959102412e-02 8.426462655950819891e-02 1.126887977880327019e-01 9.145637886590672616e-02 1.174270550287756371e-01 1.125630716945853066e-01
8.973191843687951252e-02 9.239297025842582722e-02 9.231121307191403336e-02 1.167081466234408393e-01 8.983964503211319674e-02 7.618041572600176004e-02 1.132946007251773302e-01 8.982587874828071306e-02 1.264602125753226114e-01 1.132549988024441900e-01
9.476624232507500911e-02 9.202012800308556617e-02 9.194823436555119023e-02 1.172707098430637862e-01 9.226669697683809179e-02 8.157411946098286348e-02 1.130584105540430040e-01 9.212746576614831706e-02 1.118778561683847483e-01 1.130901365368274653e-01
9.313297946252604986e-02 9.248606518985121039e-02 9.239242353877138991e-02 1.182250599767867283e-01 8.905549617060565248e-02 7.614641072470128280e-02 1.159750134362745044e-01 8.903939475437809559e-02 1.175952094039645068e-01 1.159519473421406488e-01
9.524823103337777541e-02 9.141994122191746119e-02 9.122638056535316287e-02 1.188935764377862386e-01 9.084987393585125526e-02 8.005404464161661182e-02 1.134038432691188009e-01 9.097140407983625443e-02 1.145829886452127133e-01 1.133497161699297817e-01
9.345829295801781622e-02 9.194197685593197278e-02 9.184687821435158495e-02 1.247588846786090583e-01 9.071735933160864074e-02 7.435263638948172438e-02 1.151258658239037030e-01 9.061565647052637062e-02 1.120146315189963215e-01 1.151678177585728352e-01
9.112046035330038929e-02 8.807022929134342148e-02 8.788184807741444837e-02 1.134307090162198495e-01 8.959823249615095353e-02 7.783094074220334169e-02 1.217394717699361584e-01 8.970845353513298703e-02 1.191116855649250877e-01 1.215079691533733353e-01
9.500793444931772413e-02 9.326140073404745601e-02 9.306487754888662089e-02 1.152100207120000663e-01 9.189283604729703292e-02 8.159516497844884753e-02 1.103152591788191805e-01 9.202980737151462975e-02 1.173088524187844983e-01 1.103138465608839436e-01
9.394815331905942424e-02 8.846792870344816206e-02 8.826075773502126132e-02 1.232193722159999894e-01 9.043559724099992092e-02 7.636480226466514643e-02 1.168810275500963974e-01 9.042312749438705111e-02 1.150940137417484771e-01 1.169052197345741700e-01
9.603267655307380635e-02 9.143727460281030062e-02 9.142733098953632898e-02 1.196587191397444766e-01 9.069219104302723988e-02 7.906566411632490188e-02 1.115884129409443898e-01 9.053521891074287065e-02 1.179998148515309930e-01 1.115626968522647200e-01
9.293858111304974245e-02 9.048283052993257025e-02 9.043933600019357644e-02 1.237917538815502816e-01 8.878884356304589387e-02 7.620060094088459968e-02 1.136119147735278057e-01 8.872681276124293193e-02 1.214996985409628333e-01 1.135196278956097371e-01
8.683905464747729286e-02 8.802416236279524131e-02 8.792985305223302572e-02 1.261122387068353279e-01 8.722060258092520502e-02 8.116096294993201121e-02 1.159370385501291706e-01 8.731735420171289619e-02 1.238044536290611314e-01 1.156542793188986701e-01
9.305363982682463009e-02 8.710018426002801017e-02 8.697260089364144964e-02 1.184856347684097172e-01 8.871313172318477658e-02 8.185740587592220396e-02 1.147207298155918653e-01 8.875842277998600982e-02 1.258118440186382359e-01 1.145264060377730597e-01
8.785764536843558570e-02 8.852500422482735554e-02 8.842985601330677348e-02 1.246739161661420403e-01 8.715591347935965072e-02 7.314257795570007492e-02 1.154896506185987964e-01 8.712972156373396948e-02 1.321968535724891702e-01 1.153988610374065693e-01
9.551965346449677041e-02 9.530757429282736559e-02 9.532955733966620715e-02 1.152718290733547868e-01 9.481254069053578204e-02 7.947949014436915538e-02 1.129836581211993568e-01 9.458294116094760617e-02 1.037075574910038128e-01 1.130051982215991430e-01
9.232793931670145449e-02 8.663700992667798528e-02 8.635878635370504430e-02 1.235654223434200366e-01 8.804743827398196776e-02 7.153969748309450816e-02 1.213131457378525124e-01 8.812332643880353700e-02 1.207668695584177276e-01 1.213203645673452541e-01
9.710018752976691536e-02 9.335625612719473942e-02 9.323189851442524601e-02 1.157061446564056628e-01 9.417523667121389941e-02 8.692141494280199165e-02 1.099108854794988849e-01 9.414564051849103055e-02 1.055125761822506003e-01 1.099397593779510296e-01
9.567209332062467930e-02 9.206982161657598085e-02 9.196419932462986113e-02 1.121347977615497898e-01 9.546251182092145571e-02 8.350921653603464445e-02 1.115909817124226128e-01 9.537425865595472452e-02 1.106507362238677850e-01 1.115713830274184942e-01
8.634283590772123818e-02 8.549253865706267497e-02 8.538972117633111814e-02 1.265606784594720813e-01 8.406896303584038277e-02 7.673773215830648198e-02 1.151175536849237124e-01 8.414047255645831780e-02 1.412735725414409338e-01 1.148759318224430725e-01
9.633057651370223462e-02 8.933779310799487561e-02 8.931541738455586743e-02 1.143892971267299191e-01 9.510854567091289735e-02 8.985916570635470169e-02 1.082890220396562769e-01 9.499682724668295775e-02 1.142666919372808398e-01 1.081066632661294158e-01
9.429880819222687116e-02 9.061734059758894122e-02 9.049267511783362639e-02 1.111312915431782594e-01 9.691816457547318409e-02 8.550984098169128744e-02 1.159804225427865931e-01 9.680814994643514859e-02 1.023473768568472220e-01 1.158959296459389360e-01
9.462448430824230150e-02 9.309002915931952060e-02 9.305370968444329205e-02 1.191761951410118953e-01 9.019707469368448693e-02 7.709182144385186286e-02 1.112883491681530418e-01 9.016385986644494255e-02 1.200854313496466791e-01 1.112290451852019635e-01
9.177156620943703602e-02 9.207306581870434992e-02 9.188248987886957209e-02 1.162667482915361594e-01 9.224192761828491072e-02 8.415196684132930649e-02 1.120888604888681528e-01 9.243338368396795957e-02 1.151342542301761612e-01 1.119557369388264056e-01
8.876227490589844171e-02 8.833429775746580448e-02 8.827084003136823065e-02 1.199538095985302755e-01 8.747161745902624908e-02 7.309438381515535876e-02 1.167082945546668443e-01 8.748472727824807560e-02 1.334482328981664301e-01 1.164715217014743037e-01
9.178719514686491110e-02 8.967879195492843569e-02 8.959428616394149447e-02 1.221615113460171043e-01 8.872825195403430398e-02 7.567278001934402143e-02 1.163722316403502932e-01 8.867463521158600037e-02 1.210406020063971300e-01 1.162897145565362639e-01
9.497086342660961134e-02 8.790978211625451177e-02 8.782960930012352618e-02 1.098783855049422914e-01 9.442206953302829942e-02 8.797738959289844174e-02 1.109605195273784123e-01 9.434992582168438835e-02 1.209290542181845202e-01 1.107724009588959696e-01
1.019039195776752921e-01 9.420691686782159402e-02 9.411516910237641143e-02 1.112776420276282707e-01 9.397049486006225916e-02 8.654851770240432063e-02 1.098097850902724493e-01 9.412408559009581566e-02 1.044313429069437110e-01 1.096121262747198483e-01
9.153722798833281715e-02 9.392844598264639411e-02 9.380959814741185454e-02 1.136514117476195712e-01 9.414038331501344004e-02 8.439305431252189238e-02 1.148153924957815153e-01 9.418325384559597668e-02 1.048239414590086405e-01 1.147172907060678981e-01
9.693583293089950981e-02 9.507987107497813117e-02 9.509719682222857184e-02 1.170401648465155264e-01 8.962661829810307512e-02 7.716738655148082382e-02 1.089085727298464840e-01 8.957551030327347286e-02 1.216868077139574289e-01 1.088820387287169622e-01
9.155058005228236540e-02 8.802506805451031091e-02 8.796889380720443463e-02 1.206238313562960213e-01 8.981718138700529874e-02 7.879879120649230240e-02 1.175706488978020964e-01 8.971445862760911438e-02 1.185349430255643183e-01 1.173956035852337654e-01
9.338781237124334222e-02 9.215247963799971798e-02 9.215711194316782151e-02 1.155781354507629394e-01 9.206683602119881960e-02 7.309089520027658993e-02 1.146604231711775002e-01 9.181910298825896044e-02 1.204097900150562644e-01 1.146774132008580444e-01
9.499167659029914002e-02 9.316042832816062713e-02 9.304180491400272646e-02 1.178804243556616504e-01 9.276331394441880707e-02 8.141202788124791978e-02 1.116085424659245540e-01 9.273892958972029810e-02 1.107757770784809220e-01 1.116270748520833689e-01
9.076660073387064764e-02 9.296186549595519821e-02 9.291941612487522595e-02 1.173162311391193341e-01 9.171143991696806275e-02 7.798708565606778109e-02 1.194633186773061545e-01 9.163657617724450810e-02 1.059024689170850186e-01 1.193349971615080135e-01
9.272785271848406341e-02 9.478634072159906887e-02 9.489565669090561928e-02 1.134776285451324779e-01 9.042045901829220966e-02 8.166128934049665666e-02 1.138474674910718298e-01 9.030689569160349484e-02 1.142194010648863445e-01 1.136570087175282906e-01
9.271874104255022064e-02 9.470695767755778205e-02 9.466251332259327522e-02 1.174220153791679933e-01 9.245537706576616166e-02 8.515156416255922900e-02 1.094979612947117875e-01 9.238212937219260346e-02 1.114819558311639924e-01 1.095207848517369270e-01
9.225923972635116654e-02 9.467387994096916615e-02 9.452527121180147318e-02 1.172602763886800153e-01 9.295563148016852684e-02 8.000293261049296056e-02 1.115429603078926385e-01 9.297706498072626224e-02 1.122020870085537331e-01 1.116006563443640437e-01
9.307714815800086083e-02 9.081647754738698952e-02 9.062325037923214810e-02 1.198055161491969473e-01 9.236230783732350680e-02 8.494516296124447752e-02 1.112770810865849475e-01 9.251603038180916672e-02 1.134122438641262109e-01 1.111647816350947449e-01
9.325364956046762466e-02 9.260000598279015394e-02 9.235639635141135173e-02 1.185865904672624704e-01 9.228437023755201030e-02 8.058713146136275984e-02 1.156197743068692052e-01 9.245774362198906637e-02 1.066759996211817246e-01 1.155783383891136606e-01
8.986044625513735229e-02 8.770056028220551969e-02 8.762235345584558355e-02 1.168897097349747283e-01 8.885176902516593589e-02 8.196417117879145620e-02 1.172425448297366585e-01 8.882006961511006160e-02 1.240142951462979010e-01 1.170340804767347892e-01
8.897747375751285936e-02 8.633026930798269605e-02 8.625026054413852117e-02 1.167476998979254388e-01 8.568125718028313242e-02 7.916704450956690842e-02 1.155805048057402112e-01 8.572232397834109174e-02 1.402210855875204165e-01 1.153220804309887382e-01
9.436766532148811726e-02 9.981633764899326688e-02 9.976625443398680348e-02 1.146325462644337961e-01 9.257750226458745513e-02 7.925153550918431766e-02 1.101281446767884004e-01 9.267004150203261847e-02 1.066780062661319278e-01 1.101119661123732829e-01
8.974326551327604928e-02 8.963100360619397078e-02 8.938078184158750050e-02 1.212874628790730908e-01 8.832551921951023455e-02 7.654302770895683727e-02 1.192664257535160505e-01 8.850588114026899933e-02 1.181420871370936904e-01 1.191745452005235628e-01
9.346779199268986926e-02 9.203562809798596089e-02 9.188551841220060634e-02 1.173765070953312756e-01 9.041648683617986570e-02 7.857923791552967607e-02 1.124451421583828187e-01 9.043557061761200999e-02 1.208845698630724025e-01 1.124735470110154734e-01
9.103581673258018259e-02 9.108955707316319927e-02 9.086006680479434550e-02 1.129031211703141468e-01 9.083892106157337443e-02 8.064709598523202294e-02 1.195622710324063948e-01 9.101241055992158324e-02 1.126200248021420325e-01 1.194307147778727179e-01
9.545817980804686964e-02 9.402988456497278491e-02 9.394480039313184150e-02 1.212663609196611147e-01 9.220920781874165917e-02 7.349138602763222172e-02 1.164697449162850618e-01 9.206688139092041034e-02 1.044997286486978316e-01 1.165638255119101768e-01
9.064825392361491874e-02 8.914460882576923095e-02 8.885817430400055894e-02 1.216879162776614010e-01 8.947456516966345585e-02 7.532690700314367827e-02 1.202056078175950671e-01 8.966925509556468443e-02 1.148623121401978892e-01 1.201223994427891573e-01
9.185783742947618846e-02 8.927167047063376548e-02 8.925938653887685592e-02 1.205804528571441103e-01 8.782002162292402991e-02 8.345490921324452693e-02 1.101892801674601435e-01 8.782261457808782090e-02 1.297632025454072136e-01 1.099806245767453450e-01
9.400980361094281312e-02 9.396575812950198892e-02 9.395416491417930838e-02 1.142201154049571205e-01 9.316458252946720198e-02 8.032676525767384890e-02 1.141456846745052128e-01 9.303582185991156328e-02 1.090880008779217814e-01 1.140893027409391747e-01
9.120957080760552782e-02 8.922131383844875141e-02 8.914071622177713317e-02 1.192235451914294697e-01 8.792987810039533392e-02 7.658351092704034080e-02 1.119378135791056217e-01 8.791607546618919466e-02 1.349879870862774889e-01 1.118495887817311241e-01
9.801074498281200920e-02 9.131728386997417513e-02 9.124598721022521286e-02 1.100304630470932271e-01 9.732678230944995235e-02 9.479591398719559858e-02 1.056410316366528657e-01 9.728182378040266254e-02 1.088229303276492949e-01 1.055270388485450017e-01
9.301508852961065665e-02 9.336897716777882439e-02 9.340373822776162904e-02 1.144573681676782917e-01 9.059107536681855477e-02 7.589607559773756118e-02 1.165752746566647846e-01 9.053214745259087481e-02 1.158024872830508700e-01 1.163577675503079528e-01
