9.225219334189461995e-02 7.912090891162423811e-02 8.876960785122160746e-02 1.179535706548758278e-01 9.357691275969833022e-02 1.177635842322432291e-01 9.235186352480147243e-02 1.164051921476284973e-01 9.243550489333032805e-02 1.093706616826817940e-01
9.211155642952345568e-02 8.232343658391613750e-02 8.825212175660518410e-02 1.204964453202510277e-01 9.579529961263616444e-02 1.201669887218622113e-01 9.226288007585892181e-02 1.108486014316489299e-01 9.217299799584002806e-02 1.055696720718579673e-01
9.284857814600298853e-02 8.713409981496511580e-02 8.953010173547400197e-02 1.176762973901982201e-01 9.715102444020649874e-02 1.174553229720373959e-01 9.295129083627740041e-02 1.096467588027117135e-01 9.294325892470586825e-02 1.026632669374207690e-01
8.937383146078231588e-02 7.712206942179485047e-02 8.559356276025352483e-02 1.163399883047792904e-01 9.548436190811286639e-02 1.160545357989142823e-01 8.952544800081053966e-02 1.166164036958948214e-01 8.952934951506606731e-02 1.243604491335913720e-01
9.121016786231284090e-02 7.877293778521955725e-02 8.739019847911125294e-02 1.231394966408727448e-01 9.297674100763862748e-02 1.229330970391775274e-01 9.126226839779377764e-02 1.124650027593327994e-01 9.127192891101755523e-02 1.085781611175233169e-01
9.316983847308853151e-02 9.416846446770922585e-02 9.091198907720859923e-02 1.133932879540668348e-01 9.739566226788826109e-02 1.134185124215533330e-01 9.308112662167884743e-02 1.041897910393464050e-01 9.316374759177852016e-02 1.071075800856814420e-01
9.081387275358496214e-02 7.708253343449256167e-02 8.854005825684943543e-02 1.219224489799527605e-01 9.409883789973297330e-02 1.217463497446117093e-01 9.088345466769928716e-02 1.145326187838489884e-01 9.100545563454372211e-02 1.093743698446835722e-01
9.173196171401284960e-02 8.228001328980043272e-02 8.533675182130213976e-02 1.161661070354037262e-01 9.363045229053329477e-02 1.159180367616347851e-01 9.186208442435876698e-02 1.119611312207919041e-01 9.185138987988368531e-02 1.192620715622784155e-01
9.352073763773197101e-02 8.692103015170578317e-02 9.097465940088578229e-02 1.162064034368560789e-01 9.320853023702833917e-02 1.159785659550005704e-01 9.365824667280651938e-02 1.113679763867969907e-01 9.368791712415941442e-02 1.044759329970285783e-01
9.166093976978786917e-02 8.364537304127415973e-02 8.716522797404208101e-02 1.188621552954870486e-01 9.188279641176400059e-02 1.185507368107145409e-01 9.181028439338569103e-02 1.141496189307883713e-01 9.173873246904799827e-02 1.105341349037082949e-01
9.021562586872500233e-02 8.237902876579758504e-02 8.688149021323657295e-02 1.222357979597566147e-01 9.390298427887913690e-02 1.218895320258906179e-01 9.035265826521522714e-02 1.098744720138249420e-01 9.025988949905040803e-02 1.120085211096238931e-01
8.843630415648558174e-02 7.647868350172190577e-02 8.397382929237488802e-02 1.223921351879917740e-01 9.306415708095520933e-02 1.219836718328419362e-01 8.862499099926710033e-02 1.202212693844829788e-01 8.857261328308077553e-02 1.162523452807978086e-01
8.981853710325218842e-02 8.406084494330783030e-02 8.571348783199068955e-02 1.138693249119446665e-01 9.215906820632185914e-02 1.137979440064888353e-01 8.983624370040801943e-02 1.189621167298608728e-01 8.998820103716066721e-02 1.217942315292643712e-01
8.650962386417156147e-02 7.434071905559709592e-02 8.115720510748557215e-02 1.205004019497259854e-01 8.839885759867270598e-02 1.201197847411301506e-01 8.667437510749392837e-02 1.207884087344157364e-01 8.662860439826176873e-02 1.348820194430455088e-01
8.885152599727029477e-02 7.414185036868634060e-02 8.478527091850306119e-02 1.206320221014039323e-01 9.148198604114671229e-02 1.203549933633600577e-01 8.896869684386873867e-02 1.172871136516040608e-01 8.898916341804145869e-02 1.245073772961153430e-01
8.883935224736208558e-02 7.927591759733031151e-02 8.475866187844825761e-02 1.228209609077714065e-01 9.378439346988205749e-02 1.225086781734435054e-01 8.894994866252799171e-02 1.152191752471718317e-01 8.890672999577281521e-02 1.149361818202896957e-01
9.187036164169487540e-02 8.487277783486736615e-02 8.519037109796047391e-02 1.159583486613897374e-01 9.413906727397630680e-02 1.156492585477059271e-01 9.202787707337030387e-02 1.141609225269753780e-01 9.191906456921412893e-02 1.142119507728454886e-01
9.459391851778391203e-02 7.787439553083273791e-02 9.283963451204171879e-02 1.167549302195635547e-01 9.629272320602286217e-02 1.164167611807628011e-01 9.482436530509903705e-02 1.107706884237065481e-01 9.478794171359368470e-02 1.048446413905931157e-01
9.176998265320319981e-02 7.522675724916021156e-02 8.687577751944458582e-02 1.240447102772913313e-01 9.434030038179203048e-02 1.236984596618266458e-01 9.194820771419298655e-02 1.175497324398019766e-01 9.197158582402449600e-02 1.025744862792625223e-01
9.026969418371277865e-02 8.080071036865939249e-02 8.382860509988217246e-02 1.180031603045082617e-01 9.228363001350181616e-02 1.177746536627833907e-01 9.037928418295892996e-02 1.154216757899639983e-01 9.042648835428139520e-02 1.208120980397478644e-01
9.118732292018928709e-02 7.966277172449733046e-02 8.630378272080259372e-02 1.230938485121982201e-01 9.352223059791074655e-02 1.228084503637779518e-01 9.130249628146047680e-02 1.144304314041223736e-01 9.129376829888112554e-02 1.063948971761599083e-01
9.233400240490645394e-02 8.451717517619880549e-02 8.824544797318949196e-02 1.159599938568750821e-01 9.624735059617436916e-02 1.156243001775719981e-01 9.251541849127264960e-02 1.095462297772786253e-01 9.238851130537739653e-02 1.126215702411551556e-01
9.108554823022493863e-02 8.441569569532132722e-02 8.667262255317126352e-02 1.185091117368533009e-01 9.221052728760560646e-02 1.182490104052970475e-01 9.119556638444556440e-02 1.129748658890312729e-01 9.115431003463381199e-02 1.135327417834158803e-01
9.032299506451624271e-02 7.884584163101805709e-02 8.401181887550769611e-02 1.180217675969826435e-01 9.126398644441463537e-02 1.177332481515603185e-01 9.046634637218380071e-02 1.133037113429566645e-01 9.045128090510831664e-02 1.255790036157515555e-01
9.120648351120798358e-02 8.384975468760652584e-02 8.737161784165417555e-02 1.201026378245848153e-01 9.177802343861873879e-02 1.199339541395235686e-01 9.126087804384824809e-02 1.165706480394096273e-01 9.132534796959693169e-02 1.066006545039493714e-01
8.322983980817411087e-02 6.670546169156238436e-02 7.965508387157432812e-02 1.143856786166199402e-01 8.411971982442804918e-02 1.140664511874176640e-01 8.339111296006410101e-02 1.109449784963040669e-01 8.343583908592917819e-02 1.800658344579261771e-01
9.338884504262515152e-02 8.561251496755652168e-02 9.005209108665296336e-02 1.167445758228235209e-01 9.473229762483202643e-02 1.164973250868753391e-01 9.352038179036648025e-02 1.125696830444931629e-01 9.349194022163090367e-02 1.033903453121439719e-01
9.213719065270475905e-02 8.526435420481499883e-02 8.892608161536111333e-02 1.162398377682038880e-01 9.543211156818615093e-02 1.161212544181155493e-01 9.216644829263892502e-02 1.112961048159815947e-01 9.222156817570645315e-02 1.101950484882866094e-01
9.090849256091419750e-02 8.147917916302427344e-02 8.802046570147402382e-02 1.189768760138568138e-01 9.265600819616146011e-02 1.187076027988164945e-01 9.102359869224614652e-02 1.140443005941795401e-01 9.098516312296335562e-02 1.131983131563637085e-01
9.047648727107610034e-02 8.647520304736627805e-02 8.747036533277378900e-02 1.140753271988495660e-01 9.541593776833144636e-02 1.138644322064090580e-01 9.058551194178110499e-02 1.118906711614284927e-01 9.060415227585104370e-02 1.191419117961331348e-01
8.995928454459177492e-02 7.814102408004176825e-02 8.683078092764610900e-02 1.235288364013965162e-01 9.331150718102787511e-02 1.232766026487140260e-01 9.004721286161608551e-02 1.155408521138509836e-01 9.007430209668151888e-02 1.092895971444333703e-01
9.113863244912653871e-02 8.203456414725078527e-02 8.644851758165247868e-02 1.182899655066204508e-01 9.233784218351175077e-02 1.179441693429025412e-01 9.130826437869088430e-02 1.160784187149323937e-01 9.120331043502663548e-02 1.132163152602855133e-01
9.142733933314900474e-02 7.934178922379751808e-02 8.588530642939312676e-02 1.179995145712031540e-01 9.259786773202099974e-02 1.176693307797520710e-01 9.158725073840533193e-02 1.170181609897826130e-01 9.148298957750480853e-02 1.149904506249913860e-01
9.537601307964545250e-02 8.822794863801704246e-02 9.457938251206428337e-02 1.077102849841476973e-01 1.042289413044290708e-01 1.076114043183726415e-01 9.543344958057312089e-02 1.063028349981062631e-01 9.544176466407740256e-02 1.050879759205670949e-01
9.413521883231272536e-02 8.809689801461403902e-02 9.103559381868754630e-02 1.135569346705882499e-01 9.674103267321890187e-02 1.134954532458097576e-01 9.413205760188747551e-02 1.067114559739102964e-01 9.419281423138137210e-02 1.079025409375896499e-01
8.562581495347694471e-02 8.039490108626370923e-02 8.197973881548455133e-02 1.206955750372663005e-01 8.935405523260374350e-02 1.204311732764195286e-01 8.571975679983227792e-02 1.171939875048009783e-01 8.576861660517197394e-02 1.328363806886799781e-01
8.765471718694307912e-02 7.100078098920628578e-02 8.469909347004002387e-02 1.184873973991260598e-01 9.258642747050686850e-02 1.182749669152439037e-01 8.774831432134133635e-02 1.200786520033170213e-01 8.784758405107527535e-02 1.316220661932001323e-01
9.141677688427722603e-02 8.024053476909819016e-02 8.815226047049889990e-02 1.232952164894491054e-01 9.256190073143744090e-02 1.230142526649850021e-01 9.153624868151456762e-02 1.154463287939388461e-01 9.154954815078553132e-02 1.027869323640152460e-01
8.740568126087322476e-02 7.866252750845641184e-02 8.307226078029045224e-02 1.251783874090578452e-01 8.897129223901879824e-02 1.249546251048653522e-01 8.746145813978083161e-02 1.160986710303057029e-01 8.753430144515582378e-02 1.206607950821955433e-01
8.792291252409679958e-02 7.637649299673623937e-02 8.251695822157341376e-02 1.222126303474012632e-01 8.931832685509871750e-02 1.219783226949730653e-01 8.798755733953468605e-02 1.189287617858310053e-01 8.800727598463202461e-02 1.247507612501227992e-01
9.101538698186002752e-02 8.230445276104426944e-02 8.499605763380550794e-02 1.217556202579270219e-01 9.060856893447166716e-02 1.214737064795469584e-01 9.113205036790748836e-02 1.129777160129296354e-01 9.111524691065575610e-02 1.126211936598517094e-01
9.062096261915236761e-02 8.200621246273241682e-02 8.434537532483890598e-02 1.162258017517494441e-01 9.353290964783272932e-02 1.159622421403610770e-01 9.073666871665461708e-02 1.149833938824277729e-01 9.066840726800644290e-02 1.209180261862441985e-01
9.070862125648018748e-02 8.153004996886842326e-02 8.483546183455044354e-02 1.230757345174130490e-01 9.378430344808595664e-02 1.228709099376460168e-01 9.078612246320136303e-02 1.145145570209919472e-01 9.087855629286616110e-02 1.070156832598964936e-01
9.068411712119764378e-02 7.876930764980236144e-02 8.660336109913080449e-02 1.195953886083912787e-01 9.218334665835883901e-02 1.192371197332177668e-01 9.086623073866634259e-02 1.160916853234220530e-01 9.080345273375069193e-02 1.151659903340622321e-01
9.149762391216052781e-02 7.946277849001588678e-02 8.665353367474692980e-02 1.172829391143357380e-01 9.410348056625232604e-02 1.170532959015896102e-01 9.161041654700176340e-02 1.162876920744381759e-01 9.162676710047244766e-02 1.144214726189865944e-01
9.097758783314605080e-02 8.355285021267479240e-02 9.008368481295002395e-02 1.182416922750944843e-01 9.567653789352792426e-02 1.181296357058089358e-01 9.100128828853179530e-02 1.126591591727049146e-01 9.110316674493469657e-02 1.085743970606263126e-01
8.984284987251041354e-02 7.292856294545506379e-02 8.427849130883272033e-02 1.192535991893169944e-01 8.943356154699348692e-02 1.191021916796678737e-01 8.990874859527404894e-02 1.217792080718353709e-01 9.005861845365237262e-02 1.234141683364616965e-01
8.863658671956670121e-02 7.696814892795990348e-02 8.615573417340140205e-02 1.226925266677241777e-01 9.279126276617308267e-02 1.224328395192151447e-01 8.873487395016575741e-02 1.211919135716074264e-01 8.878393774100783176e-02 1.116121759631785587e-01
9.280756370378040465e-02 8.486531774622335655e-02 8.756599359530559123e-02 1.172439412393117414e-01 9.320342594531254299e-02 1.170824628746005153e-01 9.286759865626348365e-02 1.105894638086905718e-01 9.289599985316215891e-02 1.108782325773496197e-01
9.175044635595024090e-02 8.390146125248726383e-02 9.011479447276452004e-02 1.167651202391310483e-01 9.778459308570498776e-02 1.165780783656593933e-01 9.183062934345946615e-02 1.092146078989314206e-01 9.185653062616477849e-02 1.102037383597468806e-01
9.776785636565320237e-02 9.358234850847962916e-02 9.318176572432393390e-02 1.047376789054511870e-01 1.012538557566834280e-01 1.047436962789373843e-01 9.772090025252655465e-02 1.028105115541729092e-01 9.771488386777299473e-02 1.064865027859986796e-01
9.106821107103717228e-02 8.447449495657047280e-02 8.909340990118436165e-02 1.176475356720749210e-01 9.652299431446345612e-02 1.173377966987049353e-01 9.123665016121665361e-02 1.118697242822642435e-01 9.121169802010770100e-02 1.095374849223760827e-01
9.450829064154811499e-02 8.520643033512256825e-02 9.151527682721243007e-02 1.124036328268430418e-01 1.001490563168485337e-01 1.121445841926481529e-01 9.466786666034683606e-02 1.104907331082151944e-01 9.456788756281951647e-02 1.043462415283956668e-01
9.495820430267032375e-02 8.605605210474316646e-02 8.795590700001595930e-02 1.127170946887128683e-01 9.886304298814788116e-02 1.123523064506277563e-01 9.518951714939231923e-02 1.074122222031058671e-01 9.496542775232397204e-02 1.095302253602599002e-01
8.686517940211610500e-02 7.763013323496371909e-02 8.416281742879513916e-02 1.225240220663227630e-01 9.201285729190299134e-02 1.222507801462457688e-01 8.695434009950063492e-02 1.170911463426173860e-01 8.697642941929055460e-02 1.235322945682449380e-01
8.882548991218686130e-02 7.125989484479852698e-02 8.468495696332273281e-02 1.225259464882217930e-01 8.978979718144199096e-02 1.222847203309281039e-01 8.892502870524028602e-02 1.203513510901855071e-01 8.901541292657286220e-02 1.223374015571013357e-01
8.542260017862196575e-02 7.830534485267695577e-02 8.185429042485528606e-02 1.237045866189107335e-01 9.063557713402306537e-02 1.234954734704858670e-01 8.545551763517299226e-02 1.181079244515734344e-01 8.550684305033730281e-02 1.275118421833424109e-01
8.729622550415599980e-02 7.460752565690924321e-02 8.323765739484834114e-02 1.194222464890170865e-01 8.771150255028326015e-02 1.192892308798251672e-01 8.733041429752534668e-02 1.210310361924951256e-01 8.747571670748724437e-02 1.325984443274532132e-01
9.148397519400959521e-02 7.952446751846906081e-02 8.816563953067727000e-02 1.184718791225727874e-01 9.327880340407905535e-02 1.182527400553722019e-01 9.158418588176737984e-02 1.159627098362952663e-01 9.161459543989794452e-02 1.116610040168594387e-01
9.323321477449969530e-02 8.043308548773127342e-02 9.052436042339130629e-02 1.147813172111272345e-01 9.537594718512569514e-02 1.146439493844078339e-01 9.328309943048465613e-02 1.114827203681798690e-01 9.330404041329012910e-02 1.129382653217622934e-01
8.795026008292210207e-02 8.282308987244710319e-02 8.720775574500293226e-02 1.249483193750018373e-01 9.259649196693671425e-02 1.246885945922012323e-01 8.801897293899449415e-02 1.120469603821024202e-01 8.803405342946277190e-02 1.116855016149283508e-01
9.430758019483556631e-02 8.914695815166363835e-02 9.062595313832581823e-02 1.094696211225110460e-01 9.745789516839400979e-02 1.094326690067603108e-01 9.428702566632066184e-02 1.096689029368037166e-01 9.431712573493314378e-02 1.112862688794521437e-01
9.171720467686714229e-02 8.406648071314803961e-02 8.591001210721999071e-02 1.188653776397633199e-01 9.263673328062213552e-02 1.184990389730858629e-01 9.189915684021078557e-02 1.123322554421290198e-01 9.177273492351080419e-02 1.123010054034428856e-01
9.149406705599202883e-02 8.029279880027441474e-02 9.033188435114268555e-02 1.196544616531752259e-01 9.601897031623415901e-02 1.193061304611999635e-01 9.167158166955453880e-02 1.121777147329060254e-01 9.160296954010220538e-02 1.074494214194187253e-01
9.376996434772465194e-02 9.343301899020443890e-02 8.942499171040740880e-02 1.110107164314165784e-01 9.506576978635855601e-02 1.109613221085507528e-01 9.374979581791756389e-02 1.071938054777153843e-01 9.376998876638997782e-02 1.116206265633146316e-01
9.128842840353618149e-02 8.134811460764444779e-02 8.745272390395029960e-02 1.207451487319639721e-01 9.458559459891043020e-02 1.206092995758777098e-01 9.132850761359426195e-02 1.177588493802130126e-01 9.144484644489243863e-02 1.034384867394172736e-01
8.980109252352735938e-02 8.078287178375243016e-02 8.680973596966970462e-02 1.150577595251820323e-01 9.075105110420646215e-02 1.149400919800007137e-01 8.981707895083713977e-02 1.200019869756061286e-01 8.985518556785937472e-02 1.221831456193586823e-01
9.059543449586809905e-02 8.170006569568030730e-02 8.618384108973996260e-02 1.144275584239498045e-01 9.207613846482738673e-02 1.141958350387896476e-01 9.071560681584406316e-02 1.156902952807974949e-01 9.071234098944230828e-02 1.237028837050609398e-01
9.169613499753526131e-02 7.897200721081953922e-02 8.640877785838989300e-02 1.178113390692034357e-01 9.336859406653078008e-02 1.176047993609559833e-01 9.179539694083402313e-02 1.142925813644509736e-01 9.184119570156178136e-02 1.162091734297183709e-01
9.271649746647438184e-02 8.539779526362435702e-02 9.189693859167284706e-02 1.168825020956745647e-01 9.486437520492563280e-02 1.167296840064276642e-01 9.278865296347837965e-02 1.125117210985249888e-01 9.287073442849030913e-02 1.033410988807069025e-01
9.017953835312064736e-02 8.589906679500566855e-02 8.764557028078581724e-02 1.162370146491690653e-01 9.580049936713742886e-02 1.161471394687625253e-01 9.016967911018997084e-02 1.091001792966849598e-01 9.021994321967782837e-02 1.186013694594660883e-01
9.004261026491658382e-02 7.936968506671400470e-02 8.543294041168811304e-02 1.198141207365180233e-01 9.273217713014716979e-02 1.194857896028465316e-01 9.020388159788952920e-02 1.143229954604921411e-01 9.017895152116874036e-02 1.184168482076191492e-01
9.028360687838225818e-02 8.319917682650208868e-02 8.516134488566715066e-02 1.138938809881979708e-01 9.087279550076993173e-02 1.136519753383558179e-01 9.039579767205964400e-02 1.156734165109258861e-01 9.033842414875770110e-02 1.265295812503815509e-01
8.686694926872641498e-02 7.638950296771582216e-02 8.398232234897912152e-02 1.182580650091276109e-01 9.189683467307210862e-02 1.180873529118986465e-01 8.691304892409013050e-02 1.207422854086402791e-01 8.699055319604102887e-02 1.298730852917088507e-01
8.773342958790074364e-02 7.590164126373442899e-02 8.492203527120273376e-02 1.210719487491824509e-01 8.842166458220715453e-02 1.209459204465457988e-01 8.774566182427954997e-02 1.182469198355241835e-01 8.786128358994661769e-02 1.271494948494763522e-01
8.699733378864478450e-02 7.936583577784858679e-02 9.120986849682639896e-02 1.248692029332148234e-01 9.091941878748327488e-02 1.247245043405618842e-01 8.699835198375251155e-02 1.150586407516410864e-01 8.709620453833386011e-02 1.127606386016927753e-01
8.772986114493393217e-02 7.549685887953795638e-02 8.263416936584204453e-02 1.216949417700070174e-01 9.001637501782114303e-02 1.215075974502922290e-01 8.776996161602047819e-02 1.215328921846265120e-01 8.782693997098951766e-02 1.237904025999291141e-01
9.126382189716347737e-02 8.394466512095941080e-02 8.711843450747711048e-02 1.175248507680648896e-01 9.633729403754998089e-02 1.171766748924972512e-01 9.144097770152084803e-02 1.095016957769667093e-01 9.133075453405718747e-02 1.143608307637431348e-01
9.106431924803932987e-02 5.043874083354984300e-02 8.842681383394526695e-02 1.401908167356979429e-01 9.588067663235450011e-02 1.392708889672981676e-01 9.157377015645531970e-02 1.306222419715506733e-01 9.166614961386372606e-02 8.086558200724525136e-02
9.249547416729964056e-02 7.958294456437185749e-02 8.746369453922937798e-02 1.161774592000639622e-01 9.475239800595587625e-02 1.159567884450992403e-01 9.260017153171228033e-02 1.145059427451388945e-01 9.257809413612606841e-02 1.138870326650028436e-01
9.151331120012609621e-02 8.071037342173802143e-02 8.806854205758168908e-02 1.178304551877264045e-01 9.302771728270062268e-02 1.175164965223303853e-01 9.168208533615639089e-02 1.150697903825089047e-01 9.164022110269075261e-02 1.129410075064406771e-01
9.125917332999397558e-02 8.252388258722408165e-02 8.549000613888177447e-02 1.204095885220433509e-01 9.296977924250175718e-02 1.201857238972847824e-01 9.133694074203357882e-02 1.136309508803408086e-01 9.132952141450323413e-02 1.108644332451926284e-01
8.934714266527697679e-02 8.346443669275030453e-02 8.113721094815024015e-02 1.166381618185271252e-01 9.166066585118741450e-02 1.164580930430684502e-01 8.939636820876058210e-02 1.160380355749649900e-01 8.939401042223325822e-02 1.264658747750807277e-01
8.785678729380347329e-02 7.594754465239317298e-02 8.538648875307970620e-02 1.226933756476066839e-01 9.101361338728161665e-02 1.223710979520646475e-01 8.799372395849218431e-02 1.202144127281068869e-01 8.801917741654201321e-02 1.185037782106296289e-01
9.184424371686204791e-02 8.060517559478906635e-02 8.773840524510449768e-02 1.154960590624602990e-01 9.052869681998609863e-02 1.153405490097786923e-01 9.190148964809564947e-02 1.161131057962945939e-01 9.192682293351177314e-02 1.185054521731172816e-01
9.058616727150008152e-02 7.400602300970786362e-02 8.753691807194471930e-02 1.219676951639611234e-01 9.385926836862223954e-02 1.215407323449736315e-01 9.081739193008953048e-02 1.155772693382519228e-01 9.077400485083053638e-02 1.133345296501183513e-01
9.185103429054067292e-02 8.618438357068181066e-02 8.731541566494002704e-02 1.194502468570304843e-01 9.220044016005210508e-02 1.192038118288293452e-01 9.194293770522077303e-02 1.098883880260955737e-01 9.188846443702491928e-02 1.100748774595842888e-01
8.935463656119915776e-02 7.841676688340816492e-02 8.402172216795779358e-02 1.226702619273214862e-01 9.262002332218631506e-02 1.221971955722619546e-01 8.958239092669051384e-02 1.150049338383114517e-01 8.946642814126198884e-02 1.166656406594012152e-01
9.247022268492474661e-02 8.635583238587250798e-02 8.598507144339904984e-02 1.139636033502813839e-01 9.676300302515951357e-02 1.137523364810917453e-01 9.257443837313950041e-02 1.114918642824324346e-01 9.253662111438040738e-02 1.141070068593187103e-01
9.097364467747737216e-02 7.678559233335754963e-02 8.761421222786136553e-02 1.201536010903546947e-01 9.443374716938257585e-02 1.199041146891408754e-01 9.108977497395967515e-02 1.209703322506462814e-01 9.112549559878609096e-02 1.069494849890335053e-01
9.021941339652984893e-02 7.812033523332138907e-02 8.723446035211818161e-02 1.190978998713927151e-01 9.259723941589184659e-02 1.188636243192492670e-01 9.032907062178778534e-02 1.158999725895152738e-01 9.038164035996709700e-02 1.172563438402265679e-01
8.712481813892579419e-02 7.852872765612285699e-02 8.395887815903188556e-02 1.196498218969300475e-01 9.209696930436796214e-02 1.193629675931423273e-01 8.723224411143626345e-02 1.164260360038632119e-01 8.721884298442914019e-02 1.284006941517505107e-01
9.441048388980606554e-02 8.545894678581164583e-02 9.040150456220422126e-02 1.132639968057515267e-01 9.876179447361538299e-02 1.131402636981913429e-01 9.444940313307978452e-02 1.077628016054937438e-01 9.443551231861824213e-02 1.079152927274279888e-01
9.041514198324065998e-02 7.928936111044078416e-02 8.637756348440316090e-02 1.213378007993221042e-01 9.212553731766463805e-02 1.210641981287801372e-01 9.052409121759652511e-02 1.157000511026820971e-01 9.051107220341467197e-02 1.126551826524551797e-01
9.150478778393487944e-02 8.229601532239903816e-02 8.985134964002285118e-02 1.152592041340889661e-01 9.591988865968152644e-02 1.150825456859169149e-01 9.157853924461281658e-02 1.155136424380782956e-01 9.159387743855672281e-02 1.114001496527079332e-01
9.146891485716437953e-02 8.187495621578713689e-02 8.772990006182687650e-02 1.208516961662698536e-01 9.244378561224712854e-02 1.205973077909053559e-01 9.157607776115075926e-02 1.140557088581708872e-01 9.157673726122134150e-02 1.078249154152562533e-01
9.106482690190641216e-02 8.274550346345743712e-02 8.845619268399956825e-02 1.144855862250797468e-01 9.899749086421953670e-02 1.143341216447023162e-01 9.111893768548262607e-02 1.095344756486647669e-01 9.114366389746382524e-02 1.181192009850237923e-01
8.997183505620015564e-02 7.868267452787770788e-02 8.768358202718669336e-02 1.249711528154163614e-01 9.224574625301770747e-02 1.246903902351706311e-01 9.005779622546135343e-02 1.131445320761281514e-01 9.003542494869262724e-02 1.085168658348485970e-01
8.833323056565338394e-02 8.220018336597860464e-02 8.417852874583157952e-02 1.253525447081455524e-01 9.181132892767809861e-02 1.250569983938305263e-01 8.842420828657712728e-02 1.112226333057913102e-01 8.841966908463265440e-02 1.150006746158811627e-01
9.224492973341549829e-02 8.704917000808153060e-02 8.525574778677857957e-02 1.155515208789198028e-01 9.644961929734151285e-02 1.153581290831519335e-01 9.233681055136055971e-02 1.120282541068439025e-01 9.234810973425390535e-02 1.113777088198528165e-01
9.037522684306031895e-02 7.555852793983451610e-02 8.792885416101581253e-02 1.216496152076833454e-01 9.386696345769376948e-02 1.213554779577189352e-01 9.051276916300443620e-02 1.176316967646679063e-01 9.053544364569422742e-02 1.105854248596266909e-01
9.192543448628563707e-02 8.828477874408967307e-02 9.356850390649548710e-02 1.138143934338292640e-01 9.332337370253564190e-02 1.137328397800701912e-01 9.192448723513972630e-02 1.086488990852224057e-01 9.196696304195928207e-02 1.128103265843726360e-01
8.792495224469437654e-02 8.222732452788247826e-02 8.379291217503817557e-02 1.225030139939030371e-01 9.233646092203456890e-02 1.222565231116043843e-01 8.798093433776629779e-02 1.137981939471984782e-01 8.795226844977048486e-02 1.192274162901077045e-01
9.022329108201349035e-02 7.373296106773931380e-02 8.610283084774535134e-02 1.255923355186865098e-01 8.968927474743798589e-02 1.251890446082054575e-01 9.041205564879031820e-02 1.168729694177613326e-01 9.039525371550248545e-02 1.117899833461177689e-01
9.248420703990579972e-02 7.607601194139404499e-02 8.976224598629217732e-02 1.212065192721898388e-01 9.338924051492357437e-02 1.208769221906089569e-01 9.268044419763950270e-02 1.152381255567309637e-01 9.272225719895861584e-02 1.055640261013564840e-01
9.000046009598465513e-02 7.238445406143946548e-02 8.633506969462957648e-02 1.212444858882134741e-01 9.374586241286132771e-02 1.208776604769093155e-01 9.019395020322627798e-02 1.174254829982853687e-01 9.019341731927689454e-02 1.175991568491736305e-01
1.003683928905077238e-01 9.803662838243147604e-02 9.916374724340019930e-02 1.002167031118326862e-01 1.053848884150849485e-01 1.002992853314364219e-01 1.002781906761342351e-01 9.727900670084584089e-02 1.003602872070583490e-01 9.861287004126811917e-02
1.005523352227996464e-01 1.045680882601950634e-01 9.327551396706097731e-02 1.008690716228420603e-01 9.695607172723832989e-02 1.009383596636614644e-01 1.004705407053627514e-01 9.875367553236090445e-02 1.005281489599992306e-01 1.030881943384795579e-01
9.006038401648566727e-02 8.673155863779606622e-02 8.466299467843851900e-02 1.125456914866608815e-01 9.073126796441514930e-02 1.124899647455837315e-01 9.003677241295310330e-02 1.146274778714294201e-01 9.009595846721613066e-02 1.280179297190213450e-01
9.265207354841648035e-02 8.497555046265432843e-02 8.483596521871659968e-02 1.148386594475007960e-01 9.038679322410070327e-02 1.146918925415073148e-01 9.270633018900246991e-02 1.140191434520162334e-01 9.272348814599223887e-02 1.181701037700928075e-01
9.061972355838174287e-02 7.733523838145126006e-02 8.748200112461317068e-02 1.173230211356853792e-01 9.054750560732242881e-02 1.170742243146019185e-01 9.074064944607386496e-02 1.141804071490825634e-01 9.074723737516486588e-02 1.239499919076228057e-01
9.224786821360993205e-02 8.356368999726491997e-02 8.953349690759716817e-02 1.168916289222498572e-01 9.498881957802698950e-02 1.165479363072008806e-01 9.244938134467450830e-02 1.130209490671983397e-01 9.238023865400761536e-02 1.083759910081698308e-01
8.990878998791025645e-02 7.830964170020492110e-02 8.607714472655857152e-02 1.189549970533503448e-01 9.413596381685794545e-02 1.186607843330219902e-01 9.005581714246627123e-02 1.169876004105609990e-01 9.006367462838456295e-02 1.168455862006840956e-01
9.119882573188427266e-02 8.213188759747601375e-02 8.701884378307377099e-02 1.189625832614190776e-01 9.553525618368195749e-02 1.188212698404121082e-01 9.124294183397856084e-02 1.137123618761780586e-01 9.133261538292175574e-02 1.100434145089744520e-01
9.101374341938077428e-02 7.601734283274313997e-02 8.755651070348710596e-02 1.246372590633490207e-01 9.396912422648287522e-02 1.242194087051386731e-01 9.121961789886581795e-02 1.154754656830904030e-01 9.117604067027096360e-02 1.047154867971912540e-01
8.967828631253130234e-02 7.997811226878820401e-02 8.346651480124879507e-02 1.131834744013848620e-01 9.109342441189642592e-02 1.130840988669627595e-01 8.969995917564672905e-02 1.215581815321656878e-01 8.977920815547284217e-02 1.284787400739023644e-01
9.247109214820589673e-02 8.363789192237765235e-02 8.803475837432954421e-02 1.156806173904089408e-01 9.549179599843926614e-02 1.155706726269071505e-01 9.251247511968208048e-02 1.109326913895905126e-01 9.261254652573473745e-02 1.130554585043242050e-01
9.027339321337171651e-02 7.825679852750466736e-02 8.571558992340143346e-02 1.225554581854332997e-01 9.388141125121046704e-02 1.222199665968051602e-01 9.043662638011944199e-02 1.166097340545512728e-01 9.044886103124956389e-02 1.096021608363529631e-01
9.095752407501643544e-02 8.155018305533150158e-02 8.728364431155787029e-02 1.194718301152071366e-01 9.662276054687750360e-02 1.191089053578733986e-01 9.113988044967738511e-02 1.118606094227247855e-01 9.105628354785448575e-02 1.109483791178795253e-01
8.927966317493218895e-02 7.863012311661170262e-02 8.558239331062500455e-02 1.237834369653003780e-01 9.361111493305773745e-02 1.234569259567820376e-01 8.940555860612967032e-02 1.141064197827580118e-01 8.937992890424127645e-02 1.127644352495619923e-01
8.789725909266102311e-02 7.989157729565013466e-02 8.489624752068315738e-02 1.262005942556767568e-01 8.738501698819489683e-02 1.260584100363958404e-01 8.788346133053551168e-02 1.165218304798473076e-01 8.795006057171218805e-02 1.153155424286431696e-01
8.893744712844610378e-02 8.310895153906756871e-02 8.328510550903356346e-02 1.182028810417456999e-01 9.329546898954065026e-02 1.180430436519525617e-01 8.897125121841679973e-02 1.147810764917388815e-01 8.900810583406783272e-02 1.223666685959903105e-01
8.788186954211751889e-02 7.432879893107832703e-02 8.347134627525779060e-02 1.250104663310240005e-01 8.865408153143342074e-02 1.246695195971291165e-01 8.800979114491491728e-02 1.162991123022492634e-01 8.800862144962987021e-02 1.236663928951657887e-01
9.488454969732545985e-02 8.214476513384716405e-02 9.181509191397653480e-02 1.150440256402857075e-01 9.591080634287511841e-02 1.146947562985471958e-01 9.511158017553136834e-02 1.130717961624598672e-01 9.498406066321572749e-02 1.023385679719358565e-01
8.813220600468320287e-02 7.302441430392342392e-02 8.321925994790950465e-02 1.232709358283747003e-01 9.242151155880834468e-02 1.229582000585117685e-01 8.827520808822385268e-02 1.213134582332520001e-01 8.834482961340038576e-02 1.190399763629128582e-01
9.406710837187164109e-02 8.788276231739135247e-02 9.177419047996308865e-02 1.152965772124808636e-01 9.708756873124194109e-02 1.150820698958110455e-01 9.418937019221437779e-02 1.097671534405506716e-01 9.418562454825345209e-02 1.006675748102215245e-01
9.524665507770070649e-02 8.504681617007636696e-02 8.887410823999335185e-02 1.116507817999680546e-01 9.557895782957195885e-02 1.114515534032654021e-01 9.537296153556625022e-02 1.112940424019632363e-01 9.533021857582693603e-02 1.101539049660677089e-01
8.505005060968282016e-02 7.628110186702127815e-02 8.128595750332777425e-02 1.270958382933307651e-01 8.729769726185483691e-02 1.268667886379923337e-01 8.508065296457055504e-02 1.161696118141739842e-01 8.513519051653771486e-02 1.297371105315079376e-01
9.410572150173369954e-02 9.240857153921719358e-02 9.017667504694851233e-02 1.126646414261347207e-01 9.544959580499635943e-02 1.125330657094425341e-01 9.413511912914505897e-02 1.069967175807739479e-01 9.406655612496273022e-02 1.074633361366451878e-01
9.610768924651996725e-02 8.786400344120683104e-02 8.925427684182633825e-02 1.099906837997446513e-01 9.361015557289546762e-02 1.098097971573149395e-01 9.622642906825507048e-02 1.149131869595247518e-01 9.616868019339742946e-02 1.060550977193146227e-01
9.089408557829924129e-02 7.978912556193623606e-02 8.752156198666988240e-02 1.195817612739065866e-01 9.547927914465140220e-02 1.193275140227814668e-01 9.100208303519026487e-02 1.120476904363735121e-01 9.099403262204712461e-02 1.133628663381442137e-01
9.239509504151846575e-02 8.521808124465429790e-02 9.029898899032071102e-02 1.160848927838432493e-01 9.168411299672403481e-02 1.160687176125021203e-01 9.235138700503664477e-02 1.120880491516454969e-01 9.247818747512437376e-02 1.113324876986306888e-01
8.796066525187079543e-02 7.500226233725369729e-02 8.413363767973262852e-02 1.199441603084719643e-01 8.926396549860717011e-02 1.197414996699485978e-01 8.801016861560347071e-02 1.170921618493438870e-01 8.802702548715936326e-02 1.308244533020083700e-01
8.907763025875993501e-02 7.806355154969879528e-02 8.539221138270974842e-02 1.220493976907311567e-01 9.228440428691890574e-02 1.217202769915814164e-01 8.921851052449303321e-02 1.166922105530691506e-01 8.920029534486739742e-02 1.163015114171705028e-01
9.391319409945851626e-02 9.075632675667726079e-02 8.317285747854180622e-02 1.089223790770502964e-01 9.454106882741052098e-02 1.088166274866238931e-01 9.394450326592071465e-02 1.101905530934283867e-01 9.390228052612530074e-02 1.218402093887633181e-01
9.373914390956974985e-02 9.097800317055027008e-02 9.263889544951781074e-02 1.106578345822886028e-01 1.015392275653551057e-01 1.106950652949166697e-01 9.365362113966341218e-02 1.093248098251030365e-01 9.374982853789200210e-02 1.030235705251433820e-01
9.459723680250339828e-02 8.533307872175474595e-02 8.924895823149305019e-02 1.139237812905555258e-01 9.190183378054642138e-02 1.138046137911628980e-01 9.464688514918913331e-02 1.152328902616215622e-01 9.468409306567800165e-02 1.066266289054952632e-01
9.068095026645006662e-02 7.928973445300212253e-02 8.967680919311363241e-02 1.179484372972192247e-01 9.827474392202983910e-02 1.176831857538425535e-01 9.080459779353261540e-02 1.101221713009288283e-01 9.078595992032757744e-02 1.147334100995535677e-01
8.981861370762880825e-02 8.022049838140618561e-02 8.519521073213733031e-02 1.199860705188940391e-01 9.171596576824150859e-02 1.196857865675038796e-01 8.994159120721741119e-02 1.173752993968397301e-01 8.988841838064307033e-02 1.161725453394880647e-01
9.221548865678702578e-02 7.515538965223197976e-02 8.853963861104989508e-02 1.154018473088167102e-01 9.389858184811650244e-02 1.149919908711804911e-01 9.247085138659068282e-02 1.148318316810112427e-01 9.233388349567202280e-02 1.201604964885434473e-01
9.296271193350190420e-02 8.276632790620772062e-02 9.002624987112324562e-02 1.177915970077393487e-01 9.528122745282718853e-02 1.175450806139827081e-01 9.309344238728259335e-02 1.118120577519998021e-01 9.309406058195568434e-02 1.056272444933797627e-01
9.204315760940925961e-02 8.024091446125193594e-02 8.951855976174226404e-02 1.173081607000816540e-01 9.118804234267229025e-02 1.170449003287848538e-01 9.217432602933535446e-02 1.197274606917658746e-01 9.214074346612544097e-02 1.086137346088311278e-01
9.140716747896351912e-02 8.504222816631853976e-02 8.722285316252904874e-02 1.142118197978953670e-01 9.391876174383234632e-02 1.139895403659693246e-01 9.150369180495890320e-02 1.148969861302295559e-01 9.143951838635500096e-02 1.163674329629484083e-01
9.318647433480459208e-02 8.576614954743821961e-02 8.947552260675056823e-02 1.179718149931897053e-01 9.356718008245656915e-02 1.176967691017879458e-01 9.333429310296123549e-02 1.103445449899799063e-01 9.330345870094719496e-02 1.053537925396841185e-01
9.364287514195913931e-02 8.020093519776802515e-02 8.991007514793908362e-02 1.178660636040406579e-01 9.293283306290411883e-02 1.176377048854780755e-01 9.377127228513740254e-02 1.123532789811497734e-01 9.380271729789697865e-02 1.078822443957267452e-01
9.235165457411952106e-02 8.704446042607205669e-02 8.747324292821755110e-02 1.193233992668554233e-01 9.288736644157370714e-02 1.192611624734066511e-01 9.233082505284492814e-02 1.111022015928224832e-01 9.243458870896124890e-02 1.057910985351264294e-01
9.240620693022515153e-02 8.334484278552983794e-02 8.914004895809711504e-02 1.184482009055102397e-01 9.319399232614479500e-02 1.183441243657422370e-01 9.243592022539733055e-02 1.156438904232996029e-01 9.255877075976856605e-02 1.044840023202851381e-01
8.898739292922321076e-02 8.359021945233169326e-02 8.416416510597972411e-02 1.165145907870625275e-01 9.005734292979566957e-02 1.162986589522481129e-01 8.906542723333069067e-02 1.171853960692262053e-01 8.905517700570045325e-02 1.250816295351017127e-01
8.622345648699000775e-02 8.046537503834834404e-02 8.173005644672101666e-02 1.168467287959847611e-01 8.953679738053711701e-02 1.166798128194725809e-01 8.625440823549362923e-02 1.160197031500197345e-01 8.628812110265633717e-02 1.399555405437764577e-01
9.421735311186703321e-02 8.058508675511025232e-02 9.130981275890458215e-02 1.163899979843640714e-01 9.596086872513051591e-02 1.162662984824261170e-01 9.426823547538658310e-02 1.120006440465119713e-01 9.434000606980090520e-02 1.046616965904979268e-01
8.891553948444316791e-02 7.763659590447628822e-02 8.497573520014840842e-02 1.216734440246361737e-01 9.016019454929374843e-02 1.215223220366314916e-01 8.895703464856843934e-02 1.198664187631200556e-01 8.908648279669764691e-02 1.172062325919845660e-01
9.071023350170485944e-02 8.177537839865825497e-02 8.827123668651351562e-02 1.174341298807536349e-01 9.381988815351371969e-02 1.171840511825431863e-01 9.084060015004316591e-02 1.127627355777608281e-01 9.087053146839696449e-02 1.163312150001118706e-01
9.135378341799058055e-02 8.189096239198075111e-02 8.590539316234307998e-02 1.133179262694489903e-01 9.135574111044567069e-02 1.132469112841866937e-01 9.137008070389451841e-02 1.200247178291369843e-01 9.149197529825789377e-02 1.200425085323149205e-01
9.252916923000302496e-02 7.526978299265613126e-02 8.998565866679414382e-02 1.213296169777719757e-01 9.606397662188552455e-02 1.208998281974605488e-01 9.277910854174727107e-02 1.168930793438327093e-01 9.271282537105013377e-02 1.015369540567985646e-01
8.971436507614295730e-02 7.628369601677165157e-02 8.619328093213482478e-02 1.216254210135385427e-01 9.068950829736367736e-02 1.214875394298351730e-01 8.975177144153174968e-02 1.203369437708619039e-01 8.988997097018368299e-02 1.140275030516358368e-01
8.868187717701894734e-02 8.318288840721003996e-02 8.529130868079119743e-02 1.209944504149291916e-01 9.280915989685910306e-02 1.208139460964263723e-01 8.870732476615122986e-02 1.110486871627299893e-01 8.871441805902297029e-02 1.197559393388609450e-01
9.353128626590365147e-02 8.140497023357982920e-02 9.040924017331389284e-02 1.143274101917503976e-01 9.456761091074558645e-02 1.140623691715320076e-01 9.368567722054155222e-02 1.145134184477182154e-01 9.361813407336543047e-02 1.098798833115494228e-01
8.867181996650021214e-02 7.836975735870474469e-02 8.396171926480974768e-02 1.196611379603126635e-01 9.206025937739069354e-02 1.194020623494998906e-01 8.877233786472216170e-02 1.127462842690508671e-01 8.877658943961669324e-02 1.275780321493922842e-01
9.628809731333509703e-02 1.003602516699325792e-01 8.871304530907521413e-02 1.085443813088070031e-01 9.700951123909072604e-02 1.084824552305792972e-01 9.629029291792526313e-02 1.044155826782641183e-01 9.626331155744141665e-02 1.036330707755493408e-01
9.112274842913556383e-02 8.004300760120273972e-02 8.755032202255677576e-02 1.146361732214437046e-01 9.367138362773089200e-02 1.144456645150286334e-01 9.119550934271662690e-02 1.170294946216515752e-01 9.116617640432589376e-02 1.191395202142076365e-01
