8.636362213047502068e-02 7.424904212785646274e-02 1.150331293894353291e-01 8.978389846143405850e-02 1.148838301294218128e-01 1.077793322062321757e-01 1.064388844627777442e-01 1.131843645798216030e-01 7.709899980880557946e-02 1.151848967037401861e-01
8.546571362801688720e-02 7.652856565147410361e-02 1.170974483965480095e-01 8.906332910184372453e-02 1.167297001979931276e-01 1.106266459306653044e-01 1.019777278844988255e-01 1.070340621987636992e-01 7.805995583767537382e-02 1.174168511725209724e-01
8.700526811406625316e-02 8.168759327385373414e-02 1.146817712334447653e-01 9.018313933361715717e-02 1.144422931383769215e-01 1.066853946717098295e-01 9.964650062196502012e-02 1.064023357768076189e-01 8.437616025386018848e-02 1.148895435822984978e-01
8.239925496363198487e-02 7.127571115103092936e-02 1.123032955364939994e-01 8.597481385676818133e-02 1.120599030803361845e-01 1.193503491860071902e-01 1.197497072103391597e-01 1.120110401005875583e-01 7.233185094961908090e-02 1.125440739651857452e-01
8.360980168128642753e-02 7.245257769283657001e-02 1.183068341313338323e-01 8.726974715828468565e-02 1.179970599999248665e-01 1.134103290745373943e-01 1.036581651730606318e-01 1.075010060255025546e-01 7.725738124226685932e-02 1.185370978209662196e-01
8.798969039840690010e-02 8.896131604911294843e-02 1.101035673930520348e-01 9.031693134636692433e-02 1.099835838632536172e-01 1.130786250010373806e-01 1.035711254095689066e-01 1.009896190351830952e-01 8.487058008304267098e-02 1.101349614209755357e-01
8.450870705295647489e-02 7.184315316004843965e-02 1.167182332620268631e-01 8.675015705290414769e-02 1.165540891746526253e-01 1.110415961759212422e-01 1.044894167098520121e-01 1.093267222794725990e-01 8.190000412115129580e-02 1.168679210110143141e-01
8.175077239381987881e-02 7.358306088979800486e-02 1.116097412083895263e-01 8.784069613030748291e-02 1.113787994081645583e-01 1.187226291501560504e-01 1.143261562738382420e-01 1.070893271987333750e-01 8.187301012604179806e-02 1.118258072207510972e-01
8.831632765066560475e-02 8.206580132177020148e-02 1.130284192752449013e-01 9.074229287299891145e-02 1.128591428238323036e-01 1.056451848155998269e-01 1.014603116107821723e-01 1.079635902007566317e-01 8.471091099749290809e-02 1.132080184308565662e-01
8.445247453472097543e-02 7.719517553972780888e-02 1.155432068684593833e-01 8.869089621151864111e-02 1.152110120606938265e-01 1.111908624631651882e-01 1.068385258795022247e-01 1.102855532506695907e-01 7.475458090705934533e-02 1.158377122844830021e-01
8.231356292137964603e-02 7.525252347735036929e-02 1.162866044914853680e-01 8.533714405426046090e-02 1.158703181204161076e-01 1.179826884147548161e-01 1.058607775487033359e-01 1.037845248374967139e-01 8.067905005736823731e-02 1.166328060767849450e-01
8.052076439121166884e-02 6.983625148520464232e-02 1.178018551431422589e-01 8.467386707636635756e-02 1.174100241508568981e-01 1.131626266094800382e-01 1.112093707074834487e-01 1.148685245190731175e-01 7.234691995891706640e-02 1.181697959582644619e-01
8.216833952532721919e-02 7.697919099667542564e-02 1.094462030919607920e-01 8.624884834618470886e-02 1.093773646180020154e-01 1.117868577003505726e-01 1.168523669167059742e-01 1.141493168505491734e-01 8.348897529139899520e-02 1.095025366628451513e-01
7.617475802651671457e-02 6.574339915305270343e-02 1.135717064666150050e-01 8.110415058698716706e-02 1.131894770078209905e-01 1.260364551411039813e-01 1.264123680707526232e-01 1.129964993476248458e-01 7.085322663214982386e-02 1.139179595673761314e-01
8.011004481172259717e-02 6.711289147240684372e-02 1.143893148240616997e-01 8.392720584242331638e-02 1.141069674656326194e-01 1.210586290805266141e-01 1.176054163952150039e-01 1.106269692483885930e-01 7.642175431902192839e-02 1.146408065406007426e-01
8.069143789597876815e-02 7.217696622711890220e-02 1.174439960493912777e-01 8.450444651116649497e-02 1.170529198958100980e-01 1.163891174363160391e-01 1.091083441429119005e-01 1.094261717866940598e-01 7.544383754774801332e-02 1.177627625068645295e-01
8.257290551281500079e-02 7.647524855364461194e-02 1.127675136106531389e-01 8.891688051903059997e-02 1.124357796824007050e-01 1.121710416183060166e-01 1.104094405702894383e-01 1.103112350791944918e-01 8.087896642074070275e-02 1.130609884329252662e-01
9.091274054148996975e-02 7.487973318767936204e-02 1.144876024702307232e-01 9.246119557352233675e-02 1.142667137180857356e-01 1.079664595192523918e-01 1.027469340405872539e-01 1.081487811184919934e-01 7.938290773783991672e-02 1.147469320928202891e-01
8.459659727637398874e-02 6.967941426993375098e-02 1.211578422445178799e-01 8.930717173784717688e-02 1.208763165370751042e-01 1.048598503454546138e-01 9.982219028801361804e-02 1.142356601239279262e-01 7.401771591521859317e-02 1.214472412616373898e-01
8.014764405445194695e-02 7.200013423089603182e-02 1.131799052266343197e-01 8.632901028569728297e-02 1.129719445884993928e-01 1.182177434691759066e-01 1.156165443934570047e-01 1.102555557349660931e-01 7.790590334836788866e-02 1.133756146678541465e-01
8.301735676036121891e-02 7.277551118571963518e-02 1.188614645552419774e-01 8.767490325293580966e-02 1.185386528411161711e-01 1.096017193737582329e-01 1.021533731433814929e-01 1.098843007850053843e-01 7.835531768830265864e-02 1.191374004141773912e-01
8.522639853058464054e-02 7.810808431785036532e-02 1.123105242594671510e-01 8.898829308508647562e-02 1.119706636895207580e-01 1.150142019894323103e-01 1.085752877225867052e-01 1.054232804785970590e-01 8.176287352247717244e-02 1.126203924043972932e-01
8.299320348484831578e-02 7.702404640085414034e-02 1.138751587695663314e-01 8.715152676771256712e-02 1.135714142466108384e-01 1.138855107816223594e-01 1.085051192438282186e-01 1.079553108436897974e-01 8.090895086201448094e-02 1.141297585992529506e-01
7.966352959277771262e-02 6.985673153971565241e-02 1.122802265688593593e-01 8.559933870878480566e-02 1.120099009808286361e-01 1.243787964824307757e-01 1.191853156854420226e-01 1.072344891661800304e-01 7.725908186876570549e-02 1.125325894062153415e-01
8.444380389339847803e-02 7.774269380897722015e-02 1.164735420338744581e-01 8.819891097900488253e-02 1.162617715459857842e-01 1.058958247079898329e-01 1.028525067680453875e-01 1.126171323925746759e-01 7.887175996020663604e-02 1.166420539099426446e-01
7.120113671946538825e-02 5.729910363649477756e-02 1.025526024026524874e-01 7.436095806087245075e-02 1.023238092261939958e-01 1.683698781748650120e-01 1.622546374935341373e-01 9.897058267733141457e-02 5.987404173060408008e-02 1.027932498779862425e-01
8.789974233032694928e-02 8.064668889442661026e-02 1.142401037987202106e-01 9.107401408051604697e-02 1.139993893911536438e-01 1.043096806943075716e-01 1.007432030796039657e-01 1.096553300616743415e-01 8.296967368666008369e-02 1.144621739826105905e-01
8.605654374648667726e-02 7.973405939262943887e-02 1.128267061625988499e-01 8.921562269137847667e-02 1.126537066517787483e-01 1.113385288055857708e-01 1.065564445596692417e-01 1.076931544131616847e-01 8.097200546734271975e-02 1.129532281093684060e-01
8.435351923771090832e-02 7.570107033638205640e-02 1.144024766235726548e-01 8.703819858573284829e-02 1.140943156494221289e-01 1.129500961683419097e-01 1.082416814015934314e-01 1.090406025745456059e-01 7.951438753080357358e-02 1.146636518918948550e-01
8.380934078088184136e-02 8.007948787959784376e-02 1.095716406006478211e-01 8.665815157715954509e-02 1.093779882162623646e-01 1.164655450723487140e-01 1.142106730186076557e-01 1.070533723202175130e-01 8.302108747022467206e-02 1.097527130640520293e-01
8.331941170079157355e-02 7.253094259925661758e-02 1.189964608143171398e-01 8.631142291836059466e-02 1.186916790105773389e-01 1.117501156044950622e-01 1.046825589837672432e-01 1.107224750460999441e-01 7.374749011693410017e-02 1.192474432054003441e-01
8.343622141985899965e-02 7.526516651742862218e-02 1.145536755815446950e-01 8.780785591242888655e-02 1.141884497626536599e-01 1.109949438277469114e-01 1.089217302018651856e-01 1.116361458045551230e-01 7.831600649127586078e-02 1.148798044806420976e-01
8.328717680729613715e-02 7.258347029440667675e-02 1.148272726528516419e-01 8.852123923904002545e-02 1.144675676934316377e-01 1.121057689389591688e-01 1.111413464077626867e-01 1.130955408727395278e-01 7.482674850541430611e-02 1.151438685880982055e-01
9.371028380909969535e-02 8.668173607149250171e-02 1.068485422464632573e-01 9.447067365585885834e-02 1.067530569082602715e-01 1.054495967919049371e-01 1.040786202506766567e-01 1.052405151110137743e-01 8.983483005332615345e-02 1.069321451019039082e-01
8.870706518412153907e-02 8.311615795576161869e-02 1.109385709186484770e-01 9.180402970242318439e-02 1.108155848565697127e-01 1.120124732139530371e-01 1.051404020699422681e-01 1.040336614865876586e-01 8.241745293809613071e-02 1.110146016738963737e-01
7.608445849353198676e-02 7.146658712520746748e-02 1.124749715189680976e-01 7.947692309635570607e-02 1.121868003661900676e-01 1.272626161134530476e-01 1.233112381611369546e-01 1.086170508179117034e-01 7.639848638917630386e-02 1.127208679180686790e-01
8.062083013998967707e-02 6.551547139044208712e-02 1.131247606660453764e-01 8.347750139135402814e-02 1.129406130720451984e-01 1.236017736475143874e-01 1.254487557796003239e-01 1.142083252540776195e-01 6.776060723627262694e-02 1.133013614226587168e-01
8.527467023125986922e-02 7.498132340610445812e-02 1.196827042129172264e-01 8.839208940910427137e-02 1.193858555427420032e-01 1.055702927289385723e-01 9.924351530076022665e-02 1.114898511406666737e-01 7.603430928829184310e-02 1.199453887392148560e-01
7.789875678197809294e-02 7.027448690238784212e-02 1.179267157394408017e-01 8.201997717149570044e-02 1.176278148516218119e-01 1.222393330016315199e-01 1.130941317479333130e-01 1.088216584911840257e-01 7.193855999301754234e-02 1.181585653193093360e-01
7.797041221095502017e-02 6.804724272833274912e-02 1.160129640090376835e-01 8.309872983858353213e-02 1.156894352700548606e-01 1.210829006954175779e-01 1.176287111062302160e-01 1.122407770571260260e-01 7.196674831940533257e-02 1.162620787648569881e-01
8.120162036449866949e-02 7.365526761902597974e-02 1.167705496226182776e-01 8.691596743619520171e-02 1.164550818490038692e-01 1.158572188483352750e-01 1.074908051686482013e-01 1.077563500036825134e-01 7.685644707942693166e-02 1.170406920085651226e-01
8.136182951654402640e-02 7.388269009206117899e-02 1.125204082543203449e-01 8.734070169111855797e-02 1.122076675890269631e-01 1.177133460074162724e-01 1.163723670104947344e-01 1.106519203782760502e-01 7.516717748640182328e-02 1.127818919743400344e-01
8.187451518931949945e-02 7.382069725266514337e-02 1.192127852966883284e-01 8.761779452067047780e-02 1.189988492301773809e-01 1.107460535571776206e-01 1.033135954658013222e-01 1.105171695919617419e-01 7.449861304006819007e-02 1.193999268554702814e-01
8.317912896694379388e-02 7.242857005985380014e-02 1.152278161973719212e-01 8.696434707762591698e-02 1.148908199977158179e-01 1.137149440549450052e-01 1.104351931302500200e-01 1.111401332498777594e-01 7.647259584805427002e-02 1.155464514173616813e-01
8.392324678178955666e-02 7.314102254939332248e-02 1.139177757739388008e-01 8.859592880361669143e-02 1.136956401229068658e-01 1.116657113215777236e-01 1.107306812152637904e-01 1.124608032583348793e-01 7.774740064998027222e-02 1.141217895231980833e-01
8.665196704183754373e-02 7.957644371043055831e-02 1.140716486626607296e-01 8.758421648210852617e-02 1.139164189809362265e-01 1.095178214120623300e-01 1.043888667693779054e-01 1.083889088225843123e-01 8.171720739027987790e-02 1.141865007277219762e-01
8.084706595613304347e-02 6.607014831095671392e-02 1.147388654718665135e-01 8.631017822644923565e-02 1.146232143656229774e-01 1.160485852522059602e-01 1.185752692597924762e-01 1.168757139269620687e-01 7.105573411619425794e-02 1.148552251138167529e-01
8.271532223722202759e-02 7.192664531782957948e-02 1.182265735166009718e-01 8.509251629530528716e-02 1.179437774880735673e-01 1.082411005667100190e-01 1.069125195004537038e-01 1.161735005281724076e-01 7.429657275266886296e-02 1.184714717969635456e-01
8.452310877952741441e-02 7.748082185278615253e-02 1.135246499187478331e-01 8.961135239572382005e-02 1.133242987926143530e-01 1.134904811489212823e-01 1.069959374949848996e-01 1.066993383869548756e-01 8.066542405023360840e-02 1.136845871795057333e-01
8.667622592963136752e-02 7.927590082522877057e-02 1.126121415073564752e-01 8.822944104220904749e-02 1.124059960615134690e-01 1.133656560572383065e-01 1.059833283679639526e-01 1.049392710813147611e-01 8.372490998150691754e-02 1.127871291460369046e-01
9.247966811248674313e-02 8.868199814953381388e-02 1.041266637475904977e-01 9.709644356153876443e-02 1.040589285885136772e-01 1.077055649794212561e-01 1.055792176415493444e-01 1.020854204330706450e-01 9.404135501949938136e-02 1.041447397667958491e-01
8.614226124485901970e-02 7.986184718862038290e-02 1.140318775818415231e-01 8.793592472953307149e-02 1.137631735369311337e-01 1.111952733540657046e-01 1.058592685618416768e-01 1.078815063093240545e-01 7.903225548429004821e-02 1.142966120086933712e-01
9.065739157197012787e-02 8.181749987392236689e-02 1.115641441082901864e-01 9.345617730194187567e-02 1.113156973156995827e-01 1.048498587860472037e-01 1.031247286446178302e-01 1.091259068437653856e-01 8.229082840407847543e-02 1.117977671496669656e-01
8.621484241946127114e-02 7.838697984825516996e-02 1.107587832026419028e-01 9.280756771041656639e-02 1.104014708609264012e-01 1.124168239783657208e-01 1.071116682160637157e-01 1.048190638853963991e-01 8.598887692889951861e-02 1.110939229495733482e-01
7.909110215624613749e-02 7.077075722006562208e-02 1.156330229074805926e-01 8.161235440321790158e-02 1.153005019265107706e-01 1.215284280109178300e-01 1.159116378090800370e-01 1.098471551021507481e-01 7.440052372731481567e-02 1.159045167370155727e-01
8.025091932444199105e-02 6.470959412593638160e-02 1.165149704406414632e-01 8.421736324613765534e-02 1.162907157465046665e-01 1.180760514552745694e-01 1.159900590682284155e-01 1.139610813715822429e-01 7.326628903113374669e-02 1.167229561901188539e-01
7.619141206059507065e-02 6.996430614060573927e-02 1.157372410761781517e-01 7.956072655056715959e-02 1.154011873591745535e-01 1.244773281181060787e-01 1.184350718562737076e-01 1.098544347492178413e-01 7.440007751134547487e-02 1.159782145779362089e-01
7.795678275190495721e-02 6.686905947655610860e-02 1.122443490688301432e-01 8.188378428700086864e-02 1.120943839845065515e-01 1.225777577411290842e-01 1.243299319655302715e-01 1.134119396762829357e-01 7.626631452682187950e-02 1.123656965214372555e-01
8.536968686737984868e-02 7.436989624567283408e-02 1.150492885169347584e-01 8.856921228076655717e-02 1.148272057820554359e-01 1.103139159525413915e-01 1.080105998606630258e-01 1.121394307257757017e-01 7.610286717815388513e-02 1.152478965900565339e-01
8.782509992754590489e-02 7.593968585518795500e-02 1.116509579676181196e-01 9.045850187745035909e-02 1.114724174123176009e-01 1.127846495965981882e-01 1.094680586859668597e-01 1.080797302395900550e-01 8.053130852088609404e-02 1.117895899168388774e-01
8.221237453185502309e-02 7.738751384966900682e-02 1.183146815468138768e-01 8.288320433763975148e-02 1.179525863429087690e-01 1.172593298108944304e-01 1.050676456164537920e-01 1.054689818985420496e-01 7.486060133985558696e-02 1.185930807253677000e-01
8.898918656088655732e-02 8.424630073188002499e-02 1.077512451417539097e-01 9.267292327210759073e-02 1.076384023138490797e-01 1.090149369222999098e-01 1.090983924187666210e-01 1.077120877656776859e-01 8.506565933970816618e-02 1.078108655330705101e-01
8.278581380368842113e-02 7.604683693219016494e-02 1.149457052577307625e-01 8.821311118117894368e-02 1.145594174143580307e-01 1.142356303712756954e-01 1.079525065142644125e-01 1.078625919389923221e-01 7.810705288655653278e-02 1.152913336997647142e-01
8.710686401700552806e-02 7.642371231003161625e-02 1.157033076336713706e-01 8.806239062920538652e-02 1.153680677672199728e-01 1.101113107058937779e-01 1.034187184687826722e-01 1.078134915857823922e-01 7.997535266279563737e-02 1.160167842196115628e-01
8.699168825647562997e-02 8.669567084196556916e-02 1.082947073960583012e-01 9.128438014616142848e-02 1.081517878019095796e-01 1.125333733222957933e-01 1.084510624921639216e-01 1.043025861839816520e-01 8.492094899996113777e-02 1.083737945590270979e-01
8.500113189261039592e-02 7.591181627914878050e-02 1.177413749082342476e-01 8.883028690997504806e-02 1.175804464242424935e-01 1.028670609625847027e-01 1.004257197302888122e-01 1.144957365251876719e-01 7.927545786137486783e-02 1.178709685063529661e-01
8.335117269080444258e-02 7.512946965306667446e-02 1.108536129147706523e-01 8.626724978291026857e-02 1.106480918856993095e-01 1.122253332757301020e-01 1.169458366102535535e-01 1.151422664832031928e-01 7.844296092146525734e-02 1.109940057820965886e-01
8.246366836455902571e-02 7.451439494639970629e-02 1.097838330348960417e-01 8.664175784693455007e-02 1.095660939450863874e-01 1.169294393949590338e-01 1.183258949407281768e-01 1.104924550945821371e-01 8.129658114646785838e-02 1.099858812853871520e-01
8.315638311019529771e-02 7.192031142934585120e-02 1.137075335818089339e-01 8.826267531632583929e-02 1.135135955237868421e-01 1.153475141031274631e-01 1.118976870001843343e-01 1.099026992345436549e-01 7.840490918970473289e-02 1.138866915109770922e-01
8.958741457996591273e-02 8.247229766342713264e-02 1.141956961539120213e-01 9.041080805071835536e-02 1.140564911690391398e-01 1.044488503414385122e-01 1.007168599791648800e-01 1.096374203048092605e-01 8.014963889707268918e-02 1.143245228604521241e-01
8.299525231965067251e-02 7.911688735953406604e-02 1.104701675106472408e-01 8.546005061867661956e-02 1.102681611979855897e-01 1.200842039767451158e-01 1.122165596714791019e-01 1.033249090672825332e-01 8.546915968788773577e-02 1.105946485901113246e-01
8.159651158959708994e-02 7.210820879579864229e-02 1.148071336294378686e-01 8.591454115980622086e-02 1.145008825505160199e-01 1.185632899007081770e-01 1.130757010692089726e-01 1.089202676611911724e-01 7.541731788755652588e-02 1.150961457561793105e-01
8.152921972339753631e-02 7.528503689990409531e-02 1.093842801180415769e-01 8.635841447937155080e-02 1.091098001689467106e-01 1.189507462460716869e-01 1.208995362070969803e-01 1.104741616647556407e-01 7.839174670469203909e-02 1.096170577877221414e-01
7.939654451233793542e-02 6.995672079104911512e-02 1.122209141887863526e-01 8.217869638798591669e-02 1.119982580214105572e-01 1.200644730332475346e-01 1.226369916412656663e-01 1.140752553617710580e-01 7.507825750454738545e-02 1.123938885575984925e-01
7.950089398199042257e-02 6.894556724813066806e-02 1.137978641677018510e-01 8.223824188244391320e-02 1.135961995598603058e-01 1.220603005733666840e-01 1.190014014257922137e-01 1.107371644204975664e-01 7.618349102343033308e-02 1.139388757167860838e-01
8.570094223204706430e-02 7.795942045300584267e-02 1.178105595787539983e-01 8.178077562249708166e-02 1.175325146847590735e-01 1.147584860688342506e-01 1.056843943767443311e-01 1.080644144500692433e-01 7.271371177043628453e-02 1.179947807628528439e-01
7.806793392915234442e-02 6.750540705202856540e-02 1.154889916586917392e-01 8.294440342718635562e-02 1.152111199691521065e-01 1.169688755176303552e-01 1.166769629903041811e-01 1.147469483025982812e-01 7.669475176844112174e-02 1.156946053848150191e-01
8.361278516343284561e-02 7.699268248973754891e-02 1.131518523246687474e-01 8.742263829959588672e-02 1.127959438531628833e-01 1.178282407668789361e-01 1.096072132584590825e-01 1.047391280424147114e-01 8.037541884423698990e-02 1.134740969574123959e-01
8.867223153156468529e-02 4.941963040255750034e-02 1.406906715087896664e-01 9.107688441526667900e-02 1.403459112110994056e-01 8.543141747421718890e-02 8.127816627504873270e-02 1.302754541009185918e-01 5.150041629953059502e-02 1.413092167810069688e-01
8.497293537654142248e-02 7.341829073503279568e-02 1.132025638876509033e-01 8.981826346388360749e-02 1.129614939035254312e-01 1.121118072017542322e-01 1.104762334904043630e-01 1.110575716595231660e-01 7.856981895954526229e-02 1.134110213221388025e-01
8.531034098903025886e-02 7.535507475177831427e-02 1.144481758292087009e-01 8.853129207182432181e-02 1.141635465026383384e-01 1.118236962170725268e-01 1.092732845430288841e-01 1.111541758109230033e-01 7.521792733903710781e-02 1.147224859454585577e-01
8.189283215460999021e-02 7.429480414257573495e-02 1.157964789322195875e-01 8.741288390220858240e-02 1.155047353483258238e-01 1.123153723432020190e-01 1.059967186673858308e-01 1.087180374855962056e-01 8.204051179230682778e-02 1.160276252315694118e-01
7.742062464179999548e-02 7.257017220858190398e-02 1.117715228334655447e-01 8.529410371780701827e-02 1.115034250968000296e-01 1.212227831710464415e-01 1.204649407828864149e-01 1.106328370685006057e-01 7.714919409894492597e-02 1.119703963801671059e-01
8.135282324709658397e-02 7.040812587351642782e-02 1.173177864106583757e-01 8.365811172645661042e-02 1.170043722012392706e-01 1.150581531732528529e-01 1.127607458586647182e-01 1.142768093481190683e-01 7.055662495886659558e-02 1.176064472021294688e-01
8.459599524743575960e-02 7.447041612487109719e-02 1.116923949576384689e-01 8.857217958202125152e-02 1.114969844337534571e-01 1.135452584064670645e-01 1.141022905202450366e-01 1.118578320372146245e-01 7.781943521307922718e-02 1.118472134772740267e-01
8.428133279479842199e-02 6.901279016454360538e-02 1.177534991484613380e-01 8.705705212678691018e-02 1.174144914325113420e-01 1.149446484191865431e-01 1.091149330425684599e-01 1.108833098509417608e-01 7.143052604816642337e-02 1.181074169720351674e-01
8.359757995986986934e-02 7.854335480754956467e-02 1.147945172463604169e-01 8.787486632616658966e-02 1.144714989705627045e-01 1.144143752681195253e-01 1.051670588270076645e-01 1.050143676324066105e-01 8.107142778683804063e-02 1.150509531751190556e-01
8.006722074602906636e-02 7.048164422203143098e-02 1.173473521328213393e-01 8.495709419786941219e-02 1.168966642682329748e-01 1.183767463811084414e-01 1.109764506680309543e-01 1.091224278588404373e-01 7.400165296285179939e-02 1.177727465621841579e-01
8.366710690292911146e-02 7.830148900414417301e-02 1.112170321245496141e-01 8.993608678084358266e-02 1.109845690569258997e-01 1.134249650168702578e-01 1.109177275208836216e-01 1.083152253891793149e-01 8.181854700788496193e-02 1.114172511957895184e-01
8.545369951581775758e-02 7.232380935659882271e-02 1.175448898705737377e-01 8.871105828988280761e-02 1.173040826475774956e-01 1.034758234046301850e-01 1.040805509919076194e-01 1.177939822376814216e-01 7.554432229513954877e-02 1.177677813901905762e-01
8.365816718281225695e-02 7.256752809665514836e-02 1.145477569027923970e-01 8.651627940067339873e-02 1.143324815991309806e-01 1.155662665374963677e-01 1.124773070934193819e-01 1.110137360915032512e-01 7.457068039552793015e-02 1.147497966999888874e-01
7.894436361499777843e-02 7.125263729081454667e-02 1.129539759146926947e-01 8.186741065289912522e-02 1.126205562640373858e-01 1.241148857456232241e-01 1.205500412090049489e-01 1.092235985814304922e-01 7.523971600850304364e-02 1.132328147179967603e-01
8.836407908019915103e-02 8.017848011042290335e-02 1.110080165345999209e-01 9.227880333489377196e-02 1.108210973926712362e-01 1.108053885833842345e-01 1.053411240861649584e-01 1.052599326262332879e-01 8.479896428300910671e-02 1.111441139684214291e-01
8.262254507906378886e-02 7.265089978833719209e-02 1.164976009571896953e-01 8.643729476615498453e-02 1.161822619004326679e-01 1.127521637658673720e-01 1.075388695838586511e-01 1.104584414232080147e-01 7.809617407215260765e-02 1.167637486637350258e-01
8.735833349727126218e-02 7.860908220908230382e-02 1.123599942052418005e-01 8.894118657618520218e-02 1.121533516666285007e-01 1.079058468537993642e-01 1.080758570144667585e-01 1.121515858456883785e-01 7.991374012240010094e-02 1.125310220092363561e-01
8.467689462882037332e-02 7.593375064171575817e-02 1.170425657165104771e-01 8.824743479579436056e-02 1.167600339659515679e-01 1.099325849627982993e-01 1.039056737863593288e-01 1.099094563481178427e-01 7.630613789507492695e-02 1.172854672588570790e-01
8.533019088101852223e-02 7.762483329838375246e-02 1.107549832166916937e-01 8.785150111179448884e-02 1.105606963006973142e-01 1.193581342107523369e-01 1.139390593655295325e-01 1.055837492876193773e-01 7.808945412193840641e-02 1.109073982055746171e-01
8.357921508354777818e-02 7.320315360283545514e-02 1.196433487382246308e-01 8.570365052404969874e-02 1.192610966281491408e-01 1.137583312499735461e-01 1.031389881646233020e-01 1.076412744280897116e-01 7.412843612780903313e-02 1.199425054526977036e-01
7.936046723856399199e-02 7.393983700963126238e-02 1.187379731755560663e-01 8.325002297849026789e-02 1.183547531097895733e-01 1.224398878604781304e-01 1.082924079501179776e-01 1.046945124157843549e-01 7.188671760146546352e-02 1.190434206601229256e-01
8.304282587566055862e-02 7.850338563961171967e-02 1.128927368750158033e-01 8.986189850435856441e-02 1.126892868170837336e-01 1.118661354701959570e-01 1.084565587471741643e-01 1.090282070666195174e-01 8.058807590109688668e-02 1.130708891031831365e-01
8.479326540546286428e-02 7.101630174897122227e-02 1.176739239917593410e-01 8.710046453872680172e-02 1.173989093783537052e-01 1.100192592791176815e-01 1.065194106422461817e-01 1.132104613855216962e-01 7.433495313348226219e-02 1.179330504963582438e-01
9.004024914217399755e-02 8.642690620195649098e-02 1.098035137434396624e-01 8.847464401952939705e-02 1.096375999160703746e-01 1.137866925361144671e-01 1.084048749179264415e-01 1.045100217409413723e-01 7.900707851619823141e-02 1.099084192656495929e-01
7.898030049316365209e-02 7.397742887908309584e-02 1.160425823438453186e-01 8.285033839588212823e-02 1.156549192486873989e-01 1.210175308376985059e-01 1.120218428417852491e-01 1.070831619671969714e-01 7.604557908143187717e-02 1.163263159112258027e-01
8.216148968418235388e-02 6.741386281819061743e-02 1.202714821061980216e-01 8.599316234611943666e-02 1.199089028840205351e-01 1.142852655005475310e-01 1.066021721526419497e-01 1.112117658895672156e-01 7.152954945881574711e-02 1.206223471597165919e-01
8.738277186187286272e-02 7.200295265206282935e-02 1.182396658283032670e-01 8.996043978584551681e-02 1.180249471403931605e-01 1.078046703798834771e-01 1.028736501407115228e-01 1.119583058407576520e-01 7.326193452875612300e-02 1.184906618414136165e-01
8.278270853190432266e-02 6.682723621169377182e-02 1.165882221654786915e-01 8.620246862435257396e-02 1.162964831521981768e-01 1.163523656731340478e-01 1.127987404894537360e-01 1.122870527442038635e-01 7.297453254906542675e-02 1.168901898585153337e-01
1.000227606865119884e-01 9.777018837075744651e-02 1.011184134447326161e-01 1.013757990164484146e-01 1.011797732555387436e-01 1.026693183021649414e-01 9.959316332331646926e-02 9.829318481370280525e-02 9.693768912158177986e-02 1.010397096652447951e-01
9.365144759397908691e-02 9.725847682700085317e-02 1.013787782108903496e-01 1.011275337784943440e-01 1.014181414823084881e-01 1.059865226357766810e-01 1.036640829060898744e-01 9.934520737466957796e-02 9.485299083890730287e-02 1.013168183518833726e-01
8.037588612370825947e-02 7.751225320454312173e-02 1.072256929988155694e-01 8.560770377260995545e-02 1.070692506113896797e-01 1.191582404823193775e-01 1.213804371569627422e-01 1.088731288699129884e-01 8.548396025859725245e-02 1.073134465211411093e-01
8.171684271377852027e-02 7.524206743598807479e-02 1.109764087274052319e-01 8.929369864673383783e-02 1.107885502101467468e-01 1.146346648366706605e-01 1.137510684815364603e-01 1.097821903477651656e-01 8.269100580462290795e-02 1.111235027953524218e-01
8.340109974589486608e-02 7.134014817773934314e-02 1.121693085554391206e-01 8.634501713109452026e-02 1.119302670079608264e-01 1.215600774980939852e-01 1.182041768759111017e-01 1.086593221453774627e-01 7.400186088720306365e-02 1.123887219752856825e-01
8.658354113135093011e-02 7.844658186845987480e-02 1.132967792727007511e-01 8.904216377089801959e-02 1.130088157734917831e-01 1.081091149203431412e-01 1.046817942773629745e-01 1.089308651479716367e-01 8.431309432651661051e-02 1.135872495109042646e-01
8.302604393803966754e-02 7.247623079544217306e-02 1.150817625356479468e-01 8.666474101232571337e-02 1.148172669461879208e-01 1.144934725119646501e-01 1.126481398120838806e-01 1.126001698635341469e-01 7.285571317458443275e-02 1.153364594101894403e-01
8.386783152333815439e-02 7.569748824243835439e-02 1.150247551087860837e-01 8.797537997739757198e-02 1.148532162310636345e-01 1.108986631162015984e-01 1.060471778795783054e-01 1.096115831531262047e-01 8.086241370578882426e-02 1.151614910622812543e-01
8.468726919278538046e-02 7.091178636488099096e-02 1.209498263749221314e-01 8.789037092480612989e-02 1.205757570794611933e-01 1.086470096043834210e-01 1.011377108429478422e-01 1.113307896724033963e-01 7.255369791717559969e-02 1.213157820262339565e-01
8.057242180596152492e-02 7.217298213087659786e-02 1.096121389032743559e-01 8.667273214487207500e-02 1.094702301670979067e-01 1.151381030915069326e-01 1.238708070718604337e-01 1.173519348708989968e-01 7.542332082331226761e-02 1.097153289903388812e-01
8.534186839416409154e-02 7.736058684477788161e-02 1.124352531396598381e-01 8.973445521047040963e-02 1.123213375364157246e-01 1.144982796867786701e-01 1.097501260149839619e-01 1.075929767757946298e-01 7.843400550167800578e-02 1.125311108952768147e-01
8.259172142379654635e-02 7.180217315963539904e-02 1.184755319358106601e-01 8.692631727906886818e-02 1.181800716081036068e-01 1.106982322726182688e-01 1.055545675057803917e-01 1.121229941731937962e-01 7.488406730023156044e-02 1.187643233417609023e-01
8.410097619505667310e-02 7.550426864855654119e-02 1.154815594111340826e-01 8.748515289099645376e-02 1.151250162424315576e-01 1.139336376561816133e-01 1.067355430532863358e-01 1.074252756964398786e-01 7.839666914081661053e-02 1.158119010651002950e-01
8.140738587283925798e-02 7.185403423948345802e-02 1.182320594442384659e-01 8.485320948793213802e-02 1.178592176401557085e-01 1.161279470746362369e-01 1.070671880691182049e-01 1.082921086722277715e-01 7.575748965310311056e-02 1.185493598462656617e-01
7.975613226711449066e-02 7.263566437590433800e-02 1.191879917625724705e-01 8.266010767489863353e-02 1.188620540620245886e-01 1.171532200790523087e-01 1.079999182611381531e-01 1.094727134595622764e-01 7.287974129998592288e-02 1.193924567577468177e-01
7.899199230985383402e-02 7.397664519759321322e-02 1.125727455166320445e-01 8.440871430745247594e-02 1.123249465270164948e-01 1.196104133954392079e-01 1.159125843758085084e-01 1.088199216090114940e-01 8.063008568891105732e-02 1.127519510722816559e-01
7.808870667596447268e-02 6.630925062756908017e-02 1.174637782457294555e-01 8.216966611219299332e-02 1.170923702871670136e-01 1.246189868295441289e-01 1.156133218978436239e-01 1.085695882197345030e-01 7.228943125898348865e-02 1.177848998452711432e-01
9.049398221097100514e-02 7.845122991629031872e-02 1.135942724836041806e-01 9.328759612660209033e-02 1.133007872244576053e-01 1.022278747721269143e-01 1.006147599350351723e-01 1.109978129003562769e-01 8.313841661004373051e-02 1.138932678205126503e-01
7.925479641357702221e-02 6.598469789133919183e-02 1.178078078205496287e-01 8.393927611675519596e-02 1.175472546075895658e-01 1.151574110775070853e-01 1.134114594476544058e-01 1.153608359215736734e-01 7.346865317230581727e-02 1.180678075311483582e-01
9.003726802306565025e-02 8.410825603122842886e-02 1.133457266876464337e-01 9.222012690443706640e-02 1.131535156668566772e-01 1.033874584293204002e-01 9.867630570960968239e-02 1.075192122265265227e-01 8.402205313396365893e-02 1.135300771873454379e-01
8.747945483951181933e-02 7.840132883343677028e-02 1.101219687706144756e-01 9.369024673274219117e-02 1.099446201300200154e-01 1.086787484427841760e-01 1.083626618421713039e-01 1.093664657330106066e-01 8.366196058939995295e-02 1.102925440863086887e-01
7.480242371510303911e-02 6.725766569803116879e-02 1.176200968394606611e-01 7.831928991448564026e-02 1.172438987061296400e-01 1.314208430739144673e-01 1.192153073582797596e-01 1.068401274400200968e-01 6.939295229747748095e-02 1.178873949570980739e-01
8.779324453267919881e-02 8.625451264570029031e-02 1.100203630789708259e-01 9.157487957399162992e-02 1.097813204569699497e-01 1.099925848131515366e-01 1.043108514145931198e-01 1.040355774279318746e-01 8.605301076058040344e-02 1.101836552954311571e-01
8.884384540310547029e-02 8.147632592415832153e-02 1.096910981101651555e-01 9.560075396614586829e-02 1.095246553945885687e-01 1.010452603046803205e-01 1.053241491136206048e-01 1.141756518652096430e-01 8.446972843122470265e-02 1.098485314871014140e-01
8.412144524827051828e-02 7.399701650863182989e-02 1.153204024192678173e-01 8.731368003751759088e-02 1.150372588367093718e-01 1.162566464491000123e-01 1.088622417006300247e-01 1.075105992498865126e-01 7.601757358641800244e-02 1.155631359635683336e-01
8.664703084152028389e-02 8.000724972712439098e-02 1.117271093181173292e-01 8.880506325856683814e-02 1.116258560306100933e-01 1.106966182004976845e-01 1.067764733844724923e-01 1.076968288263548817e-01 8.424723838687735167e-02 1.117705320258586543e-01
7.896433706964163524e-02 6.758975650124092460e-02 1.130607629740413705e-01 8.256894484101065523e-02 1.127619408382956739e-01 1.258644008099408518e-01 1.225682564949646669e-01 1.097680795558243355e-01 7.357066624637262353e-02 1.132828546686672766e-01
8.152596912011338126e-02 7.159773925127577154e-02 1.169599721138716714e-01 8.496953876502226499e-02 1.166172107779939598e-01 1.159484814507472650e-01 1.108603987340412295e-01 1.111329246763170520e-01 7.312211878645367980e-02 1.172656463241637109e-01
8.073094164779461013e-02 7.819863461571704977e-02 1.060573166981128579e-01 9.120146138606780029e-02 1.058852894151197238e-01 1.167720466066384383e-01 1.181480490965921559e-01 1.069156316795409345e-01 8.991284979241093156e-02 1.061777790620054979e-01
9.114230310375857902e-02 8.851959665492149798e-02 1.091491767779938782e-01 9.236767255741118454e-02 1.090744838653142090e-01 1.025034083844579974e-01 1.011269109927017823e-01 1.077019233725762526e-01 8.926035147055540186e-02 1.091541728203092310e-01
8.800825446324507528e-02 7.963089912332475817e-02 1.126193426126527591e-01 9.332670136283888196e-02 1.124791697604886481e-01 1.039096584952256541e-01 1.049772334531706847e-01 1.135916486470244374e-01 7.872453088231617935e-02 1.127325611997129218e-01
8.605034302837616389e-02 7.523981929814380076e-02 1.134996423938847421e-01 8.692357998255491325e-02 1.132245964147599732e-01 1.180463213693862395e-01 1.100421030476659012e-01 1.054396839802458491e-01 7.778981777264730446e-02 1.137440927123351680e-01
8.144007864631690186e-02 7.293107923107912394e-02 1.151438881315854229e-01 8.577684828223475222e-02 1.147929622621987750e-01 1.132325227446748794e-01 1.107138848043889984e-01 1.119072412986847759e-01 7.862212526996371909e-02 1.154393693288727069e-01
8.590163325641037018e-02 7.023625550809735330e-02 1.122032830241075918e-01 8.922038040894694766e-02 1.118679374588911896e-01 1.168956701893489325e-01 1.164563084713408775e-01 1.108886398421799480e-01 7.378084901282427888e-02 1.125490428278525246e-01
8.753262451410052936e-02 7.801779129786086397e-02 1.148136323675590237e-01 9.032603167336426819e-02 1.145877317085734898e-01 1.079246063076543388e-01 1.026384484003242253e-01 1.085296063542450229e-01 8.060139922584559635e-02 1.150281281504726416e-01
8.742997232857373235e-02 7.632148489193002483e-02 1.148846343749755083e-01 8.980101935549766878e-02 1.146144306802648200e-01 1.037628926188020606e-01 1.057211554479376980e-01 1.166270516298517912e-01 7.570926139901577867e-02 1.151280972731509172e-01
8.438291409255713194e-02 7.861880662537595876e-02 1.108383613337407952e-01 8.835075066161822421e-02 1.105620736209111526e-01 1.116307973691308963e-01 1.122283595172305914e-01 1.108975914898244347e-01 8.142709787603594207e-02 1.110632474135748587e-01
8.695664074467067406e-02 8.009425258681054927e-02 1.149495431870459494e-01 9.047190545875084811e-02 1.146926237512517072e-01 1.091702328748631878e-01 1.023195632996416748e-01 1.070155555451079016e-01 7.913741723209252732e-02 1.151922653197649804e-01
8.732661223901186376e-02 7.498493117358087656e-02 1.147432454117072592e-01 9.092490225574037521e-02 1.145577087399970023e-01 1.098045974833630894e-01 1.048348724794748305e-01 1.089936252209793011e-01 7.889915451240681055e-02 1.149303504837385914e-01
8.429409391807385354e-02 7.958649989519483992e-02 1.154077511013550245e-01 8.913392214494085530e-02 1.152508283553896479e-01 1.093237795210167257e-01 1.018747961959257237e-01 1.071864125783085486e-01 8.244327781023810808e-02 1.154986384795566867e-01
8.709310431216339687e-02 7.867343149691212456e-02 1.160522141198215007e-01 9.039276010624505697e-02 1.159319451459957101e-01 1.044312444568813864e-01 1.020366478112024189e-01 1.130536681282104522e-01 7.618689972360428997e-02 1.161480846989636356e-01
8.020829067704325632e-02 7.544694065602645938e-02 1.114514645111118890e-01 8.478715828454710945e-02 1.111763052462103607e-01 1.183099302893294708e-01 1.189505280024739792e-01 1.114927510456177329e-01 7.650557162674573308e-02 1.116710596608940231e-01
7.609565976527822573e-02 7.114101322755492229e-02 1.092647869119027781e-01 8.032289175674649229e-02 1.090002307567321388e-01 1.313041042641942269e-01 1.301826641079299185e-01 1.079419524362666832e-01 7.529287557381483809e-02 1.094538211995798038e-01
8.954109764506926195e-02 7.676884465372772748e-02 1.144074297404222840e-01 9.244134878702500724e-02 1.142742247316260451e-01 1.064990510850200994e-01 1.026012710960157448e-01 1.098238410203807025e-01 7.912357778561669719e-02 1.145193134550965414e-01
8.104711336928600851e-02 7.096770708358798863e-02 1.164685449995935262e-01 8.491450056881043318e-02 1.162912469435182367e-01 1.134908837314287100e-01 1.117754413928983698e-01 1.143622945397173712e-01 7.407041150115556416e-02 1.166118558700038332e-01
8.454865919573827104e-02 7.624957618857686192e-02 1.127668718797682768e-01 8.684362741365800331e-02 1.125539415919872138e-01 1.161449277637958966e-01 1.115132922355742962e-01 1.078367151325654999e-01 7.856673480981532509e-02 1.129756537885203693e-01
8.359700143771953140e-02 7.519328387340686037e-02 1.105680284679457503e-01 8.903479359114459257e-02 1.104855235678641329e-01 1.103070098730630916e-01 1.167909389358994104e-01 1.168823685510804039e-01 7.651032897490221696e-02 1.106307227269740096e-01
8.825107085616810954e-02 7.190381293336713109e-02 1.192653955173797603e-01 9.054611419505276260e-02 1.189313419078810025e-01 1.028016414159608760e-01 9.940933997496394225e-02 1.141863181365385393e-01 7.508274371484116583e-02 1.196222213478467244e-01
8.264431198851530935e-02 7.049243056350804060e-02 1.170172028704118961e-01 8.613675298965133009e-02 1.168579080833471590e-01 1.104940750875753608e-01 1.092999738511099134e-01 1.154341054358428015e-01 7.447701318379479352e-02 1.171462259462433819e-01
8.052966444956889680e-02 7.563349925114402905e-02 1.147639263713942925e-01 8.374700520693895145e-02 1.144441322960460111e-01 1.236191368962350767e-01 1.128500889772131727e-01 1.047631991579991151e-01 7.466427120912293158e-02 1.149850761843374813e-01
8.868290527394925848e-02 7.732341601992467894e-02 1.123903678715758442e-01 9.161259829773421570e-02 1.121411307122284762e-01 1.073739745327089296e-01 1.075502826014218677e-01 1.120089012410701163e-01 7.829038501685495199e-02 1.126260384325316888e-01
7.899374062750502690e-02 7.003174526796993038e-02 1.130143728234394018e-01 8.340398464255602273e-02 1.127208657251028007e-01 1.280025581403388402e-01 1.200649397954127173e-01 1.059147103200655804e-01 7.459134355342326994e-02 1.132617391041863819e-01
8.798874373364443113e-02 9.152146933409022189e-02 1.079278201096241646e-01 9.554734541191740871e-02 1.077934995836074966e-01 1.067992901241733295e-01 1.026546623893421772e-01 1.035683084004944271e-01 8.818889677372050706e-02 1.080099641393858501e-01
8.453795935004745910e-02 7.445758450600309386e-02 1.110405061449370456e-01 8.794514594608567049e-02 1.107897070633517000e-01 1.124122579909400260e-01 1.146902143886061043e-01 1.127944989130864883e-01 8.009428576665883481e-02 1.112378399302836052e-01
