7.590203763699636397e-02 9.149807428037216861e-02 9.374660862202668921e-02 1.159848795981305303e-01 1.159275483049738986e-01 9.213161029158750681e-02 9.069614240682592754e-02 1.168259661939589078e-01 9.062307744321776437e-02 1.166640552219102289e-01
7.915907014210207815e-02 8.884885029454771266e-02 9.063565070033849369e-02 1.165826713286218924e-01 1.165120944268764752e-01 9.279545432060631871e-02 8.934248130368266372e-02 1.186157579799527462e-01 8.925728543978467266e-02 1.182506840634869605e-01
8.204311716872607352e-02 9.224096187112518219e-02 9.155999690990547502e-02 1.142454645050745843e-01 1.141964198483369358e-01 9.441494170302061617e-02 9.024670891955056951e-02 1.155493649648004911e-01 9.018204217202420436e-02 1.153209819374358958e-01
7.503593291451070291e-02 8.791570715173320505e-02 1.043939023155299739e-01 1.148340367462321182e-01 1.147524404123234643e-01 9.433602214192494950e-02 8.830401076871159660e-02 1.162484302719976742e-01 8.820738203133163258e-02 1.159721352457047105e-01
7.539202318431895145e-02 8.713363829122050541e-02 9.132598134132237366e-02 1.190964795280432392e-01 1.190743119744327588e-01 9.007969592469983189e-02 8.834632838768427532e-02 1.207495791153032350e-01 8.831042814750819647e-02 1.204915341054666328e-01
9.092721411030091350e-02 8.918784716871538953e-02 9.566248254337605950e-02 1.111890946935796404e-01 1.112349424434384421e-01 9.561777381117403385e-02 9.137470803199673752e-02 1.117026625430023179e-01 9.141625549824673735e-02 1.116870191561697423e-01
7.341557797785122630e-02 8.837762327620135583e-02 9.522402846010009914e-02 1.184012883921550935e-01 1.183564152280677656e-01 9.151764600169087771e-02 8.815647098504153512e-02 1.193062347646937221e-01 8.809847595127863473e-02 1.191462389629196900e-01
7.916236073768685710e-02 8.776263161392107437e-02 1.009932144510573698e-01 1.142513954829201955e-01 1.141863566214569720e-01 9.219073460883786542e-02 9.031986747610275257e-02 1.155705694300983577e-01 9.023803211367747990e-02 1.153248374642411034e-01
8.347412346868791910e-02 9.173424940021268625e-02 9.236804620920045783e-02 1.139589630324046171e-01 1.138876407135379770e-01 9.150965780226537338e-02 9.174379253231765285e-02 1.149332706641801732e-01 9.165353237562347266e-02 1.147367238015696705e-01
7.851481694232106956e-02 8.860312111973951688e-02 9.509174456939718800e-02 1.162335474605113300e-01 1.161621430440947372e-01 8.997697062788100053e-02 8.982741499679255948e-02 1.180938379996885751e-01 8.974065153759559765e-02 1.177557517019784117e-01
7.831386253865382785e-02 8.500711752676971822e-02 9.651387057876578690e-02 1.177756990919851809e-01 1.177117130883342661e-01 9.061122651021212560e-02 8.717374643138688095e-02 1.201003289271747460e-01 8.709776581735605150e-02 1.196946694893614299e-01
7.415348313392190749e-02 8.805875238813742900e-02 9.389912826767961296e-02 1.191708332025667311e-01 1.190667432202547477e-01 9.074422965824345544e-02 8.630050766303219711e-02 1.214246515316894648e-01 8.618862404840897662e-02 1.209930468860654640e-01
8.090096054229983791e-02 8.757614878168064332e-02 1.009406915084783835e-01 1.143037014529227069e-01 1.142862847658123182e-01 9.263042784941220853e-02 9.006370151490836196e-02 1.146566770449010814e-01 9.003279058267721346e-02 1.146086159569072449e-01
7.246262047660212424e-02 8.516304378651871898e-02 1.052834304651860953e-01 1.187571802135024140e-01 1.186657851609765058e-01 8.727121166670086250e-02 8.544993875047317278e-02 1.210076851736237025e-01 8.535064558607188823e-02 1.205884587203445019e-01
7.179131737288073356e-02 8.644757548460287044e-02 1.019713357000492787e-01 1.182153373499167937e-01 1.181502987514856107e-01 8.978894510310442278e-02 8.716968734166119503e-02 1.198326069938086824e-01 8.709287596545205179e-02 1.195400199370383332e-01
7.614007691703099379e-02 8.743389506467344474e-02 9.452328818904970342e-02 1.187596276728297984e-01 1.187054838449658339e-01 9.082485649717692011e-02 8.610079996269509595e-02 1.209233760218108855e-01 8.603537896008332797e-02 1.205532168696839407e-01
8.165373783166904320e-02 8.970984292442440999e-02 9.662486273349712995e-02 1.138504041540756434e-01 1.137797138110631656e-01 9.252414511722249768e-02 9.042688129837438138e-02 1.157152501568699948e-01 9.033864714441049160e-02 1.153765148283932146e-01
7.535037970176018673e-02 9.343160239446442195e-02 9.487165520221242654e-02 1.138863662969010759e-01 1.137719896088514593e-01 9.399825910084405600e-02 9.236108267097638269e-02 1.151986108064220055e-01 9.222213923660722845e-02 1.149079149809607570e-01
7.128001258304408894e-02 8.775458625611820551e-02 8.795288926347008540e-02 1.201964664713939673e-01 1.200946560272641572e-01 9.154333432289488148e-02 8.900139589020941711e-02 1.218067276626479539e-01 8.888856471698702855e-02 1.214813668059702145e-01
7.883918461675017142e-02 8.538238985985638352e-02 1.013774088689960023e-01 1.159981781511895682e-01 1.159372733495228347e-01 9.083815309143757066e-02 8.877806825066736351e-02 1.171832846834010011e-01 8.870282900375285606e-02 1.169632301244261652e-01
7.566044667594817863e-02 8.667308309221177787e-02 8.985591874266701806e-02 1.192484951204371840e-01 1.191891606681601129e-01 9.074293565361474245e-02 8.847768836565933492e-02 1.210299107165882793e-01 8.840581249233799011e-02 1.207165484723753679e-01
8.069807686978885952e-02 8.969195111282132760e-02 9.932650059136638454e-02 1.131048271693649854e-01 1.130234722690258292e-01 9.395532672120836259e-02 9.030075811187586454e-02 1.150284858466874838e-01 9.020052866867696306e-02 1.146700726391839398e-01
8.192420160572577714e-02 8.994760783645565361e-02 9.513940652399836828e-02 1.155249726341888439e-01 1.154735320671993748e-01 9.001667803260460232e-02 8.895542807807320373e-02 1.172099957947336513e-01 8.888955679110686903e-02 1.169186206359136559e-01
7.541550328737271769e-02 8.646331639255931678e-02 1.038084918028038400e-01 1.160033408108343544e-01 1.159286863397796519e-01 8.982734535448690105e-02 8.889792538163295010e-02 1.175704091906423360e-01 8.880860949336691346e-02 1.172763719465210047e-01
8.276570086129456105e-02 8.931738937018181279e-02 8.822772049200726385e-02 1.173735479850754465e-01 1.173440572213344524e-01 8.983722237563111779e-02 8.917350359175775509e-02 1.185064327310957066e-01 8.913019672087964251e-02 1.183242286507421998e-01
6.540374683475086437e-02 8.406467694734630347e-02 1.430557616330720982e-01 1.138495518712311638e-01 1.137504155146173146e-01 8.386318807308240642e-02 8.288906174071125621e-02 1.153220418866457014e-01 8.278174031776941444e-02 1.150198151807733937e-01
8.112000414402405213e-02 9.277277528312838362e-02 9.036303382149052377e-02 1.143472582535795257e-01 1.142843434119706486e-01 9.288773223868217188e-02 9.158890651289756935e-02 1.156873592844560733e-01 9.150830708108619038e-02 1.154402799686848752e-01
8.152174400381673181e-02 9.066672574497947057e-02 1.001541651423953350e-01 1.133033612614452457e-01 1.132893415896752826e-01 9.313386266845387340e-02 8.984594495138564785e-02 1.141984639058211404e-01 8.981883711277802163e-02 1.140675536192492651e-01
7.874414442040272855e-02 8.806674830886841721e-02 9.729263300994327179e-02 1.161319076082399648e-01 1.160768215634243733e-01 9.056765981951134248e-02 8.889638329146581919e-02 1.178481429298863653e-01 8.882707148093513250e-02 1.175484875673225432e-01
8.314348408881047647e-02 9.035492022178900906e-02 1.035266225115003130e-01 1.122428143155847075e-01 1.121870007709798861e-01 9.396805468085001056e-02 8.908400067548070955e-02 1.133417605122175459e-01 8.901198041989799581e-02 1.131393618028893600e-01
7.341884154676468766e-02 8.745602395917222160e-02 9.306875280019769048e-02 1.195707767541016459e-01 1.195238280192390395e-01 9.047045574546845603e-02 8.718153889585285310e-02 1.212351334072278575e-01 8.712242548848091184e-02 1.209522233834946503e-01
7.785067885323231074e-02 9.005555118311193985e-02 9.596921645519794486e-02 1.157882699000311877e-01 1.157081265416736171e-01 9.050280923657474941e-02 8.944550177096739774e-02 1.178548464938430351e-01 8.934982322467860394e-02 1.174751763406891858e-01
7.637567816789338215e-02 8.782265581120643483e-02 9.586527222319263242e-02 1.161646426206111860e-01 1.160901813267496141e-01 9.127515920862015741e-02 9.023994859077658082e-02 1.181924406105489544e-01 9.014955567115194579e-02 1.178244657692491260e-01
8.527161125719896761e-02 1.027250539021756365e-01 1.040073130492745745e-01 1.049307252675765051e-01 1.049059378348636412e-01 1.015484884863684933e-01 9.294584600948539721e-02 1.054183080372419895e-01 9.290647988671035806e-02 1.053402362691044786e-01
8.589900920134141415e-02 9.027777950596006795e-02 9.543327438519291772e-02 1.116972446618306469e-01 1.116991357278133423e-01 9.525712507056864620e-02 9.260924715945609287e-02 1.122980617723284696e-01 9.260097032341631229e-02 1.122281521920920622e-01
7.801184406520210446e-02 8.381812115262471385e-02 1.088130464180945695e-01 1.178951664785784087e-01 1.178397093834343545e-01 8.743395322013938764e-02 8.371953780365851139e-02 1.195522563527704335e-01 8.365420136576794119e-02 1.192621637597296447e-01
6.905246967073365438e-02 8.942925776699647833e-02 1.071425061715225863e-01 1.169922880950769878e-01 1.169333048248676205e-01 9.154276459097347718e-02 8.653731673835374227e-02 1.180508687693766490e-01 8.646621282085169280e-02 1.178530105512471393e-01
7.712043784031621940e-02 8.874591642330950658e-02 8.724969920600192386e-02 1.193021436259291829e-01 1.192379840670271390e-01 8.971035419709234848e-02 8.856284223639418474e-02 1.209395611143398580e-01 8.848624358701405457e-02 1.206448177025755825e-01
7.599002930218021201e-02 8.406066405591190727e-02 9.485484270917028671e-02 1.214661180577364524e-01 1.214337796281145659e-01 8.651333940750802198e-02 8.488264733897196712e-02 1.231132700826073206e-01 8.483809709539902322e-02 1.228472123224002843e-01
7.284167282611823946e-02 8.443480488698618114e-02 9.891991838777357271e-02 1.199674498999876160e-01 1.199352584807746175e-01 8.784578404744282365e-02 8.643432196334985274e-02 1.217605466256176383e-01 8.638934875283288406e-02 1.214708941291166161e-01
7.837218029797786423e-02 8.630252884807161629e-02 9.522736126485117913e-02 1.180577365957629216e-01 1.179987522407789924e-01 8.800707922263578675e-02 8.839510176284889886e-02 1.198126059231834628e-01 8.832310100913713657e-02 1.195035528347521275e-01
7.883359987964577709e-02 8.828763592744315325e-02 1.019908606320419076e-01 1.142869750438534476e-01 1.142350398483677476e-01 9.208143831076574803e-02 8.930066410080518546e-02 1.160254645061033901e-01 8.923357557057286227e-02 1.157247461804007255e-01
7.988920349058786785e-02 8.576543112650876488e-02 9.043029048614434351e-02 1.189438266757229246e-01 1.188970228157477799e-01 9.077848952908211533e-02 8.767370488630231440e-02 1.201051284617461329e-01 8.761426027197649624e-02 1.199026422561812188e-01
7.535430611294058334e-02 8.901929686997843427e-02 9.769018406432999901e-02 1.167669955711087698e-01 1.166737697814996810e-01 9.012482172561506188e-02 8.872036085143847339e-02 1.187039635279056454e-01 8.861312284101047210e-02 1.183331786541728242e-01
7.470290002130379470e-02 9.273156277813733583e-02 1.004450646062120950e-01 1.146920094089157460e-01 1.146338402919078181e-01 9.213358022664118463e-02 8.955031627141525619e-02 1.159301792698958083e-01 8.947664544906540340e-02 1.157039016765055717e-01
8.125425768429576923e-02 8.944022005793850205e-02 9.730905549489951567e-02 1.150681000700144035e-01 1.150530812423629368e-01 9.322970370253086392e-02 8.852400240600694081e-02 1.158714874190819311e-01 8.849551747844308647e-02 1.157545744444260366e-01
7.017912809454204814e-02 9.084914483107017769e-02 1.006353104102745699e-01 1.178384307309040396e-01 1.177923783648207601e-01 8.851894452728174822e-02 8.869480580993789609e-02 1.184887136090408410e-01 8.863520581815735599e-02 1.183679378039706048e-01
7.430068170041413678e-02 8.920545553439533648e-02 9.193205956796657308e-02 1.195792262316653642e-01 1.195223471165112739e-01 9.058174699634294336e-02 8.646137166655827599e-02 1.211504758940327442e-01 8.639342426338073033e-02 1.208732110287325939e-01
8.032638372710182439e-02 9.076503593119820967e-02 9.902204394379411634e-02 1.140994775276364531e-01 1.140708572263438997e-01 9.082698299698900579e-02 9.038418335492418021e-02 1.151677762957954987e-01 9.034130811312311715e-02 1.149959508830937643e-01
7.598738129978080402e-02 9.133424011543032905e-02 1.032580430482028105e-01 1.134716536593981806e-01 1.134317707715049722e-01 9.511822082242954446e-02 8.922854328739288077e-02 1.145936024866192476e-01 8.917392260839814011e-02 1.144026219008431045e-01
8.980494048215804936e-02 9.526008213412488768e-02 1.073763357738810181e-01 1.034320149954347512e-01 1.034539240147937106e-01 1.000322192606597771e-01 9.660714370686911134e-02 1.037008010426012927e-01 9.663255315036430038e-02 1.036999854391131015e-01
8.077378299379277260e-02 8.967243377600805920e-02 9.706536187675496308e-02 1.145590613983561851e-01 1.144725195646942445e-01 9.407452807553681740e-02 8.879636608714920609e-02 1.160964348854177236e-01 8.869379502291545314e-02 1.157957163193746586e-01
8.187359815001979402e-02 9.353862191016254490e-02 9.748400377208160661e-02 1.102124073485218209e-01 1.101444050494467947e-01 9.823294192186382556e-02 9.284327981182573242e-02 1.115881436519488151e-01 9.275293724275322782e-02 1.113296611413758380e-01
8.339288075663382760e-02 9.072806703564206821e-02 9.931061058191173463e-02 1.100972671506716821e-01 1.100040763953365058e-01 9.659629158762243761e-02 9.307436662603002508e-02 1.121140296575175582e-01 9.295372923889426431e-02 1.117286809697399103e-01
7.607701690791147942e-02 8.706647203603848362e-02 1.003047025665415870e-01 1.187991481852489900e-01 1.187504632086120171e-01 8.936612342095458239e-02 8.434620948736433477e-02 1.206595850204136705e-01 8.428688482882097655e-02 1.203433943380938925e-01
6.985754534190583009e-02 8.841849305414942184e-02 1.002464310453023422e-01 1.195444584650701136e-01 1.194823711737858785e-01 8.776121302158605697e-02 8.667762653992024113e-02 1.208211055449744942e-01 8.660463561656414622e-02 1.205861201967414059e-01
7.530804814771331623e-02 8.433401815424329540e-02 1.023790212071506028e-01 1.200955912256868457e-01 1.200812163815435096e-01 8.816380404348370114e-02 8.303820019682761622e-02 1.219354465603673804e-01 8.300964060542488643e-02 1.216550134775588321e-01
7.313103314211062689e-02 8.680659096897183624e-02 1.054477131688080632e-01 1.183101156334066262e-01 1.182836131185313888e-01 8.705599120278044445e-02 8.642894316240382069e-02 1.191388731681316676e-01 8.638914102501903114e-02 1.190079854098365503e-01
7.614625595697242788e-02 8.991001956324012889e-02 9.532935084757269972e-02 1.162772516425340796e-01 1.162242869577469750e-01 9.167306532970129207e-02 8.985382614168285764e-02 1.175100509049585573e-01 8.978606062553014244e-02 1.172898320300608810e-01
8.117040812370274194e-02 9.388211563999160347e-02 1.030026543216384649e-01 1.115407594224915172e-01 1.115185370876349974e-01 9.278480408159631154e-02 9.066532085536421759e-02 1.124756252736478085e-01 9.062936366173890423e-02 1.123304115321934610e-01
7.819604288932230363e-02 8.353619605070271292e-02 9.317238982372834377e-02 1.205234058963561006e-01 1.204893527213758003e-01 8.948076734273543997e-02 8.497862445918351326e-02 1.225062405782295083e-01 8.493246737842327643e-02 1.221845128599430008e-01
8.471931063040724630e-02 9.375008380182490997e-02 1.057851566863935444e-01 1.080488405071600433e-01 1.080604923265406081e-01 9.627300917683238868e-02 9.312588499224508376e-02 1.085780634890259194e-01 9.313143744557561554e-02 1.085277209439946683e-01
8.135442303638866501e-02 8.880572667207252413e-02 9.454477599472115024e-02 1.155999854960679807e-01 1.155155188922211001e-01 9.020907337747793853e-02 8.945659693630468590e-02 1.177798532341779447e-01 8.935629105527538585e-02 1.173777553052926109e-01
7.596265478148817030e-02 9.112797460379297443e-02 9.490469586091437870e-02 1.159689610347235944e-01 1.158806933958831109e-01 9.316074128963518219e-02 8.886071009653576103e-02 1.178681169943537888e-01 8.875756662981591771e-02 1.175078853128570799e-01
8.840039363283588858e-02 8.639354115438165060e-02 9.859175094049160704e-02 1.107634012760060488e-01 1.107769459994999706e-01 9.495544708932514288e-02 9.362825765370032249e-02 1.114654372226769885e-01 9.363471001943367289e-02 1.113901150116487215e-01
7.680707818373780360e-02 9.063748180635824991e-02 8.837784932083619927e-02 1.179591033481974943e-01 1.179329240260817840e-01 9.253839167945522581e-02 8.915571188462328989e-02 1.188045213418181950e-01 8.911572357859343096e-02 1.186712148302983272e-01
7.758761854612081232e-02 9.294150209989363032e-02 1.037543479085461934e-01 1.139344209515965184e-01 1.139296511577630872e-01 8.999974096719372263e-02 8.899496257862000992e-02 1.150160658796472307e-01 8.897743990655926360e-02 1.148642500040595038e-01
8.047384892675285561e-02 9.068431200815009474e-02 1.035018992916137553e-01 1.131675730361627191e-01 1.131071805830380778e-01 9.116721016463183447e-02 8.968773070291310989e-02 1.144147935656632808e-01 8.961079625912440894e-02 1.141846554619497939e-01
7.710378489440890271e-02 8.963386025628107545e-02 1.003823917640208618e-01 1.151076364153761494e-01 1.150543208160364761e-01 9.134325123468590990e-02 8.963037917513913544e-02 1.161895989599163459e-01 8.956191179182640405e-02 1.159928646923087669e-01
8.211253515463018404e-02 9.116447598097812688e-02 9.214927707937867196e-02 1.145978045950086927e-01 1.145570243347067141e-01 9.311985342317320724e-02 9.089060532162523964e-02 1.153536053011154222e-01 9.083453787721455785e-02 1.152202809321691418e-01
8.174985959857221374e-02 8.774382596071662876e-02 1.078386902986197965e-01 1.130014411315435063e-01 1.130107411623248043e-01 9.325281518878622555e-02 8.773325680001321791e-02 1.140351725938980043e-01 8.773035467271805832e-02 1.139038425928075027e-01
7.643720816206760194e-02 8.797031307853210580e-02 9.892297199736783953e-02 1.168182181056643676e-01 1.167328037258874157e-01 9.053506255660180579e-02 8.792952119930305677e-02 1.185788932786572963e-01 8.783114848045342482e-02 1.182438594154650857e-01
7.987040932463437826e-02 9.165901753709743138e-02 1.064034373497506208e-01 1.126246060039275271e-01 1.125740244091255199e-01 8.997213925020154657e-02 8.944468676650442485e-02 1.141712330739072523e-01 8.937826090995024120e-02 1.139021853749010438e-01
7.336549254608845660e-02 8.927650802571160393e-02 1.063654581569491581e-01 1.166458480314143398e-01 1.166191716239766557e-01 9.078147024830823808e-02 8.571828882942689187e-02 1.178719515388522571e-01 8.567845681912127087e-02 1.176773541801511003e-01
7.506990153386319808e-02 8.662928902300735812e-02 1.019031847640259059e-01 1.188184589803184671e-01 1.188098249011508845e-01 8.694583938101461962e-02 8.610038367804434545e-02 1.199000752932450481e-01 8.607731823925920955e-02 1.197457242060709914e-01
7.467990139065838751e-02 8.861982152980847627e-02 9.273557518221864360e-02 1.210431796011929989e-01 1.210453653665121837e-01 8.831246982048766847e-02 8.437989807711938905e-02 1.225117416216369298e-01 8.436569140685556967e-02 1.223063560035097669e-01
7.388533384511056235e-02 8.683799836048675114e-02 9.950706513715137924e-02 1.191799177395847370e-01 1.191597118807249667e-01 8.832045305333492691e-02 8.599526743909480242e-02 1.206933382286780182e-01 8.596143187971229394e-02 1.204594824361216177e-01
8.007448771923135478e-02 8.719793420477107981e-02 9.963518752963701486e-02 1.144006916079989278e-01 1.143178836323015674e-01 9.386265309977886995e-02 8.907086354094642666e-02 1.164218836783356692e-01 8.897172834650268758e-02 1.160466866404964159e-01
4.708169222736755671e-02 8.703792047465130910e-02 6.785636609839802713e-02 1.328166279524068405e-01 1.324460251508030317e-01 9.098207331961141731e-02 8.626082819685926273e-02 1.351269850149317553e-01 8.595211650289384664e-02 1.344393650620769876e-01
7.604574871253516610e-02 9.194490261433091449e-02 1.019026013611797482e-01 1.135269965152924942e-01 1.134781915817305170e-01 9.269304681685555658e-02 9.050396201699910381e-02 1.148482565863062077e-01 9.043913404406395129e-02 1.146171597507063405e-01
7.739869682724370703e-02 9.072939640332529365e-02 9.717500930301953277e-02 1.153357026298066496e-01 1.152505599516621959e-01 9.116710118358005432e-02 8.971729612298864898e-02 1.169620346067631322e-01 8.961569178568840055e-02 1.166485111859224127e-01
7.881970711685623576e-02 8.675143386052588945e-02 9.371609284000988194e-02 1.172842066255414123e-01 1.172481158406154939e-01 9.069540345030684125e-02 8.902485464203972743e-02 1.188732073486704621e-01 8.897498531104996999e-02 1.186119929643840859e-01
7.978271824568312909e-02 8.465886787513518530e-02 1.009854317037087307e-01 1.157869848905379723e-01 1.157668665534004049e-01 9.112542675749499277e-02 8.882375929408208026e-02 1.172534791557006406e-01 8.879002612990413712e-02 1.170264393943526993e-01
7.342119729621533752e-02 8.775925128050718338e-02 9.832871076956693768e-02 1.193834278967440959e-01 1.193033718270973820e-01 8.870623818997035170e-02 8.558716755183699842e-02 1.211730667204478917e-01 8.549855723560345622e-02 1.208390112320103377e-01
7.743946004437061992e-02 9.349761184936433711e-02 1.031178657620099304e-01 1.135526762080426022e-01 1.135255777359191476e-01 8.913493064193567239e-02 9.036634233808370220e-02 1.146041528476284960e-01 9.032508221823928873e-02 1.144363003544061896e-01
6.997205434552786207e-02 8.806471108740424047e-02 9.605069558972031962e-02 1.186549573808976105e-01 1.185274176134653440e-01 9.142420055798768097e-02 8.827847142371819666e-02 1.206495431785227501e-01 8.814022686203662471e-02 1.202377219607193432e-01
8.340184257516015942e-02 9.005778656294780027e-02 9.297810146602224213e-02 1.156807775093246643e-01 1.156416462765639808e-01 8.942711969060802846e-02 8.913942973205495057e-02 1.174393810254880377e-01 8.908615884537086915e-02 1.171477563164591562e-01
7.426270746743574014e-02 8.626763630589828757e-02 9.830394660596442069e-02 1.184912562719703105e-01 1.183713027941135643e-01 8.959352799166804548e-02 8.657550657469931243e-02 1.210950595138956254e-01 8.644757701233266034e-02 1.205914794620220470e-01
8.436642392955827352e-02 9.416392827639996632e-02 9.975833644762284458e-02 1.111226067587093025e-01 1.110763578112740901e-01 9.442922554993628259e-02 9.029363670087767191e-02 1.123896030088177289e-01 9.023086089412828137e-02 1.121690206226755443e-01
7.340796044220901373e-02 8.828497441315702465e-02 9.113702194172423887e-02 1.181891193575091148e-01 1.181248688895739918e-01 9.301147238245199844e-02 8.955009109359143848e-02 1.195354832459120109e-01 8.947197782430960089e-02 1.192870304095615119e-01
7.535801572379594027e-02 9.218767603489733120e-02 1.013551504600399972e-01 1.158251966288810358e-01 1.157637819193220036e-01 9.017773660023133131e-02 8.778023559959810540e-02 1.170358197564207586e-01 8.770521114002008400e-02 1.168111761367934265e-01
7.641197127184656823e-02 8.858537865026924751e-02 1.058894587103656609e-01 1.165029447864065065e-01 1.164472814789530991e-01 8.980842099948771473e-02 8.498519406830051803e-02 1.183892738303141678e-01 8.491825245379608367e-02 1.180618237502604195e-01
8.179715641997975517e-02 9.432151762582392795e-02 1.022318754318184281e-01 1.100514348657907898e-01 1.100379470085393746e-01 9.603861932385888978e-02 9.183423407553441276e-02 1.110099936037375890e-01 9.180841781564587356e-02 1.108688038292709455e-01
7.627563631292103019e-02 8.795839316237437366e-02 9.420170698062695080e-02 1.180981851553780659e-01 1.180430868146496726e-01 8.980815075433845607e-02 8.814351920474790270e-02 1.198503879219040003e-01 8.807552269766741326e-02 1.195454109953921068e-01
8.205856878061479343e-02 8.942122309678907088e-02 9.863570241968816488e-02 1.133436891210132386e-01 1.133082101898405664e-01 9.442258943557407802e-02 9.006105343514277106e-02 1.144622713090979321e-01 9.001079710917488097e-02 1.142758951030645176e-01
8.045455664078461633e-02 8.835073500792532675e-02 9.095550001595388567e-02 1.174065396168264275e-01 1.173520758405409425e-01 8.994601547111852335e-02 8.897690766784820127e-02 1.189608970992675069e-01 8.890867984772861388e-02 1.186880927920059281e-01
7.853473599724709875e-02 9.142315537423335858e-02 1.106809431430359481e-01 1.111159862736192383e-01 1.110909694081888971e-01 9.616187179360076442e-02 8.845181788630571140e-02 1.121451789809955329e-01 8.841306321526203049e-02 1.119822779275113644e-01
7.586289797500915533e-02 8.556753086657335750e-02 9.275173358662318346e-02 1.200354575833235127e-01 1.199951570885686297e-01 8.876574186534813560e-02 8.659888093879390680e-02 1.221092814187551140e-01 8.654638149127741320e-02 1.217669371857275779e-01
7.977884132407660200e-02 8.355371015869407503e-02 9.432194961096682095e-02 1.201758185213872010e-01 1.201294846410244643e-01 8.818512395290541150e-02 8.484919854384027904e-02 1.222836201176891319e-01 8.479208139061374105e-02 1.219301717388022871e-01
8.360006817544959890e-02 8.483579422698714345e-02 9.719018356663415570e-02 1.138495679782484254e-01 1.138044301497554145e-01 9.512087500431032350e-02 9.096115562830477119e-02 1.149663679657359772e-01 9.090015291463261760e-02 1.147714043899415587e-01
7.240770758678528873e-02 9.151093691009797026e-02 9.256464177076607902e-02 1.183497781247038472e-01 1.182731081723649574e-01 9.144830577810088290e-02 8.800975050024745228e-02 1.199040511840952505e-01 8.792098439459940240e-02 1.196107355782388693e-01
8.797346076485795807e-02 9.185512901300239841e-02 1.052233296602098217e-01 1.108211475040643129e-01 1.108244265849437638e-01 9.098624244536854255e-02 8.955988130812655990e-02 1.116548543915518027e-01 8.955233285381568320e-02 1.115491954740591984e-01
7.738731158633400942e-02 8.344931444722722413e-02 9.647628697367383044e-02 1.192837662460554671e-01 1.192628846461338266e-01 9.006839179486682279e-02 8.581237449264417227e-02 1.214069664424669709e-01 8.577796406869084289e-02 1.210747393019068058e-01
7.010751073620187512e-02 8.818838433801477750e-02 9.067896537759088937e-02 1.214477310461360982e-01 1.213398880880878633e-01 8.689220932915328599e-02 8.739368454299402400e-02 1.235406293241062409e-01 8.727887421948903046e-02 1.231321229982259152e-01
7.271349941725889499e-02 9.055931928184814128e-02 9.029270935964141265e-02 1.181954548974687158e-01 1.180842451100232865e-01 9.118596844832779769e-02 9.021595749882271864e-02 1.194720666176829066e-01 9.008974016817111741e-02 1.191910392007550362e-01
7.019431471853336546e-02 8.930800560679412470e-02 9.600523358077787950e-02 1.184623528639119072e-01 1.183529585458145822e-01 9.171124527456675501e-02 8.803836442354291691e-02 1.201798724793277789e-01 8.791791325536869872e-02 1.198297392513619636e-01
9.271630359591787052e-02 1.009520026733203985e-01 1.061729019251876349e-01 9.936378025678682668e-02 9.939227670371819645e-02 1.044965517642083147e-01 9.943132260107181986e-02 9.894443462349360174e-02 9.947396404854065566e-02 9.905646180775473653e-02
9.970630494073746963e-02 9.495000683942877995e-02 9.710625610753853554e-02 1.019048374873095242e-01 1.019325303631204022e-01 9.800717322974243639e-02 1.015332853129770618e-01 1.015953970581427168e-01 1.015741108084760314e-01 1.016900978525270699e-01
8.447076051985974443e-02 9.241623513583496763e-02 1.107534431675443187e-01 1.109250148393770702e-01 1.109396707119127273e-01 8.955359054090945847e-02 8.880262113942510860e-02 1.117093976586676085e-01 8.880715178240297658e-02 1.116221145040660057e-01
8.373420343362260321e-02 9.297159973075035111e-02 1.013707645507887917e-01 1.124672841156222902e-01 1.124428217529701152e-01 8.864755932842306729e-02 9.081084210380993560e-02 1.134702373912902101e-01 9.077236880982764156e-02 1.133123187828950634e-01
7.558103296029999862e-02 9.057110281589740575e-02 1.041758444617314067e-01 1.150987138891899353e-01 1.150359363726445872e-01 8.895824018560440083e-02 8.899201927594989348e-02 1.164616624466965067e-01 8.891422203279841785e-02 1.162112255591874477e-01
8.030150690746941378e-02 9.005031141673774941e-02 9.444265626727360585e-02 1.145369643397352866e-01 1.144374803011989766e-01 9.316156797920509269e-02 9.055010390646700547e-02 1.162114596748834161e-01 9.043137509233084570e-02 1.158765741146985662e-01
7.525393416632755739e-02 8.985195514013886997e-02 1.004287408268673132e-01 1.160742653270881303e-01 1.159945324907366293e-01 9.196666617084565953e-02 8.782427783601527704e-02 1.175818870062323995e-01 8.773107695741477752e-02 1.172926640783334418e-01
7.837545227163449091e-02 8.912904073815038075e-02 9.610363385574256789e-02 1.159441999238800952e-01 1.159183988099842938e-01 9.323293786118606874e-02 8.888658985491280917e-02 1.168531018058186488e-01 8.884700769492835659e-02 1.167096371837622326e-01
7.213562773636177095e-02 8.884732651834553740e-02 8.954703720274921619e-02 1.199460819646294280e-01 1.198331077220146645e-01 9.056444008534535184e-02 8.775852822820161270e-02 1.220753363514076317e-01 8.763677149114358633e-02 1.216557426998012420e-01
7.837676889801686864e-02 8.803120712965627204e-02 1.047897028420759769e-01 1.138305999981676642e-01 1.138179452629113214e-01 9.173731757211095461e-02 9.019327001036188396e-02 1.145811182648316245e-01 9.016755788419386630e-02 1.144745121376735814e-01
8.011904629917615539e-02 9.010963139843231051e-02 1.036993650034809950e-01 1.128548329151957685e-01 1.128297591839892977e-01 9.326511079730916143e-02 9.017841805129224453e-02 1.134490236802482843e-01 9.013933394818314515e-02 1.133554787226926375e-01
7.444591502053454768e-02 8.563247612034433076e-02 9.259875690934712966e-02 1.192675554010816374e-01 1.191751613095723000e-01 9.149062526436974041e-02 8.795025313207770201e-02 1.209611672094519641e-01 8.784710560816517966e-02 1.206309840250555099e-01
7.729256189043773317e-02 8.809413576179980776e-02 9.714138917807228768e-02 1.158510234112937881e-01 1.157608616090750747e-01 9.378803017658186858e-02 8.840723993662527591e-02 1.178718818157783177e-01 8.830267863476244650e-02 1.174901975855733721e-01
7.424989548891197666e-02 8.709917834145072812e-02 9.389074896455992802e-02 1.194785191726941975e-01 1.194126269167358062e-01 9.049923808128482183e-02 8.634727233295913518e-02 1.215595847262666285e-01 8.627103872682034824e-02 1.211918972483164436e-01
7.899757613293841019e-02 8.514125599187737092e-02 9.092718853253894951e-02 1.218237775738365558e-01 1.218398602611268783e-01 8.455585440735534364e-02 8.494694792619530976e-02 1.235261195466147988e-01 8.494483454891947616e-02 1.232965850785969070e-01
8.058781359047688386e-02 8.530504569358388078e-02 1.018979172358716323e-01 1.158985106898603318e-01 1.158840793588136464e-01 9.161027232505508655e-02 8.728977181254723994e-02 1.172327096575900285e-01 8.726176154956678810e-02 1.170321180866344957e-01
7.164853176023153192e-02 8.601416945056832020e-02 9.809574836809356602e-02 1.210190187971299097e-01 1.209468582093475436e-01 8.599745857765307699e-02 8.522738838827409458e-02 1.231417230604822249e-01 8.514728771695913301e-02 1.227618156712606129e-01
7.864673141226760644e-02 9.391787225176403964e-02 9.074077113309758635e-02 1.131241916758633642e-01 1.130214908087442127e-01 9.437744716082194230e-02 9.350883933345847943e-02 1.148114235240693393e-01 9.338010404198181236e-02 1.144711286579316312e-01
7.042820756997492104e-02 8.483499155476238729e-02 9.456184066893327800e-02 1.209446323184959204e-01 1.208548015232011191e-01 9.081861480330524761e-02 8.650738169694284496e-02 1.224700199047294574e-01 8.640985254183003450e-02 1.221696574178248451e-01
8.518246412927851785e-02 9.125537172670333819e-02 9.112950236192396414e-02 1.128249823605718682e-01 1.127660903552301780e-01 9.508678700679429330e-02 9.212538047131807462e-02 1.138906674673154512e-01 9.204791153988484131e-02 1.136908425809795009e-01
8.275383190021390334e-02 9.026737790181861565e-02 9.946544537430246358e-02 1.105690887814086143e-01 1.105133366088030533e-01 9.472334581515209906e-02 9.442569156276042763e-02 1.115591989747191926e-01 9.434883582004108260e-02 1.113738472607805757e-01
7.492660255851764373e-02 8.259861624654495083e-02 1.003422474220910382e-01 1.224695209665063733e-01 1.224570443674832948e-01 8.432149311301262440e-02 8.207438301695296756e-02 1.245389600692368287e-01 8.204709919494385106e-02 1.242240330447103996e-01
8.829647869454489151e-02 8.725532578362257818e-02 9.451687227263554092e-02 1.115672757189011127e-01 1.115633396506134634e-01 9.461769493084576377e-02 9.337045929259246702e-02 1.128175927942518531e-01 9.335576300889859847e-02 1.126391978530936894e-01
8.544661609571203853e-02 8.967549222745953286e-02 9.389937159179623238e-02 1.104955961386260843e-01 1.104453092965703986e-01 9.411619198290446797e-02 9.666111153609159568e-02 1.114203998772756582e-01 9.658939953155201708e-02 1.112505117220119744e-01
7.536766577375794696e-02 8.919632757346387941e-02 1.015554933078903072e-01 1.156576448762897807e-01 1.156039487263447602e-01 9.246018958336199578e-02 8.803468828573493554e-02 1.172149138831902054e-01 8.796717349228652671e-02 1.169419544976796760e-01
8.287266363178909245e-02 9.018367517302096348e-02 9.676184165963779005e-02 1.142659375962656598e-01 1.142859463076461440e-01 9.039017261547267756e-02 9.090395455548394565e-02 1.147263763067721126e-01 9.091355222838753969e-02 1.146958799255241440e-01
7.234209548618350527e-02 8.653192152897515310e-02 1.060880293746529063e-01 1.177998876403432982e-01 1.177778810966555040e-01 8.782824669231126258e-02 8.651174233548129811e-02 1.194509011793118275e-01 8.647625117357803093e-02 1.191930434925071863e-01
7.404093567298647427e-02 8.653721101216095557e-02 9.914640978337660449e-02 1.184840587674905882e-01 1.184082177524827667e-01 8.972770085174701371e-02 8.662653412541680698e-02 1.204214527093305231e-01 8.654014142131097320e-02 1.200673379036973909e-01
8.751515287839790880e-02 8.712960505776658204e-02 1.067870452338449128e-01 1.086991488359890928e-01 1.086910073694759421e-01 9.442951936382538991e-02 9.384642263164155729e-02 1.096009818487542198e-01 9.382764218783630483e-02 1.094734745924681174e-01
8.514462000184080948e-02 9.189326890236135248e-02 1.000021114224488583e-01 1.092395485293821411e-01 1.092796181280844131e-01 1.003195195943325652e-01 9.251833525620301035e-02 1.095151027496330809e-01 9.255673530848168573e-02 1.095311401072320834e-01
8.397515468981586739e-02 9.280645869971114459e-02 9.283511605179779747e-02 1.127061874785137974e-01 1.126822714492856925e-01 9.103633788020894235e-02 9.361748978040085323e-02 1.134380070101344701e-01 9.357927700921832292e-02 1.133236999509131121e-01
7.586609196943192024e-02 9.139403495713628589e-02 1.019208383013423536e-01 1.142439503247080212e-01 1.141826147765171440e-01 9.527372171104156462e-02 8.795915644636236042e-02 1.157763837860316530e-01 8.788326897210207989e-02 1.154999387553266310e-01
7.750941856123862161e-02 8.592993913351951174e-02 9.657459783589518454e-02 1.175430016645639258e-01 1.174832801075787608e-01 8.998590956088139969e-02 8.818186142284460682e-02 1.195137529406410104e-01 8.810908006114051561e-02 1.191691587116964768e-01
7.268913317980302269e-02 9.077799511748413375e-02 1.025113199545611697e-01 1.138819337319980918e-01 1.137597223095224708e-01 9.273771939149906551e-02 9.123254716875874026e-02 1.158642608602545726e-01 9.108717763364036768e-02 1.154581906524783930e-01
7.973132598956853001e-02 9.094547115558514194e-02 9.369567474762181825e-02 1.147922398339118466e-01 1.147264339220042534e-01 9.295704461131112928e-02 9.068069583597286598e-02 1.160552037289111216e-01 9.059803766074125964e-02 1.158178725143720333e-01
7.763990500898486358e-02 9.163496288357607378e-02 9.173771364424027075e-02 1.159649180809723540e-01 1.159007989080025613e-01 9.026867008222071165e-02 9.112599105938858080e-02 1.174786166846470276e-01 9.104544737775593921e-02 1.172029762702116867e-01
8.149888170474724192e-02 9.319341583603633905e-02 1.005842106790695023e-01 1.123452419422607818e-01 1.123047687022974972e-01 9.248319156694755072e-02 9.008945460176248643e-02 1.138609885880762784e-01 9.003357287231164574e-02 1.136062735064907042e-01
8.331569006846069325e-02 9.143273283649741567e-02 9.509951837397169483e-02 1.141332689141135309e-01 1.140614830624476217e-01 9.063231363866441903e-02 9.027682062534107821e-02 1.155652854213779501e-01 9.018772950900957874e-02 1.152951575501159898e-01
7.869600900699594281e-02 9.212962482031161748e-02 9.469382922373517641e-02 1.148652704811077979e-01 1.147983322054133559e-01 9.068184313260994889e-02 9.129871568727616904e-02 1.159130345388025979e-01 9.121429895516794395e-02 1.157090419485794497e-01
8.276298798463026241e-02 8.842914445662297673e-02 9.146914372918100999e-02 1.162970937434923413e-01 1.163078520032377189e-01 9.067934346414542601e-02 9.000674316930391827e-02 1.170650157085536686e-01 9.000482385230690330e-02 1.169778518885257468e-01
7.926536924565526221e-02 9.110081614045362208e-02 9.000586115614048199e-02 1.163533705181764438e-01 1.163325940968241295e-01 9.167883386576378135e-02 9.072324716712439063e-02 1.169719999693688145e-01 9.068861460769007954e-02 1.168792932328029943e-01
8.170599806549480593e-02 8.695569738990802100e-02 9.959137549108446064e-02 1.156452393159124598e-01 1.156084961180824239e-01 8.952132210100505194e-02 8.845595767232553031e-02 1.171822054746212705e-01 8.840537177415713765e-02 1.169283365974087552e-01
7.874315717362422029e-02 8.549822190155366430e-02 1.130317274038811770e-01 1.153002625841915985e-01 1.152878738694646799e-01 8.849859459255290939e-02 8.518082939599089243e-02 1.167618296074178497e-01 8.515482030875175246e-02 1.165426831625712562e-01
7.848695409204757556e-02 9.628742747853369366e-02 9.442226726512135959e-02 1.132153307008029186e-01 1.131879503375148449e-01 9.344920583396386371e-02 9.164476919613480377e-02 1.139071178363448567e-01 9.160291982862583948e-02 1.137960574309102302e-01
7.556036184976087922e-02 8.814114041296956803e-02 9.450147824139178143e-02 1.193065957908551050e-01 1.192776192597797269e-01 8.856562565218503713e-02 8.715571681073874810e-02 1.202658429923233324e-01 8.711346330751905398e-02 1.201121556824767539e-01
7.738004424443371831e-02 8.996422188438560341e-02 1.011351001572592806e-01 1.149548794182509021e-01 1.148844047025773529e-01 9.194637122183932365e-02 8.885000846263964303e-02 1.161779713210549098e-01 8.876429334223991108e-02 1.159427052453193135e-01
8.091746092839262328e-02 9.104252454733013922e-02 1.012171734320855970e-01 1.131247563905117826e-01 1.131109731338828805e-01 9.132142386505404108e-02 9.113417303154404403e-02 1.135393983156461339e-01 9.110740341593945302e-02 1.134847129396132914e-01
7.206648509386494317e-02 9.078093855348581820e-02 8.847009343480655152e-02 1.179455293402677796e-01 1.178137898094332170e-01 9.347926498685010799e-02 9.011274671479739540e-02 1.198863798206704634e-01 8.996564538119093679e-02 1.194791268646327870e-01
7.421787670168100703e-02 8.779529082366926973e-02 9.278569581172686764e-02 1.195371825439141833e-01 1.195099455842846964e-01 8.928970635200007833e-02 8.812868836019731311e-02 1.203915514122211455e-01 8.808788204049215753e-02 1.202561803698132398e-01
8.160492531713055275e-02 8.665785521322300067e-02 9.927939042602841602e-02 1.169417406262716758e-01 1.169363676673293578e-01 8.985166752844098159e-02 8.585504126910790956e-02 1.186441180336376411e-01 8.583549043847095439e-02 1.183934034803594826e-01
7.980441197073188941e-02 9.231179295429692289e-02 9.660374874707620962e-02 1.127139950342794239e-01 1.126433708912740472e-01 9.331810623264351345e-02 9.236308701802918575e-02 1.141170665178190824e-01 9.227208629191648026e-02 1.138523343419332035e-01
7.556312523161991257e-02 8.728447853656866318e-02 1.040548397624003474e-01 1.167432582593002088e-01 1.166909664269592112e-01 8.995025535581366305e-02 8.663082073264993799e-02 1.184019311982400513e-01 8.656604947513568682e-02 1.181142750213123871e-01
9.355338459285401920e-02 9.138773412720881117e-02 9.293861354987041634e-02 1.080717674639649628e-01 1.080757626008964911e-01 9.666034794842223721e-02 9.596776606682998201e-02 1.087284381624007423e-01 9.596529679249179989e-02 1.086508886950605518e-01
7.584345500579781074e-02 9.221726410738341484e-02 1.015392733566871653e-01 1.135604824829452020e-01 1.135296038864295753e-01 9.290038701868978677e-02 9.040724512341301311e-02 1.149313410121945989e-01 9.036190745881908515e-02 1.147090405476403341e-01
