1.036683063683069422e-01 9.573515167498430900e-02 8.115970443607455065e-02 9.452837035510389119e-02 1.035612098505658690e-01 1.213232998605720953e-01 1.121561406848843867e-01 8.121216967003744291e-02 9.467529972012964090e-02 1.119803473793408721e-01
1.015420063519597293e-01 9.490996217091082765e-02 8.499330213691777547e-02 9.485993437281498020e-02 1.014198166946708030e-01 1.250264203170996513e-01 1.087475458892627755e-01 8.496904231477490910e-02 9.510330136687979163e-02 1.084286683847086874e-01
1.026881772161674644e-01 9.778610667222331632e-02 8.891899970053311619e-02 9.462175828723667914e-02 1.025980777869015398e-01 1.205373603369314511e-01 1.046575589267792206e-01 8.894573945064782050e-02 9.478241269206277853e-02 1.044638089305165857e-01
1.012879624147706159e-01 9.091451891320463663e-02 7.810122316606400716e-02 9.031765525178031551e-02 1.011431360541391461e-01 1.182724478449504457e-01 1.258255497974400672e-01 7.812892373196329843e-02 9.054645404603707537e-02 1.254621287796503781e-01
1.011129895093579728e-01 9.404594809324494376e-02 8.152230295531304183e-02 9.430095298606036569e-02 1.010688166696979418e-01 1.280030943743432903e-01 1.121520248276487997e-01 8.150873203919097032e-02 9.438647316611803451e-02 1.118986653790246116e-01
9.664462779471745535e-02 9.183097476070518905e-02 9.581174359322711109e-02 9.492759424926641709e-02 9.671423538292307776e-02 1.156434972936692535e-01 1.089244975234138213e-01 9.583583603483875057e-02 9.479735149380133508e-02 1.088696418734375893e-01
1.052812589759043183e-01 9.381621365787279343e-02 7.923539012971285433e-02 9.329775892603883736e-02 1.051957605155080244e-01 1.257154967866642992e-01 1.124469476096790627e-01 7.929558240720221973e-02 9.339621670114237051e-02 1.123193742902752340e-01
9.838224787701729812e-02 9.095303471069814127e-02 8.342728145673239393e-02 9.284257377455511218e-02 9.826784659952569889e-02 1.182145132140109967e-01 1.208471595294533241e-01 8.344853663843758429e-02 9.304223544607100049e-02 1.205745707534984223e-01
1.022190275998613174e-01 9.511276791835532318e-02 8.873881404914384097e-02 9.533280629448549759e-02 1.020876890226673911e-01 1.189985241502818231e-01 1.066597289871158150e-01 8.880643272995319970e-02 9.554050395432051035e-02 1.065037052938153095e-01
1.024203141347450469e-01 9.268590489513438280e-02 8.516428750432068762e-02 9.310765699690141950e-02 1.022954906212582699e-01 1.215914962439739039e-01 1.122944914312050402e-01 8.515873433780293822e-02 9.334276633547146373e-02 1.119388574991868474e-01
1.010713699518307473e-01 9.068783310130160147e-02 8.431556391730650468e-02 9.211796976894211231e-02 1.009629313366079695e-01 1.258309491602801755e-01 1.143767200643095172e-01 8.428959427591180276e-02 9.233839958171061180e-02 1.140086688417989019e-01
1.024695477772733232e-01 9.296935425021049526e-02 7.850122387266099400e-02 9.051478069780938274e-02 1.022940253747943312e-01 1.263326884757928203e-01 1.190380207336038665e-01 7.851067025991756432e-02 9.080717423138730260e-02 1.185625143265499337e-01
9.949017585175745637e-02 8.845079796782240322e-02 8.490062851642038444e-02 9.076284701406546473e-02 9.945307295834125705e-02 1.152551383198633511e-01 1.230391289152757278e-01 8.500001084682451413e-02 9.078086783399864912e-02 1.228673317756307642e-01
9.813550056593303705e-02 8.745647829713311394e-02 7.488872201892654568e-02 8.691810000440383654e-02 9.798702395652078567e-02 1.220733930020883318e-01 1.355485644506666809e-01 7.489059698660034681e-02 8.716963534630073340e-02 1.349319853714265882e-01
1.007119740655891132e-01 9.001738123706683192e-02 7.556205405232550854e-02 9.039555835897376823e-02 1.005992859253968114e-01 1.234744966734499377e-01 1.267286820434020689e-01 7.557428465612905932e-02 9.057361545900584343e-02 1.263626675286610712e-01
1.008125908215388861e-01 9.277195774739520340e-02 8.126133808404435721e-02 9.089453304911612741e-02 1.007199792438864677e-01 1.265967588784454589e-01 1.175138562998702674e-01 8.125060218350006747e-02 9.107089983285115986e-02 1.171074838593520323e-01
1.001982445614050116e-01 9.279821836408265467e-02 8.606514857248916128e-02 9.291802354188338775e-02 1.000752755797981036e-01 1.181305073934508093e-01 1.155107494730290701e-01 8.604111010678397453e-02 9.316807843762989205e-02 1.150946439694479490e-01
1.056042406498029218e-01 9.861758705708587036e-02 8.009343267098677221e-02 9.697843448516248188e-02 1.053904059595956455e-01 1.204667221311724740e-01 1.078023004423078746e-01 8.011105731818725373e-02 9.733174664608845728e-02 1.076040726396102626e-01
1.074191469549262284e-01 9.544117386646534806e-02 7.826660950761640811e-02 9.524965696190518250e-02 1.072369963612436194e-01 1.295954255075501549e-01 1.066064404391506432e-01 7.829892566566608314e-02 9.552245451789763420e-02 1.063631702175787258e-01
1.004235199391887851e-01 8.776948825808525423e-02 8.191257089101737499e-02 9.139592446988448193e-02 1.003147759530347571e-01 1.200574758724755053e-01 1.224329999341804420e-01 8.196319083846966003e-02 9.155931611931864000e-02 1.221707377243450715e-01
1.029367357164296115e-01 9.301352728622358512e-02 8.246661594102856763e-02 9.423364967876653175e-02 1.028322547886399568e-01 1.280220953022984109e-01 1.099437695023988137e-01 8.247344563011566043e-02 9.441500707840395912e-02 1.096628990756948890e-01
1.010529216976195493e-01 9.360338647410773594e-02 8.574656911939031179e-02 9.339807491188975574e-02 1.009097210596679312e-01 1.181970742167675337e-01 1.140259693833577809e-01 8.571854736667718078e-02 9.368495415777713942e-02 1.136627816127450952e-01
9.906089116776610470e-02 9.409768646317556717e-02 8.582745207038257329e-02 9.245121678662265863e-02 9.897093887048567795e-02 1.210345871136741247e-01 1.152157360313082746e-01 8.582942394662808339e-02 9.262534130268613997e-02 1.148867262472708650e-01
9.750219647146435298e-02 8.937153532751837548e-02 7.978329502691036690e-02 9.120660164077126764e-02 9.737526614791652824e-02 1.199218988339678799e-01 1.269764212679064530e-01 7.979866456648293527e-02 9.142536252445719602e-02 1.266387581926046724e-01
1.009592887005497513e-01 9.438158813921435075e-02 8.634648484578728855e-02 9.387672497645078995e-02 1.009019532748100106e-01 1.241269078125417230e-01 1.096375159484187511e-01 8.639396330253522327e-02 9.395922657437037750e-02 1.094163464253217199e-01
8.921993032537342549e-02 8.123807553213373278e-02 6.373305289732056345e-02 7.933688961098170345e-02 8.906425688151263509e-02 1.097377441800613113e-01 1.724082550920355839e-01 6.376577964655895381e-02 7.956120763384896821e-02 1.719348082001731226e-01
1.026149761245423037e-01 9.683518004581220806e-02 8.771789138392289964e-02 9.550926433727542630e-02 1.025006000989579780e-01 1.200513418337596644e-01 1.057799966151680843e-01 8.773522716571924285e-02 9.571520785270695719e-02 1.055403145421352495e-01
1.046200526884447368e-01 9.501379348195179708e-02 8.579539308498666805e-02 9.268706805138929306e-02 1.045935039151523888e-01 1.173143269686198198e-01 1.107932728388566351e-01 8.582526278242007256e-02 9.273237608055445724e-02 1.106249501076241176e-01
1.026299337185216931e-01 9.212179703713178902e-02 8.301289470634282130e-02 9.244957334816969463e-02 1.025324673951355098e-01 1.217613980549829000e-01 1.150959307447161489e-01 8.300821894748189322e-02 9.263115656602577408e-02 1.147566294814917898e-01
9.975099255280256427e-02 9.206492448584219224e-02 8.674329820439892480e-02 9.064564425779488011e-02 9.964974198493425916e-02 1.148261747122866355e-01 1.194795934422558936e-01 8.680034872998712570e-02 9.080959358702857254e-02 1.192296880426689243e-01
1.044232599994692201e-01 9.365222363179018239e-02 8.037760689799991476e-02 9.241814427043486269e-02 1.043386384701582292e-01 1.276462219108134011e-01 1.122359348465369333e-01 8.039414311394089963e-02 9.255408147833575627e-02 1.119597453805206005e-01
1.023848947916988217e-01 9.444157497256534806e-02 8.329571639959723606e-02 9.228064037161552713e-02 1.022457275385588310e-01 1.207139666042819914e-01 1.146280501693816983e-01 8.327267787230964446e-02 9.254813288526468618e-02 1.141886183947262712e-01
1.017208253271931623e-01 9.201230275094063327e-02 8.119049349671936255e-02 9.329728563000992680e-02 1.015923094060281057e-01 1.213316383745071947e-01 1.173045027124524631e-01 8.115289734025421531e-02 9.355255271710513632e-02 1.168451922447897584e-01
1.074210132903259951e-01 1.059165847883669076e-01 8.749265980237468099e-02 9.450335867279459345e-02 1.073763000944449042e-01 1.069827649327368957e-01 1.041615872172344109e-01 8.750204767777600146e-02 9.459347074183646620e-02 1.040502127821091582e-01
9.803436694034758925e-02 9.497187974913605391e-02 8.999903830707287056e-02 9.618112557212935010e-02 9.803024539670930626e-02 1.162668097455560323e-01 1.102008248532368173e-01 9.002106241559729161e-02 9.617900104825512220e-02 1.101156459719595387e-01
9.940318277680230963e-02 8.543239021808103628e-02 8.010365061724820934e-02 8.523268173737036379e-02 9.930795048303971140e-02 1.208639298851300059e-01 1.322604964301588581e-01 8.016797935550271093e-02 8.537027732600908914e-02 1.318574611706577193e-01
1.010444877364491539e-01 9.224670665935533198e-02 7.168658245395720385e-02 8.840206109176818039e-02 1.009387117079004470e-01 1.200222995188558323e-01 1.328537581101556508e-01 7.172628379633906592e-02 8.853572748969230910e-02 1.325433814355267970e-01
1.042313374549693333e-01 9.552345362730713108e-02 8.311149311925972172e-02 9.453373650986751642e-02 1.041170927783500316e-01 1.282740120678569073e-01 1.063012938093350485e-01 8.313661809156798477e-02 9.471919411185696080e-02 1.060517684296293783e-01
9.697544473635226481e-02 8.941355262825768924e-02 8.068010241975012709e-02 8.960064854291087399e-02 9.691486691303569101e-02 1.290199592563147091e-01 1.236390440667373136e-01 8.072651530862921809e-02 8.968356660036366779e-02 1.233462995276484730e-01
9.885626381073067681e-02 8.819237643196596588e-02 7.793812858286845724e-02 8.962551657671528893e-02 9.879820330114648386e-02 1.253191855646855479e-01 1.270127521112813240e-01 7.794018723462430021e-02 8.972683196440024711e-02 1.265905544215817080e-01
1.006590717613214669e-01 9.168810499951995929e-02 8.391914675090605957e-02 9.264382303425820753e-02 1.005566157877029326e-01 1.247275912757201954e-01 1.146695894362867035e-01 8.393308346172527468e-02 9.282550483856669143e-02 1.143774686539925367e-01
1.003023199769612905e-01 9.103571876148142117e-02 8.268893103383054277e-02 9.119226856185240482e-02 1.002118371398683788e-01 1.177156127597798058e-01 1.216192734230806261e-01 8.266731137191260514e-02 9.137601199393446949e-02 1.211907149772984554e-01
1.027245092679367755e-01 9.186307820266989554e-02 8.402561203031544412e-02 9.342604052504981105e-02 1.026375560035129447e-01 1.273223954005689162e-01 1.102654655889526852e-01 8.409457968495136215e-02 9.353973617986080513e-02 1.101010271161814158e-01
1.030539949481439899e-01 9.311549610334726723e-02 8.021034458910550335e-02 9.208569342907096944e-02 1.028912778054150295e-01 1.223696342100755313e-01 1.170453628533906637e-01 8.021043276282530110e-02 9.236754539451720591e-02 1.166502179041085802e-01
1.053666220340836041e-01 9.677919862155079378e-02 8.001765360043987252e-02 9.199209713787173670e-02 1.052593094809430307e-01 1.185129637583993839e-01 1.150765336277741607e-01 8.003725492297646127e-02 9.216242310894764977e-02 1.147959437070132788e-01
1.053551766291610930e-01 9.400574769439941358e-02 8.484839443219802102e-02 9.239447542838864769e-02 1.053245386690722374e-01 1.204364392680770807e-01 1.102202238411149615e-01 8.490627736384047386e-02 9.242689789107111364e-02 1.100818287826769437e-01
1.021313011128778120e-01 9.387065985701864568e-02 7.400071221229674590e-02 9.111713001652127497e-02 1.020448334925228157e-01 1.213021939081453809e-01 1.252350437918271497e-01 7.405820641662826109e-02 9.120583442671655050e-02 1.250340847654453913e-01
1.048565843449446311e-01 9.429959688498884551e-02 7.914934657435772347e-02 9.103495711119478917e-02 1.047547126848697163e-01 1.267339279171865729e-01 1.145671370416003615e-01 7.918546659172553959e-02 9.118362686362112279e-02 1.142346439855107532e-01
1.024594172668071707e-01 9.540982589079002874e-02 8.552221304389227841e-02 9.345333965997625059e-02 1.024055305539495891e-01 1.185357943901497180e-01 1.116522450849369713e-01 8.554358570122320982e-02 9.354627198485171435e-02 1.114717764234230690e-01
1.062053011751069170e-01 9.515628130522565953e-02 8.438254597992057848e-02 9.218360540072791098e-02 1.061310953678894220e-01 1.178350777538614141e-01 1.107821280893526161e-01 8.441217991248042840e-02 9.230564728264048502e-02 1.106061377327945544e-01
1.042006755691269881e-01 9.758075874184160559e-02 9.275527945066315560e-02 9.692523815303169532e-02 1.042578194287889642e-01 1.039020064386208392e-01 1.054354750092784537e-01 9.271319884241567555e-02 9.686802424033559566e-02 1.053615241258970131e-01
1.036582518844026551e-01 9.391880602549404489e-02 8.584399725129250591e-02 9.234021860928662284e-02 1.035016083172418389e-01 1.200629218625057920e-01 1.112285558367946264e-01 8.588715321477752296e-02 9.259763352566394157e-02 1.109608534725404494e-01
1.069120340503669775e-01 9.809593443700248550e-02 8.624258517131476454e-02 9.541093847305778808e-02 1.067820898349797071e-01 1.141542495538842017e-01 1.054004807368943697e-01 8.621757503847531090e-02 9.566282842847463608e-02 1.051212842755497590e-01
1.018008907659226497e-01 9.326010547336123502e-02 8.735460906342830401e-02 9.600509250582886511e-02 1.016317987942398499e-01 1.149288326620846873e-01 1.108779586393728311e-01 8.727944062646529610e-02 9.637522221359777486e-02 1.104860492556984514e-01
1.002065819546255759e-01 9.199312716677512936e-02 7.866718448602834368e-02 8.791646082605017454e-02 1.001221676510557351e-01 1.248065272446200330e-01 1.249711395252884882e-01 7.869186012061867019e-02 8.805241955070088056e-02 1.245725314742369833e-01
1.033086413011135574e-01 9.314285167154853773e-02 7.261047811209146718e-02 9.039458673302885883e-02 1.031976519941646270e-01 1.253094749756332726e-01 1.245699308740250838e-01 7.264371379192237355e-02 9.053924944739649705e-02 1.242834210990756416e-01
9.966093537640620392e-02 8.858503066078228516e-02 7.899045848643339307e-02 8.613969338205330895e-02 9.963140459443486918e-02 1.254617828226295140e-01 1.283700901972955333e-01 7.901780685157715201e-02 8.619018993626940961e-02 1.279526076921183031e-01
9.894243058693871773e-02 8.862418861312781893e-02 7.512673564078939381e-02 8.790357457375497230e-02 9.889031980769096009e-02 1.206280249670673016e-01 1.335054959240368766e-01 7.518946299906630049e-02 8.794591172530925871e-02 1.332438551622183720e-01
1.031678505207607316e-01 9.399995899651873710e-02 8.140033314368873285e-02 9.351566334011883475e-02 1.030711572508423018e-01 1.216928663745932698e-01 1.141581752340776051e-01 8.142407948667167161e-02 9.366878269600317775e-02 1.139011329567249514e-01
1.054071138140353636e-01 9.849865973478681702e-02 8.078301158616148225e-02 9.355590081833176086e-02 1.053663410097850639e-01 1.155926074036150303e-01 1.132935892259007288e-01 8.077475579100755476e-02 9.363468395164113722e-02 1.130933366647350613e-01
9.997989987256908351e-02 8.979834717414628131e-02 8.527141066791360524e-02 9.046944048507003788e-02 9.991807650701343968e-02 1.293588405087407189e-01 1.148098823370194838e-01 8.530043051988013547e-02 9.057821718259637112e-02 1.145154547450508292e-01
1.051570513876629032e-01 9.636215013181620437e-02 8.845751438610059691e-02 9.359295917583093649e-02 1.051878472296490369e-01 1.088262049874639398e-01 1.102780446506800016e-01 8.845178576405347826e-02 9.356929006376644986e-02 1.101171522229763972e-01
9.950675735430983271e-02 9.335583131764768616e-02 8.568517778553655373e-02 9.320320063039538860e-02 9.936387732685143803e-02 1.217929202351155926e-01 1.141752080273938513e-01 8.565821736548093202e-02 9.349207609153321885e-02 1.137667338657355337e-01
1.048210121470619788e-01 9.666656085681794852e-02 8.219631974642875594e-02 9.340796115508176456e-02 1.046632402687725505e-01 1.230720294227905104e-01 1.098048651621899713e-01 8.219341411354344484e-02 9.368529597997295177e-02 1.094893011473400957e-01
9.656518847410699991e-02 8.824840398615640957e-02 9.475577844407989669e-02 9.512108812318523232e-02 9.658348451867053430e-02 1.128563838707452444e-01 1.130814669935096689e-01 9.476189500516378483e-02 9.509848195716887054e-02 1.129278286272133724e-01
1.052868804916151924e-01 9.550334477361974161e-02 8.387914866700313388e-02 9.411756711786604945e-02 1.052340764662269001e-01 1.248837899126365586e-01 1.065717585967489583e-01 8.394276276683236560e-02 9.417324239638823202e-02 1.064074288110628680e-01
1.032283882300973898e-01 9.556564896899595596e-02 8.055220182280863062e-02 8.951707574594287842e-02 1.032211979007223446e-01 1.151105799102816601e-01 1.215357294670684762e-01 8.055444554029213278e-02 8.954450665455157554e-02 1.211702257592389836e-01
9.918833120838158046e-02 9.234307735763380709e-02 8.207873963360165503e-02 9.086409650875983124e-02 9.908081136296370550e-02 1.153643396887990419e-01 1.241376950667959916e-01 8.210251246836609840e-02 9.104668325402544282e-02 1.237937134506729014e-01
1.025853765294071490e-01 9.465989551824485759e-02 7.996756032360197164e-02 9.273374610193894918e-02 1.024873717596170852e-01 1.196779619212078039e-01 1.176144180404863349e-01 7.999704229413275025e-02 9.288220699889507270e-02 1.173944205124679424e-01
1.043544826360277844e-01 9.542281595950100059e-02 8.739678080403974481e-02 9.483440686999394797e-02 1.042760588564313751e-01 1.199461820664972644e-01 1.057449693267526747e-01 8.746575738381433263e-02 9.494077353453933554e-02 1.056177725624025815e-01
1.023549687106010270e-01 9.130542079910408670e-02 8.569616214634093176e-02 8.998584759871601502e-02 1.023713966574342632e-01 1.163648432610649430e-01 1.182138417498654337e-01 8.571405721721890580e-02 8.997488484977574086e-02 1.180185770098786807e-01
1.001904133432169192e-01 9.249041021642963323e-02 8.074033249505370435e-02 9.138600513106534540e-02 1.000440916293045546e-01 1.224468029602265307e-01 1.203265374315859726e-01 8.076098023599881381e-02 9.163309247646236888e-02 1.199813340806561157e-01
9.898511677816441978e-02 9.318096594058444815e-02 8.270207447371144549e-02 8.957770048550116326e-02 9.889696825550998993e-02 1.136776847723850875e-01 1.254910789375378588e-01 8.269213954353737961e-02 8.975265335519926058e-02 1.250436174578689053e-01
1.015220628858159307e-01 9.139670366475252661e-02 7.653785403685363364e-02 8.699555382341379872e-02 1.014730118696750005e-01 1.189475750254673503e-01 1.299360884931146098e-01 7.657340306773689764e-02 8.706205283872317513e-02 1.295556942944470213e-01
9.874491173525447307e-02 9.031864206170335529e-02 7.693143407887818863e-02 8.893250430401797302e-02 9.872130055335576193e-02 1.231615913996925299e-01 1.287699426970898287e-01 7.697055461881821548e-02 8.894631802793384612e-02 1.285028005232558834e-01
1.005904066558104687e-01 9.458801567752794792e-02 8.180249136271415533e-02 8.969407146879908310e-02 1.005828444757612961e-01 1.293073087265961263e-01 1.160683961988247942e-01 8.184556078804570978e-02 8.969334837175453601e-02 1.158275562741658132e-01
1.018075402018362163e-01 9.061547364753173850e-02 7.663950394396067123e-02 8.900527449461852203e-02 1.017685817979339241e-01 1.240781616399081466e-01 1.253815314897568645e-01 7.665166843691416376e-02 8.906618512163801127e-02 1.249860792259017556e-01
1.002903088067654408e-01 9.160528666164255429e-02 8.536088382549521236e-02 9.253912022465268783e-02 1.001472765980456342e-01 1.201059766655183242e-01 1.160778580123995873e-01 8.534430683426955100e-02 9.281855561051460812e-02 1.157104267606963999e-01
1.237889608266434377e-01 1.029846232742009371e-01 5.606579116795071260e-02 1.005140071778865274e-01 1.231244190080690581e-01 1.564774020057090598e-01 8.989968833195886855e-02 5.610904540252086709e-02 1.013208445024156024e-01 8.971521830264488073e-02
1.059108871982200328e-01 9.621820798667526931e-02 8.009367030800376708e-02 9.292871824473175613e-02 1.058211719575814364e-01 1.173292023016405811e-01 1.144112055893840435e-01 8.008174519780562883e-02 9.309144924784464037e-02 1.141137419681129139e-01
1.029974873678418529e-01 9.522117933269692858e-02 8.201641957864079513e-02 9.276558308239089834e-02 1.028457322679854624e-01 1.202404077383074921e-01 1.145958825930113445e-01 8.202885501527745760e-02 9.302529815329449447e-02 1.142631548705533018e-01
1.011182751818902048e-01 9.128012540609996284e-02 8.457252124559243300e-02 9.341022440494727019e-02 1.010525924130467601e-01 1.239343937147602270e-01 1.134054895526100254e-01 8.457419380568152734e-02 9.353460085823252224e-02 1.131175834171390532e-01
9.553841151543034094e-02 8.656856617525210407e-02 8.436439708300466633e-02 9.023742693834559125e-02 9.549978082661263190e-02 1.183891697307638130e-01 1.275594538036856074e-01 8.436714644843495980e-02 9.031790656545644891e-02 1.271577409130138225e-01
1.045129753977976084e-01 9.238529379240199846e-02 7.723386629648106017e-02 8.918063819556831806e-02 1.043730362848901833e-01 1.253808724476564995e-01 1.203297448671762915e-01 7.727033373793024129e-02 8.938652368614100063e-02 1.199467152939567571e-01
1.032605547084043535e-01 9.626209403160379541e-02 8.063188839043487766e-02 9.179260212896109272e-02 1.032110254261199844e-01 1.158897519941483184e-01 1.183589381086694314e-01 8.063577755519596435e-02 9.188106234754739310e-02 1.180763053089147613e-01
1.038785902918453741e-01 9.423255069235741965e-02 7.626263915277999017e-02 9.303275598014772163e-02 1.036585277950989453e-01 1.262918883829639294e-01 1.166632731246579485e-01 7.627631525824041248e-02 9.338819646844691291e-02 1.163152628534612765e-01
9.800492545797594157e-02 9.472015478411362210e-02 8.791612661347841806e-02 9.355142337408778319e-02 9.793537550703128314e-02 1.224177881146321784e-01 1.120699277610919808e-01 8.790330370881904720e-02 9.370111034282115059e-02 1.117798643359486088e-01
1.027502913543715257e-01 9.131130509851344279e-02 7.982524199999029013e-02 9.063140923422212392e-02 1.025484912555374439e-01 1.256466451578122645e-01 1.184839227821119501e-01 7.981502024184500277e-02 9.098517502185320127e-02 1.180024978537427965e-01
1.007768875482411980e-01 9.649457747184561618e-02 8.666982369997164315e-02 9.265999132788661774e-02 1.006926921354934223e-01 1.147811831208486316e-01 1.143551796885272642e-01 8.667365778099833662e-02 9.282328998407388121e-02 1.140727172421133889e-01
1.075980141265662077e-01 9.322574474022896074e-02 7.936165523605571981e-02 9.387688738891328266e-02 1.074796600454121787e-01 1.246459354567749228e-01 1.103343362568203756e-01 7.938581899998851943e-02 9.405446829761045235e-02 1.100374794516294219e-01
1.041040316289699313e-01 9.641732937873914722e-02 7.870704665633923569e-02 9.077503100247226453e-02 1.039917208100087226e-01 1.204249924977959935e-01 1.180728848518402679e-01 7.874794760420350537e-02 9.093691765074504718e-02 1.178220979188858430e-01
1.000342353453861077e-01 9.170847600424826551e-02 7.863981370593926823e-02 8.710504764058266125e-02 9.993879761771432002e-02 1.204348115553195431e-01 1.283381297860539949e-01 7.865164811332406303e-02 8.726946333548217527e-02 1.278795768959495871e-01
1.055505598600650213e-01 9.929760266842796446e-02 8.559186454639768071e-02 9.447837652476730186e-02 1.055284056107358287e-01 1.137480982844727428e-01 1.079329533026847643e-01 8.557000867181470405e-02 9.454498424869997586e-02 1.077571462819340714e-01
1.020450979738346670e-01 9.255981137562416250e-02 8.133951001333517006e-02 9.259646040240043785e-02 1.019482426858533824e-01 1.250509248019181230e-01 1.153415681238056933e-01 8.134217986416981960e-02 9.276740893451568271e-02 1.150087958245428754e-01
1.057632063615899093e-01 9.277688202089567904e-02 8.354923638610495251e-02 9.280008469985084885e-02 1.056976287288735189e-01 1.173982141105008176e-01 1.129060763312846327e-01 8.356266017860271289e-02 9.291500439467825778e-02 1.126310067876186982e-01
1.016650009124932114e-01 9.395494542667592874e-02 8.424641831606649589e-02 9.397600738411469867e-02 1.015678694468104409e-01 1.248820562847964971e-01 1.107823907626691584e-01 8.426418418924888631e-02 9.414346030296495693e-02 1.105176669741597673e-01
1.055607762532325550e-01 9.500448038072317747e-02 8.222654823350611375e-02 9.042453796875649097e-02 1.055161069728472456e-01 1.141291614703630747e-01 1.172992004128305121e-01 8.224054843940091508e-02 9.050793288347809551e-02 1.170907069848617782e-01
1.038771872566261467e-01 9.220924226464333184e-02 8.112583495496118735e-02 9.262535353850522013e-02 1.038054668156786486e-01 1.295411534859611802e-01 1.116276306050800193e-01 8.111100194200607238e-02 9.276411741321946569e-02 1.113130117233187277e-01
9.805217173131776376e-02 8.970591554325335615e-02 8.430356896347997175e-02 9.047651248415579384e-02 9.797221069655162595e-02 1.292982098559449788e-01 1.177789650786595227e-01 8.432482672977818783e-02 9.061985036494250856e-02 1.174677685519163045e-01
1.012008318033134763e-01 8.800612163824816925e-02 8.865097466050940456e-02 9.383738707153287117e-02 1.011178906767759150e-01 1.180755352115354373e-01 1.133339676340812952e-01 8.868875025404170109e-02 9.397972379489583084e-02 1.131088172550658993e-01
1.039274848742339913e-01 9.769188378559018338e-02 7.781029911956025003e-02 9.288932338881154827e-02 1.037914985029989995e-01 1.257959636200784992e-01 1.137274961360195263e-01 7.783249977942112430e-02 9.309924765436854155e-02 1.134343031389173223e-01
1.039920658248862928e-01 9.518970504892498852e-02 8.790040567296883434e-02 9.153345732907051946e-02 1.040008650351118696e-01 1.136466683902644520e-01 1.122220926900452664e-01 8.791989919532176845e-02 9.153630012105390401e-02 1.120585406923521321e-01
9.755444273331599636e-02 8.776622673283715481e-02 8.414659375245431283e-02 8.988186055067763636e-02 9.751474906297133427e-02 1.260731350846022447e-01 1.216837491178728303e-01 8.413419090179145854e-02 8.997600948888383188e-02 1.212690425745931583e-01
1.014375720615803278e-01 9.510873233203427646e-02 7.648980365491346578e-02 9.333658492059461464e-02 1.012599845528034670e-01 1.309570825401376315e-01 1.158084306923038986e-01 7.650219236790663235e-02 9.362846889640363823e-02 1.154711479813220615e-01
1.043119408517081403e-01 9.636125586454631631e-02 7.898922251150578000e-02 9.578974930072901850e-02 1.041142459465895648e-01 1.262824711776942554e-01 1.096065668677062704e-01 7.904102447836140743e-02 9.608683324870498366e-02 1.094166897524542353e-01
1.014445920064258322e-01 9.448454836787059663e-02 7.470424507418171878e-02 9.262558556484412620e-02 1.012582871324949479e-01 1.256693992797238146e-01 1.212554681687822988e-01 7.472302034653041658e-02 9.292113898413358053e-02 1.209137150750126122e-01
1.045571031536184914e-01 1.021865781247523336e-01 9.719869964090023517e-02 9.962943979585862919e-02 1.046334255933644153e-01 9.928191968641508769e-02 9.785288138739182962e-02 9.720714246479945919e-02 9.950115624011453275e-02 9.795165391278500000e-02
9.249328512537126346e-02 9.313104636928645763e-02 1.051841144229859887e-01 1.012616472566364584e-01 9.253991253404378337e-02 1.014262374841832792e-01 1.037711635188981324e-01 1.052042715133867101e-01 1.011463619986927298e-01 1.038419597765152524e-01
9.973680273318412393e-02 9.259207205232383719e-02 8.504804843130214786e-02 8.835218617885240433e-02 9.976428855853655686e-02 1.106789350760360308e-01 1.253580252208079393e-01 8.506923977397667924e-02 8.832101819388867014e-02 1.250793837810915965e-01
1.001910446366700291e-01 9.465290051062259791e-02 8.483467328765526005e-02 9.242663253468397233e-02 1.001453465518627600e-01 1.149965112159016950e-01 1.178248516436679605e-01 8.484640844829904882e-02 9.251158275424382904e-02 1.175700484163928194e-01
9.953999474046033857e-02 9.392737600877565374e-02 7.801692083379802023e-02 9.125615794959154869e-02 9.942933992634350737e-02 1.187953155937709615e-01 1.249378784044072460e-01 7.802842397151503462e-02 9.143951441505339395e-02 1.246290781562842676e-01
1.028497897240104320e-01 9.399070945282628209e-02 8.545773237888570906e-02 9.406829363861925197e-02 1.026718371000634594e-01 1.200514094702039569e-01 1.106827559184954818e-01 8.547644750463953556e-02 9.438063913490304935e-02 1.103703856773528419e-01
1.045640066593367529e-01 9.433530809691313690e-02 7.919633557233482501e-02 9.074518589126338852e-02 1.044201209777898820e-01 1.207997634981241158e-01 1.180360309467952673e-01 7.922760147249445495e-02 9.096665989590546619e-02 1.177089869890427520e-01
1.037721469331933932e-01 9.345235630906423285e-02 8.370844806464018684e-02 9.292263271158027194e-02 1.037213693947654780e-01 1.216265861142495491e-01 1.121062314497774243e-01 8.375954196776690119e-02 9.298647367204017355e-02 1.119442133829223612e-01
1.060446239877403524e-01 9.552477222225334852e-02 7.882701379051731960e-02 9.409145627081853813e-02 1.058481389208841827e-01 1.299148491694145091e-01 1.084080079268710528e-01 7.883695286718031547e-02 9.441163527213224105e-02 1.080925495721881402e-01
9.985630482983245959e-02 8.842528546179419247e-02 8.029851082809789931e-02 9.002483988525998571e-02 9.983106189667365071e-02 1.139361920509343179e-01 1.287925648601249140e-01 8.032813524744189526e-02 9.005625969928295060e-02 1.284508452405576928e-01
1.047703624084500990e-01 9.405524431797919471e-02 8.389100599287592497e-02 9.273386079035134122e-02 1.047215698097114234e-01 1.163053242241683383e-01 1.134405481545197603e-01 8.394844059925300750e-02 9.279175521053130427e-02 1.133418884921596204e-01
1.042359782783073147e-01 9.102792077618318545e-02 8.078138460566514079e-02 9.298497801265975804e-02 1.040743951077366947e-01 1.270833566066955078e-01 1.130226796362616970e-01 8.082160783071443144e-02 9.323457093116518934e-02 1.127331282146110114e-01
1.034095094458088032e-01 9.347876566257733166e-02 8.319725719701541455e-02 9.253300593285275488e-02 1.032509404764217764e-01 1.224993744244604749e-01 1.129854989727403086e-01 8.319367131946962812e-02 9.281803302393587529e-02 1.126339435447176601e-01
1.013700311261562237e-01 9.343960460089194286e-02 8.081726149475151888e-02 9.158400015712339637e-02 1.012576770906925688e-01 1.279110783989282629e-01 1.156825118961964660e-01 8.082124770492189747e-02 9.178152421754678936e-02 1.153350633127909336e-01
9.803581899101453112e-02 9.127922533030938257e-02 8.224159065401036306e-02 9.050376843772540980e-02 9.804681388789905638e-02 1.305699228179596494e-01 1.184440550936338987e-01 8.225356782279111267e-02 9.048459043246706579e-02 1.181406465321895305e-01
9.921460816163536756e-02 8.809023182247492645e-02 8.389290299597605693e-02 8.974108750484145747e-02 9.918533293075235124e-02 1.198066612489893101e-01 1.233365202313406739e-01 8.391649692055387633e-02 8.979480534118752799e-02 1.230213528422485075e-01
9.830649994977914974e-02 9.118869507557841869e-02 7.601417981341272723e-02 8.969786179884479960e-02 9.818811312646427703e-02 1.285435397236102117e-01 1.262733833437617026e-01 7.602251310799712503e-02 8.989455634981838306e-02 1.258706577107331359e-01
1.047286558469392309e-01 9.805636158437719407e-02 8.453126043349228069e-02 9.729751551636457718e-02 1.045392947906325781e-01 1.188453154311341631e-01 1.050789005396261661e-01 8.450641008549356070e-02 9.765593518564037734e-02 1.047603505862998718e-01
1.015556110135468620e-01 8.958548360724077897e-02 7.556755105587513455e-02 9.104003120896801693e-02 1.014029999616790634e-01 1.281088404750073961e-01 1.230968552007284944e-01 7.561907842408896463e-02 9.125370902480267610e-02 1.227698400280626406e-01
1.038140775888464346e-01 9.543592371788874040e-02 9.001708996523836992e-02 9.620419829323056948e-02 1.037036609874819881e-01 1.184661954071796891e-01 1.030391236516862846e-01 9.005496336577280270e-02 9.639385179802102688e-02 1.028709152246540526e-01
1.029965332288262786e-01 9.296503643840758890e-02 8.615052553633562038e-02 9.629753840451062141e-02 1.028918991003602568e-01 1.133910705345004544e-01 1.114491059790282401e-01 8.614539906554735671e-02 9.649525314352280780e-02 1.112176385689607333e-01
9.610344582195007312e-02 8.776842882973386051e-02 7.745563450748815804e-02 8.632748277356919187e-02 9.607336011025437161e-02 1.298120876450364614e-01 1.315059302831203536e-01 7.747674532451304108e-02 8.637454151629987698e-02 1.311023431880345980e-01
9.730852311831636459e-02 9.026314731050247286e-02 9.438837623365360641e-02 9.603978901081201835e-02 9.729824482037624511e-02 1.154662553167552785e-01 1.095166567090014725e-01 9.434576917686261777e-02 9.609966874832498451e-02 1.092735695553949254e-01
1.029709499604555822e-01 9.149686950409263719e-02 8.955094780756250872e-02 9.777160426375744451e-02 1.028768136410244116e-01 1.123663492026116539e-01 1.078683058093169028e-01 8.953942509087378654e-02 9.796118967818467915e-02 1.075975450421203378e-01
1.052880445305118123e-01 9.473799407009823870e-02 8.063553507175080792e-02 9.170784096721468215e-02 1.051906912701361663e-01 1.213599457037743690e-01 1.144181576106936132e-01 8.064110996173953771e-02 9.187438375531969958e-02 1.141462970587610593e-01
1.005070814404563501e-01 9.365290201356407662e-02 8.658162428853760639e-02 9.396073905151711148e-02 1.005343052688411065e-01 1.182028106736800477e-01 1.130700430439098292e-01 8.662548621343497957e-02 9.389185630239559044e-02 1.129731517036633437e-01
9.888613353710729026e-02 8.949396740156961849e-02 7.561842710031296821e-02 8.859780806935693698e-02 9.884521621963858473e-02 1.214737385826863830e-01 1.316140757215661650e-01 7.560649744655720261e-02 8.867626800121157504e-02 1.311878679199933173e-01
1.045269642420198625e-01 9.139006924227661977e-02 7.931838012244850356e-02 9.032072702751819948e-02 1.043943539402998610e-01 1.246396796247482425e-01 1.179589706583648867e-01 7.933250118035412024e-02 9.053700669539477275e-02 1.175813472665749732e-01
9.729610336977492779e-02 8.702846889512530493e-02 9.037817180853173482e-02 9.345154477936030990e-02 9.728169500945006709e-02 1.087459536389262515e-01 1.211193424335021973e-01 9.035284386208579377e-02 9.350984243453573652e-02 1.208360337687077041e-01
1.082218014891551394e-01 9.438089598999892249e-02 9.136996193972091174e-02 9.426647487098173406e-02 1.083125972904963735e-01 1.113146667748312335e-01 1.033470227321856699e-01 9.138983200662512130e-02 9.414114575123445905e-02 1.032556011547703795e-01
1.027702369059960569e-01 9.593774135886165566e-02 8.679700603674937731e-02 9.615742241100756760e-02 1.027239536135091114e-01 1.161473494905953113e-01 1.083063749778483409e-01 8.681402609639453372e-02 9.623524538230161796e-02 1.081106437267364551e-01
1.028859781768601545e-01 9.749039127287983941e-02 8.040268902745531521e-02 9.178069343178096862e-02 1.027752746577898085e-01 1.200961563287959305e-01 1.162283744466783009e-01 8.040725280020362409e-02 9.197168659168704352e-02 1.159615032658690287e-01
1.020433078346899280e-01 8.979122077321223527e-02 8.189650092694404637e-02 9.150814529788361962e-02 1.019401797883829758e-01 1.231081541514466998e-01 1.182779609212160493e-01 8.188477915692786435e-02 9.170310632634583181e-02 1.178466448229507496e-01
1.019191668246014898e-01 9.390298189713745802e-02 7.655710562501687189e-02 9.354859243018322223e-02 1.017028215606515379e-01 1.180745743954429439e-01 1.221466619537486531e-01 7.652383688271692519e-02 9.394526182803471237e-02 1.216789966024661995e-01
1.040742826205571792e-01 9.547307754309090899e-02 8.472043906615216169e-02 9.499068433416550661e-02 1.039532277559587353e-01 1.209966312711792252e-01 1.080300791563873486e-01 8.474666779806772077e-02 9.519203717431570788e-02 1.078228732801255058e-01
1.044221301397785656e-01 9.558564873648781046e-02 8.227637139033758262e-02 9.418573534438319517e-02 1.043065453365586009e-01 1.207519197219130147e-01 1.110833050094553048e-01 8.227299893978946843e-02 9.439168298139473390e-02 1.107236623999017233e-01
1.017564136524568147e-01 9.600463715169542389e-02 8.521570980200705858e-02 9.143897705569645207e-02 1.016849144321788356e-01 1.149031942878655510e-01 1.162977438007167519e-01 8.519587038533402157e-02 9.159364780055033461e-02 1.159088916314987561e-01
1.043193720616876763e-01 9.655896570195840467e-02 8.681841176512755665e-02 9.413979521270991746e-02 1.041878103002771422e-01 1.198858409176813827e-01 1.065494268609221556e-01 8.684337177824995313e-02 9.436713610060000479e-02 1.063298693007858065e-01
1.032527320091979756e-01 9.735296057894177180e-02 8.195740039788872167e-02 9.553488227060621951e-02 1.031291773884533830e-01 1.208071502227952010e-01 1.102093777362176258e-01 8.198786981951172725e-02 9.572918930044482799e-02 1.100392602759425326e-01
1.005445718557261836e-01 9.286975247640809339e-02 8.907280562867764262e-02 9.456228483093610804e-02 1.005532585421971409e-01 1.224668333491332334e-01 1.081947925224313323e-01 8.912092962283481301e-02 9.452920630545283420e-02 1.080855648662026186e-01
1.034785666797267828e-01 9.519408346467631010e-02 8.564635889546805270e-02 9.496419916887531565e-02 1.034346999116893678e-01 1.220274054717200990e-01 1.073306463097812719e-01 8.571422339453668715e-02 9.500374678966073960e-02 1.072060699138653872e-01
9.606547867565340404e-02 8.875194400933346384e-02 8.451367427179906633e-02 8.986659031991975355e-02 9.600075767733265431e-02 1.183138911960339157e-01 1.261974692939175913e-01 8.452722238421347956e-02 8.998977773812751046e-02 1.257731944336691610e-01
9.610870803004628593e-02 8.590396422014640043e-02 7.959973383303715899e-02 8.526257157728692193e-02 9.608427447476204641e-02 1.161052333780134976e-01 1.382267325204072639e-01 7.961936020393299562e-02 8.531122855806799743e-02 1.377781932042994595e-01
1.053576085035845128e-01 1.031605216842174239e-01 8.188078539164175829e-02 9.567217981419716410e-02 1.053038826377274140e-01 1.185292591611222385e-01 1.062832971750869854e-01 8.190185053178145047e-02 9.574793553854661632e-02 1.061626795620944502e-01
1.007862902123371762e-01 9.232635478151129949e-02 7.952813551887639998e-02 9.107143447260074298e-02 1.007289669274001459e-01 1.250614912648433663e-01 1.199989154510388706e-01 7.959305131596122740e-02 9.112716839454811091e-02 1.197781916608826186e-01
1.017027283696461393e-01 9.333036620054752097e-02 8.273973382443346181e-02 9.163628748644579713e-02 1.015758447825966249e-01 1.192512338966189855e-01 1.176863650799545441e-01 8.279105370332666414e-02 9.183143138750074486e-02 1.174549552689295451e-01
1.020994577667521525e-01 9.203770474062644702e-02 8.235004612013883951e-02 9.188302235096480752e-02 1.020711295694267107e-01 1.141775845711320431e-01 1.206397276521008616e-01 8.240724760341390509e-02 9.190229181034581529e-02 1.204317878150984317e-01
1.083507658304987270e-01 9.793066757044507908e-02 7.823815947155408901e-02 9.582611990288861237e-02 1.081108903534510474e-01 1.266884412646890889e-01 1.053563426982865453e-01 7.824341848126027676e-02 9.621515505870482932e-02 1.050400393682217187e-01
1.022584045107940570e-01 9.209972439977981429e-02 7.870427721344901151e-02 9.255092878120627087e-02 1.022031812790045874e-01 1.258698176716540884e-01 1.175751824592600886e-01 7.876212906713443707e-02 9.260010332279768053e-02 1.173762512949200060e-01
9.740413518391975722e-02 9.138096830909293866e-02 8.433899960098237281e-02 8.987083254642815044e-02 9.738801636049182475e-02 1.232758626635881982e-01 1.211999051277308920e-01 8.433816001334283607e-02 8.991578740407116244e-02 1.208873327903518674e-01
1.041182337778993328e-01 9.598888667701056809e-02 8.289979693661948812e-02 9.501509482160909459e-02 1.039880635925946040e-01 1.168309688480357322e-01 1.116697037358422018e-01 8.288362928535124297e-02 9.525734611547215236e-02 1.113482762095655831e-01
9.652951399840083158e-02 9.084336138344502320e-02 7.919084518174469844e-02 8.946730159400953508e-02 9.643975651587025077e-02 1.214667252582362911e-01 1.287911133531504937e-01 7.920428299575477116e-02 8.962143851689399754e-02 1.284456612024941213e-01
9.526036285773528678e-02 9.147948787381504632e-02 1.016395959067258742e-01 9.750130001673908142e-02 9.526310042849293891e-02 1.101631866899021178e-01 1.048337910398755429e-01 1.016372023328388774e-01 9.751672531444202652e-02 1.047052475394331800e-01
1.022051521312162953e-01 9.474559816264215006e-02 8.078223455145126797e-02 9.183673935166060398e-02 1.021502841953159102e-01 1.161142223413792751e-01 1.199212271197685059e-01 8.075797786385965904e-02 9.195429211743121056e-02 1.195322721652750941e-01
