1.021056069468244398e-01 1.104447135792323426e-01 9.426514872897420738e-02 9.328497724180412343e-02 9.333353237675572067e-02 1.103136316776320569e-01 9.387995898472044354e-02 1.197885879208955839e-01 8.942012540415994470e-02 9.316371713900105378e-02
1.004158530145313893e-01 1.075867735152358229e-01 9.400007183552264167e-02 9.419704965305936151e-02 9.421323487650160033e-02 1.073429776779171591e-01 9.344669935868178678e-02 1.245412962490280578e-01 9.016544494209614846e-02 9.409059887742607375e-02
1.023328381998834663e-01 1.043159508446195732e-01 9.752680731356064281e-02 9.454329121467769381e-02 9.456870797304796350e-02 1.041622682568480590e-01 9.643456859706774076e-02 1.206763783474368024e-01 9.098807256734174620e-02 9.445111668551629813e-02
1.001745527515685297e-01 1.244906173366172319e-01 8.998817445483071886e-02 8.966916396787892596e-02 8.970954739932056332e-02 1.242504453023335481e-01 8.900323413012456442e-02 1.175568719399278372e-01 8.562572320625620736e-02 8.953166951114190086e-02
9.966486719948254580e-02 1.105088319638672517e-01 9.272703278792322756e-02 9.308502341691303472e-02 9.310223936851133586e-02 1.102982631299084249e-01 9.170497917707617908e-02 1.268615109326870216e-01 8.901591491004415269e-02 9.303133711358678448e-02
9.754259929165243204e-02 1.098290842485761948e-01 9.258127932405374461e-02 9.559893073770234229e-02 9.559956929939027181e-02 1.097581442961913373e-01 9.341818408351836023e-02 1.168809945303323078e-01 9.314661684552932863e-02 9.564459734305368055e-02
1.038088725501013360e-01 1.108534987979863107e-01 9.244727223328204346e-02 9.210869369321951494e-02 9.215984853222949913e-02 1.107591758866127707e-01 9.214638683726170121e-02 1.242774786004708643e-01 8.943871984667596531e-02 9.200005302215996661e-02
9.783307319486828080e-02 1.201945740371686833e-01 9.048280700188152115e-02 9.260627873121440867e-02 9.263768831327291731e-02 1.200165994501207339e-01 8.976728190772870208e-02 1.180789181154928008e-01 8.589095360936134516e-02 9.249182563889056519e-02
1.017327504468161919e-01 1.061715971196534603e-01 9.467313499143523159e-02 9.515648491873850146e-02 9.520072386468514392e-02 1.060631160851169680e-01 9.488009328127712527e-02 1.188004349045310298e-01 9.230150550988223956e-02 9.502015887786409432e-02
1.020875988578796578e-01 1.119795218772365458e-01 9.252255561869242306e-02 9.319405144813393271e-02 9.321448245693557400e-02 1.117075438221585282e-01 9.169422673348173736e-02 1.220239035791100546e-01 8.849265801147288002e-02 9.308345759489866644e-02
1.006823637547621525e-01 1.140011088117353355e-01 9.048966279455313011e-02 9.214431174848841666e-02 9.215602537110655079e-02 1.137260672869454953e-01 8.966082382843362786e-02 1.264014794857443169e-01 8.868635277862828292e-02 9.205180413960267760e-02
1.012256478900839807e-01 1.176468093744904714e-01 9.199744109573752826e-02 8.987977999572092924e-02 8.991523327604063198e-02 1.172957526458182631e-01 9.138339253838874410e-02 1.257848520455658314e-01 8.514326367987685995e-02 8.972782745827670436e-02
9.994984998491505956e-02 1.235039178318009800e-01 8.873775527860941481e-02 9.116203897277905255e-02 9.120794823250756578e-02 1.233684311601890571e-01 8.853716301007089062e-02 1.158492453333201944e-01 8.659513318450040575e-02 9.108851701130737943e-02
9.717741735256071878e-02 1.342645598786511019e-01 8.673198743612227368e-02 8.647439138884183141e-02 8.650496258187957699e-02 1.338327734291022697e-01 8.591464913228519240e-02 1.218368596874715576e-01 8.091890903351643682e-02 8.634349007956899913e-02
9.912600139186956982e-02 1.247409236884181732e-01 8.864265303050121447e-02 8.923764581198098678e-02 8.927373280283316948e-02 1.244860566488448228e-01 8.827953722271439374e-02 1.221890775034173565e-01 8.490010686815351038e-02 8.912426503126680277e-02
9.993104772719074713e-02 1.164987594927938130e-01 9.208443480443710694e-02 9.040081202717197006e-02 9.041884712512701650e-02 1.161824585674124527e-01 9.161004716899537326e-02 1.264458294319320830e-01 8.611332519720168999e-02 9.031443845773773349e-02
1.000342829061242333e-01 1.153716114534772269e-01 9.281247290282337858e-02 9.318196571913918425e-02 9.319459036314424460e-02 1.150563353393043997e-01 9.221494053881967856e-02 1.187710804614355298e-01 8.628505685009529858e-02 9.307766346563682569e-02
1.028228831332971271e-01 1.050622892536071246e-01 9.613088836720493080e-02 9.492335887804306815e-02 9.497309868525725951e-02 1.049462940408682904e-01 9.562414671885921535e-02 1.178353215252890412e-01 9.295062316355615084e-02 9.473109623401786139e-02
1.055919113651503233e-01 1.048322988648962839e-01 9.387582566855982857e-02 9.402143711836809248e-02 9.407471255732220705e-02 1.046499828923615344e-01 9.237684319324949989e-02 1.280590746488447784e-01 8.866761882886238511e-02 9.385029486238505303e-02
1.003390980782055547e-01 1.223322998768660019e-01 8.768569272404351522e-02 9.154584048473279889e-02 9.158742364292335458e-02 1.221552004694895499e-01 8.783801603342297759e-02 1.204162100325852219e-01 8.467172814456355723e-02 9.142849051316746800e-02
1.019630578242056024e-01 1.089078348724320799e-01 9.219269289496177799e-02 9.362026262021494460e-02 9.364888144574180784e-02 1.086845209157140807e-01 9.151067700686228712e-02 1.275707813202182905e-01 8.838476673933649830e-02 9.351652436031256121e-02
1.004426591263050672e-01 1.134349934288690631e-01 9.322930720050981446e-02 9.330744548253132320e-02 9.332132106515168835e-02 1.131787018357316987e-01 9.241804231910966116e-02 1.183535479609800767e-01 8.912506570725346744e-02 9.318891587355813966e-02
9.856959469571527355e-02 1.146508689064887621e-01 9.372809500729201160e-02 9.226820257795330382e-02 9.228655947115183000e-02 1.143997003101037413e-01 9.310950714025932606e-02 1.211528291385591816e-01 8.765270860386241425e-02 9.218193414861416968e-02
9.659497981315436077e-02 1.258260747838125804e-01 8.858797894472114631e-02 9.067039898084844340e-02 9.070379354472633826e-02 1.256127733779381639e-01 8.795109062282698009e-02 1.194314125913037566e-01 8.407484813857936390e-02 9.054664920208885248e-02
1.005116466073412984e-01 1.090844641476245852e-01 9.393740749906447085e-02 9.356175653870918429e-02 9.359427241916280782e-02 1.088918807688986495e-01 9.357290071939462772e-02 1.240069990027018593e-01 8.935262667871243791e-02 9.348604561839010674e-02
8.738114203574713634e-02 1.690192954159082106e-01 7.959571359346302721e-02 7.800874687775073701e-02 7.805858782641737770e-02 1.689091062699283885e-01 7.881802673205454135e-02 1.079975971398853818e-01 7.435242595826439815e-02 7.785935815058088461e-02
1.018003217437430802e-01 1.049598503326538840e-01 9.615188316626605003e-02 9.506090690818905231e-02 9.508826400186129457e-02 1.047713471171449889e-01 9.605507730494682039e-02 1.196643223320914273e-01 9.149752550589558553e-02 9.495050158720790001e-02
1.046233861843581386e-01 1.107917379417704823e-01 9.504137135444180873e-02 9.278202312831947129e-02 9.280517354693200438e-02 1.106511909081361045e-01 9.353795554222976705e-02 1.177025725477842816e-01 8.933159486535272031e-02 9.273299398067519350e-02
1.019193351357546712e-01 1.143304185740987855e-01 9.158989127932877505e-02 9.211615967461751764e-02 9.213655407853843515e-02 1.140701168469850230e-01 9.106816624077926359e-02 1.216763564741965981e-01 8.906861434407749301e-02 9.202438735162342398e-02
9.992968283804247454e-02 1.197230562717131325e-01 9.227716472957185612e-02 9.105389295674318206e-02 9.108754816176942160e-02 1.195569935307844028e-01 9.213720854345551492e-02 1.154799833072009257e-01 8.780649170240900636e-02 9.094797795831006948e-02
1.033329120231582660e-01 1.110633039561974705e-01 9.272755901458869243e-02 9.167412864914349646e-02 9.170505924466131054e-02 1.108413421926528059e-01 9.178286786872258407e-02 1.270266658684550132e-01 8.826358077325946461e-02 9.158258040916088250e-02
1.016909775008919548e-01 1.139165482260575402e-01 9.400033735626790732e-02 9.210860554443286996e-02 9.212525698443557731e-02 1.135817876956601857e-01 9.247840231639878339e-02 1.208301207762281643e-01 8.727526659829544509e-02 9.199269700133154426e-02
1.006646374077968253e-01 1.161288482805059724e-01 9.121763107204697296e-02 9.275324597875075905e-02 9.276767789773361639e-02 1.157775649593801442e-01 9.004447192241046838e-02 1.209754460969015843e-01 8.702526783311197167e-02 9.264520855136168520e-02
1.062119389788577645e-01 1.030503176945027077e-01 1.048674380174385717e-01 9.362060696727485254e-02 9.363819227295498704e-02 1.029657516463946820e-01 1.033166524154702920e-01 1.060279732169620986e-01 9.273642909887384878e-02 9.356469969127016728e-02
9.759459908852953502e-02 1.096413808059647638e-01 9.448007584643677848e-02 9.571439315558681604e-02 9.573103719760261976e-02 1.095676970470399886e-01 9.327597036675570885e-02 1.159364837806351189e-01 9.236685118192083932e-02 9.569151152952787287e-02
1.000095528907608833e-01 1.330847072773600204e-01 8.599346408587509039e-02 8.598110225944137486e-02 8.601870921218143784e-02 1.328059662967201460e-01 8.588554624736209619e-02 1.222963321097834399e-01 8.204643330048548566e-02 8.587818632003005326e-02
9.892786106347969954e-02 1.300543274968662955e-01 9.030570791937163333e-02 8.672766729088465798e-02 8.677762211596988517e-02 1.298549244253959789e-01 8.939288288447576336e-02 1.178940215460860946e-01 8.345594538718431599e-02 8.660903987028562012e-02
1.030458369548892111e-01 1.050934923679335831e-01 9.449105213653349877e-02 9.373424206115738011e-02 9.376980231258010001e-02 1.048905454893322292e-01 9.369843202134536808e-02 1.275029121587853698e-01 9.015479040133686506e-02 9.361889409610636703e-02
9.643416151995092001e-02 1.228747666099616748e-01 8.887899102825075337e-02 8.919957159457406193e-02 8.923443672635227031e-02 1.226518756111412145e-01 8.819500894121742873e-02 1.289325340679425835e-01 8.447845362549280535e-02 8.912020027511627362e-02
9.810237428826905359e-02 1.259886038254658946e-01 8.754765326746302700e-02 8.910745900485031457e-02 8.913034198926922391e-02 1.256584333760141781e-01 8.692196776134711311e-02 1.251064846769172623e-01 8.339703589381088078e-02 8.903964591659306593e-02
1.003762101463383932e-01 1.143640675080157959e-01 9.149542350546714664e-02 9.266406069682954494e-02 9.269067975420343386e-02 1.141458067069370530e-01 9.027498682888790427e-02 1.251206632825066500e-01 8.630534681609489112e-02 9.256275475471917313e-02
1.000275786344962947e-01 1.213168121301303748e-01 9.091832840849074782e-02 9.126362021532048729e-02 9.127622037122108678e-02 1.209929314260287936e-01 9.005552968374251621e-02 1.181661534023472487e-01 8.480040368900439163e-02 9.118242203921810007e-02
1.025482044154548689e-01 1.100426170598384629e-01 9.165531347614723490e-02 9.340343940260543987e-02 9.344950391990268501e-02 1.099118228177292933e-01 9.118590276641638792e-02 1.275376662165660091e-01 8.696882903833590139e-02 9.329670088700371677e-02
1.018546290246904185e-01 1.157570091041568300e-01 9.218223004062395254e-02 9.146393114130008106e-02 9.149476119292376808e-02 1.154737494396862740e-01 9.147398881902489565e-02 1.217962092177131278e-01 8.718103928128578817e-02 9.132245273859482260e-02
1.042700498476698684e-01 1.139164479170443334e-01 9.586950464798398019e-02 9.131419494890727351e-02 9.134793138038320437e-02 1.137071555062841161e-01 9.432781974879797526e-02 1.178171101582643349e-01 8.622313693244293420e-02 9.120664891222199366e-02
1.051176281440744792e-01 1.099459102214856154e-01 9.376749922979243923e-02 9.223920002509237992e-02 9.227340650935188238e-02 1.098264389695940701e-01 9.308801171471177416e-02 1.204846009331422413e-01 9.107911972069471229e-02 9.217818453206044760e-02
1.001845632236274958e-01 1.227816503893753575e-01 9.199872102748565816e-02 8.946215919735610311e-02 8.951865377377055122e-02 1.226418650203363048e-01 9.142860952735466784e-02 1.191700945680389673e-01 8.346464547032224346e-02 8.934903780233267867e-02
1.036558090489320128e-01 1.132371597425852333e-01 9.327183615494082092e-02 9.022716042728520791e-02 9.026648943305043415e-02 1.129675496320997202e-01 9.286833960087724493e-02 1.259448706879291169e-01 8.744200625230040547e-02 9.011877901999984508e-02
1.021767870874675521e-01 1.113479272294545103e-01 9.518186930051621142e-02 9.334446870723182854e-02 9.336835976835423934e-02 1.112088209486586654e-01 9.360727648498719244e-02 1.186530223735578898e-01 8.783353129112501934e-02 9.327793680864690518e-02
1.058376141868945658e-01 1.104555958487006967e-01 9.490500588620312539e-02 9.208346996298229226e-02 9.211170298090765041e-02 1.103284233397814063e-01 9.408419093331558958e-02 1.179302220839681808e-01 9.026336560227142536e-02 9.200040917497503967e-02
1.046923495307273411e-01 1.059374934062115997e-01 9.808861784120262439e-02 9.735198272741077408e-02 9.734009732361843803e-02 1.058633534548757277e-01 9.606913202858784195e-02 1.045437634471164806e-01 9.272236892020396803e-02 9.739084132004517669e-02
1.033590764707257720e-01 1.109856988299538633e-01 9.376256625621035012e-02 9.247633733597351857e-02 9.251389409363415528e-02 1.108004000736002165e-01 9.308987852237322891e-02 1.203877215488900754e-01 9.029192017455783814e-02 9.233250669408098188e-02
1.061292466836485093e-01 1.047263959261586636e-01 9.758318221331176157e-02 9.515207719977067380e-02 9.516748164363796059e-02 1.045136535570708319e-01 9.562150771820002171e-02 1.139769507671644089e-01 9.208599775792565556e-02 9.504350653311151309e-02
1.011796658261474025e-01 1.103440155183133820e-01 9.294999459699049282e-02 9.603930066958926703e-02 9.604027531252486150e-02 1.100684284710999189e-01 9.333107127769331435e-02 1.151763951032032801e-01 8.895971266202518102e-02 9.591114056241294150e-02
9.942236756814179510e-02 1.239887377664870421e-01 9.135144389004903887e-02 8.745550957383664559e-02 8.748502434264680827e-02 1.236907897859502309e-01 9.008607409014891820e-02 1.246216314524403318e-01 8.453254054909464799e-02 8.736588098120455503e-02
1.011784533417482285e-01 1.219861067877710814e-01 9.121955702581270586e-02 8.872808129666441557e-02 8.877771130353567797e-02 1.217852911960076029e-01 9.027499165016916738e-02 1.232129592005361401e-01 8.423063851920604972e-02 8.860620967854894448e-02
9.971165421036772003e-02 1.283830084137062566e-01 8.867013682948753084e-02 8.629462081690986164e-02 8.631767539479716367e-02 1.280498538971844846e-01 8.754355510932715356e-02 1.263154714091956898e-01 8.247017786788359006e-02 8.624384605114054914e-02
9.792518018684810699e-02 1.320408279439250210e-01 8.762593670387068545e-02 8.702814240162078108e-02 8.707558279438520898e-02 1.318561923428116511e-01 8.726772194530278692e-02 1.196493337593563522e-01 8.258701685648305035e-02 8.694406506539630042e-02
1.019080806136289097e-01 1.127591549670962368e-01 9.288328749873026036e-02 9.259870758097393795e-02 9.263343617515817918e-02 1.125618023408838375e-01 9.245587310146764770e-02 1.207071512550752374e-01 8.899678168519002674e-02 9.249572478179576840e-02
1.038183125851228072e-01 1.116062181807308540e-01 9.709223959902298084e-02 9.229768237802768449e-02 9.231676725807133610e-02 1.114505498382114962e-01 9.545322419428897698e-02 1.142661126626253049e-01 8.945537772633582740e-02 9.224351557756270414e-02
9.997856624715895091e-02 1.147912338026595008e-01 8.983625723956346898e-02 9.064877801415908987e-02 9.067185614415104733e-02 1.145559531657053126e-01 8.897668884638137987e-02 1.302093012407434525e-01 8.975352719647364252e-02 9.057783810300416849e-02
1.055839943742199194e-01 1.107163329127414109e-01 9.680338763625277732e-02 9.399108180443532801e-02 9.399510574712213740e-02 1.105695780330320233e-01 9.462942035564285426e-02 1.095269638528081624e-01 9.018964483198965709e-02 9.399449045175571615e-02
9.898429063759049684e-02 1.136418838980766399e-01 9.304710681781287740e-02 9.318046068106275448e-02 9.319466640688661707e-02 1.133410371210846757e-01 9.223999744931117573e-02 1.221226444670257538e-01 8.718723464960512204e-02 9.306067787154387316e-02
1.032538341027019052e-01 1.082503136480947592e-01 9.539627169474149126e-02 9.246080353290339615e-02 9.248900883426501573e-02 1.080215997511440873e-01 9.451835693544709260e-02 1.220843375246933871e-01 9.120036323964614278e-02 9.232511073636275045e-02
9.780563701906659635e-02 1.144597132742267154e-01 8.932833406734254356e-02 9.630239621605211908e-02 9.630398495885159060e-02 1.143231423535684826e-01 8.889171138411448847e-02 1.145688881134071663e-01 9.170703138219372941e-02 9.630916123117655436e-02
1.045812225821391717e-01 1.057942154846757271e-01 9.480835713280338917e-02 9.354806629769046866e-02 9.359069259867960899e-02 1.056412176322688579e-01 9.495683549321136396e-02 1.243519244257804135e-01 8.926087593235816631e-02 9.346659242039280502e-02
1.026222218659118002e-01 1.207742904132266537e-01 9.508084359076371395e-02 8.908215244653204523e-02 8.909723869931136797e-02 1.204650072463071542e-01 9.296321763255255277e-02 1.149140784846309216e-01 8.594961199238067284e-02 8.905133762838315925e-02
9.846981265058087074e-02 1.232536164609223800e-01 9.174065483446504354e-02 9.048051558139830197e-02 9.051101476432221737e-02 1.230146728048528149e-01 9.126464144974327786e-02 1.150373452314990552e-01 8.585434831534932698e-02 9.037337790686673922e-02
1.014417329546147967e-01 1.163135381878247082e-01 9.362822488031612156e-02 9.191174667742819937e-02 9.194991218546463840e-02 1.161609595842533899e-01 9.171095752884185492e-02 1.187713835900588849e-01 8.630635827419166906e-02 9.180518613700575092e-02
1.038226885560984553e-01 1.051886600970949326e-01 9.490890746590537053e-02 9.448711419736209594e-02 9.452863131447790390e-02 1.050837683841082670e-01 9.459221279927630677e-02 1.196108610001954120e-01 9.338734583096550135e-02 9.438981035451575463e-02
1.029592805469409095e-01 1.189012971110391947e-01 9.186974698238770110e-02 9.054439872869830819e-02 9.055635236743125871e-02 1.187427228021940145e-01 9.053728950492069549e-02 1.175120415887705161e-01 8.784534068286160846e-02 9.053152968475577933e-02
9.919722999364063987e-02 1.191822570369287654e-01 9.166723182935250513e-02 9.085029732140627312e-02 9.088579512708065689e-02 1.189481666613205479e-01 9.061373939041139636e-02 1.219686957575185082e-01 8.597288216921382398e-02 9.071370471312689698e-02
9.863550022300340836e-02 1.250782213239566287e-01 9.299865462676699945e-02 8.956646233602100216e-02 8.958080748494584578e-02 1.247492648656669950e-01 9.159768205760747406e-02 1.139540970758891603e-01 8.435357140476985871e-02 8.948573860137262748e-02
1.007405515266782403e-01 1.288929385468845501e-01 9.072135256074016774e-02 8.644652238783104292e-02 8.647930963932347337e-02 1.286012539173727043e-01 8.989303276749369132e-02 1.185364978379980505e-01 8.331263959907729555e-02 8.637590121660078391e-02
9.760821267715712179e-02 1.271899394749715084e-01 8.921713380898430024e-02 8.791141663905469028e-02 8.794588048107415679e-02 1.269830703872048272e-01 8.836194500468758095e-02 1.221327618942636278e-01 8.479320598210071669e-02 8.785643365050145592e-02
9.920893532289834504e-02 1.143879848386016307e-01 9.326694278434606578e-02 8.846282851303070849e-02 8.849024240837723154e-02 1.141773434832549505e-01 9.283297634675413690e-02 1.281166845193892345e-01 9.263274036091848074e-02 8.842332142242921578e-02
1.009633905358604394e-01 1.242772245390122154e-01 8.988847322026564945e-02 8.838220897651205554e-02 8.840852578715117926e-02 1.239545254327220902e-01 8.913707607912606246e-02 1.236834973231197982e-01 8.298189831087356139e-02 8.832317979535693475e-02
9.993753865753410293e-02 1.157621863634127612e-01 9.144939017903194745e-02 9.267000248230528037e-02 9.268725534035315849e-02 1.155066605523510231e-01 9.046750579619937394e-02 1.205885123372417711e-01 8.838217248959741312e-02 9.254877580197319598e-02
1.158980393919271934e-01 8.431571979255521321e-02 9.650143744783996891e-02 9.513653581931061365e-02 9.529584766273541119e-02 8.420911226047354814e-02 9.501533567693258575e-02 1.473722699716747964e-01 9.161715297331406160e-02 9.463854900323655228e-02
1.047615269541129351e-01 1.132198693757492103e-01 9.530237170202103536e-02 9.221060090496821515e-02 9.223233320293304505e-02 1.129931389688759030e-01 9.349132350991891383e-02 1.166564044620864438e-01 8.700887506502194557e-02 9.212355585431236671e-02
1.018549323691534669e-01 1.133858529085499944e-01 9.429571716893389577e-02 9.214148641789339511e-02 9.217438932561652920e-02 1.131477678689730287e-01 9.289140257552698510e-02 1.196092177934028195e-01 8.849472000123353999e-02 9.200451357071638692e-02
1.008198383460658515e-01 1.130549181389775698e-01 9.105455486163023526e-02 9.333559623662562865e-02 9.335487778839665629e-02 1.128222565910974445e-01 9.081835976719462855e-02 1.242457862012152914e-01 8.722874986467749059e-02 9.326506220411920345e-02
9.604695182409724030e-02 1.281676939754169964e-01 8.704268102160053755e-02 9.084633922359905411e-02 9.085955247694002535e-02 1.278523944316733163e-01 8.650691721977056547e-02 1.196164220196051647e-01 8.226128492145766413e-02 9.079976288583947730e-02
1.034471651091814215e-01 1.191378917234786894e-01 9.153538226984865578e-02 8.860225484895521697e-02 8.864476877119860376e-02 1.188552604194193923e-01 9.057644096335001893e-02 1.248712508318193665e-01 8.586020547882133869e-02 8.846937958392725454e-02
1.021488685921879275e-01 1.170786594498490901e-01 9.529471734733008237e-02 9.096423101435784087e-02 9.098626155816012806e-02 1.168570574906211829e-01 9.398233830209941353e-02 1.150922793957655926e-01 8.669336155943364874e-02 9.090222529019514885e-02
1.016041535914797983e-01 1.142072190952034688e-01 9.230118256554716016e-02 9.151957118647374712e-02 9.156795835558520502e-02 1.139822931741760331e-01 9.090880475281401529e-02 1.243699124298676267e-01 8.821093569421283032e-02 9.132796915464008736e-02
9.752950050947406524e-02 1.115245179081516408e-01 9.435326053562950732e-02 9.333560853292115211e-02 9.334592837908528562e-02 1.112981275796148806e-01 9.414770402634600743e-02 1.225762782365401038e-01 8.861931005255650751e-02 9.326976423968078023e-02
1.019658654754461019e-01 1.177070603675995780e-01 9.083235521230362264e-02 9.052162615835850079e-02 9.055013517405149925e-02 1.173700525099176661e-01 8.985176882288065103e-02 1.258670154172240041e-01 8.497583310112608035e-02 9.035828776109228189e-02
1.004789816270958147e-01 1.140489150066063689e-01 9.632640387020856287e-02 9.265645218030986452e-02 9.267407090728284336e-02 1.138387011627744055e-01 9.643550354594232488e-02 1.149969931536299200e-01 8.596906917776224455e-02 9.257490936838769224e-02
1.063307243978908884e-01 1.090348698146153122e-01 9.217360648807762513e-02 9.304915113348276312e-02 9.308972191330369683e-02 1.087910930986706187e-01 9.150882930400956738e-02 1.237516603021986406e-01 8.934128446416064739e-02 9.292905908359024025e-02
1.027064376926413586e-01 1.165172002219265895e-01 9.518295394481371408e-02 8.980253006548455375e-02 8.984474767328927414e-02 1.163426916869987199e-01 9.406224295401900692e-02 1.193058206822284750e-01 8.654994709012142629e-02 8.968542798847682629e-02
9.937741928495241739e-02 1.275286902340583561e-01 9.123461523034537279e-02 8.682188020436591713e-02 8.684645639612546819e-02 1.271972859745580109e-01 9.029196568133521228e-02 1.204678232847094799e-01 8.350415586371240373e-02 8.672970784583737547e-02
1.048750919373177271e-01 1.072771892634575841e-01 9.877418136600413234e-02 9.402750939389896423e-02 9.403496345520344357e-02 1.071332839760532896e-01 9.649390840053065355e-02 1.134708630248713046e-01 8.991835962291221118e-02 9.399464955975063429e-02
1.009868137051665310e-01 1.141495317085650940e-01 9.167476004708446924e-02 9.190854896270614360e-02 9.193415512430942738e-02 1.138910166651346534e-01 9.152142540791270708e-02 1.245043009374538628e-01 8.761654742697215503e-02 9.181290001469492867e-02
1.052919096930312742e-01 1.124135940797563321e-01 9.242817336755124180e-02 9.259592578364286841e-02 9.261997989671680309e-02 1.121894304371686552e-01 9.179405825255268492e-02 1.173764193133425421e-01 9.076891391349251048e-02 9.252159526274507384e-02
1.007891403663661312e-01 1.098230212215996759e-01 9.319396731889992291e-02 9.341495382800066305e-02 9.344387168191059523e-02 1.096146544266157347e-01 9.256120736068879085e-02 1.244531563782238781e-01 8.939052110836531728e-02 9.331550630932934631e-02
1.052481941218680883e-01 1.170116943091750877e-01 9.481841591112179224e-02 9.033526835749268458e-02 9.035638752801611329e-02 1.168637128552428434e-01 9.324224238473144410e-02 1.142698498244657801e-01 8.757811915923861823e-02 9.027611554864753418e-02
1.028188045256982069e-01 1.105043339570448840e-01 9.136289693661135691e-02 9.193149630477787104e-02 9.194886194731656526e-02 1.102490611584429347e-01 9.069066987760078524e-02 1.291510043810247810e-01 8.948371754335054939e-02 9.185915336813200993e-02
9.797837197401317033e-02 1.176854114620355801e-01 8.968712875330003831e-02 9.063143383381597196e-02 9.065489572315085787e-02 1.174519625939252215e-01 8.908521158495298631e-02 1.300986754738990558e-01 8.617893497929755842e-02 9.054797362160962870e-02
1.021675460281673414e-01 1.144179870814401451e-01 8.885069978804677193e-02 9.494648378424659640e-02 9.497455102940276228e-02 1.142467378220716062e-01 8.840329051557595241e-02 1.196633355963828416e-01 8.747330137313515108e-02 9.485606698153081773e-02
1.016935228045925399e-01 1.112970469763923248e-01 9.566689245006967934e-02 9.119886705263190174e-02 9.124086915552995225e-02 1.110787362530330086e-01 9.454395624659923947e-02 1.237301441658279488e-01 8.848372124310914522e-02 9.106624365221427375e-02
1.040575623525089449e-01 1.122953411839064664e-01 9.529778750161696510e-02 9.164085843274609455e-02 9.165295624290356602e-02 1.121580794528199559e-01 9.395295456510363574e-02 1.140974498464984582e-01 9.322402286222186696e-02 9.162298755967401842e-02
9.768262267990801551e-02 1.218046789180833589e-01 8.794677211119397708e-02 9.017677522236682008e-02 9.018479491688037586e-02 1.214700458081780371e-01 8.760789180817897537e-02 1.271652066280880844e-01 8.582792566909649978e-02 9.013328623802588369e-02
9.900856677274465223e-02 1.130685865435022280e-01 9.291617873344386325e-02 9.151201489018581658e-02 9.155682119087368842e-02 1.128339701931737604e-01 9.200654330861411656e-02 1.286754697854774754e-01 8.707423832720972978e-02 9.134761025477465546e-02
1.018467618406133507e-01 1.070537642891955243e-01 9.410135648462306102e-02 9.391062236252904760e-02 9.397286695448839322e-02 1.069341853392212216e-01 9.389140576741890343e-02 1.237709083160348639e-01 9.079954885698073019e-02 9.371857978889489016e-02
9.880166626877205649e-02 1.181405458163575506e-01 9.209540993558147648e-02 9.062166933228629762e-02 9.067159170096557308e-02 1.179194288888090469e-01 9.157370078080390163e-02 1.230777548119848797e-01 8.664960604231519703e-02 9.044862642212402049e-02
1.046491673651473997e-01 9.792551892148462778e-02 1.022209702210761517e-01 9.953169329051954339e-02 9.953190690050234268e-02 9.799277943471251806e-02 1.011556442577405263e-01 9.918493257188461254e-02 9.823038553324554834e-02 9.957700150368670178e-02
9.387803851886288020e-02 1.052259097016671752e-01 9.436401350484764639e-02 1.025302438432316304e-01 1.025261116174430165e-01 1.052746950372932810e-01 9.599310173119611489e-02 1.027253503098244786e-01 9.490441755243962663e-02 1.025781181831941224e-01
1.003848463602195207e-01 1.261148560539588903e-01 9.321888474283304693e-02 8.891711071133742705e-02 8.892775574749998968e-02 1.258843802918623855e-01 9.252790161337068331e-02 1.117365874684893151e-01 8.337446790837753363e-02 8.891320910205122163e-02
9.994112951321325322e-02 1.175106204776803082e-01 9.445762070922181231e-02 9.233385251344927713e-02 9.235316630379555858e-02 1.173129747289885644e-01 9.440954965999077964e-02 1.151224602266380237e-01 8.428174889524733815e-02 9.227687697177511250e-02
9.776404774219678295e-02 1.227326322174760315e-01 9.231332322669850987e-02 8.989462577446094560e-02 8.992764804650102417e-02 1.225311066779033592e-01 9.126050673662251811e-02 1.172210924686779981e-01 8.657087728850607067e-02 8.978413982095675983e-02
1.020418432957164584e-01 1.098931302383073377e-01 9.338903281749906526e-02 9.380767550802833477e-02 9.384203718363968993e-02 1.096733803910270449e-01 9.296418585399854329e-02 1.198365938916532286e-01 9.090202514700565506e-02 9.365009567312461425e-02
1.035797330801873500e-01 1.169825806655478417e-01 9.355270923506427139e-02 9.024282413700983330e-02 9.028311151557782965e-02 1.167507970235876769e-01 9.204489926256570476e-02 1.203132645910713061e-01 8.614221916624795194e-02 9.010786132314022034e-02
1.033853057393272490e-01 1.116578573129609064e-01 9.307444928190398981e-02 9.266305347339391651e-02 9.269930292056026422e-02 1.115252937517349496e-01 9.278249431956279991e-02 1.215233239569553925e-01 8.810073290458227124e-02 9.258818633901823303e-02
1.040533878569165210e-01 1.064503664316817505e-01 9.387123923414870952e-02 9.281412846177633513e-02 9.285645893715424593e-02 1.062213836111175341e-01 9.360682075377273204e-02 1.284082569331374546e-01 8.907476455332692666e-02 9.264319322696773495e-02
9.974275113285899219e-02 1.285528281905732595e-01 8.829028320805513974e-02 8.996966708190443085e-02 8.999708600474549958e-02 1.282767189276529662e-01 8.773397719015646468e-02 1.140889031482775207e-01 8.342871697968363975e-02 8.991906813609204518e-02
1.046452169848779007e-01 1.133071763093952133e-01 9.391423118140580784e-02 9.270454708299312452e-02 9.274235601877332813e-02 1.132395276327379241e-01 9.250313969702624040e-02 1.163895995906325947e-01 8.792484752629324551e-02 9.262935797586462072e-02
1.034162290088274788e-01 1.121711455714991951e-01 9.036426549809781217e-02 9.262152532261361260e-02 9.266803881503656026e-02 1.119609288911679740e-01 8.989164625468552827e-02 1.267920728587982604e-01 8.764660338513942384e-02 9.246754439413416848e-02
1.027103656467064779e-01 1.123173825396300285e-01 9.301977742132612470e-02 9.237549536379036086e-02 9.240110564261734549e-02 1.120662996046454113e-01 9.176215291061150248e-02 1.225841664083419519e-01 8.852304861508064615e-02 9.224020584725013683e-02
1.002758074262262017e-01 1.144577603199705695e-01 9.253477961707250177e-02 9.091071261365506195e-02 9.093732590470082755e-02 1.141961168305504759e-01 9.147915904690338829e-02 1.274317221615005324e-01 8.697217445542572423e-02 9.080444162399468888e-02
9.742912811467777101e-02 1.175902331894632946e-01 9.068614849474093687e-02 8.991968388222944253e-02 8.993516904794991718e-02 1.173186764301316354e-01 9.010560344755839945e-02 1.304555419014895579e-01 8.665549814622032498e-02 8.990431734553866461e-02
9.970245074414672837e-02 1.238972017980103368e-01 8.853178812300155354e-02 9.028107128706616691e-02 9.030069389219087805e-02 1.236467996401432318e-01 8.814791208977090786e-02 1.209532220769909683e-01 8.430459573292654885e-02 9.023426461575270729e-02
9.666513807680877923e-02 1.241686405628139450e-01 8.973251611160990016e-02 8.849048436111205118e-02 8.852369538591943476e-02 1.238868698328665918e-01 8.907109324541710726e-02 1.272693454493445953e-01 8.381714846616185322e-02 8.837506850794575597e-02
1.028046343454604022e-01 1.032377430210804775e-01 9.645101181177503924e-02 9.606492083748904842e-02 9.609026531097429602e-02 1.030032277996616036e-01 9.613802343016424057e-02 1.174163944430803991e-01 9.288762598828810557e-02 9.590615301202638776e-02
1.000803018552441359e-01 1.212928723496499717e-01 8.827131297143142596e-02 8.999884629815692316e-02 9.005516140289676619e-02 1.210642299842645264e-01 8.797405462404606080e-02 1.268248576910410153e-01 8.459519926158021175e-02 8.984316356168894901e-02
1.035148043478229113e-01 1.027693466052588961e-01 9.521031718037058222e-02 9.620652578319652259e-02 9.623821691562065017e-02 1.026386668793073526e-01 9.507820010963910495e-02 1.185696324609783608e-01 9.367931849195401672e-02 9.609497122585164419e-02
1.025350748124668199e-01 1.109905068125328909e-01 9.261796547336097196e-02 9.617211753850436751e-02 9.619420317106021356e-02 1.108220832057829203e-01 9.174917903024937260e-02 1.133097579917210079e-01 8.953694490535808737e-02 9.607216705896336195e-02
9.557652527871082770e-02 1.307063798016619149e-01 8.729383089747758118e-02 8.593495053535191164e-02 8.595826272106751875e-02 1.303958293354922360e-01 8.639169137974905821e-02 1.299529522433096052e-01 8.190449653851027134e-02 8.588508126866899184e-02
9.801513144677047318e-02 1.102777556545069121e-01 9.095973277891424014e-02 9.685075287015861012e-02 9.684133989055886127e-02 1.100687054795341652e-01 9.049716357570156133e-02 1.168444816689624688e-01 9.279981298724034045e-02 9.684512364765239523e-02
1.031086282550532918e-01 1.080179724737017899e-01 9.167708943881663908e-02 9.819842217148624930e-02 9.821485807983780514e-02 1.077959917253212691e-01 9.094483921210640143e-02 1.129172834927682362e-01 9.101557566496555618e-02 9.810933948594276199e-02
1.044188100929003410e-01 1.135351444146266153e-01 9.407147387717820775e-02 9.124219382833376191e-02 9.126854534167064270e-02 1.133360497340449163e-01 9.224634439541988529e-02 1.210573601421354312e-01 8.767727573498435012e-02 9.114680243870580678e-02
1.000798637287397819e-01 1.124857343828472023e-01 9.314969885754123546e-02 9.343387349924250906e-02 9.345750981938842628e-02 1.123868975117728181e-01 9.269833338397212574e-02 1.178279808443404575e-01 9.105660231197507115e-02 9.342350566018040037e-02
9.761791340008120488e-02 1.298873123489757420e-01 8.839568173569213594e-02 8.760636603004798295e-02 8.762433785423415222e-02 1.295656884161915656e-01 8.752332189242331695e-02 1.206071832713562497e-01 8.361834600450808452e-02 8.755384904648950972e-02
1.038666491452464868e-01 1.172731036221012074e-01 9.093410523262909773e-02 9.011511369450357634e-02 9.014729551719359579e-02 1.169933921825920403e-01 8.977581393915537444e-02 1.247142181486828455e-01 8.618656418786531381e-02 8.999374433003047569e-02
9.871437097379917591e-02 1.228611550533214442e-01 8.832446374714467141e-02 9.492825333677711031e-02 9.492642655517412320e-02 1.226393533229386684e-01 8.811003895482127923e-02 1.107207363479354584e-01 8.386351367543326552e-02 9.491168803265477572e-02
1.093796110796535492e-01 1.044004837374201689e-01 9.536221592096605360e-02 9.513758198499307206e-02 9.514262225068716161e-02 1.042843124042148184e-01 9.458701925850723780e-02 1.126480425677610780e-01 9.388305834573547337e-02 9.517505245006135928e-02
1.021427853935995833e-01 1.076005957532937957e-01 9.534949691158310647e-02 9.567892363865479477e-02 9.570266219797143870e-02 1.074292693382368630e-01 9.473730261939716790e-02 1.157204790880967255e-01 9.002052009260175236e-02 9.561796496656484179e-02
1.012356626987859082e-01 1.144298544200440942e-01 9.605513535674406467e-02 9.061834661587586659e-02 9.064573940962711296e-02 1.142489000296291468e-01 9.392273981916079983e-02 1.188378979041970485e-01 8.949222340500430362e-02 9.051350034093166852e-02
1.016421482289820710e-01 1.178340232427210199e-01 8.955446899172105069e-02 9.148427343524993816e-02 9.150285977713673580e-02 1.174968116237987137e-01 8.896030831894605195e-02 1.235009619988494955e-01 8.663378631788443140e-02 9.139035806471046408e-02
9.940785999025966713e-02 1.192675902277247069e-01 9.179836741811696343e-02 9.185377667383430589e-02 9.188329167473938131e-02 1.189641322486958558e-01 9.101789890305124475e-02 1.160305891352585300e-01 8.809999509873954471e-02 9.167649862957974460e-02
1.030124886924761590e-01 1.069622374537009396e-01 9.456087387951606082e-02 9.432099835016846678e-02 9.435572251400743682e-02 1.068092851480792888e-01 9.435512732989032036e-02 1.202910005160425372e-01 9.113090287429274905e-02 9.420136324182605547e-02
1.030285351990987003e-01 1.096090952175278743e-01 9.442242125045662016e-02 9.326111064014042107e-02 9.328687427772337781e-02 1.093184607705489364e-01 9.355579504509820010e-02 1.197991348333687367e-01 9.056515334677044116e-02 9.315341941926669200e-02
1.014343109113841068e-01 1.159572892781536996e-01 9.586786990153547960e-02 9.143959423449442292e-02 9.144837902595569223e-02 1.156499611381770209e-01 9.442903650547440630e-02 1.152302143108602794e-01 8.716917219442482656e-02 9.137417249954009335e-02
1.039036884059434118e-01 1.061915631688774148e-01 9.629132949978522205e-02 9.412472597968996046e-02 9.415535745693631720e-02 1.060323802714563252e-01 9.506972407378494472e-02 1.200380826372140636e-01 9.019141647775978654e-02 9.400173202855256760e-02
1.014649653253571621e-01 1.083213331118390854e-01 9.569342024562701998e-02 9.414223602996678320e-02 9.418412051203862989e-02 1.082053072021334772e-01 9.474553646895457482e-02 1.191178452816909483e-01 9.011036941313863013e-02 9.401486640925374449e-02
1.007826399523081423e-01 1.083616790164804444e-01 9.300035359308536642e-02 9.471261077001333351e-02 9.473630915800718144e-02 1.082507313734435705e-01 9.303104715417689907e-02 1.230205427152874370e-01 8.941415587258637332e-02 9.468993039461130745e-02
1.027936215172004508e-01 1.065482815375601577e-01 9.448068385525817958e-02 9.435701148270733696e-02 9.439858381199081605e-02 1.064315878705617280e-01 9.462402165434892487e-02 1.214089058188646264e-01 9.067464284488209458e-02 9.428265960662569889e-02
9.613383249617735160e-02 1.262362928523643735e-01 8.885802695209074620e-02 9.012278326756784086e-02 9.014116509796586685e-02 1.259092526390001299e-01 8.845942097746686827e-02 1.190264900951875926e-01 8.505892973980223870e-02 9.005380588237700545e-02
9.638020616451579980e-02 1.385706609735897488e-01 8.618005494324594562e-02 8.560693100655791810e-02 8.562456416934409453e-02 1.382403128348584642e-01 8.584550435727834883e-02 1.170428864230340094e-01 8.094405480738890712e-02 8.556482432018680528e-02
1.032826251814665947e-01 1.041754631561383482e-01 1.011473638696519795e-01 9.389156174159943302e-02 9.392420877092846898e-02 1.040739756223710705e-01 9.849466200982333330e-02 1.164577389212942543e-01 9.073401896795244004e-02 9.381838175877409147e-02
9.978247070540723074e-02 1.187143730503529282e-01 9.132918115657956415e-02 9.020956273720384666e-02 9.025554260726997846e-02 1.185365938942978120e-01 9.107840544165649033e-02 1.241373690571028754e-01 8.583339714111383467e-02 9.012310420901546715e-02
1.009148057213354877e-01 1.168144138792465148e-01 9.265083333978037239e-02 9.120816098078382561e-02 9.125010846886655314e-02 1.166659408975737194e-01 9.209429201129683273e-02 1.188179512018904121e-01 8.850377851983110000e-02 9.107971497939518213e-02
1.018245495041019272e-01 1.202298763511522040e-01 9.171927171998264794e-02 9.164424154933985267e-02 9.168145344270244024e-02 1.200563437558729851e-01 9.145421694815522584e-02 1.139932300501555196e-01 8.581352884387470625e-02 9.158328783466251899e-02
1.057970216215763648e-01 1.029742368374739064e-01 9.579857197412730563e-02 9.415686568611353335e-02 9.420434099872362910e-02 1.027464418041932753e-01 9.443393498712095158e-02 1.245594094624949827e-01 9.137376740061815827e-02 9.395540922755789282e-02
1.008912036864718226e-01 1.159088525793885160e-01 9.077359835094003793e-02 9.134446382415471744e-02 9.139189301383907060e-02 1.157421256211450117e-01 9.085585923360192662e-02 1.244599295505463415e-01 8.737390749705691018e-02 9.125816664285570090e-02
9.721878164596992056e-02 1.209266737962581550e-01 9.125162648629898954e-02 8.979208536577570898e-02 8.980169457471855188e-02 1.206777064259442062e-01 9.057045357872202385e-02 1.237675340113675165e-01 8.623009308464525680e-02 8.976335103029965679e-02
1.026530145827472124e-01 1.101520936754890739e-01 9.477801840957551793e-02 9.406740301956199868e-02 9.408995995228033871e-02 1.099107609045985035e-01 9.377005950056936656e-02 1.158095024778578730e-01 9.081708827172420284e-02 9.395209920559588479e-02
9.549546690432611507e-02 1.274140219349915448e-01 8.991831221488212622e-02 8.873467651074117002e-02 8.876224197292391371e-02 1.271849136612852593e-01 8.921503824872409338e-02 1.208333035474300765e-01 8.380014819859603337e-02 8.864187680609961206e-02
9.704102471723088930e-02 1.067353161093265723e-01 9.316333163527834582e-02 9.933312216052425647e-02 9.932786137750138078e-02 1.066166843775858825e-01 9.460260037561094015e-02 1.124683682289221026e-01 9.137490579208902564e-02 9.933678522593064608e-02
1.010369539348571905e-01 1.185454472296295775e-01 9.377709173974030366e-02 9.100837939271441690e-02 9.102025888804458897e-02 1.182357924976108338e-01 9.270081635166407819e-02 1.153940529252187736e-01 8.732967350880922741e-02 9.095153353171099575e-02
