1.108306817438209080e-01 1.167965790448472901e-01 8.753342644433066699e-02 9.216476753404591327e-02 1.167131493358896932e-01 9.782376066141790227e-02 7.721322770203366270e-02 9.537550760168496400e-02 1.168205406755852827e-01 8.872835925634375842e-02
1.153071667105486503e-01 1.122600004274428021e-01 8.876033034199898308e-02 9.283269222030947343e-02 1.120732948137889012e-01 1.005895701638938600e-01 8.233334672049323621e-02 9.454034494351586104e-02 1.123568207961282289e-01 8.894643286187997600e-02
1.110559041764618143e-01 1.112126175809822620e-01 8.843119234160919107e-02 9.382852357006957189e-02 1.111048473055392533e-01 1.018058067558674645e-01 8.538699858943070431e-02 9.542090065707763136e-02 1.112613633472731983e-01 9.049184567568889503e-02
1.215288428269170329e-01 1.146974673523249583e-01 9.247913730240199526e-02 8.739278485674005503e-02 1.145251943052287835e-01 9.281173930802079364e-02 7.436434552117263119e-02 1.036976874221475359e-01 1.147743484571697725e-01 8.372845264787641406e-02
1.192360303781225817e-01 1.135338921615400981e-01 8.885003286762990782e-02 9.173679450486804665e-02 1.133719945182040945e-01 9.846107814834988148e-02 7.829623687083600569e-02 9.497693989313724106e-02 1.136399758331398946e-01 8.789702482417227625e-02
1.174395050301837440e-01 1.049415417564302927e-01 9.615735683822936031e-02 9.381079038490301725e-02 1.048841282655860324e-01 9.488340874735884389e-02 9.329443345445952163e-02 9.805392254153803833e-02 1.050069962970090615e-01 9.152791668430208805e-02
1.165496723569005022e-01 1.150487366879227452e-01 8.759932200906329902e-02 9.087764195167781500e-02 1.149949712238790278e-01 9.722625694004725927e-02 7.574697645965874915e-02 9.824257607495337496e-02 1.150586044347776948e-01 8.865524186111953253e-02
1.221417848328129330e-01 1.106611021967538189e-01 9.558810465269017287e-02 9.025649558485378254e-02 1.105331834701352156e-01 9.575144946183572481e-02 7.919924417995355403e-02 1.011836754097652780e-01 1.107159594711517869e-01 8.396900074004773340e-02
1.096744533877088423e-01 1.124738833343364580e-01 8.903908820179753936e-02 9.406593123200497619e-02 1.124123196015682224e-01 9.770158500305521632e-02 8.572300351983268285e-02 9.488649389497960662e-02 1.124733172883375654e-01 9.154992453637887662e-02
1.149296392671782657e-01 1.147409044157610691e-01 8.901376751291523171e-02 9.164660605629169898e-02 1.145318254878727182e-01 9.550715778396381972e-02 8.020002792499750233e-02 9.742106837647072914e-02 1.148531444655193079e-01 8.715585870902969878e-02
1.242025616955718254e-01 1.099581260527396492e-01 9.124649523512551319e-02 8.984012546943744015e-02 1.097520722642154056e-01 9.769966763659553022e-02 8.078406536298064766e-02 9.992101837647683615e-02 1.100748724313594107e-01 8.652099547549774172e-02
1.174426933167252024e-01 1.202092866654981829e-01 8.537535889292825753e-02 8.779027174091937058e-02 1.199371419337146305e-01 9.397710112966306539e-02 7.555333121776731942e-02 9.598367662565575331e-02 1.203478347010071003e-01 8.338330377612111766e-02
1.149002848276145100e-01 1.176165700945468184e-01 9.048488791976366796e-02 8.846834722243887561e-02 1.175178072455236311e-01 9.024755839552986436e-02 7.953277877927393547e-02 9.909555029283127758e-02 1.176784679704975523e-01 8.445774725197986721e-02
1.303339598968587809e-01 1.178223650810736878e-01 9.161471455505205974e-02 8.376180322719460614e-02 1.175190875954607306e-01 8.751377278655222969e-02 7.112585995389149318e-02 1.037239934050525614e-01 1.179937991947377640e-01 7.859064430412607272e-02
1.257271381207213379e-01 1.155277919132949860e-01 9.165266154397945508e-02 8.703616042243819684e-02 1.153414207807796632e-01 9.215035006354183045e-02 7.174564832635842160e-02 1.021144850831785383e-01 1.156269213757187553e-01 8.307742236998880148e-02
1.217459066909806625e-01 1.152426653238040610e-01 8.805958633044869144e-02 8.837350996988550811e-02 1.149982785005068259e-01 9.628512877732157971e-02 7.820953700654512120e-02 9.737518803374099752e-02 1.153930855687649720e-01 8.431711379800158057e-02
1.151933190869724039e-01 1.140944626354683383e-01 9.117800705005188466e-02 9.131068481172950613e-02 1.138532185658501783e-01 9.492845044195735715e-02 8.254525002067363004e-02 9.801245155934587561e-02 1.142311277257914842e-01 8.465302810215931395e-02
1.106255953832018663e-01 1.113222963582368857e-01 9.027452480859149420e-02 9.458237478942904675e-02 1.112576053135041487e-01 1.029098518856732675e-01 7.730189619109921473e-02 9.753981982735007716e-02 1.112985837173533360e-01 9.288745172556063523e-02
1.096513072314321963e-01 1.201233456499862517e-01 8.306945388349600001e-02 9.324537956886654044e-02 1.199987945943759848e-01 9.822188321917353637e-02 7.479359633358663439e-02 9.243105151731798030e-02 1.201513108138393265e-01 8.831387718792553521e-02
1.217884134297493592e-01 1.140659855924582439e-01 9.255548316488443339e-02 8.878243840426183753e-02 1.139394947922635210e-01 9.174874838321360471e-02 7.893882607499540238e-02 1.015959282303310895e-01 1.141215978787154528e-01 8.246308404912702783e-02
1.151793907799773253e-01 1.161127806416078351e-01 8.640384523018615481e-02 9.208525338017276018e-02 1.159433986336334682e-01 9.832851203261872008e-02 7.881520235228620108e-02 9.376539925930904573e-02 1.162023731407807875e-01 8.716384454942771587e-02
1.181092732546251689e-01 1.089556280222390844e-01 9.358494478836136554e-02 9.136846698787018384e-02 1.087671657901823491e-01 1.000623110216075917e-01 8.175774110878991641e-02 1.010241903034314326e-01 1.090474429512974103e-01 8.732283577159546950e-02
1.181049435755977678e-01 1.125863419414444011e-01 9.066520550835979741e-02 9.034811025642122684e-02 1.123966188604688665e-01 9.703387411315120281e-02 8.328149188407206471e-02 9.691469543138685194e-02 1.126964801931697596e-01 8.597223823592811676e-02
1.284488945669365612e-01 1.113013265022512882e-01 9.668230484528542168e-02 8.826971837213400118e-02 1.111483514775803150e-01 9.230222521094129384e-02 7.497411329208832076e-02 1.033928698054581014e-01 1.113699703380943706e-01 8.211022558923028458e-02
1.100506670004898768e-01 1.175271050505143772e-01 8.479378371522265645e-02 9.158237989652547040e-02 1.173839424915205237e-01 9.756434001482686136e-02 8.506061828897999721e-02 9.067107046218668420e-02 1.176143887647339015e-01 8.775170431499966506e-02
1.702841760585133979e-01 1.004365854665478508e-01 1.121756243056481889e-01 7.488013149307377880e-02 1.003216195379534048e-01 8.074121379919096952e-02 5.917603390696053733e-02 1.298095667168403522e-01 1.004665108486129249e-01 7.170853786665858098e-02
1.078951267648563250e-01 1.139921895745704267e-01 8.726140351668747186e-02 9.415409383957049072e-02 1.138544788475701341e-01 1.013442201449834823e-01 8.348970273467182235e-02 9.314446748982556368e-02 1.140546045726315016e-01 9.080971251463278160e-02
1.140617290269678175e-01 1.106483664816319268e-01 9.055977978872566114e-02 9.133205520446914527e-02 1.105456495508483072e-01 9.909915532986919573e-02 8.290110997097996370e-02 1.019755414948397831e-01 1.107145604711724518e-01 8.816205268049574773e-02
1.172032529986292149e-01 1.138124344191342036e-01 8.962578523141775944e-02 9.027860234305136455e-02 1.136144496521042518e-01 9.491747403443515085e-02 8.003559085608739909e-02 9.916150184097029252e-02 1.139264908978498136e-01 8.742441772632059127e-02
1.192821506901644013e-01 1.100853117556642169e-01 9.381538889315331475e-02 8.862639173213342214e-02 1.099653562228828096e-01 9.627870821761026765e-02 8.282871533853761181e-02 1.032687255742564120e-01 1.101392940069522708e-01 8.570995756864525916e-02
1.167317898043552238e-01 1.162530742039008524e-01 8.589431687810432370e-02 9.008917756538675770e-02 1.160844179369539958e-01 9.928223422830603773e-02 7.592287262966143646e-02 9.641259330794109406e-02 1.163495648900680357e-01 8.697995855532228426e-02
1.145902454427367850e-01 1.161521186495686059e-01 8.855207584977609070e-02 9.064340563484599156e-02 1.158898030353262415e-01 9.515777382978860000e-02 7.898897448641427343e-02 9.774875897231208310e-02 1.162988536545645490e-01 8.597799044466679363e-02
1.152752906587812681e-01 1.172054712644094998e-01 8.947520010055716455e-02 9.102212374140564166e-02 1.169304860487886816e-01 9.297497259927844926e-02 7.710923306382612419e-02 9.714648587733830387e-02 1.173652029955601361e-01 8.549553365005478633e-02
1.061233292214368573e-01 1.061413694233719479e-01 9.406051543141717708e-02 9.502047760864300308e-02 1.060851892223316356e-01 9.831743563541109343e-02 8.721398729217698376e-02 1.066206997964171538e-01 1.061654361309640887e-01 9.425156023783011483e-02
1.154468721428646705e-01 1.073735156420824594e-01 9.559470300187777880e-02 9.456724624500140175e-02 1.073217430086651075e-01 9.570989363200717304e-02 8.771750778339415522e-02 9.739968041693337908e-02 1.074100114937249772e-01 9.145882663344889751e-02
1.324598756172737646e-01 1.136643909369756400e-01 9.168583376197049495e-02 8.257282376001852386e-02 1.134661996239479248e-01 8.856372348254763771e-02 7.704468155040221367e-02 1.076790727241910550e-01 1.137789863020566006e-01 7.908441224061607544e-02
1.258258864442655667e-01 1.167645707368199504e-01 9.173237790847595108e-02 8.477190701123502037e-02 1.166186018150670994e-01 9.262991449794115428e-02 6.770467137278418646e-02 1.051555803392492383e-01 1.168357555545838367e-01 8.196073431957796862e-02
1.106892425561931959e-01 1.175171743697275284e-01 8.372987280601680571e-02 9.260629035979692225e-02 1.173659660359457901e-01 9.899651721851733532e-02 8.072677268176772780e-02 9.145012229555277150e-02 1.175894733382652907e-01 8.932856833821661846e-02
1.290777744939612948e-01 1.154248632525508439e-01 8.944640783098309345e-02 8.649535927494679532e-02 1.152589209562742134e-01 9.231188843569815283e-02 7.748971561014438014e-02 9.674048501293487645e-02 1.155283505445932751e-01 8.222623458791307460e-02
1.265779144158264147e-01 1.180456648380327073e-01 9.024924314785211232e-02 8.680806854065439837e-02 1.177958638894421595e-01 8.808332733402414461e-02 7.318745716576567639e-02 9.956955961228801388e-02 1.182134449282283423e-01 8.146945612788605851e-02
1.211381729741862895e-01 1.132553750831728073e-01 9.058455741189734567e-02 9.081330111443335074e-02 1.130936785653404164e-01 9.425581835090821037e-02 8.059776596647917624e-02 9.811321494774331853e-02 1.133399199665239832e-01 8.480819561931507433e-02
1.202337283751694352e-01 1.137635495329534646e-01 9.299529072012641118e-02 8.919093217439982846e-02 1.135210150448433264e-01 9.230334170868428889e-02 7.879559450221117201e-02 1.022857388820402197e-01 1.139133782655424726e-01 8.299743079402942258e-02
1.156551695290475718e-01 1.158046271501872726e-01 8.633664111928107676e-02 9.136183356926591559e-02 1.157212131935941857e-01 9.616379620121283389e-02 8.333639050744848231e-02 9.431496627597257820e-02 1.158358641586188231e-01 8.546949829537130172e-02
1.178613605098930983e-01 1.159990375236060189e-01 8.945944798113279750e-02 9.005673784307008378e-02 1.157859623531462823e-01 9.247963391241184605e-02 7.659874692767471016e-02 9.963436910950045078e-02 1.161003681959504180e-01 8.602433564361432194e-02
1.145107817041997322e-01 1.158988762296150887e-01 8.957202741416163405e-02 9.074972422582243403e-02 1.157425792933745035e-01 9.368688196986944827e-02 7.577676758569784621e-02 1.021218515148515776e-01 1.159779943555367121e-01 8.596251570687107879e-02
1.133345604734742329e-01 1.124486105315755796e-01 8.776333428394007818e-02 9.052974768714067144e-02 1.123671380380067697e-01 9.863437857977173928e-02 8.313741919033539041e-02 9.960523430893004904e-02 1.124977725733184580e-01 8.968180433350701752e-02
1.190081102521879652e-01 1.202361160040895521e-01 8.961724581472980955e-02 8.828868109840347367e-02 1.201375036114450262e-01 8.945942681279871189e-02 6.991280480022185606e-02 1.002026074310849446e-01 1.202786610584254956e-01 8.285884311661320667e-02
1.126376609129874223e-01 1.216279698946196308e-01 8.263914655486051530e-02 8.844727941359242784e-02 1.214158047486331299e-01 9.511021673358047157e-02 7.608156475204840008e-02 9.428030048337297797e-02 1.217503291982404007e-01 8.600972730806463740e-02
1.172282274109009981e-01 1.105674227698773826e-01 9.276889210904032401e-02 9.249350482798598949e-02 1.104663509867907928e-01 9.481610619275625262e-02 8.224791794243940801e-02 1.015170674928744243e-01 1.106234507147527413e-01 8.727105955258167291e-02
1.172637136598769364e-01 1.089014096903940104e-01 9.203394076605710128e-02 9.117421414863455253e-02 1.088112567375857792e-01 9.975650509366343344e-02 7.771047883402840140e-02 1.058260623529847511e-01 1.089425837783556394e-01 8.957983493841943645e-02
1.076008637572443000e-01 1.020804576010498343e-01 1.002176247652698249e-01 9.705305783383459672e-02 1.020210083633093789e-01 9.827778430403112664e-02 9.015455903470932786e-02 1.079970222428924265e-01 1.021364500036944650e-01 9.246117209396467751e-02
1.144090688645829496e-01 1.115830825544503746e-01 8.884809457515387143e-02 9.036771583072537861e-02 1.114534350723855871e-01 1.017361161363298794e-01 8.234591847693217836e-02 9.918151136986630423e-02 1.116260320690542346e-01 8.844902505051918662e-02
1.062887361162491995e-01 1.112500175916672496e-01 8.983473229729355136e-02 9.473345193749792281e-02 1.110892386438952356e-01 1.001539120268477301e-01 8.362879036644078889e-02 9.995253232389758602e-02 1.113264529548043252e-01 9.174213574140641092e-02
1.145092253444008057e-01 1.075405734856978712e-01 9.609153777428744436e-02 9.458377946032661687e-02 1.073360597528457694e-01 9.828240248240026344e-02 8.485672073711120200e-02 1.015855486528099011e-01 1.076368223241630645e-01 8.757732998595706142e-02
1.266710520783371763e-01 1.151791936142763928e-01 8.886700321576129769e-02 8.497418227980382821e-02 1.149578633544325601e-01 9.360785238077219683e-02 7.670882395417358279e-02 1.013634174796384374e-01 1.153153229493762144e-01 8.235528869342825797e-02
1.227371116632147985e-01 1.190061085534578483e-01 8.880676762845782224e-02 8.736047902692539724e-02 1.188596013207966484e-01 8.912602187103456364e-02 7.046769993470783366e-02 1.012325071413475441e-01 1.190756974191036072e-01 8.332800544095395057e-02
1.304500759157463385e-01 1.157796928478404402e-01 8.863885424751528908e-02 8.331063293768342648e-02 1.155315467206310120e-01 9.194830351276205016e-02 7.558572012038503041e-02 1.029576163714894937e-01 1.159571218839778872e-01 7.984043544196901820e-02
1.271797230553479152e-01 1.180658356633622619e-01 9.159790802188441661e-02 8.475976310799229752e-02 1.179261307328182545e-01 8.626962379782641965e-02 7.176237402354249117e-02 1.034309106988065968e-01 1.181530401092924232e-01 8.085469078912692342e-02
1.137601067949114697e-01 1.161826729792666268e-01 8.837673314213960463e-02 9.123588606631385933e-02 1.160373792100066470e-01 9.580648839482884538e-02 7.738523540471838047e-02 9.700438044422396433e-02 1.162570132629318076e-01 8.795410430065872531e-02
1.151329497960691395e-01 1.106989383029098606e-01 9.337005675079072808e-02 9.228667001536594583e-02 1.105814038378223896e-01 8.981544980319187965e-02 8.263001210882187086e-02 1.050950657683951406e-01 1.107715041730309991e-01 8.961794944360208792e-02
1.250877652729135148e-01 1.130830573217757595e-01 8.809342254676545692e-02 8.837244233209697042e-02 1.129046586644914807e-01 9.311223319351420724e-02 8.138271720769270356e-02 9.711204526820889360e-02 1.131950676032508485e-01 8.765659058929016478e-02
1.100056034270594785e-01 1.089503737878772943e-01 9.463103980810458338e-02 9.351381444259165843e-02 1.088356603478689566e-01 9.372895039363218772e-02 8.504903150119798305e-02 1.063931570026693252e-01 1.090428513671640315e-01 8.984951792183451524e-02
1.181074559131271712e-01 1.123319333389451169e-01 9.103999928909227435e-02 9.120032536533893841e-02 1.121043976127195085e-01 9.744626982704551743e-02 8.304857342312818580e-02 9.685429221036585823e-02 1.124512888830551255e-01 8.541546413718235919e-02
1.141948007527380793e-01 1.125104514651174559e-01 8.787781058964823366e-02 9.127181065046585662e-02 1.123400937605811001e-01 1.030023208332198764e-01 7.813099152921584856e-02 9.793938358788786824e-02 1.125838247986807872e-01 9.014851203244489408e-02
1.158051342525648064e-01 1.075720454229153467e-01 9.737352568906881833e-02 9.394497521275867180e-02 1.074660829595104616e-01 9.300208246023700109e-02 8.869131073707245405e-02 9.891664639903305356e-02 1.076577244609850104e-01 8.957047240585438996e-02
1.071235943732335438e-01 1.196339111476868999e-01 8.273426986569494546e-02 9.238970753858749552e-02 1.195298391658616011e-01 9.909369231257733612e-02 7.964730583744897285e-02 9.161508853119273987e-02 1.196931197444656009e-01 8.853947148325087835e-02
1.147113194234622990e-01 1.183096309897531256e-01 8.932225235362843685e-02 8.814318436612125773e-02 1.180642713890792950e-01 8.790670528544236584e-02 7.684695030415686356e-02 1.029913971482850077e-01 1.184924303341328283e-01 8.521185840593854810e-02
1.195242187044230076e-01 1.135326636419338037e-01 9.378185768588959137e-02 8.845200187877913511e-02 1.133578901734579869e-01 9.173251756302866489e-02 7.945329525225329481e-02 1.023798211265471020e-01 1.136248881607671429e-01 8.416084581292021527e-02
1.185596200482722518e-01 1.133921419060970603e-01 9.210113073800388350e-02 9.058568234084289628e-02 1.132833453503633431e-01 9.359930558731807682e-02 7.799410871029383019e-02 1.016643624974710863e-01 1.134388337363023552e-01 8.538146908503521648e-02
1.079453017681607646e-01 1.136209090276655426e-01 8.668280879302926734e-02 9.331208273912289242e-02 1.135612234686462912e-01 9.961985987716061308e-02 8.438609617522158102e-02 9.469498140105091222e-02 1.136375173111034143e-01 9.253921943883872125e-02
1.238494234833218827e-01 1.068526178717118663e-01 9.483853519244628272e-02 8.809988657904227471e-02 1.067285633401865025e-01 9.648831854561373822e-02 8.209004273827832932e-02 1.084760237734249400e-01 1.069487498629415334e-01 8.562783861303270572e-02
1.225903362835197297e-01 1.132748359406392097e-01 9.158167366026918887e-02 8.871741846681636956e-02 1.131059205865954376e-01 9.577106546109009910e-02 7.723280552752349870e-02 1.001801574905636510e-01 1.133486819000496248e-01 8.419710468293316319e-02
1.214567908951494496e-01 1.135222663443786612e-01 9.505401291145416931e-02 8.813468151237657811e-02 1.132797049951212720e-01 8.770522957001575248e-02 7.876723559537754382e-02 1.052804882010503068e-01 1.136727079501442250e-01 8.312688202493204170e-02
1.233271705222727249e-01 1.177740591771039291e-01 8.951369225453033318e-02 8.428965723235161411e-02 1.175554531161199234e-01 9.109853831162612048e-02 7.218212581919554449e-02 1.048206507597211901e-01 1.179215937550410209e-01 8.151705905203762703e-02
1.274648702420423663e-01 1.160501862959103098e-01 9.120696793203933450e-02 8.574814675843345224e-02 1.158922659770369457e-01 8.815844212694810833e-02 7.477764745474284325e-02 1.015108490149847081e-01 1.161621821731047555e-01 8.302844202475716251e-02
1.225671658992232155e-01 1.158675725531416317e-01 8.580083919832934281e-02 8.727743747770247418e-02 1.157029696030382054e-01 9.199534247128673958e-02 7.726130558684282668e-02 9.596273302615893064e-02 1.159898681395933745e-01 9.157476604468324510e-02
1.216586554816485588e-01 1.200324749547104081e-01 8.744816339584175757e-02 8.619655746153878639e-02 1.197824064251533233e-01 8.946721492904249895e-02 7.407577820665776913e-02 9.993659869362225834e-02 1.202079759664132497e-01 8.119417448537140369e-02
1.218508847639303838e-01 1.090007019981306946e-01 9.390127862962373284e-02 9.037447799304483553e-02 1.088149632973399589e-01 9.773465486122001611e-02 8.135725918255228006e-02 1.016026119971838032e-01 1.090901879469614449e-01 8.627297933001282226e-02
9.053736193616772343e-02 1.392807700974763863e-01 6.536632718561222188e-02 9.604359549535958218e-02 1.393316487037474238e-01 1.083937626666622994e-01 5.262811005897442829e-02 7.596669035385669733e-02 1.389985536101639996e-01 9.345317989197922393e-02
1.146501320813905489e-01 1.141562036509013167e-01 9.133126914803020580e-02 9.179951640733313711e-02 1.139832184584320257e-01 9.208890385761560327e-02 7.718140867675342409e-02 1.037478101221030735e-01 1.142542949764287774e-01 8.680724262101185973e-02
1.147371101076549021e-01 1.147469221130385103e-01 8.934870771566402747e-02 9.074808151556777724e-02 1.145706500145731443e-01 9.657209626432843030e-02 7.839908616126381458e-02 9.869387902698854853e-02 1.148250078018343695e-01 8.735845927908651720e-02
1.175210819948986907e-01 1.143323749644448994e-01 8.940702017136478719e-02 9.143524056366816866e-02 1.141545767194278721e-01 9.559078764804435080e-02 8.099999736009522167e-02 9.646899972957220792e-02 1.144424713739356086e-01 8.564744947454815127e-02
1.252185921354472820e-01 1.149000292734342482e-01 9.461228447849473477e-02 8.806870879945603858e-02 1.146659974091143452e-01 8.808451982618654974e-02 7.913637475941281973e-02 1.003041854463025684e-01 1.150635456738537954e-01 7.994576219829759023e-02
1.191348448663454990e-01 1.190980471263817647e-01 8.558467960139133635e-02 8.649118731078402067e-02 1.188854861320096795e-01 9.345555819824857835e-02 7.429638994390863616e-02 9.974517184809032766e-02 1.192068518416709161e-01 8.410178313116922766e-02
1.161730760796510498e-01 1.149514232373498729e-01 9.214714889992596525e-02 9.055466234668853309e-02 1.147806992100607604e-01 8.861168287622663009e-02 7.762834288705991459e-02 1.035779204399398384e-01 1.150617367792955009e-01 8.651330724380193460e-02
1.190885861043524119e-01 1.156453927124948405e-01 8.875846838808769401e-02 9.004461011719566699e-02 1.154863719620686929e-01 9.827926873053829948e-02 7.150562980900962429e-02 9.844378296175446130e-02 1.156859246897470606e-01 8.706196452475126191e-02
1.193478853399023570e-01 1.101034067587551984e-01 9.167739007856985645e-02 9.166921147606459097e-02 1.099316609461570282e-01 9.824516267283468773e-02 8.582373746577268148e-02 9.586088134100369251e-02 1.102075261399178691e-01 8.713313778102201035e-02
1.233275932111605744e-01 1.146409102066107133e-01 8.952626576132363678e-02 8.844606198054970336e-02 1.143908696307245759e-01 9.465119507221024520e-02 7.600438688325084069e-02 1.010781647260571153e-01 1.147565419959891558e-01 8.317801053212348084e-02
1.156351901279718264e-01 1.109546037422549092e-01 9.352128713502612378e-02 9.164509507576706904e-02 1.107969788792609045e-01 9.392374294804281543e-02 8.570221043778733505e-02 1.015728683322131565e-01 1.110428039454135485e-01 8.520521937626232556e-02
1.068881981661904124e-01 1.223962195824324639e-01 8.252130161581665291e-02 9.153814070103327705e-02 1.222059885841428745e-01 9.524018803924202969e-02 7.511159944449845305e-02 9.340994548869292757e-02 1.224962448536371512e-01 8.819217352431382717e-02
1.188850404018182011e-01 1.146972947710035162e-01 8.994900149273286905e-02 8.885140328380063124e-02 1.145713857389257101e-01 9.310884450003620305e-02 7.636134951430668949e-02 1.028731019538251384e-01 1.147518511355007237e-01 8.595072720805035926e-02
1.280976386938244838e-01 1.134563317666317656e-01 9.158253853987520510e-02 8.441137591601914625e-02 1.132164376303613357e-01 9.268797575997142491e-02 7.596771553646117225e-02 1.056169695259259328e-01 1.136024848295774242e-01 8.136053180135215113e-02
1.131531985621690301e-01 1.078222585825379248e-01 9.426169743598460105e-02 9.423343965331759664e-02 1.077134986685134299e-01 9.558325330746983428e-02 8.393707033167545351e-02 1.051805816814843919e-01 1.078933679854530842e-01 9.022163379139461203e-02
1.176830348072356869e-01 1.159642541112085867e-01 8.808105766618164190e-02 9.016390983327529640e-02 1.157661850083794436e-01 9.538185024353496022e-02 7.808700365789286724e-02 9.664481249092968240e-02 1.160782014412623103e-01 8.614969074009956596e-02
1.100567878337693761e-01 1.149369300937903154e-01 8.780998958186476966e-02 9.065731572279814299e-02 1.147661964474331192e-01 9.547323443563694723e-02 8.264997256029203709e-02 9.956311770862498467e-02 1.150417455351503276e-01 8.904471008064004933e-02
1.143737961236834244e-01 1.149294835415757415e-01 8.735857060057068690e-02 9.175038832832935198e-02 1.147741934202076847e-01 9.674249213835363348e-02 8.303786428338912062e-02 9.400428778070842040e-02 1.150111170605581101e-01 8.801780672262386751e-02
1.205601074210713025e-01 1.069893138150080358e-01 9.489327378569259452e-02 8.865694492444377295e-02 1.068770389108948254e-01 9.878055047758502183e-02 7.875331744243534160e-02 1.113003167540750626e-01 1.070564962284037552e-01 8.613264024039030131e-02
1.200144319041932528e-01 1.142149966903186209e-01 8.706353248178667903e-02 9.041006165603023004e-02 1.140153871954291687e-01 9.543956011748996882e-02 7.923716877137207404e-02 9.714113621968027690e-02 1.143394847251887753e-01 8.812424023851095356e-02
1.295892825344370780e-01 1.113833226782119379e-01 9.064663674639993063e-02 8.805640514835569310e-02 1.112102263551414810e-01 9.270472284865133306e-02 8.286799204100910032e-02 9.813399097153432948e-02 1.114846984061338420e-01 8.392272227012528840e-02
1.149084015526267571e-01 1.124431706286069116e-01 9.181465641731224869e-02 9.222437342523673309e-02 1.123206609793971217e-01 9.496237115295814990e-02 8.484755488634523890e-02 9.874127959050831016e-02 1.125053624564861243e-01 8.523216891052246003e-02
1.139904213893189466e-01 1.179546656077233302e-01 8.561294832059118676e-02 9.012510810531938754e-02 1.177926801897007936e-01 9.947959543847172126e-02 7.423293716790599350e-02 9.505640218527955376e-02 1.180269696676234104e-01 8.772827192806571805e-02
1.168014596838941044e-01 1.075484599939729724e-01 9.387428650857437828e-02 9.078504383378890874e-02 1.074419544146584249e-01 8.744241364414985507e-02 8.918100865833340773e-02 1.068553874158660322e-01 1.076280680782127769e-01 9.244191776854912557e-02
1.279266861783737996e-01 1.139003511506134075e-01 9.092269920616749546e-02 8.759005817802303917e-02 1.136461495710424097e-01 9.071587161599863058e-02 7.901903028973593368e-02 9.873787402191078200e-02 1.140782825639079928e-01 8.346299722422652334e-02
1.203269731734135650e-01 1.178486136837312709e-01 8.719129486882087887e-02 9.041218385764866750e-02 1.176763849793162481e-01 9.554499510044742183e-02 7.263679806081668744e-02 9.413155500136988207e-02 1.179116128004257386e-01 8.631958847400968138e-02
1.117298496822078102e-01 1.165505865766513632e-01 8.650388158292718344e-02 9.303360522936809929e-02 1.164873879843753984e-01 1.003413679662902708e-01 7.512225639304456748e-02 9.334241767046831673e-02 1.165268379464107357e-01 9.036180896825625475e-02
1.206042348083647270e-01 1.170965692470328084e-01 8.954364755801505482e-02 8.918256090868560693e-02 1.169395376700505390e-01 9.508345141388518940e-02 7.121716412005323071e-02 9.759173092906708868e-02 1.171452071102869752e-01 8.559589623455877982e-02
1.021345993848416928e-01 9.757174752466457601e-02 1.023299506109268397e-01 1.008273412306855132e-01 9.763088950620121831e-02 1.008351917682259735e-01 9.395359808619785369e-02 1.075601812397743301e-01 9.754084669295967625e-02 9.961565395552232638e-02
1.070229049043542463e-01 1.001582836492472123e-01 1.066760137494717764e-01 1.021093922009200794e-01 1.001932056034397223e-01 9.142298832631455541e-02 1.002275088818604803e-01 9.737434675270258133e-02 1.001455852829434695e-01 9.466977064874590453e-02
1.215284504266774396e-01 1.114120670169995442e-01 9.585148703757659372e-02 8.726377170225629865e-02 1.112331791898498873e-01 8.715955543430868591e-02 8.299774346198358910e-02 1.089809208736223500e-01 1.115560995537850097e-01 8.201672530294061569e-02
1.170758252812014871e-01 1.125629793034431808e-01 9.403079424186563950e-02 9.113476151282823290e-02 1.124128860483381842e-01 9.071120490077884402e-02 8.406875303620155171e-02 1.019170548938432147e-01 1.126592376976010001e-01 8.342650308389866487e-02
1.243905693755007758e-01 1.117105627863570483e-01 9.488618832093442812e-02 8.822858283766303600e-02 1.115633878504400517e-01 9.365947852241757188e-02 7.500242373694034070e-02 1.035764081045733309e-01 1.117814304699824290e-01 8.520096799519095987e-02
1.119463648504947090e-01 1.134990599547281570e-01 8.884099341141217521e-02 9.211665199521319736e-02 1.133400572498722420e-01 9.892438475002486575e-02 8.183696324220607332e-02 9.650064653601549136e-02 1.135553360753593088e-01 8.943954193467380798e-02
1.173253300408718947e-01 1.160452101112435241e-01 8.872790367831577540e-02 8.867800261105626691e-02 1.158752199740142041e-01 9.440652349821046507e-02 7.609001966810365059e-02 1.017995475939672684e-01 1.161215536168929557e-01 8.493068920732399496e-02
1.147387338940222962e-01 1.137414444626719534e-01 8.847311264036743228e-02 9.090735298684142485e-02 1.136498320766850256e-01 9.934605609572584595e-02 8.020784137777643708e-02 9.838106833690277164e-02 1.137917887557052254e-01 8.676276937330157368e-02
1.135183097808548508e-01 1.171113876486458288e-01 8.436662643091839831e-02 9.173388965017616192e-02 1.169412489097616942e-01 1.013229280464552629e-01 7.552673637207436841e-02 9.402195405918725712e-02 1.171694191774805965e-01 8.828749992444559491e-02
1.166959388731215741e-01 1.194717609441827005e-01 9.186241518340078349e-02 8.774105916435620545e-02 1.192612583994176884e-01 8.537967221089615144e-02 7.626651614233971588e-02 1.020368295355889715e-01 1.196229312185781712e-01 8.166161832811805188e-02
1.167707762896166845e-01 1.099216977985897209e-01 9.318446400937605012e-02 9.137087845070276937e-02 1.098775849628050444e-01 9.551213563879046298e-02 8.123142114096340571e-02 1.051846898809873920e-01 1.099364332933991384e-01 8.700991853476930382e-02
1.155298435995308903e-01 1.176885114097902113e-01 8.606244972488334699e-02 9.058661370250037370e-02 1.175381223140386372e-01 9.632129958739761577e-02 7.679844837650313949e-02 9.568437296325899011e-02 1.177428480803933419e-01 8.604749024170338378e-02
1.180232002224688576e-01 1.120091698589090606e-01 8.992019487112053178e-02 9.057212964256795840e-02 1.118232539901461431e-01 9.930227002043483242e-02 7.930103061145839238e-02 1.000249527809655148e-01 1.120935506806766818e-01 8.693024732125208265e-02
1.221826377952326265e-01 1.146392769302206349e-01 8.830144064854983377e-02 8.922073836669973390e-02 1.144408211628687583e-01 9.677776646240066061e-02 7.679759070975959723e-02 9.735004805703416364e-02 1.147478843762203687e-01 8.554179549101365021e-02
1.243139560689282275e-01 1.167029104195767275e-01 8.678368239050171518e-02 8.769960996251137397e-02 1.164870543849263612e-01 9.099440078242194974e-02 8.153985691304056760e-02 9.389666107844515941e-02 1.168726650930554528e-01 8.470920290659245122e-02
1.238790760408358255e-01 1.132088351901214124e-01 9.222243821293056587e-02 8.736074208235952709e-02 1.130206241091221836e-01 9.232329015060815325e-02 8.068503797410862821e-02 1.021583003635141013e-01 1.133404971261070676e-01 8.180115875029250749e-02
1.312330880885471118e-01 1.150361946679742398e-01 9.108734291368617009e-02 8.642325488135643718e-02 1.148298800686445020e-01 9.163051189875598412e-02 7.272586571458600213e-02 9.978127564797747984e-02 1.151475288618741544e-01 8.210505725659797416e-02
1.049073204556921629e-01 1.146949456609344525e-01 8.744242474932061027e-02 9.570630623695217110e-02 1.145157919039937189e-01 1.013905177272019648e-01 8.062005606429675786e-02 9.332776420128036099e-02 1.147628972413905352e-01 9.263197575893727942e-02
1.201828096680524344e-01 1.210753050972080275e-01 8.632214727716260028e-02 8.740937200490542236e-02 1.209117365129266097e-01 9.335689005868294532e-02 7.126670378862767774e-02 9.575530861222453227e-02 1.211401113187370870e-01 8.257961566147266341e-02
1.065680344950555164e-01 1.112469233595198975e-01 8.786759448299663600e-02 9.498360719903946314e-02 1.111643219946125971e-01 1.020908798039247001e-01 8.793416452335085787e-02 9.417447296503506093e-02 1.112701335635320338e-01 9.269986761293323718e-02
1.100183700367236422e-01 1.111872791343243988e-01 9.392918405048907016e-02 9.478739634906618861e-02 1.110666760735007919e-01 9.604327375269809675e-02 8.314432395822993205e-02 1.001429988574109031e-01 1.112409302359449181e-01 8.843956755161209993e-02
1.394442337448511537e-01 1.139611635419431057e-01 9.090341030893635266e-02 8.302687832043792460e-02 1.137330747050924878e-01 8.795917113664809828e-02 7.581710214919148982e-02 1.016700072309625613e-01 1.141238090069754130e-01 7.936114985496145469e-02
1.137527916743088646e-01 1.080295614432179169e-01 9.486136560668879947e-02 9.478334931996378054e-02 1.078681712528396230e-01 9.603268804694660432e-02 8.963205060102763522e-02 9.609740477985541374e-02 1.081467952943050426e-01 9.079582198084629185e-02
1.021857901907994304e-01 1.160658045535349903e-01 8.982880702534848383e-02 9.666640890201909364e-02 1.158963235240437623e-01 9.376918688755851716e-02 8.552156870624186280e-02 9.415021795435013496e-02 1.161590646500209600e-01 8.975682760608273691e-02
1.199708573862993677e-01 1.114764992836334845e-01 9.100442164640164255e-02 9.003074562016012694e-02 1.113290996096371749e-01 9.653791654592731863e-02 7.714035480719119708e-02 1.042490437825131649e-01 1.115531535453112427e-01 8.670790777292525231e-02
1.146426377869772945e-01 1.116878967931289462e-01 9.139767964561833213e-02 9.189231808948823688e-02 1.116156814867114988e-01 9.572269426900911760e-02 8.375753114980898084e-02 9.770478576943068816e-02 1.117515650414109968e-01 8.982720996841586647e-02
1.302486956466884227e-01 1.142182486262125346e-01 9.359821206883001121e-02 8.538420299883098252e-02 1.139816211766707249e-01 9.013348824668279691e-02 7.140818495311743175e-02 1.049722676119764497e-01 1.143825974039865412e-01 8.167248126700414612e-02
1.204805150079347048e-01 1.162283787420152897e-01 8.798465478215822255e-02 8.820449190576937215e-02 1.160177241942433740e-01 9.329256066862583185e-02 7.548109524730430009e-02 1.013931419120599337e-01 1.163393469571280259e-01 8.457809058276091752e-02
1.185279387058702782e-01 1.089390194421846897e-01 1.011812288383774350e-01 9.258141457868958313e-02 1.087708487096335913e-01 8.711356560846326980e-02 8.634290326413593397e-02 1.055536719301227583e-01 1.090599992070236252e-01 8.192940971549884932e-02
1.045447693915427939e-01 1.099836359525376284e-01 8.910421359377497519e-02 9.421518110467247409e-02 1.098976786993846322e-01 1.005645576379745887e-01 8.665251701508679127e-02 1.018520059056274990e-01 1.100717068901054946e-01 9.311373380929308108e-02
1.058633545609296150e-01 1.161480871919912256e-01 8.866848508724115008e-02 9.502847850968981769e-02 1.160216186118164239e-01 9.278946626571057954e-02 8.527447259912628030e-02 9.432373291406805083e-02 1.162263223853929883e-01 8.965598187403389652e-02
1.216203711503764107e-01 1.091320497497295650e-01 9.287834336620361120e-02 8.946843012305465137e-02 1.089999594618379364e-01 9.889898131473975895e-02 7.724093447246546673e-02 1.040553337105201981e-01 1.091928681301374965e-01 8.851272852093493293e-02
1.177240384146025776e-01 1.171822692974919811e-01 8.823773278502465567e-02 8.915568370198995174e-02 1.169207631596342334e-01 9.240484906456439274e-02 7.843322956508937127e-02 9.803308244705113972e-02 1.173415477711978461e-01 8.456680379335380915e-02
1.186598837650332527e-01 1.134391256630965655e-01 9.418322972639564528e-02 9.047929939976305513e-02 1.132199792323121817e-01 9.508880483282507179e-02 7.220764265677562244e-02 1.022998204052196491e-01 1.135263253288765761e-01 8.689588898970242170e-02
1.114345321174112086e-01 1.125403243292568134e-01 8.866095376970052622e-02 9.317099355849214892e-02 1.124362265312783271e-01 1.003768453726341936e-01 8.201693456855002617e-02 9.652833627137115402e-02 1.125759413059614217e-01 9.025891217534420807e-02
1.066226519072658863e-01 1.206603512487308960e-01 8.476440762717137034e-02 9.223753173190471499e-02 1.204239335460389748e-01 9.293753684081944300e-02 7.866064033714778581e-02 9.316643635891025399e-02 1.207957413914929612e-01 8.973076901051774135e-02
1.139407795643592874e-01 1.139059386737758528e-01 9.098024405186398711e-02 9.018207996451099717e-02 1.136673126103315140e-01 9.449718088825652396e-02 8.163469956056507160e-02 1.010867949546307432e-01 1.140596858440413031e-01 8.604528388766474745e-02
1.125304477927572960e-01 1.108173261842414353e-01 8.945689356381718305e-02 9.318210332734716550e-02 1.107071326742250506e-01 9.833487692240971967e-02 8.611364833483507730e-02 9.851013311105864811e-02 1.108545015248488946e-01 8.949293656445957146e-02
1.131186214905031268e-01 1.126810507862506250e-01 9.041479852190299760e-02 9.353486386464392177e-02 1.126090231709278300e-01 9.719028395685434807e-02 8.071224087191898600e-02 9.720684462021765559e-02 1.126914187779823467e-01 8.984085393879819026e-02
1.142074025202633597e-01 1.121875923781570361e-01 8.909555163869957439e-02 9.305715049430500485e-02 1.121114036486294957e-01 9.887508868120940819e-02 8.557448555884318575e-02 9.450155387535937035e-02 1.122475854226358954e-01 8.814218578189762787e-02
1.079954472248164515e-01 1.172042747317259409e-01 8.556068384749929145e-02 9.335305081499879754e-02 1.171329808506280240e-01 9.721536897146389189e-02 8.161380987786612251e-02 9.259465982907036374e-02 1.172420170867103789e-01 9.008770676522076526e-02
1.221980426116409113e-01 1.158515792607573008e-01 9.236809770348837489e-02 8.752119229451471583e-02 1.156081171336321850e-01 8.799748012893397753e-02 8.090255644150860792e-02 9.876607964916622739e-02 1.160116961114165124e-01 8.277515866494122854e-02
1.351839711817907630e-01 1.116923144356447711e-01 9.643451062902801130e-02 8.261408616535158289e-02 1.114591858608579705e-01 8.615495974760033204e-02 7.639708966738795182e-02 1.098968382835245339e-01 1.118602715730436375e-01 7.830677245577045975e-02
1.093663171039697263e-01 1.130590784872450294e-01 8.933515521841982332e-02 9.483347219813983986e-02 1.129964336219886900e-01 9.633827787813362131e-02 8.124660164009157859e-02 9.780391730976230324e-02 1.130861116446656156e-01 9.193463489758374463e-02
1.180256190001063021e-01 1.193609635771760158e-01 8.670032483691553216e-02 8.814956244479719982e-02 1.192311895732973970e-01 9.275238570759226919e-02 7.647454666401820589e-02 9.558852870975624583e-02 1.194384800157831106e-01 8.427839947055770775e-02
1.195367222289629439e-01 1.114396263500061074e-01 9.193870567386411286e-02 8.922756142338604535e-02 1.113362957114935603e-01 9.851532435787027642e-02 7.781979328805724294e-02 1.018430147303964195e-01 1.114723204088119562e-01 8.687063582715139065e-02
1.118189564831178345e-01 1.188455681119918589e-01 9.025208185336751343e-02 9.011501448938855074e-02 1.187151755695122629e-01 8.641818993870434285e-02 8.004592036636448693e-02 1.000998592165810996e-01 1.189342079922569712e-01 8.475502597871505117e-02
1.062519853600541603e-01 1.188826488790389463e-01 8.279642608608894783e-02 9.347781969487486964e-02 1.187130694206019604e-01 1.028549883792758135e-01 7.489997279770541083e-02 9.223790466141124078e-02 1.189254855459357801e-01 9.095969917501289803e-02
1.149651062489668724e-01 1.205142900199982631e-01 8.569632886120812088e-02 8.946463452672577532e-02 1.203951799623314556e-01 9.282290739608843599e-02 7.538505322841715373e-02 9.417939586941917463e-02 1.205846358921425360e-01 8.599246799470222635e-02
1.288238304265450773e-01 1.096673864648409630e-01 9.304508691238655427e-02 8.725988002869343452e-02 1.094791808544767348e-01 9.396381487828746326e-02 8.294992711012656728e-02 1.010879951602844939e-01 1.098036685719272765e-01 8.391922959243144908e-02
1.091990961056957810e-01 1.145970520832235440e-01 8.973727286425825511e-02 9.312810182467202991e-02 1.144133303416018516e-01 9.586188702926141947e-02 8.054652392883271395e-02 9.779213019919945349e-02 1.146889191479984610e-01 9.003568647525651836e-02
1.328848848416371298e-01 1.104845565682575637e-01 9.627578645992332373e-02 8.647607202493023948e-02 1.103175599387108824e-01 9.145795333434976471e-02 7.549217729135164479e-02 1.041406718904450412e-01 1.105776897110645751e-01 8.189264793932982123e-02
1.098070831070954989e-01 1.067183766090084862e-01 9.739799840006937992e-02 9.828660495750632387e-02 1.066306079793743478e-01 9.285737633553926840e-02 9.582753789057253668e-02 9.518695353267436765e-02 1.067843142059295702e-01 9.050314698223020649e-02
1.144617752432230129e-01 1.155368757224212312e-01 9.073746852523541240e-02 8.953351418561192321e-02 1.152964166809510027e-01 9.670077156885585612e-02 7.513313949494529465e-02 1.008797790883130541e-01 1.156983481362871546e-01 8.602191135415603040e-02
