1.102776684099616988e-01 1.101863654954547411e-01 7.526636954686694025e-02 1.102901245906261346e-01 9.009656111373468002e-02 1.119005008148461489e-01 7.293433433261770071e-02 1.115206196890939638e-01 9.552434950929764024e-02 1.120031064975003376e-01
1.056676404935072283e-01 1.055419843142353375e-01 7.772588383483387819e-02 1.056534650045203583e-01 8.887570872515768161e-02 1.153615583953491730e-01 7.764015089712593409e-02 1.145056862405962606e-01 9.338153344149312252e-02 1.156463886531809843e-01
1.044484731280961171e-01 1.043647325012694999e-01 8.442857492906115369e-02 1.044459267542362374e-01 8.955300460519616257e-02 1.124256460349989523e-01 8.027943176279792037e-02 1.118684014643262503e-01 9.558039811668746222e-02 1.126054107033302581e-01
1.104203327819303360e-01 1.102765927987344186e-01 7.233270149968074048e-02 1.104212311347361336e-01 9.976210130031130940e-02 1.104074672862522949e-01 7.169003463332777881e-02 1.097963957484884984e-01 9.430657340966459856e-02 1.105865694068738775e-01
1.066414303691267246e-01 1.065788076972130349e-01 7.362845078354704476e-02 1.066022746222106410e-01 8.922440994861789709e-02 1.172265416403163313e-01 7.362756830984264200e-02 1.165570484708982474e-01 9.244205690858796343e-02 1.174714112496394458e-01
1.010934267500495226e-01 1.011333265596089104e-01 8.928216244435206728e-02 1.010418085206650357e-01 9.460136012400957584e-02 1.102735128276579185e-01 8.988522807924916036e-02 1.100939429139358994e-01 9.222439855376324269e-02 1.103708332267086395e-01
1.078216442199825265e-01 1.077545420815126387e-01 7.250525465506768574e-02 1.078338249170421315e-01 9.211511386798408585e-02 1.150066929356785145e-01 7.098937440689231937e-02 1.146095570731391344e-01 9.623917888994501513e-02 1.151248169527559484e-01
1.072642832879568409e-01 1.071539178816550836e-01 7.638809225020185001e-02 1.072660936100753304e-01 9.806148748948372018e-02 1.115758894582514898e-01 7.685890739855553988e-02 1.110044031641354428e-01 9.267688424051209739e-02 1.117500412191726050e-01
1.062582646632267841e-01 1.061552246771287622e-01 8.247982065346236291e-02 1.062874671074210825e-01 8.962761456445680897e-02 1.110728915940904366e-01 8.103162186853520021e-02 1.106278513716460604e-01 9.526795740990236239e-02 1.111912860901301398e-01
1.078266026814963391e-01 1.076931113134732138e-01 7.759623693534618838e-02 1.078069447940305792e-01 9.142568660950498027e-02 1.126836660582251903e-01 7.552505882539657656e-02 1.119088183098940481e-01 9.459770180019012875e-02 1.129361726724427417e-01
1.040114716267711292e-01 1.038913630288783307e-01 7.581362838853093755e-02 1.039849341135999361e-01 9.435032200780583966e-02 1.163099486752623840e-01 7.657383106995580002e-02 1.153506760786595642e-01 9.307186789717955544e-02 1.166419571133564814e-01
1.116683124914340380e-01 1.114793570124732042e-01 7.187425010766114453e-02 1.116535224350365396e-01 8.905840864172437366e-02 1.141209917846398303e-01 7.034174361157108368e-02 1.131851392689976754e-01 9.220219152671280116e-02 1.144160831197492539e-01
1.123095523603003382e-01 1.122682510267047074e-01 7.699563043023710529e-02 1.122857072232090470e-01 9.480453248628749330e-02 1.075389157824029190e-01 7.597058703031077387e-02 1.073787259352589618e-01 9.286578436946596460e-02 1.075823133558226896e-01
1.124456723664325614e-01 1.122632445409673940e-01 6.856549931945007947e-02 1.124095146100756171e-01 9.889575657747090576e-02 1.126024566511409919e-01 6.804819562114275411e-02 1.116869217793458463e-01 9.018349549972698442e-02 1.128992430342469072e-01
1.103822527192444419e-01 1.102603070927585249e-01 6.897450078413368268e-02 1.103647190049174692e-01 9.755003481076560123e-02 1.138727073204312823e-01 6.864126175120061069e-02 1.131974107031305521e-01 9.266730296625259877e-02 1.140895028471652639e-01
1.078172449426549051e-01 1.076994408398225245e-01 7.494193901030947458e-02 1.077731115279677715e-01 9.102377312481334248e-02 1.154508934183529067e-01 7.331840907935760487e-02 1.145738797292187444e-01 9.164397092185455618e-02 1.157573374056481835e-01
1.083426337298460801e-01 1.082003683191821719e-01 7.952287068512786661e-02 1.083123756603478760e-01 9.293874758238772349e-02 1.104325020578429961e-01 7.857208248838766507e-02 1.096566479091223706e-01 9.333563300454021661e-02 1.106861385632150613e-01
1.068041302271553611e-01 1.066456424828570032e-01 7.541745006552058594e-02 1.068634458047388047e-01 9.344307864768032490e-02 1.128187121431685203e-01 7.421759934676470938e-02 1.122019472860368433e-01 9.861431884301645467e-02 1.129736751530613786e-01
1.103199169233380628e-01 1.101682994572454471e-01 6.934220556360147503e-02 1.103500669890970926e-01 8.482833586034087270e-02 1.167436739627816522e-01 6.875351822943923108e-02 1.160359266628296915e-01 9.651195158844227961e-02 1.169461047628841954e-01
1.089282789565333837e-01 1.088239053315758070e-01 7.317603839011384281e-02 1.089281341793765789e-01 9.703712217555675312e-02 1.116042425347551909e-01 7.544703705633246105e-02 1.110940621883287072e-01 9.320397567789225068e-02 1.117572035095350247e-01
1.079118049729786977e-01 1.078037544946782861e-01 7.342095568888848400e-02 1.078962255482268651e-01 8.710651883348993763e-02 1.165163129376861201e-01 7.334946384117307927e-02 1.157738988875571806e-01 9.345735988324847809e-02 1.167637049120728854e-01
1.049769973411739804e-01 1.048345286010829436e-01 8.004655613569544581e-02 1.049697294118338980e-01 9.712510815155908639e-02 1.115538872870484033e-01 7.894176785502586557e-02 1.107343721332229997e-01 9.500063728124391593e-02 1.118164158021134613e-01
1.067787386206661276e-01 1.066740903632850540e-01 8.029510649841933856e-02 1.067504172631034420e-01 9.186980718424597736e-02 1.124030871495360906e-01 7.911742331699359032e-02 1.117069204483261413e-01 9.176639587170276613e-02 1.126380132837214859e-01
1.080552822492387849e-01 1.079280167156390496e-01 7.293891698605109442e-02 1.080550513511213950e-01 1.003538187106566976e-01 1.128892614433818914e-01 7.288934515257100566e-02 1.122186992767586350e-01 9.157491785992823152e-02 1.130966902546532288e-01
1.093101252159169035e-01 1.092433268789324424e-01 7.848655407172230869e-02 1.092823913729527308e-01 8.440692968853753808e-02 1.128902722818441867e-01 7.917246368823530056e-02 1.124240915442795558e-01 9.173585038562211136e-02 1.130479948719569638e-01
1.061489574283133730e-01 1.059965411068135299e-01 6.425078785834963113e-02 1.061762431187537881e-01 1.371601293279416933e-01 1.097138778691691408e-01 6.259670704806784280e-02 1.090662265161249783e-01 8.899547927804592196e-02 1.098950504484201007e-01
1.073229096451204095e-01 1.072140047765091919e-01 8.224370028373480246e-02 1.073211595840207477e-01 8.763876368970809072e-02 1.115929783115042623e-01 7.871217094528766556e-02 1.110156574985276673e-01 9.516756426388998935e-02 1.117710910016971593e-01
1.051346830773131069e-01 1.050948852224244529e-01 8.108168777446206343e-02 1.051085460070648875e-01 9.685121123336822013e-02 1.100458591848039180e-01 7.882152582406265484e-02 1.096777378745943665e-01 9.800870060409178075e-02 1.101751631978145074e-01
1.075858324072498790e-01 1.074749316276023964e-01 7.588471904521867928e-02 1.075576339398583992e-01 9.363555285586935839e-02 1.126301804499144632e-01 7.578550098113154276e-02 1.119216021315636161e-01 9.465644984823154418e-02 1.128675967133601632e-01
1.061901649320152602e-01 1.060929120341752713e-01 8.277937821092924697e-02 1.061884132898612554e-01 9.957219284177300234e-02 1.084863440148765984e-01 7.998396099213528343e-02 1.080107759047556487e-01 9.406681829112173432e-02 1.086290394883567129e-01
1.081300811126024719e-01 1.080371091059470073e-01 7.308694829251335956e-02 1.081060701819171049e-01 8.963699064730794308e-02 1.160173549246849983e-01 7.070701814928020967e-02 1.153335346490070856e-01 9.469459903416466151e-02 1.162502939025751858e-01
1.092295557331690176e-01 1.090719928346287060e-01 7.725886847429619397e-02 1.091996515324947931e-01 9.176062679014340695e-02 1.117327507192071440e-01 7.447036704663592688e-02 1.108784299785180172e-01 9.438609634461012088e-02 1.120116605462965903e-01
1.108611914610374560e-01 1.107067945248962904e-01 7.296992363520096725e-02 1.108229859511360160e-01 9.176436045198924085e-02 1.122007167104759340e-01 7.311871676014729260e-02 1.113643074076548639e-01 9.371464919791748505e-02 1.124763538995444540e-01
1.021082520507820418e-01 1.020640251465210757e-01 9.304334731524881164e-02 1.021056212853441864e-01 1.023882052199636822e-01 1.035686222832414016e-01 8.393746707833457665e-02 1.033440696191772756e-01 1.038081151003362457e-01 1.036322749010507305e-01
1.038864022004109128e-01 1.038761195874056548e-01 8.363380439597462024e-02 1.038660872600992296e-01 9.434128610970954343e-02 1.107568245532489920e-01 8.488301951062710016e-02 1.105078567985338933e-01 9.339912151228604853e-02 1.108494780717040329e-01
1.081032656170345801e-01 1.079924146643450183e-01 7.382558387254987975e-02 1.080743836401958369e-01 1.023676737298733763e-01 1.116904028622181938e-01 7.337836296815124226e-02 1.110191643161039382e-01 9.163537613668971960e-02 1.119133721928382008e-01
1.126153119258598290e-01 1.125072750527105758e-01 6.828002166016321206e-02 1.126076073255921212e-01 1.014805780593256573e-01 1.113025064517212809e-01 6.534529793281443344e-02 1.108460279242025753e-01 9.357979036162637765e-02 1.114355833059840206e-01
1.082601373109636361e-01 1.081501371046752202e-01 7.506124141871411970e-02 1.082543704915843175e-01 8.421929832715885356e-02 1.160068284703256597e-01 7.444973000321573886e-02 1.153180660120018824e-01 9.405109236815235862e-02 1.162290984932082827e-01
1.082933160631841391e-01 1.082184797505980900e-01 7.244905735716032635e-02 1.082594217450802837e-01 9.087441646325067346e-02 1.171922345710955243e-01 7.277145063048597040e-02 1.165297435464629355e-01 8.798468887626337276e-02 1.174271909964186844e-01
1.112101208811372977e-01 1.111174503612318287e-01 6.968316026270209018e-02 1.111482254248802870e-01 9.384099679767933522e-02 1.146961594955485247e-01 6.907523547705483880e-02 1.139863747029624536e-01 9.029134016446681288e-02 1.149509364323364896e-01
1.064057375446538500e-01 1.062996311204627148e-01 7.546171835309399556e-02 1.063917099699718816e-01 9.213106766125564451e-02 1.151016753676889354e-01 7.583015953778074469e-02 1.143713668531676220e-01 9.266230757465959700e-02 1.153446260172650284e-01
1.087769499264780448e-01 1.086585529616487106e-01 7.643944721602737025e-02 1.087315718015238186e-01 9.768613934087196082e-02 1.103210449834581414e-01 7.550847021347149857e-02 1.096103981221161205e-01 9.370541398397874699e-02 1.105620114504256152e-01
1.072198122215424348e-01 1.071448446042784358e-01 7.448238251744859761e-02 1.072236593291404083e-01 8.737676460389841304e-02 1.155317776899482812e-01 7.717474858816171512e-02 1.150363118089459541e-01 9.312140443347143026e-02 1.156882942031643019e-01
1.091966871057256511e-01 1.090337753489538514e-01 7.388650363506038543e-02 1.091919990954381137e-01 9.364773883681806743e-02 1.128813966519056494e-01 7.224843809320684318e-02 1.120630240457909516e-01 9.471457137890697264e-02 1.131358658081935281e-01
1.091463032432723052e-01 1.090386316376875109e-01 7.669798421195365978e-02 1.091353871584171825e-01 9.607690618620105816e-02 1.103233539355549797e-01 7.145357582527965545e-02 1.097958957184097806e-01 9.784653191922400295e-02 1.104854301639998509e-01
1.058864735265657997e-01 1.058500380572931637e-01 7.911673888986080205e-02 1.058683999364425782e-01 9.380049030906599528e-02 1.113554478039902318e-01 7.830180548750484415e-02 1.110221308300742837e-01 9.732861676163649667e-02 1.114698583975658047e-01
1.137843462097274244e-01 1.137041610729382785e-01 6.937942487226307631e-02 1.137833388449723676e-01 9.496703905654513278e-02 1.115174587735102002e-01 6.617548717238837253e-02 1.112236366299410306e-01 9.387101192595170840e-02 1.115940954417624642e-01
1.119722546487287168e-01 1.118567563124107239e-01 7.285018014464406111e-02 1.119426919731000281e-01 8.678758360885929779e-02 1.136807502723868879e-01 7.013618627726231347e-02 1.130371865164121886e-01 9.384529788252300719e-02 1.138911123636727335e-01
1.048975714320840719e-01 1.048398626604571809e-01 8.061146637739428911e-02 1.048825732389001564e-01 9.627547133510089283e-02 1.114906109507282500e-01 7.809292044587486104e-02 1.110427521730015382e-01 9.622544485533399139e-02 1.116413265311247682e-01
1.036974471196789038e-01 1.036283194308745548e-01 8.117773267704730955e-02 1.036938712787289218e-01 1.006254907368993867e-01 1.111556946277337254e-01 7.406907039013022054e-02 1.106774533398754007e-01 9.996450167564636946e-02 1.113104187233851655e-01
1.007995203313438864e-01 1.008161529092441722e-01 9.065316312471381754e-02 1.007596576055121013e-01 1.065314937604170537e-01 1.028005304963202915e-01 8.907161937048420353e-02 1.026976735373605620e-01 1.030204229968567642e-01 1.028497658677471616e-01
1.058171167301181770e-01 1.056816699822754058e-01 8.014833356618923654e-02 1.058339248172675134e-01 9.391875933320355252e-02 1.116051223468763481e-01 7.819304518018170558e-02 1.109358541861636266e-01 9.606281083107419405e-02 1.118033630266502404e-01
1.060577373271505558e-01 1.059348467419901629e-01 8.200162566594147717e-02 1.060527415591679679e-01 9.505279844034163206e-02 1.081702949964577359e-01 7.986505985279802877e-02 1.075729182786931137e-01 1.009391252474312606e-01 1.083528518900280652e-01
1.042461468118266593e-01 1.040827402968574622e-01 8.109038446655558730e-02 1.042429717752381552e-01 9.815995071652544590e-02 1.098301920886524535e-01 8.246992099670488741e-02 1.089568961968063188e-01 9.681554982438302093e-02 1.101052468264500095e-01
1.085406318134900100e-01 1.084337520147389405e-01 7.380358457820471174e-02 1.084998175690958244e-01 9.548856370733849186e-02 1.140080749241272617e-01 7.239686675789229475e-02 1.132581526644042130e-01 9.130329767594615176e-02 1.142672582947621002e-01
1.118530781337668117e-01 1.117437461055030001e-01 6.714233116434947801e-02 1.118476148422675037e-01 9.518461881561564308e-02 1.141290490279066733e-01 6.627344834964231379e-02 1.135874035070151278e-01 9.394466683393185025e-02 1.142940432200015982e-01
1.087308684880591847e-01 1.086608377088817690e-01 7.292441098256680077e-02 1.086570941537572665e-01 9.669841604253098799e-02 1.143440633805268419e-01 7.110083853816150101e-02 1.136338568905367052e-01 9.063768370104909045e-02 1.146119301139298663e-01
1.126828718498484039e-01 1.126204115896924651e-01 6.952835751263990172e-02 1.126524806468903184e-01 9.888740316292128629e-02 1.113448287593641756e-01 6.852077222010620472e-02 1.110020580352862885e-01 9.130555991385543024e-02 1.114552563093955673e-01
1.096548164610526149e-01 1.095567000934268981e-01 7.496022037378888281e-02 1.096432098848248576e-01 9.154463214780721170e-02 1.122872801543052940e-01 7.311526988561425910e-02 1.117635625662188464e-01 9.502303309196263870e-02 1.124512753409984966e-01
1.055914683041185853e-01 1.055380869077744976e-01 7.853885101434349147e-02 1.055661810020654540e-01 1.001532479886919486e-01 1.089465154378497502e-01 7.886049493038232994e-02 1.085549819199723293e-01 9.917084615353440047e-02 1.090793263412672548e-01
1.050130144202109789e-01 1.049341374463189647e-01 7.606360366879413859e-02 1.049767302165019595e-01 9.016646811593634347e-02 1.176486181004872539e-01 7.568321017235893344e-02 1.168511663842524556e-01 9.072606238462160855e-02 1.179369890905173773e-01
1.048561306495586487e-01 1.048487886031171101e-01 8.577937752792155757e-02 1.048051820938389750e-01 1.023135852185883543e-01 1.048105574142760843e-01 8.192620008955349420e-02 1.046024220762048623e-01 1.011634777489583414e-01 1.048942785779825998e-01
1.065350303765127959e-01 1.063817986428852308e-01 7.873012286347427779e-02 1.065175132851884088e-01 9.170966315438922045e-02 1.132172251337097701e-01 7.894681139294973393e-02 1.123043149010552605e-01 9.214167520114317778e-02 1.135158450486921516e-01
1.063047156806332383e-01 1.061597266108070953e-01 7.745987651468648483e-02 1.063087703207732243e-01 9.235963738613897633e-02 1.138136142796585953e-01 7.394906956180799518e-02 1.130011809685292773e-01 9.657520278788825352e-02 1.140682058890768180e-01
1.047297901927767005e-01 1.047239650938787681e-01 8.419926087310727891e-02 1.046814432639307374e-01 9.639021498018916778e-02 1.086784372488353301e-01 8.643414211099015310e-02 1.084027903832794210e-01 9.296934056845899963e-02 1.087906152845534297e-01
1.101793288280611821e-01 1.101250564691874934e-01 7.706749260534478951e-02 1.101622589156764920e-01 8.444164886367354350e-02 1.131732363207073599e-01 7.338602265670314539e-02 1.128178841458509912e-01 9.535860400389972735e-02 1.132884671908953172e-01
1.116135096049788861e-01 1.115592592916325315e-01 7.811102571405821593e-02 1.115313444908108825e-01 9.714243623535767647e-02 1.072305289659329086e-01 7.262102817009366551e-02 1.068125923646093128e-01 9.599114719923075578e-02 1.073871279632951509e-01
1.095091917386027264e-01 1.093925779048633834e-01 7.777023520330668405e-02 1.094931578946681527e-01 9.872232146166899647e-02 1.085388276275077030e-01 7.674421152222558884e-02 1.080080931381450365e-01 9.312046910678707656e-02 1.087009144022246521e-01
1.080825243578802941e-01 1.079916024030655175e-01 7.441738552895603431e-02 1.080828456611742094e-01 9.689115162831279937e-02 1.116424315846981791e-01 7.438925137805085797e-02 1.111730663577406020e-01 9.554572932740826308e-02 1.117840117727132293e-01
1.068600742640452156e-01 1.067959182050674666e-01 8.104285769936847572e-02 1.068678210010843843e-01 8.907823199520979729e-02 1.111861982167902801e-01 7.938626634019275985e-02 1.108497168406796934e-01 9.664979337239687496e-02 1.112831220651650382e-01
1.029738345101731262e-01 1.029570097587811095e-01 8.100221178640207298e-02 1.029239940338963627e-01 1.044812427338620564e-01 1.100262069812737997e-01 7.917750019477250156e-02 1.096232585929634851e-01 9.664808730443093243e-02 1.101866541034445535e-01
1.079504548960814603e-01 1.078078261512838837e-01 7.455632319953560405e-02 1.079531052370007183e-01 9.539724893771590886e-02 1.135094743841247311e-01 7.371258645581453550e-02 1.127588429130913367e-01 9.261249276134533859e-02 1.137416450640065108e-01
1.090677961439375232e-01 1.089500361749885515e-01 7.994303987167079850e-02 1.090214977251409145e-01 1.010357736897670167e-01 1.076890806808180057e-01 7.584542918953203483e-02 1.070571538095482778e-01 9.349061783356438227e-02 1.078995748810324812e-01
1.119090515555086623e-01 1.118297837968395825e-01 7.327235982792065783e-02 1.118526721361864512e-01 9.962309342673680845e-02 1.098497000252024874e-01 6.868186472110802965e-02 1.093615024738556346e-01 9.360090592033712409e-02 1.100190661163045897e-01
1.103359232221844261e-01 1.102920059761693522e-01 7.108334032496529953e-02 1.102868441831038049e-01 9.665656584284462727e-02 1.132429513351025790e-01 7.113693033949256006e-02 1.128159030283584358e-01 9.074963397954857736e-02 1.133999017682303795e-01
1.072054689615475898e-01 1.071717104660909609e-01 7.730692852110523927e-02 1.071495778004096927e-01 8.887490319609160638e-02 1.167760399419122547e-01 7.155107378874989155e-02 1.162072685897832802e-01 9.075904120199480840e-02 1.169979875323146346e-01
1.122713892288376009e-01 1.121946722743470404e-01 7.018453039485823830e-02 1.122009754277506072e-01 9.351110459662406726e-02 1.127571387324490665e-01 6.938885147186650559e-02 1.121660802787136507e-01 9.235270706305771793e-02 1.129725505314955331e-01
1.047333646941225188e-01 1.045913706572245416e-01 7.824891739144770875e-02 1.047273226558533277e-01 9.743390241722185707e-02 1.128732316688005333e-01 7.833455925241265827e-02 1.120150728460970191e-01 9.389196411346009685e-02 1.131502943033597525e-01
1.194854321818816095e-01 1.190504600374263644e-01 4.596703257446221186e-02 1.197554091911404994e-01 6.505455201107995800e-02 1.284639440028751411e-01 4.512298578569619995e-02 1.272848655399533846e-01 1.011539818552080611e-01 1.286613368202766117e-01
1.081078768063035989e-01 1.080086364650693354e-01 7.598979726324077422e-02 1.080841442097242311e-01 9.810471370927338619e-02 1.099651859595967424e-01 7.319793754658548979e-02 1.094105095034754310e-01 9.898632137439662693e-02 1.101448771623343842e-01
1.086948724915164644e-01 1.085487886882185726e-01 7.660511137813355576e-02 1.086966197496676556e-01 9.337238121380445066e-02 1.116222529199758784e-01 7.438549138216875301e-02 1.109251647790182038e-01 9.531606726486036019e-02 1.118332501326361195e-01
1.074056665874727340e-01 1.073231324859979796e-01 7.589060559001584161e-02 1.073707858403825238e-01 9.060605780815793320e-02 1.142105754438826615e-01 7.620266654801036155e-02 1.135616271895342894e-01 9.299154901445795540e-02 1.144373334920876784e-01
1.101237144902112025e-01 1.100488276493594986e-01 7.541682172723580824e-02 1.100568957914065671e-01 9.619878633009402991e-02 1.110261420558503048e-01 7.599316255576440970e-02 1.104451984390023428e-01 8.945297952447288370e-02 1.112374714366029388e-01
1.108567124733123299e-01 1.107117818346880084e-01 7.125586378182695302e-02 1.108429265072285036e-01 9.276531245834868100e-02 1.134976500358933216e-01 6.925869085076732934e-02 1.127562341349400976e-01 9.432356884867876268e-02 1.137312590743159713e-01
1.091170543186636976e-01 1.090467874839392837e-01 7.798467420173803288e-02 1.090774554112031863e-01 9.827755881259933601e-02 1.087572500428008182e-01 7.377915209348312464e-02 1.083258009129519778e-01 9.673120139012793273e-02 1.089030653324926240e-01
1.093941147075605386e-01 1.092021173586995991e-01 6.943180521604506994e-02 1.094302928194616775e-01 9.298691169795644806e-02 1.158354636019224698e-01 6.774359651367153901e-02 1.149597985657316579e-01 9.492884427224780597e-02 1.160870552467031663e-01
1.043746944741408417e-01 1.042896467894674079e-01 8.239522270541593807e-02 1.043433492180604466e-01 9.083513037420541669e-02 1.139186166824828345e-01 8.148680129247411197e-02 1.131959658149466474e-01 9.098770770914713091e-02 1.141728649396592521e-01
1.075548632053054537e-01 1.073561933146860436e-01 7.256782217103252552e-02 1.075545202689663221e-01 9.459102470610818159e-02 1.152776493848244183e-01 7.148594498988215806e-02 1.141847644461921329e-01 9.380321807498551157e-02 1.156239994380172803e-01
1.057223772768315639e-01 1.056294435860713615e-01 8.491765363733735916e-02 1.057016008456652251e-01 9.668977973124905090e-02 1.083430718119691438e-01 8.177476418354677479e-02 1.078076935772120104e-01 9.489690187421667700e-02 1.085167134759008889e-01
1.131198874618477290e-01 1.129974780440378551e-01 7.058111156369321904e-02 1.131036453121260915e-01 8.629649548418699689e-02 1.126020148441690266e-01 6.951055812892825703e-02 1.120343553146216919e-01 9.697820265619690183e-02 1.127762511901922171e-01
1.082427737848357802e-01 1.081385448801631538e-01 7.597527494068345710e-02 1.082435056764153303e-01 9.703111623719576362e-02 1.114790028865147026e-01 7.212093288719698125e-02 1.109587516589989331e-01 9.617442087064929923e-02 1.116356761773465434e-01
1.082124721994696254e-01 1.080915111343312141e-01 7.552611537441697442e-02 1.081700697460127314e-01 1.006257694623324955e-01 1.116205647613098678e-01 7.259389936862882531e-02 1.108574242803436471e-01 9.242178189921092246e-02 1.118803917739437243e-01
1.031022145041559229e-01 1.030612769428736475e-01 8.376085058549596896e-02 1.030737068800879064e-01 1.004300776255575151e-01 1.086303809812577958e-01 8.033650331892551455e-02 1.082328927056103451e-01 1.006001611756925512e-01 1.087719352803428047e-01
1.087308840416268269e-01 1.086206637282282617e-01 7.407657214550424085e-02 1.087029593605309680e-01 9.057285029766616591e-02 1.144338486527422816e-01 7.333072125266261454e-02 1.137120730391657092e-01 9.314293468596464287e-02 1.146764927959083302e-01
1.088666178279017877e-01 1.087852125530461567e-01 7.679911963419081000e-02 1.088336033460448882e-01 9.422729429511401966e-02 1.088566522293312744e-01 7.837301212049126165e-02 1.083924938253626874e-01 9.785637167191997554e-02 1.090096224965971389e-01
1.075397069769750413e-01 1.074395267256243736e-01 7.638144718717827797e-02 1.075254124016302992e-01 8.794436031726744762e-02 1.143168849622431399e-01 7.778522940052295942e-02 1.136664375287482348e-01 9.287022176617432123e-02 1.145307727336358772e-01
1.035248841983628237e-01 1.034687647308275976e-01 8.049152348458431250e-02 1.035028832968974272e-01 1.075226808691949060e-01 1.084666302256812320e-01 7.627095337255346275e-02 1.080374207290197702e-01 1.001015436412043685e-01 1.086127154516740578e-01
1.059271741403707140e-01 1.058364874034111586e-01 7.264082372379285224e-02 1.058883376097605883e-01 9.000478685025732617e-02 1.175512978472160325e-01 7.359926252449393302e-02 1.167122414951339421e-01 9.398762624449182035e-02 1.178519621610716328e-01
1.041763969508665982e-01 1.040846449115612471e-01 7.555264648123148630e-02 1.041493566316447766e-01 9.176753765881855152e-02 1.179851078053674729e-01 7.760937582363436338e-02 1.171263118735896280e-01 8.925938051592371969e-02 1.182892413473621562e-01
1.070793296007815643e-01 1.069958381503092332e-01 7.746909161200997429e-02 1.070691699442514189e-01 9.401381600780601977e-02 1.106971664625726048e-01 8.088695806716329761e-02 1.102201921678431368e-01 9.472064272010437269e-02 1.108477952671583638e-01
1.103948931655977378e-01 1.102642105010777640e-01 7.309418822938193450e-02 1.103950990237015234e-01 8.893343393356663296e-02 1.144872542360488993e-01 6.955574901240435537e-02 1.138233955909502965e-01 9.436111331474195119e-02 1.146906629925288912e-01
1.024482360659353941e-01 1.024290247720386765e-01 8.522633079572394799e-02 1.024084578814691698e-01 1.017059698342992619e-01 1.075653814414886111e-01 8.499646372175329034e-02 1.072347761922954473e-01 9.829304187540116589e-02 1.076923174195949934e-01
1.071006338529227608e-01 1.070206670350947603e-01 7.511480746389093133e-02 1.070297412339236282e-01 9.282913009869121768e-02 1.158486602218973399e-01 7.446420846006364391e-02 1.150136784652148886e-01 8.941615299722768806e-02 1.161623201710731690e-01
1.097644439683801015e-01 1.095976949956804780e-01 6.941150712786992028e-02 1.097812408949382645e-01 8.763906909591168137e-02 1.184094169070874780e-01 6.774943969288929613e-02 1.175130894738864590e-01 9.145030269217260810e-02 1.186837951511836714e-01
1.095308430044997783e-01 1.093784998378325574e-01 7.212194799847858329e-02 1.095878330446607013e-01 8.770511699169701580e-02 1.154398073656991985e-01 7.063025519229089444e-02 1.148468885735724893e-01 9.517042581177442839e-02 1.155883821794943811e-01
1.111551849854174323e-01 1.109828057319464517e-01 6.898543553497504810e-02 1.111806503730128765e-01 9.260610497178310696e-02 1.150948764981628014e-01 6.768439928616452883e-02 1.143411485464945199e-01 9.265879518731547082e-02 1.153105988847277774e-01
9.740433404666078154e-02 9.745528518409361796e-02 9.989619021126770748e-02 9.740125545672216612e-02 1.073601432520189941e-01 1.003018318606795495e-01 9.372715239279846844e-02 1.004774425782867381e-01 1.057318360282597236e-01 1.002445289892122948e-01
1.003716967149907574e-01 1.004170087987720228e-01 9.939487603631086410e-02 1.003602711402706710e-01 9.779627320596404050e-02 1.024994929435874558e-01 1.004132435438461618e-01 1.026296074499163102e-01 9.365795417783905064e-02 1.024595759885026658e-01
1.070221750851334669e-01 1.070061605179518927e-01 8.410267008310863546e-02 1.069467101910372558e-01 1.047020864015747593e-01 1.052692169859150845e-01 7.981854647756103649e-02 1.049729798060054509e-01 9.476896907544761495e-02 1.053904853762648169e-01
1.073469595518258546e-01 1.072842145764472538e-01 8.159849208909603080e-02 1.073121433934416669e-01 9.719272893279776171e-02 1.083418028395071037e-01 8.025516482781901162e-02 1.079282547511674489e-01 9.425804691667381829e-02 1.084821921212240775e-01
1.083235301746911239e-01 1.082116896941052175e-01 7.425342524580418047e-02 1.083171838753196614e-01 1.004073476918741492e-01 1.115905036166319197e-01 7.280885521287822071e-02 1.110083690067995427e-01 9.330812040276427466e-02 1.117709750791317513e-01
1.076049046901556283e-01 1.074446566948850518e-01 7.862475202850227607e-02 1.076226394377682860e-01 9.135328221410130012e-02 1.116165314665778230e-01 7.771723460285005769e-02 1.108853573975277507e-01 9.530019867511867193e-02 1.118304427925131822e-01
1.093424050548705700e-01 1.092047619709670264e-01 7.433748975556787875e-02 1.093425355063083748e-01 9.581062006869195402e-02 1.114705566466951403e-01 7.179134341804849218e-02 1.108268558239475648e-01 9.620919121270612995e-02 1.116642405421968826e-01
1.071974408844585946e-01 1.071454921678921535e-01 7.741415772650656058e-02 1.071836562317110275e-01 9.275082899895899236e-02 1.123804665205110492e-01 7.562589558150178970e-02 1.119981532078740821e-01 9.579714526264503094e-02 1.125067634179407194e-01
1.082966399895474857e-01 1.081247318167769811e-01 7.164459787934329693e-02 1.083179266422683446e-01 8.681376759928466358e-02 1.173528251920547688e-01 6.994811925907261363e-02 1.164360397986187595e-01 9.543375729815477271e-02 1.176315945248783690e-01
1.143453080737160121e-01 1.142877263378696828e-01 7.336971612997672532e-02 1.142793914344138878e-01 9.776491532092479453e-02 1.065758066974790003e-01 7.308666594534932170e-02 1.062746131531824706e-01 9.333621261128470514e-02 1.066796442958033719e-01
1.050621852986935306e-01 1.050208505039899459e-01 7.896093848894179812e-02 1.050635260482229022e-01 1.005286178515782253e-01 1.097149247735829253e-01 7.764338202276040157e-02 1.094517907745408275e-01 9.876007197146763339e-02 1.097937122662218656e-01
1.094566542568130019e-01 1.093108826381855303e-01 7.125887168744235445e-02 1.094712162209082462e-01 8.893586860850975773e-02 1.153903290503752732e-01 7.151388670800745695e-02 1.146618776249638677e-01 9.439194709565998376e-02 1.156084661091344862e-01
1.059933307713874229e-01 1.058429337228869865e-01 7.657103368250336994e-02 1.059933260492274265e-01 9.445938603934467270e-02 1.136570194840783449e-01 7.518704731820309572e-02 1.127976281774536599e-01 9.556888757734341433e-02 1.139294071775716205e-01
1.071355764206628203e-01 1.070141516059589376e-01 7.408669930944804249e-02 1.071142629943822172e-01 9.090728345587723025e-02 1.167287547581376539e-01 7.189333248860367565e-02 1.158687935717375717e-01 9.223190854281040907e-02 1.170192368523814280e-01
1.079234426445001838e-01 1.078954657991716137e-01 7.407163787205617300e-02 1.078415186130358694e-01 8.694915926524739158e-02 1.173862046282165422e-01 7.548831858096331782e-02 1.167419424988567767e-01 8.805341636707739172e-02 1.176488937308747262e-01
1.078619707335413680e-01 1.078039706749932408e-01 7.618615035862176532e-02 1.078070554832655376e-01 9.735799547314308300e-02 1.114078815103098224e-01 7.697553932442423308e-02 1.108790662852668918e-01 9.211830787187011427e-02 1.116020622845639576e-01
1.087296646942691042e-01 1.085984855707658042e-01 6.975188244398040915e-02 1.087093625850757556e-01 9.430143446341943125e-02 1.173731336902632955e-01 6.884539316661052177e-02 1.164986546703875997e-01 8.952674766631547876e-02 1.176652410489125722e-01
1.087914755866039446e-01 1.086192620620647503e-01 7.888501286249519073e-02 1.088068778809877235e-01 8.835485171616326572e-02 1.110018949376313513e-01 7.662273820706501370e-02 1.102586001274050431e-01 9.744137023413732002e-02 1.112179163854463693e-01
1.133102024421452081e-01 1.131617639024449229e-01 6.665346047403465646e-02 1.133198783213434646e-01 8.966745097253821239e-02 1.154198111105124019e-01 6.676222337477129287e-02 1.147648118568384001e-01 9.132957111419627572e-02 1.156108264311751371e-01
1.052455571990015964e-01 1.051536360425275873e-01 8.312621467982853063e-02 1.052587795262223264e-01 8.903136817617109122e-02 1.107875912458274881e-01 8.325493757946184070e-02 1.103145420579055985e-01 9.690123038264474020e-02 1.109261431104092283e-01
1.075229836336318023e-01 1.074236909596592154e-01 7.849516279036028443e-02 1.075219389106400608e-01 9.675098645649328477e-02 1.080533802801003362e-01 8.049936595737450240e-02 1.076141484953677535e-01 9.793736475391376373e-02 1.081809777624589269e-01
1.072693919449414640e-01 1.072045396952718554e-01 7.066522826739607410e-02 1.072014663465898493e-01 9.577689931366636933e-02 1.179227491011664297e-01 7.146082059699492006e-02 1.171205894249834484e-01 8.714928624514792221e-02 1.182290290638416536e-01
1.043720331682570640e-01 1.043314685346921761e-01 8.419698688025888111e-02 1.043183784374609041e-01 9.283221407402554581e-02 1.102495228684480383e-01 8.674499834807093690e-02 1.097472190475599629e-01 9.276663081923812448e-02 1.104405478219883524e-01
1.110350910324207768e-01 1.109312802456358660e-01 7.877790313383961629e-02 1.110147380013424834e-01 9.002014642251882082e-02 1.064135351939824448e-01 8.194904116476439682e-02 1.060094108775643945e-01 9.731725499218969733e-02 1.065315989357415588e-01
1.055037008036177892e-01 1.054059824139982476e-01 7.576815295995255328e-02 1.054908156882096021e-01 9.851034571316220900e-02 1.129754217821997281e-01 7.310024569062210931e-02 1.123227559411706378e-01 9.773180348439533538e-02 1.131907755226717743e-01
1.066849281233795271e-01 1.066946172229780582e-01 8.048598596177318487e-02 1.066440056549406989e-01 9.347177805053545618e-02 1.106563752287138269e-01 8.000822810869305524e-02 1.104802929160732666e-01 9.414108129372711353e-02 1.107327074391858401e-01
1.099105737822305973e-01 1.098323611145886475e-01 7.026373828613738381e-02 1.098440432876389428e-01 1.010147697609420359e-01 1.129786665552421077e-01 6.883205376065675007e-02 1.123274918488186974e-01 9.177927748721009804e-02 1.132170241165346564e-01
1.086149519440943040e-01 1.084769695280412283e-01 7.221297351553451760e-02 1.085976860313877662e-01 9.461545273929564126e-02 1.140221549134583512e-01 7.066171850629018869e-02 1.132205399777667654e-01 9.529494680431596643e-02 1.142826060398152571e-01
1.066079313809087104e-01 1.065623497625586974e-01 8.151449515957878700e-02 1.065529696368193169e-01 1.032758197614875167e-01 1.055843859253389888e-01 8.463330328240700751e-02 1.052191085434551754e-01 9.433242332100641447e-02 1.057172132264393299e-01
1.045330621963550949e-01 1.045682956357146809e-01 8.651731954585724360e-02 1.044714026711254656e-01 9.677889396115177401e-02 1.059341128904940227e-01 8.239577422080202052e-02 1.058446831604790556e-01 1.029659991329759661e-01 1.059904565850446484e-01
1.096204831349359421e-01 1.095637605227995498e-01 8.033532466129439387e-02 1.095935566225722246e-01 8.905688157281282935e-02 1.085205198214374972e-01 8.054487151039005366e-02 1.082091303637884722e-01 9.593554281749526458e-02 1.086199289724737865e-01
1.048188122860179705e-01 1.047142088341062316e-01 7.787607514922928464e-02 1.048159725181343621e-01 9.980418121694724365e-02 1.126373650697709422e-01 7.427513695591050902e-02 1.119822035228952850e-01 9.622832031972880507e-02 1.128477241272593662e-01
1.100081377411302047e-01 1.098777920266956892e-01 7.305787855413617415e-02 1.099630959773575667e-01 9.193761923581970918e-02 1.128782871124116433e-01 7.379348114745652720e-02 1.120788692394155961e-01 9.325508593187760431e-02 1.131497530336992990e-01
1.102710800489580395e-01 1.100618902230546536e-01 7.139451597815195394e-02 1.102871034951758283e-01 9.921793417011930127e-02 1.111662459652410784e-01 7.035077844299404692e-02 1.103006127781991086e-01 9.553168930086715360e-02 1.114181495972389052e-01
1.064300471448409030e-01 1.063254462137506601e-01 7.865093855140420365e-02 1.064408120570396188e-01 9.121856067149072822e-02 1.124046914416548665e-01 7.763253544630344116e-02 1.118522487044891767e-01 9.647437825296410752e-02 1.125703415160622944e-01
1.125650122163151939e-01 1.124316154898859083e-01 7.548781598017112460e-02 1.125336430467550747e-01 8.685768861690232323e-02 1.105624049598254860e-01 7.352335233886855836e-02 1.099332445685748672e-01 9.534333652751986188e-02 1.107618862551816019e-01
1.083187534185103412e-01 1.082160641742354601e-01 8.250675371318991203e-02 1.082667263982104305e-01 9.599925481380153225e-02 1.079857853237590204e-01 7.780044799131842492e-02 1.073699408454458631e-01 9.533943978401777930e-02 1.081968335375113055e-01
1.042699478715161387e-01 1.041581542791702175e-01 8.161758148711582839e-02 1.042823936206843521e-01 9.255510860318129363e-02 1.118069417670554816e-01 8.110961885602634147e-02 1.111856191062218363e-01 9.701843436299767420e-02 1.119962000460308360e-01
1.070361360525877992e-01 1.069363786572794517e-01 7.673415003723897676e-02 1.070585054791187846e-01 9.231738420937057876e-02 1.125145388056027762e-01 7.669950694575100592e-02 1.120426820418760211e-01 9.601407862041971830e-02 1.126466391507548875e-01
1.054061821849039682e-01 1.054012252241752906e-01 8.110765852283959021e-02 1.053724640206257085e-01 8.889998976155441546e-02 1.134685349314418501e-01 8.042210662500642870e-02 1.131662628419581873e-01 9.316659594858892057e-02 1.135889799389056265e-01
1.092477718302666545e-01 1.092067921592558138e-01 7.884408327149597384e-02 1.092371664941666348e-01 8.640447167301992804e-02 1.120486780308305591e-01 7.608843018193965635e-02 1.117816676838098433e-01 9.500882913270963792e-02 1.121321095425052705e-01
1.105475296445350697e-01 1.104490836717901686e-01 7.724924967940346998e-02 1.104904231952298366e-01 9.428362297654994950e-02 1.102343478522361253e-01 7.734901892538824375e-02 1.096180582456335734e-01 8.933038088597945736e-02 1.104482849232541336e-01
1.084117725883090994e-01 1.083466566407661064e-01 7.523607520359151812e-02 1.083384175281883050e-01 1.066829549531771865e-01 1.095230396098187536e-01 7.427715676107134180e-02 1.089554152340029558e-01 9.049375532959723356e-02 1.097347561514775277e-01
1.066152142728999525e-01 1.065669213498568052e-01 8.010155542922768601e-02 1.066124168700142011e-01 9.222880041448389132e-02 1.109692154593841240e-01 7.662570804650480072e-02 1.106646822472408670e-01 9.855270038660707277e-02 1.110627855237805856e-01
1.115763185485104669e-01 1.115130848445167605e-01 7.278881791625524400e-02 1.115521648924362313e-01 8.949097230164008987e-02 1.134716120341240364e-01 7.151772800644680406e-02 1.130748330494664444e-01 9.141271099475797857e-02 1.136017574118459855e-01
1.068627989920497706e-01 1.067519718799212480e-01 7.800467592668221262e-02 1.068768371116931015e-01 9.761325724561256689e-02 1.115458301359709969e-01 7.469207275436498539e-02 1.110096413421508832e-01 9.494092360642246431e-02 1.117019910051318399e-01
1.126960288774935676e-01 1.126535973488958925e-01 7.663731624888502070e-02 1.126587539845065183e-01 9.503845757512624504e-02 1.064431546333915735e-01 7.594012119057205745e-02 1.062631734102121861e-01 9.517221028396616322e-02 1.064971864469507895e-01
1.104655522523237815e-01 1.102633662822646299e-01 7.111039846614312931e-02 1.105041577837719696e-01 8.554616523910069104e-02 1.150171704099956088e-01 6.970728538388441808e-02 1.141593900656708294e-01 9.796795205047091615e-02 1.152585620663739985e-01
1.124220015835591530e-01 1.123632046324626044e-01 7.083152445215670778e-02 1.124001669774488954e-01 8.799482259250475391e-02 1.138131429554068152e-01 7.034478653385750624e-02 1.134561074113082657e-01 9.244585484308763534e-02 1.139283880182076214e-01
1.044476098077759263e-01 1.043989057897366235e-01 7.878677450177021258e-02 1.043874523030891011e-01 9.628509834572225590e-02 1.142864427668487254e-01 7.910696374120075591e-02 1.136169660643355228e-01 9.013971301514164813e-02 1.145440736643792146e-01
1.092906234512433794e-01 1.091586075758099184e-01 7.731081113941475069e-02 1.092802896428476528e-01 9.313652430270981386e-02 1.093740145832651223e-01 7.694435938542618092e-02 1.087705964372062267e-01 9.717660463319136022e-02 1.095575688488855809e-01
1.068555649272622671e-01 1.067544730334591685e-01 7.450280904605779964e-02 1.068340337793601130e-01 1.007222737105281929e-01 1.138074234807776586e-01 7.311017905140926310e-02 1.131188697805133175e-01 9.025595754380308366e-02 1.140384156468291776e-01
1.028011496303309208e-01 1.027871026451574049e-01 9.388112714102261891e-02 1.027665005524625724e-01 9.175462211413386304e-02 1.070682386085795579e-01 9.241707208565025367e-02 1.068001690060529779e-01 9.255352755930487674e-02 1.071704906573050092e-01
1.108319417512477617e-01 1.107411857577149245e-01 7.700445082271009656e-02 1.107711917749637648e-01 9.670069499748001896e-02 1.088416536059063772e-01 7.222141723756191067e-02 1.082884095214714792e-01 9.556488579091067248e-02 1.090341687400329801e-01
