9.313308532002514961e-02 9.154506252210951878e-02 9.016893118276513019e-02 1.151095921063449851e-01 9.859537304175274020e-02 1.156656097802783861e-01 9.032214655828250949e-02 1.140426740309095355e-01 7.740627962022522679e-02 1.140112458373067766e-01
9.186976215944162028e-02 9.398466077525025053e-02 9.053296345609501694e-02 1.180176798691284501e-01 9.628549601916529255e-02 1.192192324872187320e-01 9.074277884361878210e-02 1.092493577312088349e-01 8.081318444831631087e-02 1.092848842105567236e-01
9.233843547952326480e-02 9.518976029318766685e-02 9.103533458902275666e-02 1.151233033968852154e-01 9.838685908307540084e-02 1.159090283077781336e-01 9.118297427401596267e-02 1.077227951866684685e-01 8.538279553934390032e-02 1.077287138504992581e-01
1.032355056211368555e-01 9.319334858477705541e-02 8.730326879225955294e-02 1.133248449902497373e-01 9.731877855624435081e-02 1.142066256180279404e-01 8.752296504974876878e-02 1.142897127614767444e-01 7.531709399560874985e-02 1.142878560304702168e-01
9.257393808695713044e-02 9.130245831511595023e-02 8.957306208343422671e-02 1.206925297597312291e-01 9.581956587497324207e-02 1.216147966801459784e-01 8.964894889267330247e-02 1.106299135011557938e-01 7.741767344798053396e-02 1.107271133578325989e-01
9.690404289589008013e-02 9.688543948009500917e-02 9.259822161695797915e-02 1.127497815977323570e-01 9.458222329359347591e-02 1.129633141537986774e-01 9.247510345589565750e-02 1.034965593913927673e-01 9.372348687031038794e-02 1.036218272443335808e-01
9.542499956830437224e-02 9.173519799602415647e-02 8.842130619697476102e-02 1.185613739657305071e-01 9.958192385142396186e-02 1.191334582096309075e-01 8.853467025418847169e-02 1.117336805827348623e-01 7.517083254065953790e-02 1.117025568343284619e-01
1.009935173691476618e-01 9.211944350520893943e-02 9.029555898699327676e-02 1.140610117237804838e-01 9.524063477824663837e-02 1.148754574863889710e-01 9.048369774320294545e-02 1.104906943530354069e-01 8.095384500204014233e-02 1.104861390519555064e-01
9.253225747954936520e-02 9.166839879621942189e-02 9.194855846360827645e-02 1.140083623224541903e-01 9.815789588819302802e-02 1.146607034926552665e-01 9.215190041710200064e-02 1.097654414833402203e-01 8.541385473845665433e-02 1.096926269184215486e-01
9.486160319222181059e-02 8.970118835528152756e-02 8.958586896478747119e-02 1.157889921250838394e-01 9.789619482170473785e-02 1.168859463199002496e-01 8.979372793517180484e-02 1.118948916159832746e-01 8.164723162383545618e-02 1.119443550460298420e-01
9.795848626079131649e-02 9.186905671980402643e-02 8.842498048628777418e-02 1.193726031906097163e-01 9.638024175730661169e-02 1.207129383071455092e-01 8.861303937360992533e-02 1.079839843280409606e-01 8.063410781792003379e-02 1.080505617584840983e-01
9.356003121253453347e-02 9.033222459071527100e-02 8.597258324236821403e-02 1.184985143123640228e-01 9.653609185644672352e-02 1.198494736795398252e-01 8.623857612243136794e-02 1.173528699434823880e-01 7.426823096218737597e-02 1.173914040779302781e-01
9.845823489087333902e-02 9.038397394096921167e-02 8.792269152611785488e-02 1.114441207881874119e-01 9.641346016476309844e-02 1.116792638345542737e-01 8.796447981757711532e-02 1.166313368663401268e-01 8.241257746292565689e-02 1.166898607076918976e-01
1.042147126498898790e-01 8.627325702738715407e-02 8.452116084112462624e-02 1.172772276890768905e-01 9.472235901715765627e-02 1.185948163043197973e-01 8.475441149813137121e-02 1.184867794507709071e-01 7.257563940093199328e-02 1.185796361212096972e-01
1.016193560958535552e-01 8.941900399877665551e-02 8.685996119987275665e-02 1.176209773786532908e-01 9.631973113531926145e-02 1.185838498776208838e-01 8.703154318782869991e-02 1.149924984894952623e-01 7.251647822741355554e-02 1.150366004091661204e-01
9.530228110952569665e-02 9.150264503778790526e-02 8.679006618277189389e-02 1.196103150407460264e-01 9.574535592106508952e-02 1.208433237918311587e-01 8.694469813047038531e-02 1.128715991906036331e-01 7.740661970679024728e-02 1.129830958884079917e-01
9.624592015680168144e-02 9.206706922578772323e-02 9.001843338737521016e-02 1.132271490544844439e-01 9.639064292715139592e-02 1.143225812225431848e-01 9.023448372140135954e-02 1.122009781796078770e-01 8.301579073131137854e-02 1.122769513935357316e-01
9.537873802626554987e-02 9.443714183145299201e-02 9.285951791442108305e-02 1.142233927191206727e-01 1.003091816482606646e-01 1.151257351158931908e-01 9.319095376343695947e-02 1.091145091837791292e-01 7.639157069054539062e-02 1.089692591068244093e-01
8.790105473661384561e-02 9.148359700755599733e-02 8.900862157628139371e-02 1.199343219703964125e-01 9.973145190847522434e-02 1.209621140643014903e-01 8.926738903861795860e-02 1.144056959583265726e-01 7.297487667014423973e-02 1.143308770692868653e-01
1.007101454325198681e-01 9.020020613720158842e-02 8.820400095645332395e-02 1.150635048983660730e-01 9.654580561885414691e-02 1.157986113480277413e-01 8.836748894805236676e-02 1.130721358787149383e-01 7.896577996389239629e-02 1.130723208179175848e-01
9.046092242464943978e-02 9.133237555776585470e-02 8.909566025753960783e-02 1.199405798239096543e-01 9.687085824971579384e-02 1.209874587926045714e-01 8.926087492820038161e-02 1.120914591204093536e-01 7.782944324856605478e-02 1.121303675966393160e-01
9.984540638807962165e-02 9.431843271827537734e-02 9.069823298643595044e-02 1.134750648150455038e-01 9.735141429613632102e-02 1.146286829298250182e-01 9.094773601987179990e-02 1.079323237651000078e-01 8.285191842608995161e-02 1.079507876551404760e-01
9.577829505412666089e-02 9.056840381703318288e-02 8.953271484419901560e-02 1.161733510132694908e-01 9.548483528795362330e-02 1.171558660781582967e-01 8.968764131793215133e-02 1.113194976648392981e-01 8.290883594047034066e-02 1.113905589820179537e-01
1.038527265498109114e-01 8.977875679587857261e-02 8.889435580376324475e-02 1.158201460254101034e-01 9.453085749487191713e-02 1.167774049291297744e-01 8.910138805548753482e-02 1.118379231199388146e-01 7.756776491626572734e-02 1.118386763094433994e-01
8.835923083222707586e-02 9.000393400209888428e-02 8.937126207294152080e-02 1.175180187455031472e-01 9.595325816435491817e-02 1.181782441640552850e-01 8.945660290276301330e-02 1.144381867663336050e-01 8.221381903132980729e-02 1.145074433183927293e-01
1.430326485417096061e-01 8.362806929277197265e-02 8.271569230320108268e-02 1.133320920594145798e-01 9.245732813110944803e-02 1.142815192224672788e-01 8.295834611655704405e-02 1.106660358159982233e-01 6.633018103206247962e-02 1.105980874847082573e-01
9.044063224369547349e-02 9.294483459089017408e-02 9.168604637260133194e-02 1.143246982765324521e-01 9.801001109695961500e-02 1.151471974589206859e-01 9.187370034999886581e-02 1.107917858219287788e-01 8.398503736385912188e-02 1.107960564246135010e-01
9.994120161170050309e-02 9.293408293600050052e-02 8.968771593524355046e-02 1.130343490382682697e-01 1.010558740446326764e-01 1.135435240941474050e-01 8.973497438977830198e-02 1.084725264030658026e-01 8.305928385459621088e-02 1.085364676925668070e-01
9.728017185297069269e-02 9.050260771761986511e-02 8.886869679894644769e-02 1.159843801239932165e-01 9.812830559550350662e-02 1.169825552799149265e-01 8.903051061092613627e-02 1.117720704589410530e-01 7.960804274625689347e-02 1.118426588149272760e-01
1.031052026651691211e-01 9.351455746239419053e-02 8.871013170982378071e-02 1.116169377675485241e-01 9.720805087051352655e-02 1.123004481273433691e-01 8.887008503056485764e-02 1.099686209754065780e-01 8.473321172759125386e-02 1.099727536636447983e-01
9.338833114336758667e-02 9.076796524133816380e-02 8.751365885243668485e-02 1.198937067532744871e-01 9.849521634356185606e-02 1.208561408386148034e-01 8.764275279880563707e-02 1.126639997527964648e-01 7.605424265798357841e-02 1.127239856178207378e-01
9.547556233786488877e-02 8.995421793584479353e-02 8.894087526156034540e-02 1.150036178773160556e-01 9.790832437807804600e-02 1.162159325992123821e-01 8.917413263251086630e-02 1.136621492416480805e-01 7.992737160826784981e-02 1.137378161276966643e-01
9.506934200287250891e-02 9.043563390368192234e-02 8.944502805698559267e-02 1.150240565050056618e-01 9.681623625215117490e-02 1.162034152813586629e-01 8.966476458614602851e-02 1.148568704833943521e-01 7.753176174877951521e-02 1.149528911796245667e-01
1.039746976309333937e-01 1.014644481014925215e-01 9.292523410849368171e-02 1.048349968125961984e-01 1.052796926360373975e-01 1.051548334667445350e-01 9.300804798385085836e-02 1.036903382725889167e-01 8.597187833103124566e-02 1.036958326562312932e-01
9.628177488505887394e-02 9.611164233074939722e-02 9.346486970386549964e-02 1.126971621323380190e-01 9.532315066355748212e-02 1.130326210814458082e-01 9.346576407395242037e-02 1.060086414256418003e-01 8.755723854185638866e-02 1.060571351615343522e-01
1.081945145990715756e-01 8.686504024397262436e-02 8.322623734304269993e-02 1.170328129169686260e-01 9.664109813772801816e-02 1.179964753900306917e-01 8.336646579549442104e-02 1.142353562004503192e-01 7.813311115752481772e-02 1.143088882157161923e-01
1.057822617581958141e-01 9.033487373276122279e-02 8.545923226623287905e-02 1.153208863615558522e-01 9.736550487436788914e-02 1.159850774142983376e-01 8.560508868125009385e-02 1.173982393370013866e-01 6.933141806541298635e-02 1.174174175089235661e-01
8.785009356712995821e-02 9.033215925795090584e-02 8.921997250854118988e-02 1.200182097413329263e-01 9.791963863418128022e-02 1.210007544881159663e-01 8.939375947675162748e-02 1.129689671406870766e-01 7.831305625166992690e-02 1.129833889336391284e-01
9.587940445756638896e-02 8.743865049166044123e-02 8.582819073817006539e-02 1.226910638042578439e-01 9.273392027500254597e-02 1.236262113612262847e-01 8.591675300867739062e-02 1.142455795049363149e-01 7.730903614465327311e-02 1.143311902138494512e-01
9.841299350449173033e-02 8.736167681973397436e-02 8.598867076058011594e-02 1.192610411592124608e-01 9.455876095587101293e-02 1.202539420165609496e-01 8.608372041543484177e-02 1.165891299136798537e-01 7.474475702514842002e-02 1.167453074292866405e-01
9.594702496222581867e-02 8.863534890567009716e-02 8.905775417377143066e-02 1.188075403880732989e-01 9.630415380788388824e-02 1.198405131406931334e-01 8.922446314355270136e-02 1.108257861028635188e-01 8.049651840779470380e-02 1.108608969674714229e-01
1.012391964731200189e-01 9.131267758974603854e-02 8.859131938445578835e-02 1.132948061984619670e-01 9.689136559359468048e-02 1.142906103081927499e-01 8.875061103213292835e-02 1.127079966772926156e-01 8.009996075481055910e-02 1.128214559881926260e-01
9.111787597617955481e-02 9.148916227230870224e-02 8.841208451917380307e-02 1.197653089572904561e-01 9.699233017919060840e-02 1.204750640151876079e-01 8.853370664958197522e-02 1.118473934613892218e-01 7.952994171593255612e-02 1.118371322537655421e-01
9.740170668858520731e-02 8.977901429717383142e-02 8.842875322736873378e-02 1.161911269155045529e-01 9.819509750354693534e-02 1.173641206404414938e-01 8.868478553643793783e-02 1.136077284531828158e-01 7.672748733964600276e-02 1.136201793981125169e-01
9.946545034634358962e-02 9.119991594741475027e-02 8.869012085357701192e-02 1.134330563405801934e-01 1.010819118154178964e-01 1.141874277025939910e-01 8.885342009205438041e-02 1.130111559042545621e-01 7.703926988345595472e-02 1.130382711143076563e-01
9.726543502131441976e-02 9.320892444778956787e-02 8.854978373640413902e-02 1.149980268172232090e-01 1.008630261161158753e-01 1.154638508678045711e-01 8.859431544925577828e-02 1.097948568857465557e-01 8.142288995130428364e-02 1.098388907070415588e-01
9.909891114514356170e-02 8.719608981842209838e-02 8.741464635347057088e-02 1.159216645961170800e-01 9.784752458287332422e-02 1.163583251755112707e-01 8.752576868116704323e-02 1.187609748008046640e-01 7.111320423088511589e-02 1.187628906156052155e-01
9.126690395902432862e-02 8.992278290530640594e-02 8.588660105857899574e-02 1.186122560486850414e-01 9.850976683658184407e-02 1.195351385031410973e-01 8.603264536220174563e-02 1.177685996808896102e-01 7.462178500034349904e-02 1.178435206452474043e-01
9.934339191478779030e-02 9.111009766787897535e-02 9.069310731389158831e-02 1.143989936644318334e-01 9.917541255226483554e-02 1.150248541312028222e-01 9.078228498494539389e-02 1.082375513611039397e-01 8.296025461894325492e-02 1.082740517905495525e-01
1.031363855441070898e-01 9.495886131815033104e-02 8.913253671847004567e-02 1.132319921058912160e-01 1.022842295579446670e-01 1.139017268936401150e-01 8.925007955255415126e-02 1.062892381304897660e-01 8.151749004902308915e-02 1.062974601297295291e-01
1.066128252865384818e-01 9.930051196343983588e-02 9.590665903888542787e-02 1.027434635116282607e-01 1.031210028530878259e-01 1.028687779877609232e-01 9.583585518494215638e-02 1.008245490952522500e-01 9.186744973757611510e-02 1.009189053408887649e-01
9.720434584663222022e-02 9.413287428609985741e-02 8.891790913940073038e-02 1.145112827230027885e-01 9.913376502736535867e-02 1.154753137855465683e-01 8.915867228591968507e-02 1.095664650171970789e-01 8.237450755494041266e-02 1.095248643338952721e-01
9.682255226173543117e-02 9.747794626281464092e-02 9.218340309696136659e-02 1.093120122625611673e-01 1.025302660654000692e-01 1.101536007083273594e-01 9.240243272581827316e-02 1.080560653290044137e-01 8.299324506896253728e-02 1.080684762184147274e-01
9.976906590470110969e-02 9.686891351113059712e-02 9.338344211017156338e-02 1.103536709747044570e-01 9.802468819159584901e-02 1.115734131883447250e-01 9.369518243198780849e-02 1.059752373870771203e-01 8.437260643269368920e-02 1.059837798675930531e-01
1.007071696120158816e-01 8.966365742295413777e-02 8.467872549406652016e-02 1.191357791625852341e-01 9.610795204216382448e-02 1.202004612578134735e-01 8.480935656198242134e-02 1.144520993091746874e-01 7.568902721733243577e-02 1.145557719199113700e-01
9.972333586930713645e-02 8.729434684927123156e-02 8.626592224247342511e-02 1.187608602559207943e-01 9.824343624459198898e-02 1.195462292810108851e-01 8.641878715337113215e-02 1.172104377423155014e-01 6.931255873313400817e-02 1.172240856286038690e-01
1.023752861196165903e-01 8.812046647826954349e-02 8.303910060242297719e-02 1.200321747882748813e-01 9.585305294027889056e-02 1.210224551631924883e-01 8.309126620411246000e-02 1.150499585393809088e-01 7.617859032420960796e-02 1.152376488402416382e-01
1.039752699319730633e-01 8.584983147843967821e-02 8.527065597457827995e-02 1.165598668873056576e-01 9.592855509864653407e-02 1.170526264327240856e-01 8.533560735520229201e-02 1.184620330359320295e-01 7.302735781524730130e-02 1.185381959899510784e-01
9.481959995420406739e-02 9.116920103852957369e-02 8.940346874990524884e-02 1.155411891113160006e-01 9.825449012203145427e-02 1.162876916200375477e-01 8.955138966198529504e-02 1.135983278234969363e-01 7.774761077809053123e-02 1.136270311404034145e-01
1.032021437051318796e-01 9.294085514389227587e-02 9.084791160895161477e-02 1.116956917756636442e-01 1.020693053251030408e-01 1.122410002787601196e-01 9.092124533501898254e-02 1.087878496449777438e-01 7.844421327019469870e-02 1.088497839123059724e-01
9.455032651103285890e-02 9.076905618220960925e-02 8.624588114187901888e-02 1.222314182593924187e-01 9.500416734516248241e-02 1.233449309612835026e-01 8.634659628468711878e-02 1.101045537816636444e-01 8.120726631532508566e-02 1.101958032173642466e-01
1.042963906607431990e-01 9.491315417679485611e-02 9.182764047684881248e-02 1.065557558215159545e-01 1.031064477849843730e-01 1.068298193726879286e-01 9.179980681206205417e-02 1.068350829522493883e-01 8.687715008115952375e-02 1.069587518609539517e-01
9.531093589571669467e-02 9.084070745430414262e-02 9.011942369427851374e-02 1.163259545127880989e-01 9.546517033450185874e-02 1.176193191966496410e-01 9.036985349017107039e-02 1.107360121539120307e-01 8.243211519815303590e-02 1.107805080695249272e-01
9.548384749059218857e-02 9.364688601473278307e-02 8.938305452839513665e-02 1.164721121463552500e-01 9.953327766897014650e-02 1.176277730468232030e-01 8.963218176367282464e-02 1.099405082648658299e-01 7.834948980538086749e-02 1.099308692702117701e-01
9.806132180543998544e-02 9.443723763549106975e-02 9.312562077421113194e-02 1.101933260764014072e-01 9.459441428841147692e-02 1.105545301027939659e-01 9.309665969678788955e-02 1.064987701082635574e-01 9.282232864477654721e-02 1.066157908674229826e-01
8.784327079345198575e-02 9.203616872477138333e-02 8.871857753306472416e-02 1.172384336685602935e-01 9.914047721918670120e-02 1.177432783553368084e-01 8.878838109187890681e-02 1.146394511729285776e-01 7.917064347616904751e-02 1.146813179646515718e-01
1.015891310701164951e-01 8.811757611002893342e-02 8.715277692222685169e-02 1.115425920133255727e-01 1.003078976167878500e-01 1.121189994448105465e-01 8.717881974114115307e-02 1.166541730602147220e-01 7.847757371763822154e-02 1.168604603037095846e-01
1.026029675499635224e-01 9.030896936842967848e-02 8.888567818267500975e-02 1.120042081345708623e-01 9.656916215096524037e-02 1.127671155035963463e-01 8.905952408186558478e-02 1.138171693948238222e-01 8.012786292534973542e-02 1.138573427077601979e-01
1.002002053378875379e-01 9.115078702668488742e-02 8.948673357917930060e-02 1.147576465607447888e-01 9.863599572656719938e-02 1.154307113631110188e-01 8.963481950770688100e-02 1.117938608831572367e-01 7.711654290534097900e-02 1.117926971096201982e-01
9.198954405902996789e-02 9.298655046035153582e-02 9.080638903552229468e-02 1.143337785182972355e-01 9.969831738989089198e-02 1.148199635792564594e-01 9.091958713732635478e-02 1.103899105479871218e-01 8.368606969992643807e-02 1.103698895724116863e-01
1.079500372120885954e-01 9.331440487116920979e-02 8.782375610538566135e-02 1.131129876914729604e-01 9.981611788865188406e-02 1.136528899517613017e-01 8.781378724542257541e-02 1.063329749602025115e-01 8.372731719253964644e-02 1.064557268813056401e-01
9.924035918852630589e-02 9.074499749152599437e-02 8.818760157828303692e-02 1.169629454384748246e-01 9.607330792537099873e-02 1.180402267132125149e-01 8.841866312172798337e-02 1.123306275392777914e-01 7.767688141587833495e-02 1.123243895877222426e-01
1.052111441524045538e-01 8.887616580672091926e-02 8.838280987442004299e-02 1.111978946686235786e-01 9.712971557896830921e-02 1.120911664724722895e-01 8.853844352920546557e-02 1.135420208296301914e-01 8.137232569525154613e-02 1.136583133923031175e-01
1.046101371878928599e-01 8.925018194842794517e-02 8.432078015159959195e-02 1.146284223952765274e-01 9.816240737202924782e-02 1.153177300905543351e-01 8.439487230935932560e-02 1.174674353715836755e-01 7.423843318991885099e-02 1.176095999833576544e-01
1.016679559649869558e-01 8.675574126602535185e-02 8.594179363402477956e-02 1.185009980570576743e-01 9.541217215414016239e-02 1.190963747296132080e-01 8.597150570765164923e-02 1.160166267697644166e-01 7.449685127478686275e-02 1.161399804419489812e-01
9.381572680927394159e-02 8.936483774900740029e-02 8.542158606157625178e-02 1.224787982259351871e-01 9.578197493988944988e-02 1.232622717581724481e-01 8.543294792191963305e-02 1.131274807912357322e-01 7.804584727665050958e-02 1.132685284663394049e-01
9.848963430037796507e-02 8.740838573702203185e-02 8.514058807703663023e-02 1.179110733652135451e-01 9.716714127151786229e-02 1.187382300848483091e-01 8.520365449876807218e-02 1.182010294684946450e-01 7.336099550945396341e-02 1.183792676872669064e-01
1.003565570115833028e-01 9.440934803587230917e-02 8.964424304989890291e-02 1.149988105373482977e-01 9.640422497524567258e-02 1.162071113922513443e-01 8.988943329201709576e-02 1.078896311527559465e-01 8.229555789946260691e-02 1.079050826535646324e-01
6.778502645795993209e-02 9.094431593987578610e-02 8.638935308187661866e-02 1.320337302129139800e-01 1.046271335068041514e-01 1.338895813005125390e-01 8.711880736049408547e-02 1.249804979190667076e-01 4.792441207868759767e-02 1.243071421418085742e-01
1.010550465245721452e-01 9.187315588708558356e-02 8.974130184825584999e-02 1.124609598211926270e-01 1.017510773874259616e-01 1.132414488746584652e-01 8.988868140202872781e-02 1.113554093612642293e-01 7.721880551262118308e-02 1.114141133808951856e-01
9.684069968005616647e-02 9.078926508415717522e-02 8.939432652437623306e-02 1.147317126246707869e-01 9.857085563479653367e-02 1.157335892419321249e-01 8.963375491429036168e-02 1.127702988997646427e-01 7.876912014195221190e-02 1.127663772540037357e-01
9.402695972785006517e-02 9.097152211184825199e-02 8.932710798618458126e-02 1.175994875348485985e-01 9.636570303537726756e-02 1.185037462752114718e-01 8.943821690054866436e-02 1.114524157931424814e-01 8.077561514330365566e-02 1.115392254916849762e-01
9.998793229266940419e-02 9.017221627883480195e-02 8.792156495324894572e-02 1.145660194723727571e-01 9.287545478186949588e-02 1.153686446090206735e-01 8.799203854205989161e-02 1.144079141471731759e-01 8.213343131065531377e-02 1.145747836120955543e-01
9.767717037643745825e-02 8.807537709506019219e-02 8.503521138194565510e-02 1.184003328004671757e-01 9.905477955290845071e-02 1.194732510304668260e-01 8.523417774209149367e-02 1.167518551011541839e-01 7.351058129176508971e-02 1.167872636277034609e-01
1.020559152966405841e-01 8.820523432222369953e-02 8.944285534582033237e-02 1.123085854787648913e-01 1.003209828984908680e-01 1.129147223160376634e-01 8.952734632093845013e-02 1.132868513266295230e-01 7.855219404805660610e-02 1.133853126463973682e-01
9.624362930374702474e-02 9.151757514062419663e-02 8.844023554733175529e-02 1.185800605803170732e-01 9.787741825436881149e-02 1.198487657155746927e-01 8.877027575193705000e-02 1.133082778137979585e-01 7.219464014902657323e-02 1.132191217432748087e-01
9.457185580826973914e-02 9.091288236421758706e-02 9.064243402225459489e-02 1.175704937194224226e-01 9.457905083604653540e-02 1.185790792611679106e-01 9.076979922194081118e-02 1.086586827178951248e-01 8.497874100133148700e-02 1.087369810474537873e-01
9.874804858211611025e-02 8.986811721134851938e-02 8.689983758255537261e-02 1.187170756392978560e-01 9.751954523377338868e-02 1.202828544207099476e-01 8.721535583840515915e-02 1.123208755610724668e-01 7.610529274431958313e-02 1.123229971864015547e-01
9.998898194603579592e-02 9.457496091828020146e-02 9.047661523411903994e-02 1.112523984114022341e-01 9.794552789187961628e-02 1.120084838198459609e-01 9.062274161998191968e-02 1.093254464736249515e-01 8.442789284171392516e-02 1.093769508431163828e-01
8.957182920143695604e-02 9.141844798187180599e-02 8.807063754780009024e-02 1.160537963261522865e-01 1.004593064016932324e-01 1.168681140673257651e-01 8.824074104709937749e-02 1.174500927449591559e-01 7.437625917133301734e-02 1.174907755103283130e-01
1.011681197043864389e-01 8.998114182902489100e-02 8.764021060400044305e-02 1.154507817825401184e-01 1.000675948178688657e-01 1.162032016641140753e-01 8.780345017209477410e-02 1.128808561640908953e-01 7.592579587655472195e-02 1.128788473853247903e-01
1.058127259364467082e-01 8.964727475741279816e-02 8.488302665775691869e-02 1.162375609445448071e-01 9.695330680255051514e-02 1.173215038184033665e-01 8.503605552158791103e-02 1.137606775322071856e-01 7.647957749364468760e-02 1.138682905354451297e-01
1.024485134557714394e-01 9.620320811057501975e-02 9.202220894880730473e-02 1.102511034723571703e-01 1.025145141950045552e-01 1.107927942639501950e-01 9.207565676996970483e-02 1.051494843503210236e-01 8.332394614068312777e-02 1.052185702925604455e-01
9.442558922286670153e-02 8.998632457682112507e-02 8.835683692448412230e-02 1.182572339211129808e-01 9.691481351668851385e-02 1.192768266264935956e-01 8.851254027670864277e-02 1.133613512071674767e-01 7.747701250220918878e-02 1.134314712254476387e-01
9.748482245423382986e-02 9.329592122170149437e-02 8.903054479895719520e-02 1.119480853676999843e-01 1.010854682347126915e-01 1.126015568873784539e-01 8.913774974013920216e-02 1.126216542034231549e-01 8.009069994617119825e-02 1.127034971455828372e-01
9.163280120025971143e-02 9.060019617221472255e-02 8.966152303253871469e-02 1.181730141578102578e-01 9.659563771201022664e-02 1.190959432845456745e-01 8.981664491906636572e-02 1.120714759790790438e-01 8.024559317353655019e-02 1.121071703689387744e-01
1.103762305673535310e-01 9.582224078834541969e-02 8.819311304681616559e-02 1.107127069205521425e-01 1.026035001291588228e-01 1.113077287466854165e-01 8.827255725641489081e-02 1.062442177928971387e-01 8.016985439366539068e-02 1.062978503581110679e-01
9.400076979689900303e-02 8.993047867576993426e-02 8.776822042566806426e-02 1.215768663862274307e-01 9.799151936615645153e-02 1.227464425730031700e-01 8.788917672993289132e-02 1.106189197755002573e-01 7.676120319018109317e-02 1.107164030806617183e-01
9.641839184571032728e-02 9.009000024208878299e-02 8.672407802686270262e-02 1.227241558461317772e-01 9.362108659088935747e-02 1.239318654198178493e-01 8.685522231050908648e-02 1.094486522631804709e-01 8.066968437776780854e-02 1.095168630770418511e-01
9.646362423931907626e-02 9.437087908934639613e-02 9.029165625040906640e-02 1.128896062833599778e-01 9.703649554629167895e-02 1.135618392260094173e-01 9.042547075494718201e-02 1.098812526190512256e-01 8.517324718011169693e-02 1.099059288111542687e-01
9.264634926819684257e-02 9.150298419161845276e-02 8.812065845500777206e-02 1.182915611807942025e-01 9.807442728439955126e-02 1.192476569999484093e-01 8.832162156265596642e-02 1.150485530391071320e-01 7.369795991411036418e-02 1.150482281041612653e-01
1.055248544002617694e-01 9.124011748041316316e-02 8.982699240230984650e-02 1.111356561337810689e-01 1.019340977783516344e-01 1.115849349705402144e-01 8.982903968332181521e-02 1.062510042489276246e-01 8.632415773229373812e-02 1.063491451697990836e-01
9.711555345779626647e-02 9.060233545290388713e-02 8.635393975524778554e-02 1.200129100521347830e-01 9.342239091041688870e-02 1.211647787399830062e-01 8.643116235117659363e-02 1.119919774995115774e-01 8.073458813645563448e-02 1.121703636443735635e-01
9.166083514124841181e-02 8.779213224999173060e-02 8.834921338352574871e-02 1.225178471816744108e-01 9.536078867337768883e-02 1.238140757365832206e-01 8.862129104191403262e-02 1.148704574171310194e-01 7.218451689742982902e-02 1.148288422771239214e-01
9.059605648857366189e-02 9.148042811995683865e-02 9.057483464141513618e-02 1.183520827019366173e-01 9.802833730919770228e-02 1.192304518253597401e-01 9.086450692116175565e-02 1.132503555374182319e-01 7.451394439252556623e-02 1.131090020624548192e-01
9.614123723207010364e-02 9.176851565272581279e-02 8.816377122510045405e-02 1.183556153619021306e-01 9.589374825409664738e-02 1.194518630236831996e-01 8.844471240066013873e-02 1.154685974924177377e-01 7.090627870764075469e-02 1.154056606497029930e-01
1.058810014755306173e-01 1.042354428933320032e-01 9.919803565659097988e-02 9.916399053902510974e-02 1.043832659031562471e-01 9.892688895920602465e-02 9.907323285443112026e-02 9.604289615496747201e-02 9.704722554726333272e-02 9.604802001649712095e-02
9.710502363030579231e-02 9.804559197137754922e-02 1.015504163254591502e-01 1.019652694683053917e-01 9.311327695028068230e-02 1.017858687690800928e-01 1.014326269953431253e-01 9.964193874678514695e-02 1.056928883856361884e-01 9.966709875742693625e-02
1.093989329015040424e-01 8.844523802848155980e-02 8.771444835472606838e-02 1.095683801992763523e-01 9.900159064237891438e-02 1.099663924383448427e-01 8.768555456312787655e-02 1.117375942286211177e-01 8.455562385190613928e-02 1.119262447916330450e-01
1.011131277875347428e-01 8.840865103842886208e-02 9.057928049841099116e-02 1.121078791003222580e-01 9.795041343570944081e-02 1.126893060768955623e-01 9.065879933644306610e-02 1.116538182245335881e-01 8.309835462317748112e-02 1.117403698785440352e-01
1.042618413930123528e-01 8.896986810672927182e-02 8.904173407196701306e-02 1.149995089813734411e-01 9.667727714579091303e-02 1.158329879163048776e-01 8.921807164477811580e-02 1.124901005478188137e-01 7.600268017270636611e-02 1.125059300195188350e-01
9.433231602348690625e-02 9.297389180615726889e-02 9.042579873780758060e-02 1.141688995420524627e-01 9.808700921277037355e-02 1.152222328927299394e-01 9.071077014309469888e-02 1.111734247938372527e-01 8.177571170365383058e-02 1.111299451444097280e-01
9.970909941652854325e-02 9.124659202705277805e-02 8.719748335224562774e-02 1.150409625413800624e-01 9.985076888820565433e-02 1.159703586093941974e-01 8.740941296100510072e-02 1.138228984766989499e-01 7.592953980175222439e-02 1.138228839257368619e-01
9.598840163195507258e-02 9.313246722200103911e-02 8.883841418564052128e-02 1.157580531510145200e-01 9.905741089016097123e-02 1.162961236804124360e-01 8.891120732549498418e-02 1.109454246244730852e-01 8.009361303917465758e-02 1.109788842496726574e-01
9.031544109332807768e-02 9.128873885984858938e-02 8.852394491357740147e-02 1.207384880608949884e-01 9.894733014008712246e-02 1.220590653260950759e-01 8.881595258824458161e-02 1.127415513314579676e-01 7.388049303408265878e-02 1.126889946523835784e-01
1.016650669565408310e-01 8.899892156629787832e-02 8.753000990676737536e-02 1.103882004183086296e-01 9.699708572562759645e-02 1.108098083276380236e-01 8.756916055195133886e-02 1.188561268425993578e-01 7.816514536414047309e-02 1.190204743401285098e-01
1.033198643569851610e-01 9.292582812413310855e-02 8.989396809947482192e-02 1.123709187714223290e-01 1.014108531108118272e-01 1.127462917043066115e-01 8.996381601267972039e-02 1.079858356521034290e-01 8.140115276372227038e-02 1.079814714043606932e-01
9.244125671288477841e-02 9.129786225474265104e-02 8.782856389504149763e-02 1.188634887887912300e-01 9.784735344866658802e-02 1.199151042689135943e-01 8.806515491949212793e-02 1.138319953298728010e-01 7.611328624780501484e-02 1.137959341337897307e-01
9.758901368670684640e-02 9.411171229983142372e-02 8.877429700164678195e-02 1.161598767442080099e-01 9.841474959046739301e-02 1.173785020090666320e-01 8.902853345493556836e-02 1.095361593016701413e-01 7.947043198471460956e-02 1.095367239267526632e-01
9.489038988168496669e-02 9.140079139355164473e-02 8.725850442719085276e-02 1.205961268063438091e-01 9.605215315453788372e-02 1.218110936548927742e-01 8.743748787897380470e-02 1.118405898625920020e-01 7.681851748351371800e-02 1.118943454567185442e-01
9.227930015407471986e-02 8.584372235162164577e-02 8.625075074428856237e-02 1.236948454559517879e-01 9.345296548374819323e-02 1.245761563455198701e-01 8.623686181486799052e-02 1.144748835818237276e-01 7.850723997977293589e-02 1.146832740883305529e-01
1.014633595272976946e-01 9.118159991770596884e-02 8.691821511360553476e-02 1.153482651160376155e-01 9.591364399300779386e-02 1.160790319126192155e-01 8.697024317827908857e-02 1.123639941319955343e-01 8.126050266786698228e-02 1.125011444415845996e-01
9.921068562191073803e-02 8.691322787733159194e-02 8.617668603226853741e-02 1.221922754755779272e-01 9.396548096049366083e-02 1.234405862354056860e-01 8.636204582944108366e-02 1.143965728181503966e-01 7.289413228878832696e-02 1.144483068606320791e-01
9.044452617139238371e-02 9.399530346085421817e-02 9.317909427162458791e-02 1.125365128799364067e-01 9.940071908713704607e-02 1.135994266979635098e-01 9.349520740650354989e-02 1.114326038745907105e-01 8.052119676039520835e-02 1.113954093896024622e-01
9.380844114306970127e-02 9.006670622891482791e-02 8.586080146514722677e-02 1.197705073385998131e-01 9.532129896035312910e-02 1.207271851348183656e-01 8.607488840620783344e-02 1.186012462036060283e-01 7.119167325334403718e-02 1.185772518659390096e-01
9.137240675151764302e-02 9.532280242860326214e-02 9.240302700769792432e-02 1.130134936046707783e-01 9.926384857661844918e-02 1.136907178170454003e-01 9.258002938387246972e-02 1.080587762108148608e-01 8.626913170215964877e-02 1.080257665169995496e-01
9.843367758626300756e-02 9.369216566898086462e-02 9.343089464509433950e-02 1.092833366091397335e-01 9.943572757110497040e-02 1.099075783543177753e-01 9.360907506541213396e-02 1.094138418562216331e-01 8.337752466905920534e-02 1.094161779744063367e-01
1.019273010383913852e-01 8.561926887099970129e-02 8.336808497412938335e-02 1.243378334477772268e-01 9.265819132864960839e-02 1.254585749003172823e-01 8.341768060650993355e-02 1.140961450452690346e-01 7.484719261618470731e-02 1.142697271717717372e-01
9.469134665112362292e-02 9.475148555793169725e-02 9.350971409200123374e-02 1.117686175823038724e-01 9.456364492158755852e-02 1.124418159211561380e-01 9.354375520705678071e-02 1.064205734631898520e-01 9.175754088763171668e-02 1.065515057160174722e-01
9.167685647262238668e-02 9.187476318889549465e-02 9.437621709650323432e-02 1.077857334484803586e-01 9.893023450146770648e-02 1.083600652800110198e-01 9.454177911883973606e-02 1.130970847007702063e-01 8.621041368215152934e-02 1.131468525102583556e-01
1.018126448325264305e-01 9.263205030400790962e-02 8.824818994492493462e-02 1.158095116399000812e-01 1.007873527399407582e-01 1.167272509954456888e-01 8.840206120040797200e-02 1.090432349750927316e-01 7.746258521973173328e-02 1.090751181480217602e-01
9.671369036381746720e-02 9.040466175248076941e-02 9.093000247913797518e-02 1.142704123082102924e-01 9.746353224756175437e-02 1.145003376094335945e-01 9.087910646159365335e-02 1.103503267184043485e-01 8.403737663867030805e-02 1.104505534206898371e-01
1.056433079808393322e-01 8.740835725285217572e-02 8.612402351217278429e-02 1.172109289125135290e-01 9.585783589608826150e-02 1.181147267754646957e-01 8.619677045104835733e-02 1.148861481086587560e-01 7.350453320245393940e-02 1.150533679079082383e-01
9.883562888711916461e-02 8.938275993796047925e-02 8.634482322668415866e-02 1.179252861626086391e-01 9.927268077430691229e-02 1.190685109464139357e-01 8.654482345036446089e-02 1.134737718392232753e-01 7.563411831456597068e-02 1.135175964607529897e-01
1.051976083815039653e-01 9.296166804254124560e-02 9.239662641159919476e-02 1.070246275534919855e-01 9.600498051156135249e-02 1.075190190319731259e-01 9.243616989396387373e-02 1.085348002187608712e-01 8.925571628447806494e-02 1.086687836701263066e-01
9.834455429565634732e-02 9.870254091851428380e-02 9.105582303871639915e-02 1.075601046825839929e-01 1.047284502615960095e-01 1.076577997987586549e-01 9.094163686971376559e-02 1.061637201576640377e-01 8.853274609911970794e-02 1.063126238776767873e-01
9.189703339099009050e-02 9.015023437651330240e-02 9.272003421547382607e-02 1.115409747454572248e-01 9.891817179109620162e-02 1.119812061783920926e-01 9.279529662888323649e-02 1.131192671581562476e-01 8.369241602415583570e-02 1.131853654908819284e-01
1.028240184885736708e-01 9.602181965406948738e-02 8.871402559917861141e-02 1.150810520956222355e-01 9.890524681794275741e-02 1.160048879001221445e-01 8.889068125786706021e-02 1.080003349558184278e-01 7.755065362316582167e-02 1.080072796076397279e-01
9.594670511820502234e-02 8.934020007335241598e-02 8.758541284680419758e-02 1.166382504723529751e-01 9.709327831752168070e-02 1.177660260814377136e-01 8.775660231171100722e-02 1.147949689932234313e-01 7.817000504874528632e-02 1.149085507366462561e-01
1.018536132299332209e-01 9.199573197929586388e-02 9.055995971616868923e-02 1.128161709182467914e-01 9.764971355204031533e-02 1.140568384032050742e-01 9.091654136133266173e-02 1.132523191512245370e-01 7.368510645329356956e-02 1.132140052352592907e-01
9.401295318152617930e-02 9.324467951774223495e-02 9.101024336706078910e-02 1.150396080983914354e-01 9.922024207749093050e-02 1.158301653616381349e-01 9.119952000203264408e-02 1.097329532709958727e-01 8.100355903587409812e-02 1.097060760872476948e-01
9.039316021950689894e-02 8.893192648360717656e-02 8.980743705665555909e-02 1.141479637227474919e-01 9.900496108429182596e-02 1.150467449826590438e-01 8.999283402901706030e-02 1.171671224297252956e-01 7.826178212562355518e-02 1.172460678661660510e-01
9.968329275143253398e-02 9.158635436938092345e-02 8.924603201034457534e-02 1.112331290941620116e-01 9.880076443867365221e-02 1.120956251990242736e-01 8.937766625950653576e-02 1.124447012357551595e-01 8.295762568371645163e-02 1.125748089580038275e-01
9.586132425285745495e-02 9.131937170096825207e-02 9.100193768679425144e-02 1.148843914814503125e-01 1.002349228446614143e-01 1.157750536044696577e-01 9.121202309430712085e-02 1.080353605163476838e-01 8.367131885254126822e-02 1.080042959656026119e-01
9.521760371187210081e-02 9.117515667769043874e-02 9.183722352806202027e-02 1.153485828589369683e-01 9.883699128593356753e-02 1.160332684696150363e-01 9.202693938603311030e-02 1.104508440344945802e-01 7.867836722513019132e-02 1.103950228222319585e-01
9.208516338224556619e-02 9.134425307662676075e-02 9.068535629395238495e-02 1.171361005145068052e-01 9.653344315564053868e-02 1.175419654943670594e-01 9.066537350374354043e-02 1.091635208466637669e-01 8.559871058054936699e-02 1.092461131517042106e-01
8.954340433460235282e-02 9.127096334865091032e-02 9.035568575015484605e-02 1.157493579482044566e-01 9.842379257759747979e-02 1.161301538683425505e-01 9.041154945411337962e-02 1.132373792517071126e-01 8.161496570082681090e-02 1.132627477658001008e-01
9.871824277046251095e-02 8.868458597965746260e-02 8.765751793763067179e-02 1.145191984432091942e-01 9.338911771242562609e-02 1.153868779926863208e-01 8.776943573892354022e-02 1.157115568637078762e-01 8.230798567434777224e-02 1.158554808869490388e-01
1.121369904332943923e-01 8.772385533813695235e-02 8.446664746956417114e-02 1.142847262564916783e-01 9.500906019445558293e-02 1.150725781871109465e-01 8.451432063163484554e-02 1.138711603971976488e-01 7.886432222041607487e-02 1.140563388716977627e-01
9.481375351594990841e-02 9.386239367196710925e-02 9.208709248803043090e-02 1.136453655220931586e-01 1.012283388713406534e-01 1.140777542070652295e-01 9.216789015898758930e-02 1.096223273607374038e-01 7.886679175388079666e-02 1.096282924499476924e-01
9.401382050422350811e-02 8.814324427644558424e-02 8.678171810552232079e-02 1.186346666009445994e-01 9.596567335942481070e-02 1.192024726444160382e-01 8.685540658455694063e-02 1.172205176258331316e-01 7.590162803831403127e-02 1.172808522603189935e-01
1.010414113038019673e-01 9.180799304663456173e-02 8.877264136607465606e-02 1.146555462438286627e-01 9.805117365313952005e-02 1.154305010965337441e-01 8.896470197431009808e-02 1.106499380276892153e-01 8.001122666148334506e-02 1.106148666265042296e-01
9.877022185997570702e-02 8.914948737364249143e-02 8.899590000450328942e-02 1.103587073299570898e-01 9.886976526051982628e-02 1.106180494973248440e-01 8.903200301618152679e-02 1.171024313891246144e-01 7.990876906403973634e-02 1.171946652047308746e-01
8.830506112219897730e-02 9.324684351712431152e-02 8.996239252213798776e-02 1.174576388920736542e-01 1.007290890526391369e-01 1.187021118976971934e-01 9.031556654209033086e-02 1.141354753834813024e-01 7.310518828875037234e-02 1.140406327818067334e-01
9.205906367135066604e-02 8.864005681279932269e-02 8.752851632756732114e-02 1.185618183848654306e-01 9.666076996455785775e-02 1.190724131763385846e-01 8.759722025564792292e-02 1.176258341577891969e-01 7.457431860497609755e-02 1.176799886441075721e-01
1.008582976415384747e-01 9.123126409688005201e-02 8.720266292609422931e-02 1.187658211345932330e-01 9.434401137139866722e-02 1.196844435777655036e-01 8.723935635620788664e-02 1.093520376040499759e-01 8.181905757948702840e-02 1.095030477119849494e-01
9.580157684280320163e-02 9.248517838397703195e-02 9.157789545754188576e-02 1.116158252269148221e-01 9.969787327158616264e-02 1.124750948403326622e-01 9.179391914577771094e-02 1.124432665838073081e-01 7.964024535923257264e-02 1.124691248880266836e-01
1.049209623435865268e-01 9.061272442027921981e-02 8.731458917332518554e-02 1.175326472765557961e-01 9.383447997267352347e-02 1.185047781118349491e-01 8.746112452907482682e-02 1.112960966815896985e-01 7.717262300796209895e-02 1.113499744831181471e-01
9.293576480308857191e-02 9.664624338999454334e-02 9.595803964819026033e-02 1.080874467826093421e-01 9.374066326873747856e-02 1.084436417186253332e-01 9.595662279297956232e-02 1.040986084080425950e-01 9.995115383400468567e-02 1.041818153537275721e-01
9.999713702865077602e-02 9.143867170319047721e-02 8.901442144483502628e-02 1.117539606467107260e-01 9.866565946682652466e-02 1.125227655302535462e-01 8.911552102234537864e-02 1.145701637023600616e-01 7.820042219498889169e-02 1.147212772598385916e-01
