7.559811659872724132e-02 1.041620568313131739e-01 8.162252230709741985e-02 1.220530425084953574e-01 1.220558698307011164e-01 9.126248125092469021e-02 9.655135179490904884e-02 1.201668491463318417e-01 9.027901232990599711e-02 9.624869740159407161e-02
7.812421745014275221e-02 1.008440664782935814e-01 8.442223346338798007e-02 1.246831475051188576e-01 1.246348897811618700e-01 9.050321286195314729e-02 9.819663775199104216e-02 1.138922705528938595e-01 9.027966065441206389e-02 9.441966350064487368e-02
8.311167264396092380e-02 1.020038732282412541e-01 8.833454590937521445e-02 1.200503415112195715e-01 1.200223582498638336e-01 9.068953269384950888e-02 9.851849492877934322e-02 1.113363927276406207e-01 8.869309094601990351e-02 9.723969716104986782e-02
7.426846355875868499e-02 1.035838191502209543e-01 7.992434018023755748e-02 1.212800012120882343e-01 1.212735900390511518e-01 8.853414677638862806e-02 9.894036160822418380e-02 1.210742808402833076e-01 9.800511616649586200e-02 9.311588046825140796e-02
7.844814255441030781e-02 1.004016217725790527e-01 8.103977117503768923e-02 1.275194895073974710e-01 1.274495856343623168e-01 8.968451808075590670e-02 9.556030453006916781e-02 1.157147836596461588e-01 9.074617116416401619e-02 9.343561192157796846e-02
9.083935919555777283e-02 9.651703226536417768e-02 9.574404889356319392e-02 1.156213572092618380e-01 1.155556295039963516e-01 9.222874236973327422e-02 9.898680960143056706e-02 1.058561294315303464e-01 9.703421158871194940e-02 9.161667994085055666e-02
8.062026114464741766e-02 1.045600488561883035e-01 7.879758631578596961e-02 1.250266526183625160e-01 1.250156550946599776e-01 9.013988532893250916e-02 9.618697186090291451e-02 1.170917781095122817e-01 8.935787291872118732e-02 9.320328775228689522e-02
8.136870868078829866e-02 1.000315623024643358e-01 8.484134661482210793e-02 1.204884817206467867e-01 1.204730684855910561e-01 8.782975043569699047e-02 9.656502195144618661e-02 1.156346818346165178e-01 1.001898783784248015e-01 9.257749959550289065e-02
8.171625352073935700e-02 1.023829184201695830e-01 8.886840665485497281e-02 1.193768660641691126e-01 1.193845312628064731e-01 9.290195717128739428e-02 9.541214753788636316e-02 1.140876170381991267e-01 9.051000883135293384e-02 9.535929349853468351e-02
7.184678189996895892e-02 1.040049539859442124e-01 8.649101146493898273e-02 1.239531238960703552e-01 1.239147051216235446e-01 9.011564480395752030e-02 9.503017540942890196e-02 1.183060748486141345e-01 9.205213661766351030e-02 9.428539195178989307e-02
8.290960225175797449e-02 1.006796983542815882e-01 8.400293296536696930e-02 1.259560530016976543e-01 1.258869414414179322e-01 8.862982514008523049e-02 9.572214560480987733e-02 1.122745329006856752e-01 9.344093498282214638e-02 9.049733335707493831e-02
7.349280971518326600e-02 1.030017542607376407e-01 7.894517449051048630e-02 1.275426592669135772e-01 1.275115089289906856e-01 8.660185498946931792e-02 9.605840569011071806e-02 1.244363228857342796e-01 8.875294926311406984e-02 9.365656050923598652e-02
8.288188533269294500e-02 1.018261642330987177e-01 8.695721018403872182e-02 1.179910082654521131e-01 1.179858708123199124e-01 8.830496746418152465e-02 9.541317370634684603e-02 1.231479999549724980e-01 9.499884955434614864e-02 9.049287049255061444e-02
7.267980070964162598e-02 1.017785120699776780e-01 7.771869482681398322e-02 1.271649497434731990e-01 1.271230844464447118e-01 8.472441869429735151e-02 9.240182453534116769e-02 1.265918481991884503e-01 9.893562556667861996e-02 9.088124120814318474e-02
7.780927654459908471e-02 1.021866189013357629e-01 7.675671663441505088e-02 1.256619429487682849e-01 1.256308213519308492e-01 8.752877300417646889e-02 9.465644763215862179e-02 1.215426212952436802e-01 9.678759684828533438e-02 9.143918483908688999e-02
7.790173764778475507e-02 1.008894257585202930e-01 8.137229354433841988e-02 1.272560478051053268e-01 1.271867348431959255e-01 8.691423780133449017e-02 9.621064548809975248e-02 1.184686246840786494e-01 9.082178647081452783e-02 9.297846595672787373e-02
7.950005095589868231e-02 1.016542797460943254e-01 8.730100909049205715e-02 1.203318067846647077e-01 1.202929423863711988e-01 8.763866160114508475e-02 9.683275428936115314e-02 1.177350328034099808e-01 9.438760044590185916e-02 9.432586189666092302e-02
7.734495336903862706e-02 1.050411697790784998e-01 7.970762882344427369e-02 1.201004981974956587e-01 1.201269796904147896e-01 9.491895475802354654e-02 9.855943305162115364e-02 1.135675973973876152e-01 9.234203409065429302e-02 9.829075084284162600e-02
7.202219276092793054e-02 1.063492459022661318e-01 7.756500156094180143e-02 1.286565248003348483e-01 1.286569540077112384e-01 8.931032732981385169e-02 9.726241863781620589e-02 1.213688823818708240e-01 8.416844849675103601e-02 9.464000412156609032e-02
7.730194331415346509e-02 1.027367431900279154e-01 8.384110377559549077e-02 1.230771698465092379e-01 1.230651081432862087e-01 8.672820046343432399e-02 9.580104852459479792e-02 1.199430818297920892e-01 9.764247533721091832e-02 8.986312557539552492e-02
7.696672425616936375e-02 1.023017089036211830e-01 8.201414337833123902e-02 1.276657681760112184e-01 1.276209323935643680e-01 8.867705551389058749e-02 9.625417836043977104e-02 1.179549739007404452e-01 8.799887165419038870e-02 9.254564346304144928e-02
8.328363388069594253e-02 1.015157872995644112e-01 8.612037871067347583e-02 1.192371907314391938e-01 1.192044111023692760e-01 9.000909736558883323e-02 9.806245155720566542e-02 1.119156970266259044e-01 9.641503038447614415e-02 9.423632194136112583e-02
8.024381438425426394e-02 9.992015247331331729e-02 8.657933051089368448e-02 1.225041810021326172e-01 1.224581530313982036e-01 8.883722693928290670e-02 9.458868718549695576e-02 1.160890832250652260e-01 9.374830180638044075e-02 9.503106944178242588e-02
7.692105511201177692e-02 1.000453610071653926e-01 8.189500538939900598e-02 1.234027060324874442e-01 1.233823857741549873e-01 8.708211099374865705e-02 9.480035182424907669e-02 1.178805450997602311e-01 1.027732354011316601e-01 9.181724336589175417e-02
7.676844987890892036e-02 1.010919824229792041e-01 8.650789469110203855e-02 1.245394749999044620e-01 1.245035320175297833e-01 8.990723749888424043e-02 9.472149263494121507e-02 1.203840407234448157e-01 8.704225458969155893e-02 9.453364054261378935e-02
6.544184356206095288e-02 9.967352436528470472e-02 7.128429573981502620e-02 1.228975940043754017e-01 1.229031143500536327e-01 8.482775736461339866e-02 8.988885925937212251e-02 1.187071873571912545e-01 1.334872517611085663e-01 9.088857223612489822e-02
8.116037091813524396e-02 1.023137533911377128e-01 8.746583969110854895e-02 1.200156370706203374e-01 1.199974401186406220e-01 9.194238408240988647e-02 9.681713875421281423e-02 1.152193141154797679e-01 8.839260146565784682e-02 9.667552039259726115e-02
7.850493619862743133e-02 1.059234231364110934e-01 8.694467241229393573e-02 1.190143039401051206e-01 1.189781252060968242e-01 9.046512217875248008e-02 9.730037405458931421e-02 1.135370125849022721e-01 9.309175090190476010e-02 9.624027938631674051e-02
7.822188350295768144e-02 1.034127567479214138e-01 8.369207882339116389e-02 1.231355242226921248e-01 1.230909591056014718e-01 9.034484851677550277e-02 9.515261027539997918e-02 1.173298865709603150e-01 9.266401969635071345e-02 9.295543253794957828e-02
8.407106847218344392e-02 1.014227739916794963e-01 8.818938896681473294e-02 1.170020544692486897e-01 1.169904398369264742e-01 8.912252415647917148e-02 9.738829373263242772e-02 1.143566920022495853e-01 9.775115680627340098e-02 9.370560756551263304e-02
7.443830683696184281e-02 1.042326409331459924e-01 8.031708369671619607e-02 1.278301104330795968e-01 1.277808748916796078e-01 8.903771805626117808e-02 9.587035300159309215e-02 1.188627434055637144e-01 8.805626850848742582e-02 9.357390023651135369e-02
7.708638516187976686e-02 1.034982607385733500e-01 8.421428935263600146e-02 1.225697183419298397e-01 1.225283458929469493e-01 8.876869278398551166e-02 9.478541880979593492e-02 1.194742531366451144e-01 9.139813253232903500e-02 9.567650324927853833e-02
7.361893791189569325e-02 1.031613828520566989e-01 8.237992718346338894e-02 1.235797773931215648e-01 1.235353640065310205e-01 8.913397377628924645e-02 9.608346368851540531e-02 1.217469571093627301e-01 9.326351394227401503e-02 9.349670213649023676e-02
9.068858230566401168e-02 1.071469568317296589e-01 8.733912688026684856e-02 1.068625581316580420e-01 1.068567985881423987e-01 9.353804754433385493e-02 1.031207873726547319e-01 1.052797512424883952e-01 9.340972539339978398e-02 1.057576657096622602e-01
8.624450702711677907e-02 9.803980726916343424e-02 9.005681625908236454e-02 1.163950652471274078e-01 1.163611319174367442e-01 9.283530971128005349e-02 9.886299220305944102e-02 1.090595400727265574e-01 9.719870030198456134e-02 9.494612999102267081e-02
7.881322256120107395e-02 1.028638673088240613e-01 8.292920830216209127e-02 1.254806999963519187e-01 1.254393257734343625e-01 8.440263798776230508e-02 9.224933327087272983e-02 1.211635957300690181e-01 9.815604130255205229e-02 8.850206776677033149e-02
7.028348365583904356e-02 1.041743300181510179e-01 7.402727652517175627e-02 1.239558526828483803e-01 1.239487501865039892e-01 8.792408635814340234e-02 9.647706396330285594e-02 1.252422658962978885e-01 9.879336059722840235e-02 9.517353011651322192e-02
7.414523384315746535e-02 1.034495199839033236e-01 8.254192965404293092e-02 1.276982787128905505e-01 1.276651136261353625e-01 9.050930434412181314e-02 9.522441866948290479e-02 1.189187799237401699e-01 8.493254366373423347e-02 9.491487757879119025e-02
7.386632522536316914e-02 9.824003906832561028e-02 8.179255781750438548e-02 1.310755100139728013e-01 1.310140956624830655e-01 8.610469652315599909e-02 9.252885665755930522e-02 1.208341362174564504e-01 9.393892796334782358e-02 9.060485485083144552e-02
7.407957651881437455e-02 1.009479864917081221e-01 7.967528543027130317e-02 1.284229702190007316e-01 1.283542963813860682e-01 8.583309447393060176e-02 9.311960358479677569e-02 1.241721406285163365e-01 9.527239498457661104e-02 9.012265128699910310e-02
7.504979171656009362e-02 1.019039968504826116e-01 8.498515033357441351e-02 1.266995922458948320e-01 1.266557630780125454e-01 8.761938411839265139e-02 9.358367697142035146e-02 1.168498323716045395e-01 9.372149839039760344e-02 9.293131392366041355e-02
7.516793108669864165e-02 1.029190116454188481e-01 8.488152305658788754e-02 1.212513318839332221e-01 1.212029509574644032e-01 8.722492201566797720e-02 9.677085391573146678e-02 1.192345412455469988e-01 9.779294839311783449e-02 9.355398579983270624e-02
7.373998392195442453e-02 1.029444345895005192e-01 8.426247700008691888e-02 1.278331693261184898e-01 1.278100736333776799e-01 8.736017481873285806e-02 9.697283261116967923e-02 1.184637077566665780e-01 8.851884419869733567e-02 9.209430214369548895e-02
7.449046330867102605e-02 1.042778599460938427e-01 8.119813028656863718e-02 1.243063379111606359e-01 1.242825697545082569e-01 8.921424463761701285e-02 9.502544864887732534e-02 1.199481096061277285e-01 9.284069329086241940e-02 9.441614260951312898e-02
7.588479500629428942e-02 1.069680157890953581e-01 8.131473271872749486e-02 1.206263784139180173e-01 1.206094106321426440e-01 8.845734758978100742e-02 9.627790443080046223e-02 1.191362855096969042e-01 9.234327541964071351e-02 9.838185448990313664e-02
8.128812076421640387e-02 1.054049964449523119e-01 8.497797670543939808e-02 1.206869978975789737e-01 1.206564272075274641e-01 9.136685866460249328e-02 9.731462195798502857e-02 1.146165131868875781e-01 8.961987355710003544e-02 9.406761361371029917e-02
7.007482220693449226e-02 1.049130735461850650e-01 7.614300933755585588e-02 1.246941958640904041e-01 1.246974524879366358e-01 8.748579531966144129e-02 9.336366174895090186e-02 1.271258147332604560e-01 9.506143489289348159e-02 9.644073986253125230e-02
7.399029279208459153e-02 1.047731813637514386e-01 7.917187078143496370e-02 1.270132512793620549e-01 1.269775990216135964e-01 8.839568774541113616e-02 9.543561890502502698e-02 1.248272063300184809e-01 8.508903775896053956e-02 9.432625402233808798e-02
7.702184964854477678e-02 1.040833241978185719e-01 8.693660383735625496e-02 1.206811519800485982e-01 1.206479980767962007e-01 8.949362571673205591e-02 9.548165004966696623e-02 1.133657835656160517e-01 9.530372358638844466e-02 9.698428934103210663e-02
8.382613609473857363e-02 1.064162153600505534e-01 8.461636066674121937e-02 1.183654203819587553e-01 1.183393480649609503e-01 9.075192615590051137e-02 9.860910958426857831e-02 1.102530567636588188e-01 9.337554312529365574e-02 9.544688380242838388e-02
9.150332874092548252e-02 1.055078507872043159e-01 9.401053728727729042e-02 1.053212049078395968e-01 1.052886792023118440e-01 9.345436891740779850e-02 1.015962659422428443e-01 1.031883796886052945e-01 1.013221312911216088e-01 9.880725323506391045e-02
7.920106718550713742e-02 1.039627870420870015e-01 8.608661988810409338e-02 1.207843598850327771e-01 1.207757894096951196e-01 9.078851883260345701e-02 9.843746707754479075e-02 1.143099180384072877e-01 9.129034934654772782e-02 9.436312329447063552e-02
8.018065349018596577e-02 1.071958424744561961e-01 8.649753589628150774e-02 1.148395694491038399e-01 1.148239902070802010e-01 9.294593849181770340e-02 1.016207937115348181e-01 1.123827924771968051e-01 9.095098546936949968e-02 9.856189833297344938e-02
8.372492164618648702e-02 1.024541755616858035e-01 8.786979943998600440e-02 1.162119040243352053e-01 1.161843670103000770e-01 8.997992797896813000e-02 1.008938749403655161e-01 1.100008721601246214e-01 9.856229099133670402e-02 9.411786624671146517e-02
7.765951211313598668e-02 1.014458857911659101e-01 7.970679729253531132e-02 1.268194263692765111e-01 1.267615196255132415e-01 8.625316812379729692e-02 9.445660941959292678e-02 1.204089599351826495e-01 9.325112545461533564e-02 9.323699587518483045e-02
7.232917597390638165e-02 1.049751978109025180e-01 7.390614745371526517e-02 1.276046802375673528e-01 1.275886998922528826e-01 8.743245000673843803e-02 9.307998324979960270e-02 1.248551335327573730e-01 9.350717111240983148e-02 9.472136072995029910e-02
7.794839846595948141e-02 1.016201807900617288e-01 8.063082467427253042e-02 1.284185611194442189e-01 1.283322904930956354e-01 8.406841068095911862e-02 9.329901557163136627e-02 1.217490336034299930e-01 9.355132579890899913e-02 9.038195880223695577e-02
7.552621344960616656e-02 1.023813813990692989e-01 7.785255731852155914e-02 1.249730065154946584e-01 1.249505126713565811e-01 8.642135698116377995e-02 9.153210034286096697e-02 1.263109149011996946e-01 9.835495787409113955e-02 9.169699854663612704e-02
7.402622312155814066e-02 1.040723703554452401e-01 8.218528008316092204e-02 1.230456808239282357e-01 1.230244677341817139e-01 9.089848710188884462e-02 9.638516333419998305e-02 1.199582584094306820e-01 9.149353870682440382e-02 9.491053032938184808e-02
7.866884863008399842e-02 1.067116461259944027e-01 8.189722345251380931e-02 1.172818702898028032e-01 1.172504917270630609e-01 9.195085522401202915e-02 9.702105139854626248e-02 1.134990072691677426e-01 9.592165624306481231e-02 9.979734963975105122e-02
7.994825089913092098e-02 9.935906585229156707e-02 8.477305543393333365e-02 1.290560766534982473e-01 1.289790265387223134e-01 8.919173717777149901e-02 9.479071471518210612e-02 1.148654464577976014e-01 8.972541386158056076e-02 8.931121241009182254e-02
8.203305393127227618e-02 1.074620595130789807e-01 9.049556732458897967e-02 1.113904831115388183e-01 1.113526014537948028e-01 9.180893400870342169e-02 9.886287765926865534e-02 1.113041522895326513e-01 9.679251739837950452e-02 9.849775330984197885e-02
7.645013990454270492e-02 1.006057437585198139e-01 8.660356616744299685e-02 1.236949554441196530e-01 1.236509416812647949e-01 8.855870151651795696e-02 9.544571838945198339e-02 1.160491987529408825e-01 9.435522569059134890e-02 9.458580869460789242e-02
8.055260268081010366e-02 1.039489111734146765e-01 8.154469684223636383e-02 1.225284148749158780e-01 1.225026006734309669e-01 9.175526593719991741e-02 9.749633405414341591e-02 1.141701855194004328e-01 8.943650908307544667e-02 9.606447916137278442e-02
8.587556483554241449e-02 9.809207953932944091e-02 9.627016711864236354e-02 1.148155843757864697e-01 1.147670391844136939e-01 9.200835807513541020e-02 9.794575746338698985e-02 1.104842989257787816e-01 1.001271451532366880e-01 8.961400532874781721e-02
7.716091532072234804e-02 1.046687284176933269e-01 8.347776067416791401e-02 1.243250402146718059e-01 1.243014643751861187e-01 8.939492323555169040e-02 9.707281821810771760e-02 1.208865254168125930e-01 8.375757316311001344e-02 9.495425096397648590e-02
7.713153340414188874e-02 1.060908899676011735e-01 8.289973864133785841e-02 1.186138371961306670e-01 1.185607286700333524e-01 8.886548350718762035e-02 9.307224862004703780e-02 1.232026511303247890e-01 9.328708995648177238e-02 9.827579890671381269e-02
8.050183275595902688e-02 1.016653615385413739e-01 8.415756522528543282e-02 1.185368942123833369e-01 1.185214142716820990e-01 8.863994832786654954e-02 9.487085458153994566e-02 1.193847066055228473e-01 9.895901873567546081e-02 9.476240374554391332e-02
7.692833630267199851e-02 1.041193898267918083e-01 8.124156597395816581e-02 1.217091143753057797e-01 1.216960634994853074e-01 8.861148495094506305e-02 9.603901390271424310e-02 1.176627258407434706e-01 9.583449143241203061e-02 9.615781389497213283e-02
7.753641532989805074e-02 1.044085986026985213e-01 8.748761174052974154e-02 1.201582672571786248e-01 1.201516836951724149e-01 9.394571336106408155e-02 9.724746503953271559e-02 1.153759970288545933e-01 8.817469441832818944e-02 9.551355352674306687e-02
8.720095192173862864e-02 1.036280263003320351e-01 8.684934382749867621e-02 1.181107304831158500e-01 1.180481699838970555e-01 8.843502375046935482e-02 9.681676716996291676e-02 1.103286068404544240e-01 9.812070231340744297e-02 9.246167740912358823e-02
7.638957924408015798e-02 1.015051537483307315e-01 8.182383339500466646e-02 1.244653589159151058e-01 1.244440739437188692e-01 8.795938238844915047e-02 9.561886976691783002e-02 1.181074672589917385e-01 9.583089000351444064e-02 9.385539133507729559e-02
7.745955189706953126e-02 1.025773238360107309e-01 8.572801423071102489e-02 1.182144390587855642e-01 1.181753203884887693e-01 8.769747638442139392e-02 9.363593499330474801e-02 1.194348180841772605e-01 1.003652690819117066e-01 9.671185204511927036e-02
7.790069796713383621e-02 1.042507092837595961e-01 7.870313325372146895e-02 1.224553430650185126e-01 1.224126249860667676e-01 8.624423952949164529e-02 9.464462794383218802e-02 1.244959390132873711e-01 9.498026868837582126e-02 9.391241626931276509e-02
7.634605200703661887e-02 1.009986998917122153e-01 7.880449952801131530e-02 1.262162127567010295e-01 1.261652265059586830e-01 8.779816328638689882e-02 9.177041422244300306e-02 1.227525864335923256e-01 9.677895527434625389e-02 9.236919009381167056e-02
7.782026744977454946e-02 9.963604311014240267e-02 8.112317004459408676e-02 1.284453873110684152e-01 1.283650601706031735e-01 9.305487733403550177e-02 9.290951229927407740e-02 1.176343489848526158e-01 8.732079408757005556e-02 9.369053920808513569e-02
7.696699160065925693e-02 1.035800146058762916e-01 7.809223329594668084e-02 1.266307118112035834e-01 1.265669574979546852e-01 8.516220936711992040e-02 9.304360797479889478e-02 1.257686354502483006e-01 9.194375302640880876e-02 9.224488536978356357e-02
8.299074691845617635e-02 1.006998705563763724e-01 8.568806589053087897e-02 1.211117540749427762e-01 1.210750072827743162e-01 8.899717516486047031e-02 9.833614588099565124e-02 1.120756670698147134e-01 9.685633597717799304e-02 9.216923118407063797e-02
4.965570484550176078e-02 1.157519000950098798e-01 5.260312827013755715e-02 1.465903841012134445e-01 1.467903708361940618e-01 9.150806049949715415e-02 9.984779661393124173e-02 1.363226812780343189e-01 6.424069507213930885e-02 9.668927838834123767e-02
7.555912357614905095e-02 1.076815221039866821e-01 8.152567245091589532e-02 1.196512089484195462e-01 1.196220553776038559e-01 8.941913736867401763e-02 9.699511243099337432e-02 1.174007822795623684e-01 9.417787233934657443e-02 9.796751312434862080e-02
7.313250484144502572e-02 1.043875346969057177e-01 8.315097440341510937e-02 1.222597392809214728e-01 1.222453155974606992e-01 9.066403160425859364e-02 9.586026263389377244e-02 1.188063772674132768e-01 9.281039450698488902e-02 9.668286516730144331e-02
7.997149245720394650e-02 1.014965003409780131e-01 8.493917424521109372e-02 1.247985683966188752e-01 1.247443047011102812e-01 8.782086451960668949e-02 9.566482037023296692e-02 1.170842393307352930e-01 9.178258818146496634e-02 9.169744745683791609e-02
7.851966041070949920e-02 9.858160548249322863e-02 8.708562353154405966e-02 1.225279589714940026e-01 1.224668816773867019e-01 8.445673779942665382e-02 9.561694760241638835e-02 1.212295876486373103e-01 1.001459064812148386e-01 8.936909039467733074e-02
7.051185712068012978e-02 1.060066654210260334e-01 7.841256215456829382e-02 1.276119318772332145e-01 1.275844346991688860e-01 8.797808576211094134e-02 9.398044625252635620e-02 1.243499546030185365e-01 8.970949624915991460e-02 9.385456586050763828e-02
7.423676973692343306e-02 1.061278254696574191e-01 8.296907029049921389e-02 1.193870906334364018e-01 1.193537369372909412e-01 9.008099370228343783e-02 9.314735865067218235e-02 1.195747508050715169e-01 9.610685371327022664e-02 9.901555006089526878e-02
7.146681769870058543e-02 1.041053673394588958e-01 7.648054631119505231e-02 1.270203646291217514e-01 1.270227993768698327e-01 9.034435758699811692e-02 9.698087035357071117e-02 1.196997079027842803e-01 9.222524178026383912e-02 9.465392702103693490e-02
8.163609734068678903e-02 9.831544352958558608e-02 8.819449089918444951e-02 1.232505247925563541e-01 1.231899620468915324e-01 8.931581538507649132e-02 9.435204404282510060e-02 1.126301713448098762e-01 9.399515173597287887e-02 9.512029888241091413e-02
7.445706487450423627e-02 1.038014931186478917e-01 8.065010932802441079e-02 1.275988086483106632e-01 1.275628855991403077e-01 8.643957562503586101e-02 9.526547591280595806e-02 1.186646654398865047e-01 9.305860195825145509e-02 9.250131949539275311e-02
8.160661713666603201e-02 1.023317800356618595e-01 8.801989094380760492e-02 1.168794436572964252e-01 1.168510434136266346e-01 8.754643881518457682e-02 9.862653005084090485e-02 1.138357963971937392e-01 9.619370571506008494e-02 9.810875383466208244e-02
7.427514224692123579e-02 1.072812268061481000e-01 7.922415239324434588e-02 1.246018445894463977e-01 1.245843001075508660e-01 9.014696524346872686e-02 9.739621932834163776e-02 1.249463206204965843e-01 8.448335581065506694e-02 9.306047285372701094e-02
7.274691881398998028e-02 1.059584448017612951e-01 8.019042371780739364e-02 1.228536213256213733e-01 1.228406699752170317e-01 8.930523831225196940e-02 9.505950746955089958e-02 1.191019625959139627e-01 9.369588315342559925e-02 9.824732983446049506e-02
7.810775544073768339e-02 1.024323981313943616e-01 8.058057856100871164e-02 1.238155736181459632e-01 1.237625548934156161e-01 8.605206251793168226e-02 9.448594714583463672e-02 1.196987904178307416e-01 9.701396828967766284e-02 9.405037098402292683e-02
8.255836704240736290e-02 1.063326517115796288e-01 8.631563769288852495e-02 1.148745505670091399e-01 1.148349375128180222e-01 9.115959902460939179e-02 9.965671866159997450e-02 1.088527553482891985e-01 9.529492458964729240e-02 1.001198578491514918e-01
7.773643350645116634e-02 1.023340374351234261e-01 8.163001768001765246e-02 1.258417236092914671e-01 1.257950354532578197e-01 8.877703443286266705e-02 9.481566280321455931e-02 1.192738222866274039e-01 9.086288390386930425e-02 9.293334888928456161e-02
7.912381273769410195e-02 1.065924799912949389e-01 8.428235272352649354e-02 1.186187265152988529e-01 1.185890687688751916e-01 9.188187849099008209e-02 9.820011027977078311e-02 1.184203774379328222e-01 9.069553682022005181e-02 9.359565623439673743e-02
7.450357104338528602e-02 1.019424637285892971e-01 8.451584133612187466e-02 1.255935570386777778e-01 1.255565123471456823e-01 9.041418609809673268e-02 9.543262005788455404e-02 1.178968330102629219e-01 8.983801369200655751e-02 9.430640164782927437e-02
7.996979070378491816e-02 1.074314023360960352e-01 8.377501235773869570e-02 1.164479361577336058e-01 1.164141359585195157e-01 8.939229535176342056e-02 1.001692558460295784e-01 1.109624699651850371e-01 9.865380175219744252e-02 9.678389957095176466e-02
7.464657700135707286e-02 1.034419564444016282e-01 8.086830698700239739e-02 1.295525765827695852e-01 1.294755190024507729e-01 9.000282306210524719e-02 9.473875166217629595e-02 1.163922832106296656e-01 8.894933409451959150e-02 9.193187195258767375e-02
7.478037080229420208e-02 9.863512552477160522e-02 8.482297656412796094e-02 1.305919518251790479e-01 1.305178048513972178e-01 8.675736547664276987e-02 9.475738184845827750e-02 1.149697213496044257e-01 9.384245798596248245e-02 9.032484377156195510e-02
7.971754062070118829e-02 1.026443755288642679e-01 8.992241306336092033e-02 1.200211741660582032e-01 1.199995033080677176e-01 8.790253598994290929e-02 9.967479372845308716e-02 1.159167592112593792e-01 9.487382056998097668e-02 8.932708381331132264e-02
7.433568123172308584e-02 1.035674419474784946e-01 7.762083322957596954e-02 1.257147413445011686e-01 1.256967802731084050e-01 9.011360492661288357e-02 9.639462461952312544e-02 1.209843699901702457e-01 8.808628364422160795e-02 9.748563879308508318e-02
7.807452845035023348e-02 1.060455169976073225e-01 8.971370093566244375e-02 1.161395221988834187e-01 1.160921925814768219e-01 9.500283845212191547e-02 9.482798763823238608e-02 1.104425854214853148e-01 9.655657752898552659e-02 9.710454979519460295e-02
7.974851657558165718e-02 9.832474282809351707e-02 8.484965305663316748e-02 1.276319685582431862e-01 1.275363921623681451e-01 8.638183310616004418e-02 9.523402764860162961e-02 1.175974205532469286e-01 9.416269220540422757e-02 8.853275330566751089e-02
7.045612448679279549e-02 1.013705445647966885e-01 7.649809302780281872e-02 1.313354141375079331e-01 1.313155916502701803e-01 8.913964349661615549e-02 9.304073142379509775e-02 1.214545813678854502e-01 9.018040596314161328e-02 9.520886988139130869e-02
7.144006555767931643e-02 1.039127509166273972e-01 7.873917122090390297e-02 1.260256202902101941e-01 1.260514754410860805e-01 9.265331128285644868e-02 9.669584724203868220e-02 1.194460874257863986e-01 8.890800142007126983e-02 9.612766920274026794e-02
7.335342338252968941e-02 1.017979626525389730e-01 7.503310962832707154e-02 1.264698785779297396e-01 1.264712243640658540e-01 8.927047295239257108e-02 9.713498517349723749e-02 1.219069548979329620e-01 9.358665984773281710e-02 9.497532852305312634e-02
9.688232249767607385e-02 1.046400719110913563e-01 9.737126760104986012e-02 9.926796307283267118e-02 9.926509479745400377e-02 9.827247919540831045e-02 1.045872683319538227e-01 9.645545567368735140e-02 1.010663451965307241e-01 1.021917317223158400e-01
9.639846952332153940e-02 9.398335637817066546e-02 1.068590972272173145e-01 1.029417596188294259e-01 1.029339307827697031e-01 9.509674230985629140e-02 9.910702780663253886e-02 1.008372803206382534e-01 1.073342944080718508e-01 9.450804162449240320e-02
8.394578884288167453e-02 1.037322450304432320e-01 8.854164564351502120e-02 1.153446085761034856e-01 1.152907570860750575e-01 8.619096946986935792e-02 9.261401425345604232e-02 1.170621224670084365e-01 1.009681513814652959e-01 9.630969724918235497e-02
7.860591608117903362e-02 1.032011724612826309e-01 8.743944746769709286e-02 1.187048999317457804e-01 1.186717350913835262e-01 8.705875246990962824e-02 9.301438552769587809e-02 1.174206447771195955e-01 9.832662843816546150e-02 9.755641775382135894e-02
7.327175582169899448e-02 1.021382002747917433e-01 8.012041480971160423e-02 1.222111377347944589e-01 1.221914106934729322e-01 9.044336817923352700e-02 9.378899672297809353e-02 1.184169098616359717e-01 1.009266130337561490e-01 9.649119286792655348e-02
8.273833260583417226e-02 1.026562705495950162e-01 8.527769835143905741e-02 1.202211886493623483e-01 1.202164844129868793e-01 9.140119857751875798e-02 9.699461327927996757e-02 1.156685682228695833e-01 9.081943029327844974e-02 9.400621505783572640e-02
7.182551246909373022e-02 1.063608471590527932e-01 8.061836796669753780e-02 1.232441624744984032e-01 1.232312721328555349e-01 8.844723401881639246e-02 9.691899271002016314e-02 1.206585413061602718e-01 9.258009765795287282e-02 9.611497210485231424e-02
8.046999899988775684e-02 1.040429313910776338e-01 8.400910618282023123e-02 1.221488992595558959e-01 1.221217486317082018e-01 8.870767949040159195e-02 9.771743184834866258e-02 1.163609096418300320e-01 9.069936298817192488e-02 9.372193156619805510e-02
7.216070157652057504e-02 1.050544738303447329e-01 7.814451649964861135e-02 1.292116565781244730e-01 1.291944657095007720e-01 8.989546407034446074e-02 9.658287910913111729e-02 1.189507940566439520e-01 8.596746963607505843e-02 9.483757893366626113e-02
7.417994565955590702e-02 1.040472032825077858e-01 8.376830641259283561e-02 1.188968481281461737e-01 1.188671781692660634e-01 8.708075747846504011e-02 9.538207220281084975e-02 1.273750265670648418e-01 9.825614511600151701e-02 9.214651698358902743e-02
7.540792471567477062e-02 1.069566775106022410e-01 8.572881083141928316e-02 1.188634400893398002e-01 1.188520750649022656e-01 8.991777611901681511e-02 9.789472924368228246e-02 1.137319367475176229e-01 9.660263786348582959e-02 9.604399181435910315e-02
7.433607097568691036e-02 1.042341636269614458e-01 8.082370025641270883e-02 1.274638375134089230e-01 1.274518956396726854e-01 8.834131477997428372e-02 9.698832661927038468e-02 1.206702845421014636e-01 8.852848861268215741e-02 9.116191743382899559e-02
7.915958407732524849e-02 1.034448226678894994e-01 8.323633118644087336e-02 1.230573804446393055e-01 1.230267432022064539e-01 8.910263171792329184e-02 9.861246485990933508e-02 1.144624064889637888e-01 9.218408514595684278e-02 9.371355020874534703e-02
7.901595473420416904e-02 1.009154319544662698e-01 8.050293650983972316e-02 1.278554035862223270e-01 1.278005388764630046e-01 8.750899507598249027e-02 9.580857513885084054e-02 1.170177533277829141e-01 9.041873008419500091e-02 9.315568071199324673e-02
7.375466663105667564e-02 9.865484438273934564e-02 8.285944056034251493e-02 1.318386383736062373e-01 1.317322691335253981e-01 8.778559254804441103e-02 9.058588989071564290e-02 1.208557918149841814e-01 9.009070761317342080e-02 9.184215905181219997e-02
8.199352687720899702e-02 1.011383318181962171e-01 8.557974696445065643e-02 1.224733942952268423e-01 1.224144706224673113e-01 8.554614211431756099e-02 9.605285756747153347e-02 1.183092815590757879e-01 9.665716578218366828e-02 8.983508239940143913e-02
7.343008684438512290e-02 9.969811528177432991e-02 7.715761491650047210e-02 1.308677205764160467e-01 1.308154700830938544e-01 8.644681839183386562e-02 9.199895814891519141e-02 1.208898252498803033e-01 9.609697301024797134e-02 9.259841749695284230e-02
8.043669454050014767e-02 1.040978887122917529e-01 8.402486787042678928e-02 1.185459074347099684e-01 1.185432845451504097e-01 9.397968433530594357e-02 9.809358707643581199e-02 1.159455493878155941e-01 8.863354222909791691e-02 9.769899386826572107e-02
7.451952657169144678e-02 1.020257884285773187e-01 7.599356793468206583e-02 1.290045419040570518e-01 1.289991734423613090e-01 8.627485127552603217e-02 9.618034239792663809e-02 1.264207719993725998e-01 9.048831738943600989e-02 9.009311865636952799e-02
8.202497428857644102e-02 1.033652196807948731e-01 8.962518048796247472e-02 1.181974816349242174e-01 1.181900822381213717e-01 9.353535767452310357e-02 9.906979917488734078e-02 1.121393573775039121e-01 8.872625301440749401e-02 9.512629442829874382e-02
7.946761610285063560e-02 1.047867853059029908e-01 8.767843164363844921e-02 1.156053150241796446e-01 1.155992287186831530e-01 9.149388077143416620e-02 9.852527534170119061e-02 1.148841492126253944e-01 9.726385177850035979e-02 9.469546610048400204e-02
7.342015324401228449e-02 9.829867128465850923e-02 7.931179594709324154e-02 1.333083460454068114e-01 1.332065965178231004e-01 8.426657227553893681e-02 9.073345167780029474e-02 1.208742590813509099e-01 9.677373244504909600e-02 8.980642148126681545e-02
8.844704497336279558e-02 9.762025687886310976e-02 9.468152122309274332e-02 1.161705097657909358e-01 1.161080900153104306e-01 9.240837955561295725e-02 9.775744899834684642e-02 1.097322072371677837e-01 9.648316517177857321e-02 9.059137618067381048e-02
7.807572955969536987e-02 1.050220151933637380e-01 9.134473228733204497e-02 1.148345580946448924e-01 1.148273174829754217e-01 9.269288829989101586e-02 9.733180456206401432e-02 1.196544249806162918e-01 9.279434412041122349e-02 9.342218541900595974e-02
7.595010098118490371e-02 1.062523145865536395e-01 8.145180161796662655e-02 1.228842535722251689e-01 1.228466892790195664e-01 8.920070965004320285e-02 9.742406087044309937e-02 1.145103524990863098e-01 9.373704242214876692e-02 9.574267452132874390e-02
8.162790675524859985e-02 1.015002582852301688e-01 8.754268011961374718e-02 1.194654463135736561e-01 1.194235638100484831e-01 9.242139442683731942e-02 9.416816286570797723e-02 1.150600844704372377e-01 9.427954472257019103e-02 9.451095823073264734e-02
7.503744204978524124e-02 1.018358583612762741e-01 7.798589339992738345e-02 1.255318909674890127e-01 1.254623138980876795e-01 8.723906709945206117e-02 9.272019148427078361e-02 1.217927903343007379e-01 1.001644455730165695e-01 9.223010683239421525e-02
7.303343257139123523e-02 1.058431486617317091e-01 8.037951361642420300e-02 1.267080619936598873e-01 1.266692571974206982e-01 8.780388155211325818e-02 9.501546658001874812e-02 1.203862846604774883e-01 9.145828826652002697e-02 9.270266490024274553e-02
8.820678195236897334e-02 1.006294346672134132e-01 9.348983330127898228e-02 1.127187143105399247e-01 1.126778603644653515e-01 8.550905591443168363e-02 9.735969064941198126e-02 1.136140008882101649e-01 1.057457832899614120e-01 9.004884466211812710e-02
8.929469577321832996e-02 1.082198840114240446e-01 9.149925941739972535e-02 1.114306024320322192e-01 1.113828859729569104e-01 9.292758976587249531e-02 1.020324961590010904e-01 1.098491393251023185e-01 8.903050788640731739e-02 9.433293925658557677e-02
7.233466648268481458e-02 1.048278088992094931e-01 8.860115107899754761e-02 1.186420004573748022e-01 1.186225242982366229e-01 9.241844968478084288e-02 9.542156412632782359e-02 1.197010742713047748e-01 9.153647991469131273e-02 9.789428078639196562e-02
8.017312239009188879e-02 1.028775153816203353e-01 8.045709049659977019e-02 1.204728410346924961e-01 1.204432997208070844e-01 9.091454675229410087e-02 9.966007842410597173e-02 1.118811991587765203e-01 9.549010794161927329e-02 9.763019869939251749e-02
7.805292457351831192e-02 1.030893114577285524e-01 8.278138350104503884e-02 1.248857895022752462e-01 1.248318326657412297e-01 8.783777253847621647e-02 9.461646228698142314e-02 1.213573233101412768e-01 9.169419930499279892e-02 9.085300085909989165e-02
7.302652818993529693e-02 1.037315532366759191e-01 7.795645888222121900e-02 1.206618434776051962e-01 1.206604875604470190e-01 9.184950819588599824e-02 9.733312837117912009e-02 1.194001964527958287e-01 9.954431731540128170e-02 9.583597831785310717e-02
7.898094619479417711e-02 1.039806853204384568e-01 8.468069488831642122e-02 1.211810071227174684e-01 1.211691232872117024e-01 9.198089017708689641e-02 9.750215390657816783e-02 1.145621657061140913e-01 9.045818091693869079e-02 9.550415247980392763e-02
7.253525411473944751e-02 1.052934606469632522e-01 8.302068083838860801e-02 1.221416368687442272e-01 1.221154060201826014e-01 9.252702671452221750e-02 9.433269059706897441e-02 1.240803406499192962e-01 8.742559269644126219e-02 9.652791085303008556e-02
8.035368866162832802e-02 1.036226341154057179e-01 8.681012714679985087e-02 1.174301622284360108e-01 1.173843536909342927e-01 8.901407047205972534e-02 9.584590159973346846e-02 1.175008295213593734e-01 9.412440229684675141e-02 9.791383026679649493e-02
7.564960824405407569e-02 1.052551309520404488e-01 8.760352745833220600e-02 1.213166447508925161e-01 1.213009629682016283e-01 9.134190916741517785e-02 9.563302234931780887e-02 1.129393212021354009e-01 9.137919141857694938e-02 9.758068148903377426e-02
7.614918931642554456e-02 1.037976534808797424e-01 8.244935035915341992e-02 1.216600309602808572e-01 1.216602447620109134e-01 9.219765172999910829e-02 9.555002402738260736e-02 1.156021409735546041e-01 9.296989823217122195e-02 9.796381615814202248e-02
8.009601410900091256e-02 1.009318842373666952e-01 8.949112050542759600e-02 1.231100574617242788e-01 1.230593117262318154e-01 8.961510335790168202e-02 9.550501702199011567e-02 1.142048430160925721e-01 9.080467202309534802e-02 9.318197654116902595e-02
7.356637604349307302e-02 1.039941725949773410e-01 8.615405397672162846e-02 1.227423918065725233e-01 1.227260817434976392e-01 9.180020228371872648e-02 9.636625611260479785e-02 1.195661281698464362e-01 8.742724640435048378e-02 9.565709086421736451e-02
7.709509914117750051e-02 9.889146301058472643e-02 8.701413071964765600e-02 1.221723093883714251e-01 1.221217075923087397e-01 8.750260783863524072e-02 9.376757657057345485e-02 1.222154602445725546e-01 9.778273253272215526e-02 9.143691296140653291e-02
7.807953483601536016e-02 1.008403410520214011e-01 8.358768758293461110e-02 1.222116428519183229e-01 1.221441908959361167e-01 8.470854725249024608e-02 9.299543289953562941e-02 1.206615758522061876e-01 1.045889286700208143e-01 9.018211810692131070e-02
7.543713316444201900e-02 1.056346733756297479e-01 8.220481015652439383e-02 1.189953259114946010e-01 1.189808474000535327e-01 9.283463142050020489e-02 9.783354054871980232e-02 1.142167444066667648e-01 9.038356203685997403e-02 1.034787315791089735e-01
7.379394052168912477e-02 1.020205798293584432e-01 8.059739283194813919e-02 1.267769248719587405e-01 1.267495450530984058e-01 8.782798293182250693e-02 9.361465589727260839e-02 1.244825080720584204e-01 9.067978363703653455e-02 9.345668635375711797e-02
7.881764956145187462e-02 1.029413749724950033e-01 8.377652216770192783e-02 1.209722695207941651e-01 1.209663971099292218e-01 9.028609439791784874e-02 9.617075422593747425e-02 1.157245204770270264e-01 9.576655900864791682e-02 9.457785855809759668e-02
7.246187635682574402e-02 1.056880084098009848e-01 8.534476793596730559e-02 1.182653488390826013e-01 1.182539499159360602e-01 8.914014452883800566e-02 9.522249400997956359e-02 1.251102653767995343e-01 9.525175924177012310e-02 9.526138538499999420e-02
7.328113349492927642e-02 1.068681427077596280e-01 7.722299689550353452e-02 1.254115162049153909e-01 1.254203026674616528e-01 9.224252184370729246e-02 9.852901604855451856e-02 1.201987602428364887e-01 8.398549183238798732e-02 9.684011806194429972e-02
7.383259287071926302e-02 1.028911946755263346e-01 7.930380825390469235e-02 1.268028999904384779e-01 1.267795753290138494e-01 8.917912298267569038e-02 9.427025193561837380e-02 1.250950672972665489e-01 8.918598689894417786e-02 9.265949976589257786e-02
7.899331085464782187e-02 9.860764122909861096e-02 8.543646559846619637e-02 1.252526491581513191e-01 1.251658062814532124e-01 8.746919070909379978e-02 9.527654450675701603e-02 1.141468279189841034e-01 9.709780597799222424e-02 9.255375776535572363e-02
7.501416366085184029e-02 1.052999159651809152e-01 8.388451776544636473e-02 1.185161439757604490e-01 1.185011714703480129e-01 9.311520491982726300e-02 9.741432374077087231e-02 1.181965926622826207e-01 9.281030973340728685e-02 9.724765610612433331e-02
7.730614669634922054e-02 9.873453936574502765e-02 8.104782198566486129e-02 1.246340216798782902e-01 1.245897609726410449e-01 8.665046418128040384e-02 9.518214448733629263e-02 1.167471595092639258e-01 1.020987777158226945e-01 9.300916340601822485e-02
9.121451014451832651e-02 9.627096876849425278e-02 1.026563315573369439e-01 1.114887462272705354e-01 1.114506227337517114e-01 9.067686923667186982e-02 9.926618853054598735e-02 1.069085422878607444e-01 9.762857073219143034e-02 9.243864978135822585e-02
8.054097090838382988e-02 1.038079674307822858e-01 8.213466935796104318e-02 1.183091214872660918e-01 1.182628638003510313e-01 8.970568041695643757e-02 9.603052938936765259e-02 1.201929559930097202e-01 9.467393791324715813e-02 9.634130330267477726e-02
