1.009387844852224214e-01 7.449974412510401711e-02 1.180911969036677334e-01 1.181429689222956575e-01 9.229641142011767163e-02 9.218618375630625861e-02 9.216147373345869032e-02 1.010642938491745774e-01 9.210972701472744384e-02 1.185092157899255427e-01
9.746429921487109738e-02 7.764818281690467894e-02 1.200997290005274970e-01 1.201456278336295730e-01 9.149889657080019501e-02 9.147037311641524615e-02 9.144020912395721401e-02 9.777572156881000898e-02 9.144273581899876879e-02 1.210142249350857069e-01
9.943972160018128836e-02 8.246883886286246468e-02 1.167672052315496672e-01 1.167996798411924247e-01 9.193881969352241113e-02 9.188536987567728909e-02 9.186300566818544899e-02 9.964141182700721189e-02 9.184452088344501053e-02 1.173514265163768111e-01
1.016709896541209690e-01 7.513428077703587782e-02 1.187950531159020634e-01 1.188675179497872270e-01 9.111017693207516810e-02 9.102043619948266273e-02 9.098657871887178006e-02 1.019691552714690891e-01 9.095407752074514962e-02 1.194917338605099855e-01
9.696157397555109358e-02 7.484915460426921907e-02 1.227225522064035040e-01 1.227138725935778552e-01 9.060850918214512217e-02 9.057124379214180621e-02 9.055891811452093654e-02 9.707444691029762374e-02 9.054317061056166294e-02 1.233965580105312182e-01
9.515346371746444265e-02 9.565720173358320533e-02 1.137272362978967583e-01 1.136552056224232055e-01 9.324676497914431705e-02 9.323986899122851946e-02 9.325507130400026434e-02 9.499998516365337764e-02 9.323809206749950063e-02 1.138271101231063676e-01
1.015251393675438429e-01 7.269167376000830461e-02 1.211679446261109544e-01 1.212028347798167344e-01 9.016545801052816556e-02 9.004834521201394992e-02 9.002899546573679690e-02 1.016111570266518965e-01 8.996917829696146618e-02 1.215892734546278886e-01
9.816714364161366335e-02 7.721354725961816767e-02 1.179683333024277025e-01 1.180213321748226629e-01 9.298681718634814464e-02 9.291870308599026185e-02 9.289004200310771453e-02 9.837210579654558085e-02 9.286705960965419004e-02 1.185949159398719394e-01
9.945938304015351783e-02 8.094690666508401466e-02 1.157853842796101318e-01 1.158521583381060815e-01 9.310415976218087974e-02 9.300783468371794094e-02 9.297690545902105586e-02 9.964863686489802697e-02 9.293819536744468701e-02 1.162804355397836914e-01
1.001014448318260641e-01 7.599371800760741646e-02 1.189623482163447987e-01 1.190123656178612571e-01 9.146731002638505692e-02 9.142818074211800372e-02 9.139775023624487071e-02 1.004374847923215075e-01 9.139393284743757562e-02 1.198054646818534213e-01
9.778001933792024314e-02 7.931857647783981113e-02 1.218562262223243930e-01 1.218880941818953068e-01 8.956749544388156736e-02 8.954860568215836092e-02 8.952156122573119712e-02 9.811543335419532774e-02 8.952780764557342896e-02 1.228761804284803222e-01
1.000801159384688277e-01 7.214137244705645657e-02 1.235147453173314896e-01 1.235996792694284280e-01 8.897637117703903475e-02 8.890326954368638068e-02 8.886371239480948814e-02 1.004896438248266410e-01 8.884561703403702493e-02 1.245854730533162563e-01
1.008688687490271602e-01 8.011361155424219505e-02 1.167369200431108422e-01 1.167480178550764913e-01 9.205678458857070867e-02 9.194546530903474624e-02 9.193580266778884902e-02 1.008301823369970457e-01 9.187250220302249637e-02 1.168918446931294514e-01
9.980877983456251656e-02 7.067443468177496413e-02 1.242677021183883068e-01 1.243370139812114972e-01 8.892230458675355609e-02 8.885679727918970039e-02 8.882138572732997672e-02 1.001837619799911400e-01 8.880496877527294108e-02 1.253228510355254011e-01
1.000006582846110909e-01 7.097220575573888468e-02 1.226273778975813106e-01 1.226745786686365414e-01 9.011261576986417943e-02 9.003176365649435964e-02 9.000494372297956902e-02 1.002291955008816349e-01 8.997284167735114524e-02 1.233738190658612427e-01
9.829521320354400737e-02 7.578650491249599996e-02 1.235137796028864254e-01 1.235362163997362484e-01 8.900071601125554566e-02 8.896475005838146155e-02 8.894156964122004738e-02 9.857007979854197355e-02 8.893450429817055525e-02 1.244566660737677355e-01
9.925343356138213724e-02 7.876125723791875533e-02 1.171574522110965660e-01 1.172068368388983761e-01 9.253115239062402464e-02 9.251089783012814149e-02 9.247957547121335442e-02 9.960551147085468238e-02 9.248801902616156367e-02 1.180058639617224125e-01
1.014595006966138024e-01 7.372997045462653665e-02 1.158376132772363926e-01 1.159522819481556694e-01 9.377050714531813547e-02 9.366577059108122105e-02 9.361753424095532738e-02 1.018360143657639771e-01 9.358615603898239044e-02 1.165446512412665891e-01
1.011853879068979750e-01 6.968349464941989146e-02 1.221235028479010776e-01 1.222161943755818020e-01 9.020851350064210128e-02 9.009560222579793276e-02 9.005684494427386444e-02 1.014962454457375429e-01 9.001365187027222936e-02 1.229205622334756248e-01
1.000209686942312159e-01 7.549527388340213085e-02 1.195683962025224784e-01 1.196185888350903836e-01 9.133528419637468310e-02 9.124167456396321818e-02 9.121570301412131043e-02 1.001956891128122223e-01 9.117511176469331180e-02 1.201333097327890176e-01
9.835994520738484959e-02 7.386006591406645005e-02 1.223571192463693141e-01 1.223932969785263003e-01 9.038667455902232861e-02 9.032692915034928882e-02 9.030197661387102948e-02 9.858402027358194319e-02 9.028151515847590569e-02 1.231484568983526456e-01
9.936834793864512960e-02 8.128093227599129944e-02 1.163938074625835289e-01 1.164557170935056479e-01 9.239349899034324243e-02 9.237176187600577848e-02 9.233613950551594618e-02 9.976745108203007029e-02 9.234678118570342764e-02 1.172855625896759846e-01
9.776775311661929646e-02 7.880695159653251791e-02 1.195014092914882670e-01 1.195297853877915623e-01 9.158001989403877219e-02 9.154291988600750385e-02 9.151969123072094259e-02 9.799279894724408080e-02 9.151191359017317450e-02 1.202467570593838547e-01
9.793993394109497264e-02 7.392942568028815220e-02 1.204773125756652130e-01 1.205380496773307275e-01 9.200532282767603931e-02 9.193239726973941039e-02 9.190090786793650435e-02 9.817608009110345701e-02 9.187702726902592654e-02 1.212235428001396248e-01
9.803703254172754789e-02 7.699729551045858544e-02 1.204687739780589406e-01 1.204797401695328618e-01 9.131164375344746897e-02 9.123815389502153150e-02 9.122358586684045645e-02 9.810517414964042837e-02 9.118713038876657961e-02 1.209514697465056549e-01
1.006425369810087789e-01 6.684601375182963601e-02 1.237952265592981993e-01 1.238939239843206419e-01 8.995741919896081684e-02 8.982901781827465348e-02 8.978969140430494156e-02 1.009219630444461030e-01 8.973739143132480889e-02 1.245868158262313924e-01
9.938365823103000041e-02 8.008377885060648238e-02 1.163269808690249180e-01 1.163761071786384022e-01 9.287487496700419509e-02 9.281837860691144471e-02 9.279047396303269357e-02 9.962321621758717105e-02 9.277410221129929468e-02 1.169484289048654257e-01
1.031902926247704189e-01 7.980857464082539987e-02 1.157429232678637981e-01 1.157390651922711733e-01 9.158118261964659501e-02 9.152767505123818315e-02 9.151876355457898293e-02 1.032984879161458064e-01 9.149051888503126340e-02 1.161025162476284067e-01
1.005029469773578710e-01 7.642426659102033448e-02 1.193357290497308321e-01 1.193679350596988376e-01 9.091873894568996972e-02 9.087728158856919758e-02 9.085301866066329557e-02 1.007816127194781780e-01 9.084331592988137416e-02 1.200951544779100960e-01
1.006416974665437780e-01 8.344644632533790296e-02 1.158913074655147091e-01 1.159369041035460957e-01 9.178212326114738862e-02 9.170686494795457500e-02 9.168181653199454495e-02 1.008468355030830155e-01 9.165184469230476527e-02 1.164141597025731834e-01
1.003484617723666705e-01 7.408481722798691826e-02 1.226980522801361800e-01 1.227207277031507615e-01 8.911161625075091075e-02 8.904424010359753006e-02 8.902394445139359680e-02 1.005522832298501867e-01 8.899543896529880926e-02 1.234204180154684638e-01
1.006006944804711534e-01 7.632230867085754156e-02 1.187844593033380997e-01 1.188417478960381024e-01 9.121681344298447625e-02 9.118764843146540122e-02 9.115385894084375440e-02 1.010074487723735953e-01 9.115861741936594209e-02 1.197264026422619754e-01
9.977335107316750995e-02 7.372214406424772160e-02 1.191551066168434619e-01 1.192058799112764161e-01 9.201553914520592403e-02 9.199109998270253719e-02 9.195916030183165502e-02 1.001412068435910546e-01 9.196547966551014974e-02 1.200710323956234865e-01
1.069465108526726632e-01 8.851206967208861964e-02 1.066373164810674040e-01 1.066553118081575852e-01 9.435041076653966075e-02 9.431112897698913644e-02 9.429772944031507287e-02 1.071495351123808587e-01 9.428144588055931141e-02 1.068585410092297017e-01
9.616321358933400953e-02 8.853842086204431749e-02 1.139476501823378923e-01 1.139295480197252547e-01 9.432237358275290251e-02 9.428251024064901453e-02 9.428020637327674813e-02 9.611750959516952852e-02 9.425553899136804303e-02 1.141630285633422892e-01
1.014582990810522223e-01 7.686411305812519690e-02 1.234081842763382064e-01 1.234425817096622829e-01 8.733013736046307818e-02 8.724355913251634342e-02 8.722075416180605223e-02 1.016913030563695863e-01 8.718227694611818679e-02 1.241587912175488445e-01
1.025476736165946007e-01 6.930234153618268500e-02 1.217847856327251704e-01 1.218354743262479306e-01 8.999791467128588629e-02 8.987823536053607398e-02 8.985376885319872053e-02 1.027023535086911410e-01 8.979607896267105538e-02 1.223013735318667222e-01
9.912990169250983363e-02 7.398039371532347253e-02 1.220154041573852793e-01 1.220603911187617407e-01 9.025374438809749544e-02 9.017818243784228582e-02 9.015177621945814901e-02 9.935019174575268619e-02 9.012262889433586555e-02 1.227573856305332195e-01
9.547751642108805170e-02 7.435074133435644328e-02 1.269166505612412954e-01 1.269210638726952500e-01 8.837097674104485434e-02 8.829078380266727755e-02 8.827556765960926921e-02 9.554416622346452448e-02 8.823551049734149054e-02 1.276170228864915435e-01
9.812014903078311590e-02 7.315789139546009789e-02 1.243808614396243184e-01 1.243822208235866034e-01 8.918997393649251426e-02 8.913863945376650222e-02 8.912309478250782235e-02 9.827305391192588113e-02 8.910103218716632079e-02 1.251330830386868098e-01
9.811646924669037428e-02 7.552980588954602559e-02 1.216084526741097044e-01 1.216448906024171772e-01 9.065014584489668181e-02 9.059439201346509984e-02 9.056925088870385054e-02 9.834322630426807488e-02 9.055137962272256924e-02 1.223919869131804145e-01
1.004213930968751722e-01 7.744648278677775111e-02 1.179779756005311930e-01 1.180059259157033719e-01 9.170031010331511356e-02 9.167713175778147150e-02 9.165336900200857229e-02 1.007190389649938039e-01 9.165455790658028068e-02 1.187438148654332559e-01
9.867255303586755510e-02 7.594624613945998026e-02 1.222256177572409036e-01 1.222580402473880390e-01 8.994472926484130271e-02 8.984198963101731883e-02 8.982189264682742535e-02 9.876500080179714813e-02 8.977146102017341533e-02 1.227524694553868839e-01
1.010297113738656410e-01 7.319606782612793350e-02 1.201053652826949564e-01 1.201820106199257415e-01 9.082896415955232783e-02 9.076627762923482334e-02 9.072856620383319692e-02 1.014235119064581941e-01 9.071551367852796754e-02 1.210240113197792039e-01
1.041575430753051007e-01 7.407997635605713393e-02 1.172505154857285820e-01 1.172958381309532616e-01 9.131687397732865530e-02 9.124219372817657381e-02 9.121681324903312127e-02 1.044263630150264743e-01 9.118744642719354976e-02 1.178264365551975890e-01
1.028678833601538029e-01 8.008640525738740246e-02 1.175777657351361888e-01 1.175769156035029600e-01 9.033919364531856067e-02 9.025944812113695370e-02 9.025031936973461344e-02 1.029325129618695878e-01 9.020609592979099423e-02 1.179034600159688945e-01
1.020493161273122729e-01 6.785624769402587297e-02 1.211055389898999246e-01 1.211471314997949328e-01 9.120821345880948672e-02 9.107270337328915444e-02 9.105286753815226841e-02 1.020946257189518369e-01 9.098207042513126175e-02 1.214312851746329885e-01
1.017907533743841603e-01 7.179765218508388225e-02 1.230642723076466188e-01 1.231015251617918749e-01 8.870265884401852541e-02 8.861510853626240747e-02 8.859177078530069971e-02 1.020119987504608527e-01 8.855305415720428341e-02 1.237712058978466950e-01
1.010263297443821512e-01 7.744098472864148486e-02 1.168972768472212459e-01 1.169085058204128308e-01 9.235699882540680805e-02 9.230351790292339043e-02 9.228891752196688447e-02 1.011599508189471308e-01 9.226478980379232420e-02 1.173527279863057216e-01
1.041891027368980344e-01 8.107518122182823250e-02 1.156927439307867123e-01 1.157171301802533692e-01 9.074339440084126795e-02 9.068097995846713388e-02 9.066234714192640542e-02 1.044154974279655479e-01 9.063566357801459972e-02 1.161879594230186830e-01
1.043167898478032651e-01 9.086631567907794971e-02 1.040835452462577637e-01 1.040475285282649043e-01 9.702627636607524808e-02 9.705240018075751707e-02 9.706131313392053761e-02 1.043435994309380999e-01 9.706919489674219192e-02 1.041330366901625087e-01
1.013327631617839258e-01 8.098544253362570389e-02 1.174804955789134214e-01 1.175562441408318920e-01 9.076806124782257901e-02 9.068928648422823480e-02 9.065349340487867391e-02 1.016766335381652786e-01 9.062914849665050510e-02 1.182284314130997716e-01
1.042743392673425445e-01 8.148752859798248649e-02 1.115475465914771008e-01 1.116022827587297428e-01 9.358880888030894629e-02 9.356216198431924203e-02 9.353063919285248273e-02 1.046819008124577344e-01 9.353526661448068047e-02 1.121895253000489978e-01
9.982743955053366425e-02 8.062862388767770561e-02 1.129491142077893862e-01 1.130242532113477777e-01 9.483739650835924795e-02 9.484983671168732700e-02 9.480666524818814889e-02 1.003357161675900028e-01 9.484380406180933920e-02 1.138971504450172895e-01
9.976177703044912526e-02 7.543192280408819728e-02 1.242918085561374036e-01 1.243133075736008314e-01 8.784367541427068327e-02 8.777751183393198153e-02 8.775672047159847888e-02 9.998438337450538116e-02 8.772934441511903714e-02 1.251095485262989082e-01
1.019622755583515505e-01 6.668381132411893564e-02 1.236551836439892527e-01 1.237051268634761364e-01 8.951280852255172338e-02 8.939769140901437927e-02 8.937266953076000719e-02 1.021323696986669444e-01 8.931819653257849767e-02 1.242598669164925729e-01
9.997864491769721529e-02 7.534434717095306322e-02 1.258741960157756801e-01 1.258514549516917547e-01 8.660565351436991244e-02 8.655170968023875866e-02 8.654203358698185633e-02 1.001190194653793220e-01 8.651416698625505330e-02 1.266187737106573008e-01
1.009130780425263052e-01 7.043794742195316760e-02 1.229206918741446580e-01 1.229339852533459232e-01 8.975605311791072516e-02 8.963957480839888914e-02 8.962653998981066905e-02 1.009262488521303763e-01 8.956255204293048222e-02 1.232833285968487902e-01
1.008525426674530684e-01 7.399993586144947011e-02 1.189815321203585019e-01 1.190203356918468625e-01 9.171789630713669816e-02 9.164084594381989579e-02 9.161758681194573373e-02 1.010382034607864160e-01 9.158521851665764324e-02 1.195459026185456686e-01
1.042957152147811067e-01 7.648147411652311822e-02 1.144495190404213047e-01 1.144553504799431937e-01 9.279693509878729485e-02 9.275363389757612653e-02 9.274138635700499012e-02 1.044622768734696366e-01 9.272182127436327803e-02 1.148418876471300060e-01
9.642666191622364935e-02 8.211345036958037080e-02 1.247542155513770012e-01 1.247542018828146776e-01 8.749538223289091143e-02 8.744574837485256935e-02 8.742978792343977790e-02 9.658832799692688986e-02 8.740910576177410296e-02 1.255831179901200911e-01
1.054856340745878862e-01 8.531150144093901933e-02 1.092383239634343167e-01 1.092096958588068684e-01 9.395720535377317939e-02 9.394635556562748457e-02 9.394866460991417589e-02 1.055574184692614492e-01 9.393855862382627375e-02 1.094066420398292910e-01
9.759535928990600850e-02 7.693911795239008478e-02 1.195868183236695192e-01 1.196479432071578392e-01 9.194931533838461568e-02 9.192695612031578922e-02 9.189114657346081350e-02 9.797242227646245361e-02 9.190154828774564633e-02 1.205893726305072577e-01
1.011761405684439008e-01 7.688345664421528114e-02 1.189444739427877734e-01 1.190153463440870168e-01 9.070552544177258592e-02 9.064958931364755501e-02 9.061338582480800430e-02 1.015721907541229929e-01 9.060340270046372824e-02 1.198364884656512031e-01
9.629326448219431567e-02 9.056948418486801544e-02 1.124767560728974908e-01 1.124421293303411590e-01 9.481610982330584969e-02 9.481124801559802362e-02 9.481382076776789791e-02 9.626127509226577172e-02 9.480720243130984215e-02 1.127087097994516340e-01
1.012372486580343650e-01 7.491946507703924063e-02 1.200161395082083166e-01 1.200284358870674084e-01 9.062715397441965803e-02 9.052950607092496993e-02 9.051650518253284705e-02 1.012843331849895417e-01 9.046405897069557944e-02 1.203771534860881148e-01
1.046340544431284825e-01 7.646752215401227126e-02 1.167508673649766265e-01 1.167315493142858929e-01 9.090463537982852726e-02 9.086843629041173320e-02 9.086275406382214592e-02 1.047705671187006693e-01 9.084285292528834765e-02 1.171667609455452619e-01
1.005372656143560389e-01 7.755381958773240048e-02 1.169839223854079319e-01 1.170324820217078510e-01 9.245819168062066606e-02 9.239039706631743676e-02 9.236346935028602601e-02 1.007667564726645870e-01 9.233943992263647649e-02 1.175742558982705993e-01
1.013848020464342414e-01 7.422189316503388645e-02 1.182887745831137233e-01 1.183312000787771490e-01 9.194036644702247019e-02 9.185407760601267679e-02 9.183054913982043044e-02 1.015582188145791875e-01 9.179268428176637351e-02 1.187974338374398475e-01
1.011596903888016541e-01 8.028077674936338892e-02 1.162470124122465254e-01 1.162794928036307573e-01 9.213450462360169013e-02 9.204085343452290957e-02 9.202211944210135497e-02 1.012593726934874483e-01 9.197625109972937252e-02 1.165999263525148988e-01
1.024923048179593871e-01 8.426747182517675683e-02 1.165554205280722871e-01 1.165189805099424852e-01 9.019493177778689641e-02 9.016556486136917403e-02 9.016505052969239764e-02 1.025658697646002343e-01 9.014563649152934621e-02 1.169287688938710212e-01
9.896840957914422587e-02 7.520748804405939791e-02 1.210136295118268285e-01 1.210842180125153295e-01 9.073067982745228188e-02 9.065499363510792774e-02 9.062034163353528682e-02 9.926860465593945193e-02 9.059707341158697302e-02 1.218545616888322969e-01
1.012909565164550746e-01 7.895916367256670954e-02 1.164505775473258092e-01 1.164806762141750440e-01 9.205757252376546573e-02 9.202916038859383641e-02 9.200564170704532418e-02 1.015828061277790628e-01 9.200342048463326650e-02 1.171400248176604347e-01
1.033649170690568025e-01 7.435119652039583193e-02 1.211316982494268502e-01 1.211373395259040531e-01 8.878942273039436284e-02 8.871074566542723472e-02 8.869731486120330244e-02 1.035088916638798595e-01 8.865689125206546728e-02 1.216515824622462494e-01
9.930513756353036292e-02 7.202146416679246210e-02 1.237583840098329113e-01 1.237435603884771695e-01 8.949787762872840613e-02 8.941358160484551287e-02 8.940629232402068360e-02 9.930787198175311525e-02 8.935795297597697029e-02 1.241878773560424754e-01
9.764780259213279301e-02 7.958261300366682722e-02 1.254378771772887147e-01 1.254014407452122004e-01 8.712807427413683803e-02 8.706269577691980177e-02 8.705846360115600258e-02 9.766488428156672175e-02 8.701960561463212285e-02 1.259965429332879638e-01
1.013556437095126661e-01 7.095793962834409663e-02 1.235369036764822903e-01 1.235284166216637503e-01 8.880393081587047155e-02 8.874241661885071131e-02 8.873101709880384935e-02 1.014877935803211867e-01 8.869969233157976030e-02 1.241562459185712453e-01
9.848613271985141859e-02 8.190366183138307610e-02 1.180892138375938399e-01 1.181512208036479133e-01 9.140835512993081280e-02 9.137839089716340291e-02 9.134314562390004333e-02 9.886692168172515893e-02 9.134846068854440837e-02 1.190244967862598979e-01
1.048821198200147325e-01 4.542483821878365302e-02 1.326531944152785913e-01 1.330650377178711763e-01 8.634807262076846235e-02 8.602839491578845310e-02 8.592349502780746717e-02 1.056747359398315100e-01 8.580152535539233016e-02 1.341985859684636240e-01
1.045572399190080881e-01 7.376562100291819690e-02 1.159659559223067543e-01 1.159977960061317065e-01 9.212616841551037050e-02 9.208018186767766289e-02 9.205769577910351276e-02 1.048492306778541078e-01 9.204389413425526079e-02 1.165562162752343395e-01
1.012231742658840361e-01 7.513073006989097469e-02 1.182820536073473927e-01 1.183542611262169142e-01 9.166869062292644366e-02 9.160001862271865969e-02 9.156447803221913484e-02 1.015685093604990902e-01 9.154615336926044677e-02 1.190619309230368655e-01
9.844007019931191871e-02 7.565111159936271923e-02 1.206714663100458551e-01 1.206819029661500703e-01 9.119247467031398047e-02 9.115179192175056067e-02 9.113448826076288312e-02 9.861043768902313933e-02 9.112022417850770828e-02 1.213460322047712203e-01
9.682130520780296568e-02 7.941066833803470115e-02 1.199623082125208379e-01 1.199547696712946199e-01 9.162004780420621164e-02 9.159104802216293251e-02 9.157934485324255303e-02 9.692913452027597521e-02 9.156822366247428790e-02 1.205631497079849290e-01
1.027530029584211024e-01 7.106736258386830984e-02 1.233594526405765585e-01 1.234223129715596307e-01 8.812650221956778995e-02 8.803262656583567269e-02 8.800178485082278679e-02 1.030732546299109320e-01 8.796461565405669369e-02 1.241990849253805096e-01
1.035739340022595462e-01 7.428216023524839007e-02 1.163034809124678381e-01 1.163131248519565647e-01 9.230945157732399486e-02 9.225894676674586958e-02 9.224489834299821889e-02 1.037423387645040607e-01 9.222220595874654203e-02 1.167494585877489333e-01
1.002880594481252580e-01 7.038118668006182466e-02 1.220363021711938084e-01 1.221556246101899723e-01 9.045317221800373841e-02 9.035177278481260066e-02 9.030328457986451507e-02 1.007140105363984878e-01 9.027420659269685954e-02 1.230423803786528936e-01
9.589366635955133555e-02 8.068607016388021358e-02 1.198041508441509695e-01 1.198152767474350289e-01 9.181467233745374545e-02 9.179600264189242964e-02 9.177712307702205752e-02 9.607972814839625675e-02 9.177755843339115149e-02 1.205557512468268394e-01
1.002277147486069081e-01 7.322937653063289754e-02 1.227679795887343661e-01 1.228665594493524443e-01 8.910196524765982840e-02 8.904829968935519535e-02 8.900278353606998205e-02 1.007481101205635193e-01 8.900096486273802177e-02 1.240062462262867676e-01
1.007029857384514615e-01 8.183280334594536520e-02 1.147841950325881044e-01 1.148142782505868348e-01 9.293257490074829930e-02 9.289644049311007734e-02 9.287433153906321515e-02 1.009408426309376244e-01 9.286631395525798971e-02 1.153552341133110559e-01
1.032279183649532084e-01 7.228020912408300580e-02 1.196495931127540407e-01 1.196998933070223120e-01 9.043627935113345007e-02 9.034795002958936894e-02 9.032139684270235058e-02 1.034798386396881681e-01 9.028449333232296814e-02 1.202724278957511550e-01
1.033100465763581166e-01 7.251570522252337447e-02 1.195546828908586184e-01 1.196051010587714652e-01 9.043184375765435379e-02 9.033568038462357064e-02 9.030977604794893088e-02 1.035382006189851795e-01 9.026758236001315716e-02 1.201313810822632611e-01
1.013157398439358120e-01 7.572025447569995238e-02 1.220832901776489343e-01 1.221134817177629006e-01 8.861404616239929033e-02 8.856017567511759170e-02 8.853642914612923354e-02 1.016114521405109272e-01 8.851874774735486728e-02 1.229263829134404074e-01
1.040773755974943177e-01 8.104933669027346299e-02 1.122652514518991396e-01 1.122595947066716976e-01 9.337848414653794615e-02 9.336313496277121038e-02 9.335428981570811913e-02 1.042546765588682200e-01 9.334948666313347410e-02 1.126483694066424401e-01
9.925957478798673461e-02 7.395220550248585156e-02 1.216857212727772974e-01 1.217172485244512881e-01 9.041432632495129129e-02 9.036018105138388101e-02 9.033645998805614474e-02 9.949467277898887962e-02 9.031855693506139759e-02 1.224610528338571924e-01
1.039483252429624499e-01 7.916434664915630859e-02 1.154762371176915464e-01 1.154951116751877643e-01 9.150137190101717555e-02 9.144845513464180953e-02 9.143129679308663327e-02 1.041639195898571846e-01 9.140938306545960679e-02 1.159615528309395210e-01
9.829780533326339109e-02 7.576594513729627278e-02 1.207574840593084037e-01 1.207920459021150916e-01 9.117414794071809769e-02 9.111249706230815926e-02 9.108880382864764647e-02 9.849192829417448281e-02 9.106624290198735150e-02 1.214530995401811586e-01
1.057454543655814427e-01 8.128390465162289857e-02 1.144451727226612620e-01 1.144527417462463531e-01 9.085562781151032552e-02 9.080760685064029336e-02 9.079435025705416551e-02 1.059612013684827769e-01 9.077264291833016252e-02 1.148812973078702920e-01
9.921107304272379357e-02 7.409780220812023366e-02 1.237917785133821474e-01 1.237980002330886925e-01 8.878449904411432614e-02 8.874928615002350418e-02 8.873095171170243545e-02 9.945064713872767137e-02 8.872084956956394208e-02 1.246651123885533091e-01
9.534126656356525786e-02 7.827477952681635709e-02 1.257075612346396365e-01 1.257210300156259564e-01 8.825526503197504702e-02 8.820566847883708206e-02 8.818552842042916284e-02 9.552254946816486625e-02 8.816787820228681738e-02 1.266184730576598028e-01
9.949959989567476459e-02 8.209938166725942732e-02 1.161090347831096881e-01 1.161401606680992349e-01 9.253061815694851866e-02 9.247016012582143230e-02 9.244922069717072255e-02 9.966426152111551584e-02 9.242537687092407250e-02 1.166121856138766233e-01
1.006372185386345819e-01 7.111014164669333948e-02 1.218485650760576938e-01 1.219115103900836883e-01 9.034703696129113559e-02 9.025481385380400290e-02 9.022399944533704419e-02 1.008920809545466313e-01 9.018778407656866114e-02 1.225868490569832076e-01
1.036523335933766110e-01 8.704546306633020869e-02 1.133320299527277031e-01 1.133075513587636501e-01 9.134780770378224390e-02 9.131863861700752205e-02 9.131646649401997662e-02 1.037453205979887022e-01 9.129835209232399496e-02 1.136360365236793457e-01
9.606378150544053751e-02 7.948739790842536401e-02 1.241676055213368352e-01 1.241478357541334204e-01 8.873562815837179873e-02 8.872021520552882123e-02 8.870807722002096996e-02 9.623243340820442082e-02 8.870570248780024203e-02 1.250313228307375901e-01
9.725792289580027783e-02 6.779306144065591622e-02 1.255769044618849917e-01 1.256694996232809169e-01 8.998639073470172944e-02 8.989143205476188281e-02 8.985111586410321483e-02 9.756466536402697010e-02 8.982009790784858949e-02 1.265889096529355107e-01
9.960965738865738828e-02 7.073700356535148059e-02 1.205799715922404591e-01 1.206914886454253238e-01 9.194681079995627171e-02 9.181131296895334026e-02 9.176779118744846087e-02 9.987309059726766358e-02 9.171412426991565336e-02 1.212687489847839306e-01
9.911525464279548336e-02 6.845938106375493160e-02 1.228128838246069221e-01 1.229151991383056891e-01 9.100931326344077754e-02 9.090007387620720192e-02 9.085770451384593549e-02 9.942765263191101488e-02 9.081936687546246501e-02 1.236831701696696345e-01
1.040848741267075134e-01 9.978330899170437251e-02 9.881051110660007963e-02 9.878034259736499789e-02 9.899936897763807198e-02 9.899347417793087633e-02 9.900869930455390155e-02 1.039602580717752661e-01 9.899221469848804023e-02 9.858694794723688037e-02
9.289649717205644697e-02 1.038875226911410155e-01 1.017077272679395572e-01 1.016761994778982436e-01 1.013962214185277488e-01 1.014012050500235351e-01 1.014157236034895770e-01 9.268609992693845057e-02 1.014064188570209801e-01 1.015263845349644034e-01
1.034821797032496743e-01 8.143090676419861840e-02 1.148588408965582341e-01 1.148204519240930421e-01 9.171519040742963369e-02 9.168718605143284794e-02 9.168935479469739191e-02 1.035214270930039093e-01 9.166881181720742955e-02 1.151256505481292741e-01
1.008767853815363547e-01 7.743533977353310449e-02 1.158046320290280068e-01 1.158119615646339556e-01 9.325440444186677835e-02 9.321064403245506169e-02 9.319745090480016647e-02 1.010013587638917548e-01 9.317827821967837598e-02 1.162291448885764550e-01
1.000406625283056933e-01 7.278491522898497545e-02 1.194216088803843195e-01 1.194710550501259100e-01 9.206584912475741789e-02 9.199162033089881840e-02 9.196435091718735411e-02 1.002592506531476690e-01 9.193661415447405838e-02 1.200640731317337701e-01
1.001809494695819064e-01 7.868311895510715637e-02 1.170610407841941730e-01 1.171503123674839802e-01 9.219523836574805564e-02 9.212609120773281035e-02 9.208455003829953134e-02 1.005643364255771333e-01 9.207026308333182696e-02 1.178840993029434403e-01
1.033350806586011000e-01 7.353610731703547065e-02 1.194868754033470565e-01 1.195547283629016244e-01 9.014347343103845667e-02 9.005519583200385925e-02 9.002274007196352235e-02 1.036627539056088759e-01 8.999014404132137102e-02 1.202129009761786493e-01
1.013359864554116835e-01 7.737136962382400174e-02 1.187390922330641696e-01 1.187498093557735751e-01 9.089615651581006706e-02 9.081271039953772717e-02 9.079961247827675330e-02 1.014125362182807799e-01 9.075597172806587620e-02 1.191267549919553109e-01
1.003330428640401978e-01 7.062429353682941890e-02 1.230328728520784232e-01 1.231306351877708011e-01 8.961135794784554076e-02 8.952505407128646953e-02 8.948248919273478486e-02 1.007409639116441796e-01 8.945843084927206090e-02 1.240608595864980956e-01
1.022852254735254207e-01 7.597735507156976043e-02 1.166865027161136104e-01 1.166837367920595114e-01 9.232372294577513572e-02 9.225694218042650163e-02 9.224864101879511058e-02 1.023377675508940626e-01 9.221176437397209102e-02 1.169883418768688371e-01
1.038619723694204217e-01 7.804210086912227728e-02 1.152890853583177500e-01 1.153051584982916211e-01 9.208663341121525736e-02 9.199815900275019886e-02 9.198531870031251279e-02 1.039407452296708251e-01 9.193837350238275030e-02 1.155524530585164272e-01
1.001438403509885000e-01 7.332349779129271328e-02 1.221415862162117533e-01 1.222214527126984640e-01 8.979376258860893856e-02 8.969465479586975765e-02 8.965892583743972910e-02 1.004405070587266746e-01 8.962204050899344465e-02 1.229597321391699138e-01
1.005411139462452919e-01 7.782024057644348902e-02 1.192612433780792097e-01 1.193324380068936374e-01 9.052829398011448536e-02 9.047895227978478006e-02 9.044204601107121155e-02 1.009513554040381705e-01 9.043663697999487772e-02 1.202076794373348884e-01
9.802433554792362724e-02 7.590249680526001130e-02 1.237443232795324699e-01 1.237833789251033129e-01 8.895306118501644654e-02 8.889788861794516162e-02 8.887108471164459345e-02 9.829536613326476935e-02 8.885480627734450298e-02 1.246732585169650909e-01
9.552366767163238126e-02 7.438026255235401230e-02 1.271189220318433011e-01 1.270595434905148202e-01 8.819735966642291980e-02 8.815975728974302650e-02 8.815960689598605071e-02 9.551885400593042308e-02 8.813488986782315460e-02 1.277471365277499382e-01
9.953157831832620817e-02 7.917705862418918106e-02 1.201877256270728195e-01 1.201754914209425956e-01 9.018602548124159124e-02 9.014074080690999413e-02 9.013127470930214213e-02 9.963537881366990590e-02 9.010852425270440835e-02 1.207262019456411539e-01
9.693817419167866101e-02 6.962945884735305402e-02 1.267533085717106878e-01 1.268000729464793253e-01 8.882078035861830367e-02 8.874813077662123406e-02 8.871978308564243410e-02 9.717523312353000542e-02 8.869386067154258479e-02 1.277211974268236128e-01
1.007739086909552051e-01 7.667872113320148286e-02 1.145317817310049641e-01 1.146240766883105805e-01 9.426137605076680137e-02 9.421537699597760940e-02 9.417045267993801039e-02 1.012132678802333957e-01 9.417283208160340258e-02 1.153582060680085342e-01
9.915030109280703607e-02 6.901702096337013204e-02 1.250333308614074712e-01 1.251138960130037669e-01 8.925969103516172287e-02 8.913335843039808803e-02 8.909957949123784027e-02 9.936021846736509122e-02 8.904455172473806079e-02 1.257880519205107905e-01
1.001597459497344661e-01 8.352542383834837825e-02 1.143416932832714006e-01 1.143909415097412174e-01 9.315988908806228930e-02 9.309315891804763321e-02 9.306656289329670595e-02 1.003719189849217736e-01 9.304293573585223354e-02 1.148477297987239160e-01
1.016691332240887841e-01 7.834025323699482513e-02 1.120166874693103165e-01 1.120635203599826268e-01 9.542709452950580429e-02 9.538202968892961486e-02 9.535543157609059628e-02 1.019128755475821463e-01 9.534511023834128796e-02 1.124878641291740117e-01
9.599901500586391356e-02 7.301215045984835172e-02 1.296012498166202176e-01 1.295710670476244164e-01 8.637551258729142534e-02 8.632070851690561153e-02 8.631141876531958634e-02 9.608510422144175833e-02 8.628274708834129947e-02 1.304410264907433503e-01
9.554298940729981371e-02 9.045493398553584863e-02 1.133874393987444190e-01 1.133640167421778033e-01 9.441769791966519998e-02 9.444211600538775231e-02 9.443683844077116474e-02 9.563625815832746402e-02 9.445397771702757073e-02 1.138637322250630191e-01
1.012637516851470215e-01 7.916407644298416313e-02 1.105889793129309490e-01 1.106297171438380134e-01 9.649739794341322119e-02 9.646588022203937685e-02 9.644127234055487052e-02 1.014915324392141882e-01 9.643784156853221767e-02 1.110195509013459925e-01
1.030626825175041533e-01 7.573299041383521613e-02 1.189110238098650407e-01 1.189446022823105326e-01 9.015645005912183152e-02 9.010012820949837853e-02 9.007664415894993393e-02 1.033519869054995571e-01 9.005723369224358232e-02 1.196062579511717877e-01
9.940502654706519226e-02 7.974065774703106846e-02 1.167853190603936053e-01 1.167469607617583061e-01 9.283030520041975209e-02 9.277064134213670876e-02 9.277496285016183231e-02 9.930049178172020707e-02 9.273332895147390342e-02 1.169123057578395075e-01
9.997563848688567623e-02 7.171673777294942931e-02 1.228367546462948295e-01 1.228278537745731563e-01 8.979051516655081611e-02 8.974913052942438962e-02 8.973684285334734834e-02 1.001301504503804007e-01 8.971854427556788525e-02 1.235178320440260408e-01
1.022528071737940497e-01 7.301313937040286584e-02 1.220552111891302915e-01 1.221096358810410953e-01 8.882726336220012064e-02 8.875923945884560406e-02 8.872904233163757259e-02 1.026042473212705475e-01 8.870730574939876545e-02 1.229421081622791290e-01
9.929003445622483492e-02 8.587650392202177130e-02 1.110167573979793793e-01 1.110054914036499307e-01 9.550813048106814029e-02 9.551484338287108411e-02 9.550826901000973590e-02 9.939611240798916503e-02 9.551539602447904620e-02 1.113684615137069400e-01
1.061244602518483654e-01 9.094048435336024583e-02 1.091791485935156708e-01 1.091206076559346483e-01 9.235236456909295955e-02 9.233536256014188148e-02 9.234924368917744875e-02 1.060743043355397430e-01 9.232700211299543769e-02 1.091970218783935437e-01
1.010149611652989138e-01 7.662134718163772507e-02 1.141561795770421328e-01 1.141679801902244218e-01 9.467131109265708444e-02 9.461756314534940093e-02 9.460478880441884619e-02 1.010984840359933079e-01 9.457913213422416976e-02 1.144682526731540112e-01
1.013413007345382033e-01 7.814851370925153529e-02 1.183887822819457841e-01 1.184329999057306543e-01 9.080418104420541481e-02 9.074548706978552426e-02 9.071879450894625163e-02 1.016251872279269608e-01 9.070023141529469368e-02 1.190945221023750333e-01
1.001325527222590855e-01 7.509260015683107137e-02 1.209164459870487873e-01 1.209495803370220224e-01 9.021220287865024112e-02 9.017565186569501123e-02 9.015007688532711283e-02 1.004419345751667164e-01 9.014436021317766279e-02 1.217845943788223029e-01
1.010001726748049194e-01 7.129233537082653449e-02 1.172082891113217368e-01 1.173213211645014187e-01 9.343495120983776048e-02 9.337852528707872579e-02 9.332699128214752560e-02 1.015089252146722798e-01 9.332774289743563101e-02 1.182007457873734541e-01
1.006900866400918942e-01 7.758632371387007287e-02 1.171137934108525819e-01 1.171682050104810302e-01 9.227662253111773571e-02 9.220246259483232121e-02 9.217391643198870332e-02 1.009289699912659377e-01 9.214714160041539981e-02 1.177124780750843785e-01
1.016744315344791788e-01 7.432994788238438122e-02 1.176772659142516081e-01 1.177243684732038054e-01 9.212293661071790929e-02 9.206957534868301374e-02 9.204174158124484029e-02 1.019663406924896931e-01 9.202726411710998589e-02 1.183661278454355842e-01
1.021312200835410439e-01 7.986249210748776195e-02 1.154699566164627406e-01 1.154875962098630415e-01 9.214642196482543401e-02 9.213125428503150804e-02 9.211153145400369224e-02 1.024206500413299414e-01 9.211473032091363478e-02 1.161241469165412155e-01
1.014233231638737159e-01 7.852575079599484476e-02 1.166600981197721265e-01 1.167189316037791774e-01 9.196934427482118812e-02 9.190601965677655527e-02 9.187501232238989846e-02 1.017279046919246921e-01 9.185669601895898873e-02 1.173369193517088127e-01
1.002860209234355676e-01 7.451997785464155311e-02 1.173391788064284541e-01 1.173992913053484854e-01 9.312422071319544081e-02 9.303181282739447777e-02 9.300277233288282985e-02 1.004744885454479791e-01 9.296510604725122251e-02 1.178571306439740035e-01
9.772855092720854342e-02 8.033790771461833680e-02 1.189198231678938733e-01 1.188869871547659079e-01 9.187121587793659061e-02 9.181422499378291691e-02 9.181438010720836818e-02 9.766595840286017294e-02 9.177742513388210954e-02 1.191835265198431942e-01
1.002542933202320019e-01 7.686311816417307208e-02 1.181310502682608871e-01 1.181410206602142715e-01 9.208171785221899719e-02 9.198518902116280260e-02 9.197411194398932843e-02 1.002547594006275300e-01 9.192093415748128771e-02 1.183938052116397938e-01
9.733395642940552428e-02 7.981219537820540000e-02 1.198830135714396422e-01 1.198954604438109556e-01 9.130185366984559792e-02 9.126184603823705999e-02 9.124413767038115630e-02 9.749330760767535575e-02 9.123058035794892606e-02 1.205436488330503819e-01
1.003980426040995966e-01 7.776702887976295886e-02 1.213086591241522294e-01 1.212910350181985869e-01 8.924371712156713154e-02 8.920125355023945934e-02 8.919234831188867230e-02 1.005250266260730996e-01 8.917094838352655761e-02 1.219019403804916801e-01
1.026371547844513316e-01 7.474713152942938366e-02 1.154602147439739018e-01 1.154772423465008774e-01 9.337016796872751878e-02 9.329464844710787241e-02 9.328070839369100031e-02 1.027249238947815224e-01 9.324250957115855221e-02 1.157652983201780117e-01
9.928730221929622790e-02 7.281317387503921656e-02 1.230873632228879910e-01 1.231011001279147532e-01 8.982772374855221842e-02 8.971930532509898859e-02 8.970540242525726349e-02 9.930840214981200009e-02 8.964699830795141988e-02 1.235032285981898931e-01
1.008237078842914441e-01 7.822130846992558784e-02 1.182525268275742142e-01 1.183141262035421470e-01 9.121589221313977647e-02 9.112243613259407571e-02 9.109273715921872849e-02 1.010529291834099397e-01 9.105493924783628068e-02 1.188493966784678196e-01
1.032013019714726615e-01 7.590645856363177624e-02 1.153553343521155350e-01 1.153606518650670126e-01 9.294519546196354509e-02 9.285471654025888311e-02 9.284633430978515845e-02 1.032077225818531507e-01 9.279491344257018159e-02 1.155273709112820402e-01
1.022898202481742208e-01 7.026755028793051083e-02 1.197691753409456661e-01 1.198933478185856966e-01 9.116612240307032933e-02 9.107019935288859780e-02 9.101912736928587100e-02 1.027796198197386962e-01 9.099527348773267521e-02 1.207497638716477639e-01
9.970800452672337610e-02 7.143560099463590329e-02 1.226099650399425367e-01 1.226234728199772778e-01 9.033763897509400342e-02 9.022622856998432916e-02 9.021296477826869220e-02 9.971468576702600950e-02 9.015224782032141282e-02 1.229791907080264590e-01
9.672397797410589582e-02 8.116915595652839099e-02 1.224029007010923181e-01 1.223713709553706230e-01 8.938076245750117832e-02 8.935933350090423388e-02 8.935262054246945196e-02 9.682231393018451981e-02 8.934259987379745971e-02 1.230749641080458867e-01
1.021186957345567303e-01 7.608399712543426063e-02 1.147232492181970570e-01 1.147809816910753955e-01 9.366482162191860916e-02 9.362019821624809057e-02 9.358844965553544948e-02 1.024534263711727317e-01 9.358215857814751459e-02 1.153840217877142027e-01
9.729405940124336016e-02 7.555520143633658037e-02 1.224219835431638592e-01 1.224523358758671243e-01 9.047146283407464518e-02 9.040983096698959609e-02 9.038693438047733231e-02 9.747577636645739230e-02 9.036382221871604170e-02 1.231685929766740129e-01
9.421263004464640323e-02 9.892757014434792884e-02 1.089015508955408912e-01 1.088800795084968742e-01 9.642454442160496020e-02 9.643734346525724421e-02 9.643655407022309889e-02 9.420420077267592507e-02 9.644323691555986566e-02 1.091322897616468501e-01
1.023280798728345570e-01 7.659050683629869960e-02 1.163574819238770985e-01 1.163656598516382701e-01 9.224448380455066432e-02 9.222007296870138315e-02 9.220428763057386679e-02 1.025554295884019140e-01 9.219893679370726181e-02 1.169350607294162292e-01
