1.181501986412204913e-01 9.249839458106078049e-02 7.919800971760439234e-02 1.184840631560498542e-01 1.164946280857211552e-01 1.165757221738421973e-01 8.872707036274803116e-02 9.357277479416778454e-02 8.874473315426006925e-02 8.755440533332517483e-02
1.210677134793905485e-01 9.222286353538856896e-02 8.235252157751878077e-02 1.217051297063455190e-01 1.110182925135070608e-01 1.110513156493096454e-01 8.831143274513736374e-02 9.584310317576322236e-02 8.837208086965640808e-02 8.805554674798284076e-02
1.180542127063448909e-01 9.299311407817585640e-02 8.715735926082206209e-02 1.184684426178659045e-01 1.097576810161210586e-01 1.097971734444503494e-01 8.954302025471416737e-02 9.718185167381118705e-02 8.957552240417769596e-02 8.747162254351684152e-02
1.171837887944993523e-01 8.999120395444387688e-02 7.751657105086025290e-02 1.177110825786223947e-01 1.172909823262256318e-01 1.173717985131439989e-01 8.597829305656032317e-02 9.593412774977953805e-02 8.602587914306016048e-02 9.499627283280449863e-02
1.237969729761339427e-01 9.137708362437758913e-02 7.891118934881700964e-02 1.242090043891148493e-01 1.127029339949692371e-01 1.126404163615463278e-01 8.744989019081318704e-02 9.306733646539776250e-02 8.745979719236142425e-02 8.838537545646869831e-02
1.139802459216561620e-01 9.337667000300114983e-02 9.443108466366303966e-02 1.139461982494504172e-01 1.044924444422394849e-01 1.043474091047811997e-01 9.106339126418779018e-02 9.762963612886026155e-02 9.101277496875849471e-02 9.572014525340204194e-02
1.220882676101219672e-01 9.100211346855957562e-02 7.711914759876746517e-02 1.224031744228024077e-01 1.145200030747924036e-01 1.145878305177381734e-01 8.841777526566939327e-02 9.402496176997134081e-02 8.842146321569387124e-02 8.741526305588341594e-02
1.172729696538872268e-01 9.251431216184191619e-02 8.286228986779849148e-02 1.177345288185718264e-01 1.128268366136122303e-01 1.128913363577439405e-01 8.589517920212587365e-02 9.426992463156393109e-02 8.592948998914275160e-02 9.780313270371179812e-02
1.163441863206856608e-01 9.369638404509471330e-02 8.688930571718889162e-02 1.167480956084088889e-01 1.113731500214999032e-01 1.115010778263103436e-01 9.091724009400269091e-02 9.315636797412170378e-02 9.095945412441913680e-02 8.841473826826808102e-02
1.195010402767754804e-01 9.189335141717358546e-02 8.375758290884205426e-02 1.200976558753080459e-01 1.144639426857159831e-01 1.144878548200714691e-01 8.730640509562095919e-02 9.201767287284980112e-02 8.736166359582263341e-02 8.911283045181994655e-02
1.230592966939598187e-01 9.040445478001554735e-02 8.248926136747801452e-02 1.237440015502120488e-01 1.101822816717893672e-01 1.101817928708114513e-01 8.704090558410608469e-02 9.405615634437229644e-02 8.709839184856384142e-02 9.174345728869146011e-02
1.229521535471480714e-01 8.864311302072444554e-02 7.651910627665158005e-02 1.237315070380423238e-01 1.204545763458785140e-01 1.205215207103275815e-01 8.401346214724675354e-02 9.310423641392785721e-02 8.408010992070281964e-02 8.598021457935005329e-02
1.145041606897322789e-01 9.043922011973430652e-02 8.449847993496643894e-02 1.146167798737912358e-01 1.195997702341022456e-01 1.195637104949729967e-01 8.600321886788188375e-02 9.255449621903573398e-02 8.597952183964870099e-02 9.224064172613426205e-02
1.221090872544267208e-01 8.742674207007307408e-02 7.501864987039560950e-02 1.228477222556849657e-01 1.220770264259528892e-01 1.220862859163750619e-01 8.187194050540624879e-02 8.917954257700555498e-02 8.192638389370712759e-02 9.545661923097271961e-02
1.216152831045942406e-01 8.944795819085203659e-02 7.455315675370254025e-02 1.221413743115989103e-01 1.179867582675379473e-01 1.180099682154993473e-01 8.515875276621946710e-02 9.190962735576595211e-02 8.519042103934595933e-02 9.398669999488365456e-02
1.236474712099736029e-01 8.907483543060865094e-02 7.942795980748619533e-02 1.242656127285110546e-01 1.155942831678331284e-01 1.155482348542195142e-01 8.490304831722882140e-02 9.395514891097236920e-02 8.494127685382807380e-02 8.864212871933853377e-02
1.169819190037582890e-01 9.237509518850774148e-02 8.525488544381888689e-02 1.175772796612229443e-01 1.148807367910427285e-01 1.148829033093782259e-01 8.561746876866260791e-02 9.460465496985599743e-02 8.567396525990626788e-02 9.215109160384625520e-02
1.167759593642459515e-01 9.470951476009632775e-02 7.780230493434713013e-02 1.173800128357875144e-01 1.106576505904596219e-01 1.108865798949793674e-01 9.273201211778200892e-02 9.615120840357008203e-02 9.282185067413982471e-02 9.008290642459215736e-02
1.241364426281340444e-01 9.185827200495778888e-02 7.514609110331314790e-02 1.247713781937813682e-01 1.174223145252300676e-01 1.175807811989990209e-01 8.668676339526804053e-02 9.415614160359984941e-02 8.673759796746424722e-02 8.150421737925241106e-02
1.190800471072899491e-01 9.107835164455632682e-02 8.137930565754626644e-02 1.195006873932073777e-01 1.163015631270819111e-01 1.163589113006095882e-01 8.433848067079699473e-02 9.289441095780072433e-02 8.435739614470644243e-02 9.471084599640447466e-02
1.236402095100537918e-01 9.137058084719727746e-02 7.974054318330683899e-02 1.241888333782733278e-01 1.146164917298946040e-01 1.146369450207946339e-01 8.632967921767281672e-02 9.357048681161440895e-02 8.636242528727806900e-02 8.554380501391428693e-02
1.167377109356355636e-01 9.265824682933736234e-02 8.471911106890840648e-02 1.173799223377543499e-01 1.099774500426504015e-01 1.100362935430510836e-01 8.853407337112098596e-02 9.653031232733587375e-02 8.861050355345871654e-02 9.481637599074728417e-02
1.193033174260770685e-01 9.142715895743459831e-02 8.464989744484591183e-02 1.198061253973516510e-01 1.134316081293742090e-01 1.134183942589613858e-01 8.691271593891865266e-02 9.246962661970599406e-02 8.694961778252791040e-02 9.163153804480263231e-02
1.193673331552518591e-01 9.123602650219544974e-02 7.952630440283742219e-02 1.199112642892775499e-01 1.143576015934412576e-01 1.144264668605782520e-01 8.468424743582275704e-02 9.201446223136286462e-02 8.472404478072538547e-02 9.975224874850727175e-02
1.203767467276930653e-01 9.130269341153379736e-02 8.384010361558383306e-02 1.206938967818864394e-01 1.166209167726530438e-01 1.165887418569254153e-01 8.726841921559855275e-02 9.171088557461434809e-02 8.727127194094488893e-02 8.432632410256660216e-02
1.181199327864219523e-01 8.601283975204161714e-02 6.878612523971806836e-02 1.187206900481057592e-01 1.143895218125210583e-01 1.145430804894394666e-01 8.202574653469608956e-02 8.664153439262847756e-02 8.207253369803992060e-02 1.286879952463875487e-01
1.170074567474787552e-01 9.347462842357415203e-02 8.557314293347055567e-02 1.174658381989243938e-01 1.126156314492672839e-01 1.126704135846296334e-01 9.000938152313599228e-02 9.468494180859955700e-02 9.005548879889176128e-02 8.644307653202788766e-02
1.167646923164516459e-01 9.241902468465792997e-02 8.546991851124066675e-02 1.169873341164279212e-01 1.115985213373986290e-01 1.115559592337937861e-01 8.905030478211252432e-02 9.561195327908734998e-02 8.904656127759066897e-02 9.149573046123887776e-02
1.195301348982305140e-01 9.107445718758815090e-02 8.155744588018688790e-02 1.200486049626864615e-01 1.142771683628319573e-01 1.142676300750490176e-01 8.809445601403498305e-02 9.272845448695592185e-02 8.813721786023429039e-02 9.028443027220175998e-02
1.147617523239012061e-01 9.097639296677556553e-02 8.678859305335678842e-02 1.151478537062716884e-01 1.124030325929964019e-01 1.124520426843860083e-01 8.777530596167142096e-02 9.577298320732058334e-02 8.780720024207706864e-02 9.611484326124328237e-02
1.239098096753109834e-01 9.003428081509680381e-02 7.813073278773206842e-02 1.243962477883636258e-01 1.155816900223193416e-01 1.155729361999082161e-01 8.673538380055846597e-02 9.323599016371951487e-02 8.675771178275248907e-02 8.564521696423847696e-02
1.189872116077874548e-01 9.136725869645676013e-02 8.215262402928032170e-02 1.196533283250336976e-01 1.164475383943586323e-01 1.164588605449482783e-01 8.661696064812815510e-02 9.249345361306969548e-02 8.668366507418467926e-02 8.913909906675226980e-02
1.188345340635330732e-01 9.175232964349934461e-02 7.957309743738298635e-02 1.194727296580422315e-01 1.175366869290176419e-01 1.175255778513047827e-01 8.614673668459776890e-02 9.286329903863435598e-02 8.620705538066388007e-02 9.008795331332392076e-02
1.078334989875857353e-01 9.545095618574919727e-02 8.824804637772666605e-02 1.080003706329848712e-01 1.063420747393831606e-01 1.063601849395692384e-01 9.456696962814270524e-02 1.042406937966358221e-01 9.458654355007631298e-02 9.437066116214624933e-02
1.140971498706352810e-01 9.445496725317990838e-02 8.837844092138937013e-02 1.142091309664647475e-01 1.070439544860360553e-01 1.070013660814190387e-01 9.122589203753087017e-02 9.699379188137326191e-02 9.120941819988713506e-02 9.538588830208433178e-02
1.221196679468079110e-01 8.649583159902730911e-02 8.105117355959425007e-02 1.226296450176877079e-01 1.182955023407930989e-01 1.182838963556836209e-01 8.259728005010996688e-02 9.006546517873643964e-02 8.261743743184438160e-02 9.584410051971534172e-02
1.194530999770152951e-01 8.843111617084924159e-02 7.151951563145515778e-02 1.198388268009146218e-01 1.209291955346151748e-01 1.209698144123256269e-01 8.515066097942169954e-02 9.313432106494407003e-02 8.516513562154980066e-02 9.540831380690928398e-02
1.234196534626124248e-01 9.136370497458010109e-02 8.008239058120913967e-02 1.239503234025996353e-01 1.152799150659584160e-01 1.153260487584573390e-01 8.791949732268129758e-02 9.232977560703092834e-02 8.795514929590454722e-02 8.237354152896624038e-02
1.262126498331708202e-01 8.793002090194970699e-02 7.903714769573010057e-02 1.266531843941639535e-01 1.167174413961282742e-01 1.166736908232874903e-01 8.335694313684502421e-02 8.932671573851545810e-02 8.335797695906818627e-02 9.073422912114102734e-02
1.234709635266063310e-01 8.853677219637262619e-02 7.687134880696602779e-02 1.239382008191302204e-01 1.198122287581698253e-01 1.197073298460233221e-01 8.295288049165293331e-02 8.982892018845001214e-02 8.296213248735202772e-02 9.191922287927660473e-02
1.227174975570538423e-01 9.150764584550517833e-02 8.264986370666027593e-02 1.232608546197585531e-01 1.135520199052472146e-01 1.135753969830583104e-01 8.531387716102373231e-02 9.096519938552577456e-02 8.534520425716106418e-02 9.111244057900606819e-02
1.174464413446162508e-01 9.126327511678831994e-02 8.253838047602873873e-02 1.179597669938574067e-01 1.159016273415818948e-01 1.158530774341479525e-01 8.488532916647396898e-02 9.414423544021306711e-02 8.492276211858799939e-02 9.508510456770447039e-02
1.236609177853407460e-01 9.112073741028800522e-02 8.175592850565362169e-02 1.240396926385473469e-01 1.148369686994009514e-01 1.148886161086727503e-01 8.494464456512734740e-02 9.397368831800075040e-02 8.494733812028661124e-02 8.583146784868188328e-02
1.202194452254138346e-01 9.097795241598248539e-02 7.890340588495017848e-02 1.208975411187900723e-01 1.164213050228382756e-01 1.164987306147706736e-01 8.675382678216472798e-02 9.232749343667794040e-02 8.682111952036826452e-02 9.017917997804354713e-02
1.179101048491303511e-01 9.191478487798662722e-02 7.972637011833805243e-02 1.183348415526970093e-01 1.167296322953032678e-01 1.167617671293572218e-01 8.686174133969140621e-02 9.435895972478777760e-02 8.689027949584798849e-02 9.051151861686029809e-02
1.183635950489169419e-01 9.101730052865783516e-02 8.350059821367787627e-02 1.185689135837622865e-01 1.125914138965389139e-01 1.125671444245447406e-01 8.991202783478964566e-02 9.554592978028263184e-02 8.990411805688403035e-02 8.802895863194512560e-02
1.200165248048380429e-01 9.057805588747554204e-02 7.340719063553990953e-02 1.202768435443548750e-01 1.224981233478281833e-01 1.225406672362467780e-01 8.461035774145586608e-02 8.986164328864051920e-02 8.460163447549054472e-02 9.160895903812972529e-02
1.227374801022388801e-01 8.855205794661402674e-02 7.678399262709326156e-02 1.232285004405417050e-01 1.209856507163808159e-01 1.209750490051704486e-01 8.585934757634565428e-02 9.250250084291344876e-02 8.588396899076704283e-02 8.249145175193468849e-02
1.180506122262363761e-01 9.330205554501766474e-02 8.525044604667109116e-02 1.183543834330878231e-01 1.111294303376719472e-01 1.111242876332829282e-01 8.788383242478386981e-02 9.357966782791257709e-02 8.789067304495033761e-02 9.343461148038542663e-02
1.171340914040036318e-01 9.192943812270190640e-02 8.397046067757318877e-02 1.174818821146123293e-01 1.093420714761037527e-01 1.093713500014648898e-01 9.014095167735608483e-02 9.783814026857305668e-02 9.016448524206417681e-02 9.262712901554694123e-02
1.054037256372392234e-01 9.816574386983611955e-02 9.407055858491776557e-02 1.053877644949542947e-01 1.033523568021519484e-01 1.032488691902477412e-01 9.359714410780640981e-02 1.017546336879302099e-01 9.357124998198912413e-02 1.014479536429271911e-01
1.179093020090264260e-01 9.120044901334221910e-02 8.441052135752068197e-02 1.184820900868116395e-01 1.119002934287975787e-01 1.120158368156254358e-01 8.905467298428858258e-02 9.647421187890081740e-02 8.911837905663234916e-02 8.943424336905432537e-02
1.127299231902960941e-01 9.459669581989028908e-02 8.520919482035313464e-02 1.132109637873365132e-01 1.106165052935087489e-01 1.106703519106823352e-01 9.156668573526682842e-02 1.001822408007573412e-01 9.163486754188725214e-02 8.958257110002143531e-02
1.137737931735168795e-01 9.547715139442257415e-02 8.646175996522897922e-02 1.144721061172363774e-01 1.081207547783891026e-01 1.081999649502769500e-01 8.849891750540557489e-02 9.942330328319788635e-02 8.859635262772611042e-02 9.697589620459956539e-02
1.234364919498133623e-01 8.727148811976208342e-02 7.790088733018465939e-02 1.239717668907005382e-01 1.176222830085826981e-01 1.175782188118791455e-01 8.439729739408070863e-02 9.229660350664542490e-02 8.442197085001855450e-02 9.110299213833276954e-02
1.232333197693160215e-01 8.935135223112027070e-02 7.157893268961157407e-02 1.236785254113573485e-01 1.208572980257039409e-01 1.209045628620376289e-01 8.489327815434412339e-02 9.005699897453769975e-02 8.490826947228392874e-02 9.053746240968746362e-02
1.250058755898024732e-01 8.599537207069565814e-02 7.877553222093194862e-02 1.254355606759165742e-01 1.189590365901832675e-01 1.188094158066194533e-01 8.225557154979089292e-02 9.113383171531051763e-02 8.225294455296029705e-02 9.137685922778886194e-02
1.205981803083498866e-01 8.819441055684792974e-02 7.527018823878522946e-02 1.208400122116817660e-01 1.220914772702779844e-01 1.220496991029430545e-01 8.378321249443702878e-02 8.835874704849462635e-02 8.376657442822821320e-02 9.504749833995425334e-02
1.188442965810923013e-01 9.169452668128956485e-02 7.961266467221554677e-02 1.192500996277928993e-01 1.161335221564329667e-01 1.161585162747370559e-01 8.817958704692688277e-02 9.331665419385691551e-02 8.820555971405456830e-02 8.860457305160135411e-02
1.152997468037325890e-01 9.350574036508901843e-02 8.065708120874501286e-02 1.155559225230272657e-01 1.117990486146405588e-01 1.117659832950992777e-01 9.067810381241871165e-02 9.556239190373637393e-02 9.068822255941100252e-02 9.448775891410023109e-02
1.253747518886296763e-01 8.792120651682910903e-02 8.270800116742574315e-02 1.258934319276776015e-01 1.120141946762556878e-01 1.119670392547568727e-01 8.706695508554972152e-02 9.245977665954177582e-02 8.708995130847003996e-02 8.750469151486379993e-02
1.100957481758360612e-01 9.465492290404643738e-02 8.950973425633905467e-02 1.101643491349791615e-01 1.101599274006003770e-01 1.100392848434679216e-01 9.091008184843819839e-02 9.781262740511161013e-02 9.089045157151774690e-02 9.576287245966343120e-02
1.198224128894002510e-01 9.211301707094428359e-02 8.433176216125315428e-02 1.205315320019351016e-01 1.128863075779235198e-01 1.129260697778193684e-01 8.624678651950271058e-02 9.297413693322503780e-02 8.631722366540715841e-02 9.185075140258944226e-02
1.198134481417010289e-01 9.141874209526663908e-02 8.011136216423815626e-02 1.204711976913081933e-01 1.120333012828403502e-01 1.121219219654994576e-01 9.015899976219189649e-02 9.580387289160963160e-02 9.023540826984685626e-02 8.783174573549777653e-02
1.118196869922419845e-01 9.420275339103027779e-02 9.387826033203851284e-02 1.119183353637008965e-01 1.077805803622327446e-01 1.076679049512980907e-01 8.980011711512270178e-02 9.550873737257384311e-02 8.978080726678938639e-02 9.764281685297156177e-02
1.207872626401582661e-01 9.131842027675277085e-02 8.126764467570844752e-02 1.210328463083845674e-01 1.176385058371653691e-01 1.176263343630057912e-01 8.721544514821594207e-02 9.439837854140593898e-02 8.720563619396480559e-02 8.150952601523812902e-02
1.157489789227186677e-01 9.011019479833701218e-02 8.105676412636388106e-02 1.159811292129879351e-01 1.205281002984099487e-01 1.203505502922546794e-01 8.700656573050212506e-02 9.099053070772850083e-02 8.700079224098081210e-02 9.122639366971642405e-02
1.153582332599743382e-01 9.124736398282430605e-02 8.217143831520042074e-02 1.157879088927650929e-01 1.164665586433769745e-01 1.164905260616235783e-01 8.664310096351394985e-02 9.258240440975880337e-02 8.667837287331987828e-02 9.657409259764265785e-02
1.186060703018445711e-01 9.229148930196234835e-02 7.938255722592027497e-02 1.189839082056505376e-01 1.148936399162756583e-01 1.149446651176366102e-01 8.674717158531118633e-02 9.377590120143917962e-02 8.676556368900577298e-02 9.360903345495384664e-02
1.167725609810782300e-01 9.267229832873763451e-02 8.521496373336812091e-02 1.170405179339443630e-01 1.122778717588833186e-01 1.123324328775474473e-01 9.161906308209909200e-02 9.460641451095984367e-02 9.163308162289413028e-02 8.583079517048775031e-02
1.171092392776182101e-01 9.058813974082496889e-02 8.627994219279885857e-02 1.172943349922752204e-01 1.096444525131848868e-01 1.095300313329550523e-01 8.795279670817740536e-02 9.619106878281058481e-02 8.793641182566745707e-02 9.747358263368736953e-02
1.206779317893475478e-01 9.056214084486483018e-02 7.968888052113594356e-02 1.212973286425910319e-01 1.148838388209769412e-01 1.149685643342747976e-01 8.575334250734624464e-02 9.308630072379066311e-02 8.580596961103591214e-02 9.327570220463603234e-02
1.151220089097919758e-01 9.099943735859501726e-02 8.379230488481513583e-02 1.155880360642506516e-01 1.166837107028008136e-01 1.166323081738529915e-01 8.577160319916901643e-02 9.152571198871475855e-02 8.580964501092649965e-02 9.807523370708312593e-02
1.192565281051989473e-01 8.747571166008727417e-02 7.685029912789362316e-02 1.195844040844250555e-01 1.215555328371885346e-01 1.214565041968211079e-01 8.436610332068969487e-02 9.237170735878064143e-02 8.436609014366294734e-02 9.271711916525215980e-02
1.220544750474496926e-01 8.832588528282578344e-02 7.636070051340845821e-02 1.223000519734545738e-01 1.189719744969599952e-01 1.188728880063879556e-01 8.526548602745810668e-02 8.883756889151507574e-02 8.524734023449918874e-02 9.376362952604118395e-02
1.245782401058804501e-01 8.653831650185041247e-02 7.889790818738653955e-02 1.248751598024859938e-01 1.144322663506396748e-01 1.143115667250411693e-01 9.057764110930843771e-02 9.030545395479371018e-02 9.057172907110937199e-02 8.491171819150421241e-02
1.227235278148923886e-01 8.823634073295129332e-02 7.589827317160069420e-02 1.230960641096937175e-01 1.222705205917918037e-01 1.221339087946877178e-01 8.293883636457717590e-02 9.040379452673599769e-02 8.293477352237066391e-02 8.936396037069857523e-02
1.183881146994825023e-01 9.164015657564303363e-02 8.418169231363414884e-02 1.190571842126691982e-01 1.099787763675248026e-01 1.100405300080248838e-01 8.743277953798712920e-02 9.666247789185651584e-02 8.750500015663012499e-02 9.511328823654768838e-02
1.372066536260805325e-01 8.997804877067118456e-02 4.956546106689561915e-02 1.387884504637497962e-01 1.278869799445036537e-01 1.288046112190410208e-01 8.661297530588371596e-02 9.389306443122387436e-02 8.678145009631345330e-02 6.048230507563714248e-02
1.169201830924142399e-01 9.291282090045449582e-02 7.989667179911238981e-02 1.173361181005748155e-01 1.150236998136029282e-01 1.150190535525136976e-01 8.774382935957077134e-02 9.507428893533707848e-02 8.777440458452050176e-02 9.229892986189910942e-02
1.182907836096960402e-01 9.175532393121910157e-02 8.079161227313612359e-02 1.188763893600005978e-01 1.152959073825303715e-01 1.153799632455643348e-01 8.815465826460235077e-02 9.310727019456584153e-02 8.821617743060101990e-02 9.013191430808425997e-02
1.212831605861766221e-01 9.165027088256158527e-02 8.282562135308836615e-02 1.217205359361011457e-01 1.141439438821362506e-01 1.141024632411202777e-01 8.574436915776116608e-02 9.327768216087498065e-02 8.576124128087667109e-02 8.949071151930293455e-02
1.183320905439479986e-01 9.034459686240969845e-02 8.436084409481391100e-02 1.186919019925898600e-01 1.174433071337292050e-01 1.173175277826652291e-01 8.194093878514130402e-02 9.262662359851508986e-02 8.194139458982842295e-02 9.700077461635921161e-02
1.230799191346094584e-01 8.803089487210742636e-02 7.595817960845419048e-02 1.236882419193562066e-01 1.203292997638168577e-01 1.203750544073743656e-01 8.533593382098740576e-02 9.097313403462138626e-02 8.537863252080064858e-02 8.685070991787208206e-02
1.162384958313332078e-01 9.228642725076428854e-02 8.095730581131357906e-02 1.165310728308169563e-01 1.166788298939410717e-01 1.166186232662137640e-01 8.802624837979440564e-02 9.084997676117387289e-02 8.803515698407997359e-02 9.377786299056886654e-02
1.223180851549713205e-01 9.080998603899606558e-02 7.402788717891493897e-02 1.231104975507785887e-01 1.156614553702829118e-01 1.158554353835035827e-01 8.753790955860431267e-02 9.383959493163127052e-02 8.762411351152851746e-02 8.921503532078849108e-02
1.203057091493133779e-01 9.215543933129845267e-02 8.642038204717754357e-02 1.207913783735057311e-01 1.103237939543005031e-01 1.102926288730002591e-01 8.756217176440253547e-02 9.246183880374642117e-02 8.759403511506121121e-02 9.209262258819399249e-02
1.236262751315301972e-01 8.976609689039376228e-02 7.863468966385941950e-02 1.245377686396651334e-01 1.155168237291766542e-01 1.156251958126413015e-01 8.430823275922644244e-02 9.290760426305172404e-02 8.439500353501412644e-02 9.068230957544123894e-02
1.149664100131900651e-01 9.309400923814609152e-02 8.685643141627036323e-02 1.153652406763248234e-01 1.122609432366660220e-01 1.122602728096263047e-01 8.646899866355382824e-02 9.733768340520949913e-02 8.649766352013900372e-02 9.489234702087397111e-02
1.200887462899616065e-01 9.087246849740709953e-02 7.659730201029241181e-02 1.205487341543263896e-01 1.207240160931407069e-01 1.207507159748237441e-01 8.730083246640296668e-02 9.412312465436141473e-02 8.733170551660336678e-02 8.166235434268030724e-02
1.196079792190670454e-01 9.059174480144376040e-02 7.831559837758489406e-02 1.200381297489751670e-01 1.162146803925238892e-01 1.162744753347558085e-01 8.735774728157406910e-02 9.275653090132084111e-02 8.738492361966032629e-02 9.145819032309418506e-02
1.208424383779733297e-01 8.773167738348570943e-02 7.898579100866873204e-02 1.214032613392223015e-01 1.172617382904237310e-01 1.172213401482183615e-01 8.442117597281049990e-02 9.261906251532076029e-02 8.445666935802075004e-02 9.505684560585579701e-02
1.139279025662634087e-01 9.472923278955855397e-02 8.575982096887042883e-02 1.141639795352710762e-01 1.081781606689229680e-01 1.081308198221541672e-01 9.066038108345347846e-02 9.907555707604760731e-02 9.066842484582454675e-02 9.470572064363380616e-02
1.219538608220445963e-01 9.063847150891120308e-02 7.941258716647667248e-02 1.224816118264343556e-01 1.159786613320387960e-01 1.159694170485264519e-01 8.646190572477457925e-02 9.222755750849380429e-02 8.649537033334731007e-02 8.838055672895224479e-02
1.154722530605274550e-01 9.153500449719964571e-02 8.225882794976521750e-02 1.158020133748753622e-01 1.155448167721778996e-01 1.155074602943832879e-01 8.975756048343554172e-02 9.583768984532897717e-02 8.978012836762590265e-02 8.850424535468072451e-02
1.212906044985415932e-01 9.162177472014006174e-02 8.191640898365527834e-02 1.217742673726386060e-01 1.141934604360799604e-01 1.142128884933756167e-01 8.772804411071011277e-02 9.245460856169487873e-02 8.775972769182939504e-02 8.704821513133449706e-02
1.152146313993071269e-01 9.149084604229414108e-02 8.308090961057679191e-02 1.155002635446066156e-01 1.100216662288902025e-01 1.099981343941509454e-01 8.874800481611413994e-02 9.936678142045773932e-02 8.875939816626392254e-02 9.781936437733833312e-02
1.254353230341164749e-01 8.993245069106245437e-02 7.861782434686299947e-02 1.259947747958689024e-01 1.131440484081009945e-01 1.130968065238838471e-01 8.756897880658091882e-02 9.212674663537290254e-02 8.760004631272218234e-02 8.648300044542832354e-02
1.263658552152062964e-01 8.871187138638801650e-02 8.245823443621537463e-02 1.269543330270734016e-01 1.116938653222037947e-01 1.116767363799466145e-01 8.441610448785710763e-02 9.209411626960775643e-02 8.444144531087197092e-02 9.118743816462963891e-02
1.164921002127760064e-01 9.289298750700684948e-02 8.754054575913192138e-02 1.168510206423685194e-01 1.127522693794014153e-01 1.127728874131676273e-01 8.568974158215258985e-02 9.699228885950234025e-02 8.570601509730782497e-02 9.231014354718491965e-02
1.217869250408036425e-01 9.041141963097168444e-02 7.547467730242451989e-02 1.223338299647529770e-01 1.175350510020075068e-01 1.176072920456184834e-01 8.774864506237789463e-02 9.368767169568562037e-02 8.779205365253928139e-02 8.562243460281844520e-02
1.139546768434938628e-01 9.182943966341540476e-02 8.817403997537084925e-02 1.141133356063471771e-01 1.085682304956671063e-01 1.084806910366341998e-01 9.340963757156250935e-02 9.317135742635386519e-02 9.340642272332434770e-02 9.489216865783060839e-02
1.236686377636250778e-01 8.830001349141469724e-02 8.255781085308062928e-02 1.241768010070514738e-01 1.144351197511408874e-01 1.143015810630154949e-01 8.410830260754791066e-02 9.270830993136494613e-02 8.412434706415558572e-02 9.161907646760328316e-02
1.260415798046107816e-01 9.043513436476759149e-02 7.377509651266592194e-02 1.268017435295071826e-01 1.169825716721005077e-01 1.171159048016547632e-01 8.608991210892957824e-02 8.966977158861369479e-02 8.615278077071548968e-02 8.693550484643450260e-02
1.211641237359092627e-01 9.261284829253489670e-02 7.598786414163623271e-02 1.217506560257447801e-01 1.150660562886834937e-01 1.152891989086156366e-01 8.956863892805488891e-02 9.319408212456059548e-02 8.963045728302179715e-02 8.573607427123842994e-02
1.217565909045317252e-01 9.038171843533887584e-02 7.254984878080673882e-02 1.224339250964102399e-01 1.177112437983525994e-01 1.178683580858888164e-01 8.645411241640553468e-02 9.388019538177727608e-02 8.651800437807642685e-02 9.044600272241173911e-02
1.003215913313314500e-01 1.005071685293699030e-01 9.824715202296382954e-02 1.001420349603548976e-01 9.738922455168716463e-02 9.735743615046159316e-02 9.926016888469392507e-02 1.055540510678057292e-01 9.921042375415732584e-02 1.020107487471741819e-01
1.016258047438939466e-01 1.012858624614799696e-01 1.053825292803444030e-01 1.014734390613783038e-01 9.948742429706881885e-02 9.943930633307322686e-02 9.390759668976235430e-02 9.768164776526619408e-02 9.385595037006916330e-02 1.058604389976635501e-01
1.139062354125360832e-01 9.092421215386342626e-02 8.756139286982968228e-02 1.140209289914658475e-01 1.158304811154241692e-01 1.156486012684705966e-01 8.536942497186945922e-02 9.155157744897503280e-02 8.534144246730003547e-02 9.984570330026573681e-02
1.160664511544949179e-01 9.348359097762723446e-02 8.568863208220786620e-02 1.163433396173581963e-01 1.150540319417754781e-01 1.150016400860553178e-01 8.546036636127937736e-02 9.109702443357341195e-02 8.546087026649631935e-02 9.634405307913188055e-02
1.181817940525895366e-01 9.118973265055163591e-02 7.773105352133323487e-02 1.186461669288667170e-01 1.148080746266553348e-01 1.148535347102081078e-01 8.785982333327010951e-02 9.094445590768425458e-02 8.789758677057349368e-02 9.788777749826761687e-02
1.171622319563999232e-01 9.236670020390339020e-02 8.349892239271744510e-02 1.177985812868423271e-01 1.130672346328633754e-01 1.131975298347510511e-01 8.951406460716915259e-02 9.494014504170897317e-02 8.959424728784703973e-02 8.886034275579728081e-02
1.195205299350170919e-01 9.027857303472155981e-02 7.849052317739234341e-02 1.200670015414366659e-01 1.173381942256580684e-01 1.174145805123956721e-01 8.622359496290661618e-02 9.431420514001531696e-02 8.626865866621533097e-02 9.008413880424134823e-02
1.194813348373160306e-01 9.154850150985631430e-02 8.235227140656656286e-02 1.197412148610903088e-01 1.140212935529474336e-01 1.140160995747136197e-01 8.712460771091710965e-02 9.571734711014855124e-02 8.711934118513772751e-02 8.887798825130638347e-02
1.247987369568335225e-01 9.100469226084668961e-02 7.586706007327316537e-02 1.255841425204679840e-01 1.153157719205824411e-01 1.154629932769968698e-01 8.736117464677069233e-02 9.374498416684430568e-02 8.743636240064386889e-02 8.342408177674044689e-02
1.143539904924003592e-01 9.053187030769796473e-02 8.069175915398127397e-02 1.145367981444992272e-01 1.227233582172178039e-01 1.225897153186125271e-01 8.406699030372469239e-02 9.181966541773541046e-02 8.405097631335288477e-02 9.463487633077784233e-02
1.163351776563687767e-01 9.303008552646069296e-02 8.404063033025890861e-02 1.165255954445640063e-01 1.114370595984547491e-01 1.114639013087257019e-01 8.832310761962784695e-02 9.587195176014237652e-02 8.831481673507367292e-02 9.465767402032329580e-02
1.229472323278707618e-01 9.051438787428828237e-02 7.830195801222596119e-02 1.235712455822741140e-01 1.167407022110036607e-01 1.168572117423789108e-01 8.570836659773281574e-02 9.389372053321352884e-02 8.575642761550397730e-02 8.570874750350798710e-02
1.200820896940213156e-01 9.118768963251745741e-02 8.163260594961653516e-02 1.207738475985509624e-01 1.121166819835997669e-01 1.121984172530804402e-01 8.741150358632100714e-02 9.674782872408403678e-02 8.748329358163260683e-02 9.036604199657588543e-02
1.244659135095564362e-01 8.949256721648100876e-02 7.872966127423321192e-02 1.251014873899568280e-01 1.143611928559117030e-01 1.143745618651254708e-01 8.566092854997305051e-02 9.370674868660129608e-02 8.570337153195436986e-02 8.840356712020662477e-02
1.269689643470530982e-01 8.803635527045183817e-02 8.002318405987561556e-02 1.272788264959372473e-01 1.168028663562505343e-01 1.166111182129189877e-01 8.491503518804857653e-02 8.744709129374236833e-02 8.489399620814615244e-02 8.702256256757560926e-02
1.194614830554288493e-01 8.963649651016621089e-02 8.371065453367948495e-02 1.197793269477224753e-01 1.157246144409008470e-01 1.156189080698662858e-01 8.380476343714321485e-02 9.393888531452454504e-02 8.380006276512953767e-02 9.452480492543852142e-02
1.261595444854516079e-01 8.845447044309552587e-02 7.472317207818077178e-02 1.268231336458552627e-01 1.169980051247862668e-01 1.170193670896634841e-01 8.384218254661301994e-02 8.906111520059385722e-02 8.387984213019981927e-02 9.303916725556038436e-02
1.152060757330977681e-01 9.487735608933679787e-02 8.202195559705173500e-02 1.158518323957028057e-01 1.130280172536664851e-01 1.131574448990982223e-01 9.174135211359793485e-02 9.578144028084339956e-02 9.183837026533347991e-02 8.649615537227135775e-02
1.238436887425912736e-01 8.858189253802123408e-02 7.323688352146048852e-02 1.244199620149936958e-01 1.216836847963587431e-01 1.217901500133413972e-01 8.333416177274517722e-02 9.259600993318345408e-02 8.336575863908100847e-02 8.714780802822354178e-02
1.154316200260981640e-01 9.413087999681696294e-02 8.779993219017179218e-02 1.158197889471533071e-01 1.097289460579961851e-01 1.098111247342873076e-01 9.168496051808891489e-02 9.699747776308483005e-02 9.172708037066251707e-02 8.686818939564001918e-02
1.124291140929284255e-01 9.583057521950127944e-02 8.549074561575452369e-02 1.127899834966176185e-01 1.119410465540371241e-01 1.119920711908451438e-01 8.930657800569352656e-02 9.605659208944504479e-02 8.934416480072931988e-02 9.481912893444803536e-02
1.287008154031098472e-01 8.575273984497350233e-02 7.686860101220975572e-02 1.291787139684218710e-01 1.171734620870119314e-01 1.170362154434578250e-01 8.180608828075497385e-02 8.790316975979910186e-02 8.180171906208087707e-02 9.377847513818031444e-02
1.134252327320310338e-01 9.433368090121883875e-02 9.266789423842393403e-02 1.136909974231256615e-01 1.074348852959465112e-01 1.073274078299641388e-01 9.045310715019075354e-02 9.574620881910514414e-02 9.046569800851569920e-02 9.445488760147829899e-02
1.106132207535518719e-01 9.654914325775267037e-02 8.820027412014161405e-02 1.109392739230164598e-01 1.154717845721012492e-01 1.154779463473765144e-01 8.958236607639553928e-02 9.395890529851903816e-02 8.961797943483146289e-02 8.958910621631355209e-02
1.202356422456484775e-01 9.119755375798735408e-02 7.997921994138970647e-02 1.207208653628798478e-01 1.123778699534021541e-01 1.123995376263487167e-01 8.768072893995627892e-02 9.567002573555499767e-02 8.771504881913520790e-02 9.202350761769728660e-02
1.164893046759977874e-01 9.262371976288059916e-02 8.541411824337141745e-02 1.165185631156315516e-01 1.123183706068320714e-01 1.122132524645266249e-01 9.034289913091576862e-02 9.178891032522594473e-02 9.030318411309951054e-02 9.198767756151871033e-02
1.213439504790991136e-01 8.868088379703907564e-02 7.561099124760253809e-02 1.217514556914549434e-01 1.181319446239062904e-01 1.180077147671587529e-01 8.471250767508710366e-02 8.990683999391710368e-02 8.472041898564805495e-02 9.713329273908702377e-02
1.227006152424919283e-01 8.935255693951540956e-02 7.819158474064143161e-02 1.233310934746109783e-01 1.170021404530727921e-01 1.170349203633774815e-01 8.550025338029765276e-02 9.240783438519165061e-02 8.554719227345602972e-02 8.893180874734454844e-02
1.106279625288066892e-01 9.510675708151940244e-02 9.192438542833056281e-02 1.108326761473023142e-01 1.117417231134675143e-01 1.116317460395021832e-01 8.419493264671618071e-02 9.576476351510111729e-02 8.418917530777807190e-02 1.039858781914759361e-01
1.108364934392755824e-01 9.371041952000602748e-02 9.100490100480751465e-02 1.107692823053470360e-01 1.093639223200632976e-01 1.091949336349773564e-01 9.253999743156153535e-02 1.015122984132604683e-01 9.249023500213406079e-02 8.857751692856703774e-02
1.144029514349427512e-01 9.492342480939593152e-02 8.557658146630353624e-02 1.146162996387281446e-01 1.156011583732701881e-01 1.155659914407373978e-01 8.940480513718006284e-02 9.209577631640247786e-02 8.940644153689486506e-02 8.840656984614464475e-02
1.183825885454310722e-01 9.084723765516715399e-02 7.934939913685803980e-02 1.188836246660140150e-01 1.102614618728776086e-01 1.103113655761769618e-01 8.972059170825039121e-02 9.832429340318768474e-02 8.976933706923907741e-02 9.415010036679796745e-02
1.207749048834300537e-01 9.009897658426986589e-02 8.040470272567036558e-02 1.213602942330871681e-01 1.178173248890781594e-01 1.177758567794525008e-01 8.538009851847630505e-02 9.191628724623238100e-02 8.542270596668408156e-02 8.904884817361906346e-02
1.161055151141098807e-01 9.263371195364351884e-02 7.538967297135883150e-02 1.168715409464252397e-01 1.153071778257361707e-01 1.154585399574103582e-01 8.885341893505203925e-02 9.417682286119546942e-02 8.896013948952266603e-02 9.624345994554585337e-02
1.180645815586585101e-01 9.311530596285322314e-02 8.277786876990467224e-02 1.185172101920094201e-01 1.118734024434821506e-01 1.119569280697842728e-01 9.000188752731851094e-02 9.526257526101800099e-02 9.004465943877194845e-02 8.838558077619926290e-02
1.173395144011609992e-01 9.190209770787394206e-02 8.003896395945084286e-02 1.178326992566207654e-01 1.195546560177930817e-01 1.195493412029120239e-01 8.926981872376667237e-02 9.091965662740475462e-02 8.931885718394805274e-02 8.427439491906885127e-02
1.149954822469902854e-01 9.173257271907674093e-02 8.530336047473330296e-02 1.154260743154673086e-01 1.154331792548466823e-01 1.153594972224650933e-01 8.750398332038850091e-02 9.422178939716698010e-02 8.753991012095338475e-02 9.248415092791172076e-02
1.184069639561388249e-01 9.341726182286413938e-02 8.583550989848323653e-02 1.189178566360267059e-01 1.105213667293777347e-01 1.106136095747681514e-01 8.955465466749133741e-02 9.364451626241848681e-02 8.960604587942154475e-02 8.948221457300988002e-02
1.182306405864202298e-01 9.396072768282455467e-02 8.035020195213371519e-02 1.186407066284251716e-01 1.125485034631193842e-01 1.126582003744459742e-01 8.998961831864318861e-02 9.303044689559414326e-02 9.002481924015742765e-02 9.056613485823619691e-02
1.199811006901593952e-01 9.270933499293375346e-02 8.734273872115391746e-02 1.201037169668098259e-01 1.114844538065030144e-01 1.114045757585250124e-01 8.763213411271768283e-02 9.312885188639574707e-02 8.759989191149572529e-02 8.861320115330595382e-02
1.185518847459888087e-01 9.252339696291091153e-02 8.334486299350743477e-02 1.187325221842978756e-01 1.156219257025591085e-01 1.156188322109786837e-01 8.898959819078886002e-02 9.309784702648837840e-02 8.897613543105631351e-02 8.454299455142361142e-02
1.176731635568233764e-01 8.961615897855709778e-02 8.410580468449803393e-02 1.180945708204427236e-01 1.180895930509413411e-01 1.180007172056326409e-01 8.465616778493369188e-02 9.060547018426383381e-02 8.467593228776405800e-02 9.448242144614321658e-02
1.187976162652401996e-01 8.737974331875027201e-02 8.149983047466283215e-02 1.191366525680552929e-01 1.176626559191601695e-01 1.175125991461880570e-01 8.270502963654072226e-02 9.065385187904041742e-02 8.270218866074068031e-02 1.019498321316213429e-01
1.166236074719666921e-01 9.439661628854892350e-02 8.068466528533096982e-02 1.168416050924324240e-01 1.120885080245922483e-01 1.121085947627898094e-01 9.128346348886724748e-02 9.597474525407732882e-02 9.128605784599892747e-02 8.871213648539541530e-02
1.221753621599433598e-01 8.928207646815025655e-02 7.784562530393475399e-02 1.224532955496987208e-01 1.201873401915120598e-01 1.201620120078212006e-01 8.503530566596857743e-02 9.029101625187886671e-02 8.502391265630039607e-02 8.754405374479180824e-02
1.179216737160576345e-01 9.108379984180306477e-02 8.194942116401675303e-02 1.183782264659200972e-01 1.130545132902396749e-01 1.131500602553759255e-01 8.841453302837815054e-02 9.398792157479304854e-02 8.845435485207960025e-02 9.360549581133600916e-02
1.140164479569948514e-01 9.197388969118591717e-02 8.236414512703485458e-02 1.141324708333697341e-01 1.207315081474153451e-01 1.206620178873205745e-01 8.623346841251840200e-02 9.177971866465721440e-02 8.621108104254898707e-02 9.189525223695407807e-02
1.211317401878176797e-01 9.235142956238300005e-02 7.496629825361421362e-02 1.219221157736901096e-01 1.164806438058904742e-01 1.166855710267360319e-01 8.961752396177609381e-02 9.563670289624534582e-02 8.971573899813026221e-02 8.149223553371674755e-02
1.218971358384872972e-01 8.994057353175416436e-02 7.637908648913149801e-02 1.221465256169259050e-01 1.204537712388464854e-01 1.204320296450612504e-01 8.611136022051685268e-02 9.067071731185914751e-02 8.609804832761544513e-02 8.587075177980194041e-02
1.221166967256698405e-01 8.910633095072161003e-02 8.357003930891825083e-02 1.224914531853998345e-01 1.116829361842086726e-01 1.115593461425688770e-01 8.563700968257802193e-02 9.322046697904409762e-02 8.563840503143872740e-02 9.497731580945205365e-02
1.146717353199188938e-01 9.366555281638025421e-02 8.144442360188874908e-02 1.151633687789174881e-01 1.146730421628443519e-01 1.147189194860847999e-01 9.045462074773875927e-02 9.459389222360171934e-02 9.051565128767542767e-02 9.009879357494957053e-02
1.210380675000758272e-01 8.948573344011180597e-02 7.900537351149522491e-02 1.215395924196515931e-01 1.137422709768979717e-01 1.137441133939878501e-01 8.457993628557879118e-02 9.276695859694068791e-02 8.460613443949241419e-02 9.949181943576784759e-02
1.095679176039165564e-01 9.693981303259616156e-02 1.010371420033028544e-01 1.096851479978764171e-01 1.052269105091313550e-01 1.051520338879598226e-01 8.930706619491306231e-02 9.770645234342456575e-02 8.929602159507606107e-02 9.608149483180315753e-02
1.153675853591687311e-01 9.143689699924226200e-02 8.031186715607682713e-02 1.157364294771297542e-01 1.175487322738466150e-01 1.174472882769649479e-01 8.779531241766798388e-02 9.394488321272605191e-02 8.781912709678768580e-02 9.259187773038915492e-02
