1.171625020925729649e-01 9.269918355751617656e-02 9.293173942517318764e-02 9.569700485542401158e-02 7.750607012022697750e-02 1.189320840538133361e-01 1.134937944971321777e-01 1.189129578430387912e-01 9.269438984595271269e-02 7.997027370914971955e-02
1.109056543778163262e-01 9.186243631981506896e-02 9.200491320322692901e-02 9.345234551799293243e-02 8.140086918467888399e-02 1.212572958917946114e-01 1.144655395797409825e-01 1.211122205786751560e-01 9.191491038553165072e-02 8.162381496072744491e-02
1.097846266014211591e-01 9.278050075412581921e-02 9.292869046411705858e-02 9.422872702952699020e-02 8.432325670231215209e-02 1.182799273747961316e-01 1.078871835938030460e-01 1.181911560807720057e-01 9.280187405541480417e-02 8.879405734371084713e-02
1.173010353758813518e-01 8.962411791706710595e-02 8.985777024826464843e-02 1.060601481057665968e-01 7.612359499615928282e-02 1.173759866224543952e-01 1.198036795800602877e-01 1.173247637030527535e-01 8.965057839908424642e-02 7.687832505220934531e-02
1.132824128011365589e-01 9.170495114652896240e-02 9.179471496961674748e-02 9.485504317210624592e-02 7.821617793409502140e-02 1.247079607711407273e-01 1.110155202686540776e-01 1.245327170193690353e-01 9.171270928704139402e-02 7.817779263031120196e-02
1.045068617452978577e-01 9.350077577392451600e-02 9.344846609301164786e-02 9.773741131713728492e-02 9.299096959524420780e-02 1.141053745237539802e-01 1.040367046321596378e-01 1.139684432637635136e-01 9.346368385685584201e-02 9.224130919885153990e-02
1.151405721431720403e-01 9.119796277172173560e-02 9.142186445188510424e-02 9.833345178528636599e-02 7.586119213723752086e-02 1.228805113365054186e-01 1.137425156331461074e-01 1.228338806743522194e-01 9.117718645859552995e-02 7.741086260809797170e-02
1.130004306026062694e-01 9.235477784025249159e-02 9.254288541541834390e-02 1.033274389208104355e-01 8.091951485346902950e-02 1.176378934382886210e-01 1.097457863608746337e-01 1.175723801352315662e-01 9.238177894736444851e-02 8.051711348568413307e-02
1.112652906113194839e-01 9.325272671738567276e-02 9.348863252405170687e-02 9.385837537677901854e-02 8.481433043587013887e-02 1.163547846982673634e-01 1.109076919602316885e-01 1.163410559424589430e-01 9.326951072687278410e-02 8.644760100676322778e-02
1.134269323146199215e-01 9.077731503965434656e-02 9.093322490724946305e-02 9.636416228803103279e-02 7.933896913384787253e-02 1.186880664895688803e-01 1.193933560236817432e-01 1.185676440170307933e-01 9.082399910888010186e-02 8.168633067743583109e-02
1.100993063813179990e-01 9.010335669388853941e-02 9.022184098821964260e-02 1.001015010490590579e-01 8.095732720197282295e-02 1.233381634269991173e-01 1.115789096961976173e-01 1.231458876393780322e-01 9.015424124493535973e-02 8.029946567803183943e-02
1.196443844199263778e-01 8.763897545556202651e-02 8.787157165501349732e-02 9.559944013994964296e-02 7.529665231055433783e-02 1.224385528569534864e-01 1.244365036968463761e-01 1.223201157054883415e-01 8.768699020307824110e-02 7.706681355662768629e-02
1.188519313274609274e-01 8.966550747182963632e-02 8.983895762945125207e-02 1.001993092276421832e-01 8.045162190985760686e-02 1.138279387894858136e-01 1.222423389008189254e-01 1.138078956044832613e-01 8.962754783538551262e-02 8.148695130358486749e-02
1.203075162044495300e-01 8.579707686680428103e-02 8.600048540246772732e-02 1.059802236345106230e-01 7.274346279029018925e-02 1.206510281286101577e-01 1.287678430620561032e-01 1.205149935117277443e-01 8.583920210526801986e-02 7.339816829381559660e-02
1.174135845118911281e-01 8.870306396327592990e-02 8.889990516653027697e-02 1.038241183145641178e-01 7.300731012776315310e-02 1.212562765553937133e-01 1.236574919201361283e-01 1.211547614305798493e-01 8.871887394199932941e-02 7.336461406786635997e-02
1.152826423828444413e-01 8.860588479245438964e-02 8.873192557423825733e-02 9.750299396766687332e-02 7.834511653826421729e-02 1.236536300067658661e-01 1.156227596359676035e-01 1.234666790299206451e-01 8.863832257578091456e-02 8.015004549609683338e-02
1.139071800811010948e-01 9.132619849639116161e-02 9.145943068245103447e-02 9.792153754567781143e-02 8.248425324610522691e-02 1.162566696867862875e-01 1.154486115518980893e-01 1.161347385326689380e-01 9.138482147664309108e-02 8.367655870027729259e-02
1.120614927720344073e-01 9.540919068359160482e-02 9.572463821799968853e-02 9.812511907688020729e-02 7.781263462087444072e-02 1.184190860305294191e-01 1.093696162227157653e-01 1.184305847959003233e-01 9.546087654639197340e-02 7.918676103308215641e-02
1.176267390979403304e-01 9.156625513542601680e-02 9.185721705676568039e-02 9.052687018627626758e-02 7.328166847815378859e-02 1.245708379721666842e-01 1.204903068314334275e-01 1.245260769218606428e-01 9.159174799463876138e-02 7.396228032533837260e-02
1.151454837750044424e-01 8.985847467851865167e-02 9.006892373776674565e-02 1.025730676921690898e-01 7.975556724412002918e-02 1.180563595627563550e-01 1.192867688094908507e-01 1.180013526283060638e-01 8.986552632835388688e-02 7.738847554351385716e-02
1.148053221773626675e-01 9.125014181260820978e-02 9.141654350050511246e-02 9.277343348599920159e-02 7.799906236195645881e-02 1.241177833879122949e-01 1.142510935945200978e-01 1.239857172568391286e-01 9.127385335997315052e-02 7.812704906232365021e-02
1.101901008009992383e-01 9.253935167408033902e-02 9.269224390883264164e-02 1.021851057898511272e-01 8.272293014848240700e-02 1.172457139874557158e-01 1.085831489735400029e-01 1.171313814556842886e-01 9.260763455689287327e-02 8.410238870418139390e-02
1.126783231111236350e-01 9.059635527589339488e-02 9.072310133207413252e-02 9.706015780630149192e-02 8.343285474457123874e-02 1.187653475285465332e-01 1.127062890163616493e-01 1.186346154797084107e-01 9.062809571315882939e-02 8.477485999226067048e-02
1.142161747976790931e-01 9.079175487077634221e-02 9.099527433294955781e-02 1.061011708388529262e-01 7.699162428499554955e-02 1.194410724077757807e-01 1.141462537713418129e-01 1.193601896511981564e-01 9.082219878692243675e-02 7.713428625750835821e-02
1.154216447833870257e-01 9.016166674473684306e-02 9.030514837512020054e-02 8.913171774201188169e-02 8.364145076075396590e-02 1.193085432376318755e-01 1.197797995976319085e-01 1.192121037695925284e-01 9.015452529548417804e-02 8.288339969364960647e-02
1.131671450362086856e-01 8.464642786768042382e-02 8.493774529945485874e-02 1.460173417402313156e-01 6.673198538181650263e-02 1.170474143904224051e-01 1.172591779089307007e-01 1.170159027801327134e-01 8.466325177230400734e-02 6.851360782281837314e-02
1.128807854436775504e-01 9.341077524030157175e-02 9.358282758726366168e-02 9.227916264579132111e-02 8.271368820490848650e-02 1.174715965810737284e-01 1.102590469388640693e-01 1.174004242751742477e-01 9.344283572568376495e-02 8.655885735726157049e-02
1.109384420967363255e-01 9.174051932707821821e-02 9.183860791957830505e-02 1.022962352638124017e-01 8.319044694853308664e-02 1.162154681000693718e-01 1.103780531865384967e-01 1.161235303960803239e-01 9.173163457129225595e-02 8.554706219028115899e-02
1.138386536054978720e-01 9.048524681850808604e-02 9.062236124945102778e-02 9.924954860567387904e-02 8.013900177758430388e-02 1.193280114120849333e-01 1.162994708491369433e-01 1.191991452508316951e-01 9.051708950887159266e-02 8.032147092235966679e-02
1.116500054246471751e-01 9.008615140957497436e-02 9.026859756210925401e-02 1.047407778371924197e-01 8.405433528059685910e-02 1.141410607781423586e-01 1.137572822446138165e-01 1.140888829961649448e-01 9.010106094976494395e-02 8.711184551719326763e-02
1.152318550919236712e-01 8.951725965613882563e-02 8.967613940787551308e-02 9.563621462359103709e-02 7.533546933814466717e-02 1.237927472881887869e-01 1.197441039812821573e-01 1.236564496095076265e-01 8.952619401399528054e-02 7.788356698935244848e-02
1.156643584981230516e-01 9.045163905670711157e-02 9.060633397648885923e-02 9.741391993699752283e-02 7.873472745917765858e-02 1.184821134005743931e-01 1.179138570535910313e-01 1.183500800103644834e-01 9.051113726215348487e-02 8.187183334582238958e-02
1.173116979752621414e-01 9.129487613190817585e-02 9.143663488450157195e-02 9.732440824555928238e-02 7.727160897751651769e-02 1.188970411165821972e-01 1.191039305021217853e-01 1.187608936859318731e-01 9.135289158276573007e-02 7.724601689785080827e-02
1.056318358560583842e-01 9.467077611221633160e-02 9.476614799089788654e-02 1.061063489362445850e-01 8.682659155883037938e-02 1.071776118290924257e-01 1.067375978756387733e-01 1.071522472315575292e-01 9.467978611791068311e-02 9.625105649155293874e-02
1.074429377970276961e-01 9.474609907588699143e-02 9.480177384332609536e-02 9.750786568126965093e-02 8.783113164241587723e-02 1.146242802287080337e-01 1.073019751822823636e-01 1.145438839129613307e-01 9.472993962850681515e-02 8.647011300761514585e-02
1.162457617711569330e-01 8.471188674958836373e-02 8.489929089433884135e-02 1.101651528409456349e-01 7.890358249178443251e-02 1.202462476505917338e-01 1.205454284935525699e-01 1.201259124184747007e-01 8.471570263884771468e-02 7.944103405071903379e-02
1.211224153624991390e-01 8.823169728856987415e-02 8.847044252660302144e-02 1.091023494270493277e-01 7.032269819748464268e-02 1.197792012782455673e-01 1.216027968092064510e-01 1.197362068345768499e-01 8.822137845155908487e-02 7.341081382420605594e-02
1.148295024214594784e-01 9.070544899152635510e-02 9.089775749694797846e-02 8.941702016164027045e-02 7.895200749889511038e-02 1.231813184574288844e-01 1.185779471367264526e-01 1.230752673248832196e-01 9.072358346456796396e-02 7.964014704592431437e-02
1.163807641341153276e-01 8.745723938124495833e-02 8.761248057668338807e-02 9.761939059578451927e-02 7.824123318118710035e-02 1.261129545263678375e-01 1.153118893271602163e-01 1.259555948197542685e-01 8.744784691704535207e-02 7.786060654065705966e-02
1.192719531725935922e-01 8.794887668315608253e-02 8.806655785037829920e-02 1.007216898597367571e-01 7.407000828145206273e-02 1.231936126226524514e-01 1.210359316117763651e-01 1.230201626248588614e-01 8.795588390331586515e-02 7.471532339007964929e-02
1.126797601637758162e-01 9.054133582369516819e-02 9.070128981175629157e-02 9.765941958532146916e-02 8.025350269598491293e-02 1.220428528217084585e-01 1.136915253898621303e-01 1.219144349839754032e-01 9.056740646880592771e-02 7.994847225511440836e-02
1.148114463651584427e-01 9.019204074763952084e-02 9.030163220313734695e-02 1.033093657954873013e-01 7.961627085333104759e-02 1.165967511491182440e-01 1.177707088026902216e-01 1.164614144713558147e-01 9.023228961132763459e-02 8.070808000075446742e-02
1.136913260804579690e-01 8.992915946707237540e-02 9.013393703054121964e-02 9.262773176187218127e-02 8.189134880257929738e-02 1.226005223657320592e-01 1.176839422676410896e-01 1.225258596719409898e-01 8.991818669193103741e-02 7.899798586023167035e-02
1.159554300511483477e-01 9.024019779742102620e-02 9.045409123884354252e-02 9.963103049695355706e-02 7.663580193379172789e-02 1.200083322016974596e-01 1.183594720205074780e-01 1.199114395187269311e-01 9.029022577157934382e-02 7.851397896933058618e-02
1.162786407708943648e-01 9.126841675094411743e-02 9.145466780584689259e-02 1.024950691484171755e-01 7.608720484192224576e-02 1.176239793193789851e-01 1.142285486403978173e-01 1.175579803604832468e-01 9.128465397505326762e-02 8.172083838666192868e-02
1.119664373665358453e-01 9.034531192698300184e-02 9.047924402209643613e-02 9.922766026290623376e-02 8.286409005080964951e-02 1.178323437206837410e-01 1.155612854807980677e-01 1.177531629782658379e-01 9.032249407538817110e-02 8.364797011553298800e-02
1.211536427737650301e-01 8.926345896707224559e-02 8.950595946154618621e-02 1.010012661233025133e-01 7.052491406196040313e-02 1.187724461289893091e-01 1.279511140511178924e-01 1.187594272338111656e-01 8.923452844188507760e-02 7.383324275655019087e-02
1.199056974311915602e-01 8.746630854455553217e-02 8.765991956127491824e-02 9.303650461346077427e-02 7.511417458245699119e-02 1.218664706021333893e-01 1.277036630422021535e-01 1.217586266584324423e-01 8.747084289122672440e-02 7.801779207306552832e-02
1.103776167865732766e-01 9.249611621500059000e-02 9.261485461266795449e-02 1.013779713898245033e-01 8.215929691129561507e-02 1.174167700247716190e-01 1.089048622051241172e-01 1.173258054670829331e-01 9.249996434552797131e-02 8.482674204213140612e-02
1.102234281727275667e-01 9.245004569764554703e-02 9.259811273279497379e-02 1.071144308117186750e-01 7.867447538908046989e-02 1.182494830006379505e-01 1.037566633493910706e-01 1.181683097210369654e-01 9.245811479625802576e-02 8.630693632870878318e-02
1.025951965027195600e-01 9.755256751690105643e-02 9.747861321395429046e-02 1.085933924130113581e-01 9.065100491651438552e-02 1.046858734442072114e-01 1.040763130826644206e-01 1.046167390703445083e-01 9.754774904241805822e-02 9.220255079726516478e-02
1.119594916533699219e-01 9.087463716075788733e-02 9.110479821272078615e-02 9.951019417196518835e-02 8.265521818146839839e-02 1.181840175378455621e-01 1.117760301154816088e-01 1.181250191463761035e-01 9.091192075392569294e-02 8.489867306608886444e-02
1.111059054405280355e-01 9.474216888774161793e-02 9.488815525425585429e-02 9.984998313333268150e-02 8.355730126381273604e-02 1.134174280867328993e-01 1.083299024396183058e-01 1.133498372231907386e-01 9.479920553240037129e-02 8.596011273838674582e-02
1.080948809302060276e-01 9.514796906864735060e-02 9.528262436948524428e-02 1.021135155765940106e-01 8.531662475256915346e-02 1.140360427680646438e-01 1.066466864119110930e-01 1.139290543424714836e-01 9.525209020012848082e-02 8.418051157992256783e-02
1.167797601810432323e-01 8.639915074419023122e-02 8.655497590815411368e-02 1.028517650706766845e-01 7.790049643814368763e-02 1.228385699064042796e-01 1.181652719299975396e-01 1.226813006253781452e-01 8.640963312815434783e-02 7.941907606785769680e-02
1.199822647054958613e-01 8.836364149287716241e-02 8.860002674775278864e-02 1.020992964435127465e-01 7.114264256142621701e-02 1.225160025109097023e-01 1.244946188745708338e-01 1.224511760755449680e-01 8.835694719281388110e-02 7.199338339509579743e-02
1.175513723461203280e-01 8.483255345827894756e-02 8.493209563433694320e-02 1.046612101724995608e-01 7.689050375194078635e-02 1.238270859674785174e-01 1.200326988045011534e-01 1.236197749402862672e-01 8.482526657572760087e-02 7.882743834882990908e-02
1.214786299530665470e-01 8.750706581150236030e-02 8.769959420389462912e-02 1.064840964539065515e-01 7.395099767050639095e-02 1.201089008552187337e-01 1.203306427406478363e-01 1.200446197888323796e-01 8.747362879907173705e-02 7.492182372335280671e-02
1.164611878960789826e-01 9.167626144945124900e-02 9.185793920620997921e-02 9.728800023155829979e-02 7.764063073233733181e-02 1.193533157434248926e-01 1.151372645285133334e-01 1.192798527497234001e-01 9.168646828100057711e-02 7.961907918170196830e-02
1.108672259957914630e-01 9.258241818091679509e-02 9.267852966256816261e-02 1.052991415793319840e-01 8.285737620207921095e-02 1.144810638691736576e-01 1.118314441965524986e-01 1.143968651399717568e-01 9.258659871916526118e-02 8.241933645444918244e-02
1.122698077578127840e-01 8.793416085607634602e-02 8.805345105858651544e-02 9.649292913170705310e-02 8.088681972820856159e-02 1.259877928605147857e-01 1.132911225815923101e-01 1.257907709786418304e-01 8.794316194327177205e-02 8.134998310358794449e-02
1.089750955796402465e-01 9.364501480353351615e-02 9.364493847994176390e-02 1.065000224423883618e-01 8.514322993622140678e-02 1.090018933137516938e-01 1.114356590841853872e-01 1.089169090018368147e-01 9.363462484956644460e-02 8.910261250893439233e-02
1.125756572837488534e-01 9.155584223160170843e-02 9.170937924988255274e-02 9.711511251719164017e-02 8.329472771246235197e-02 1.198161805735440261e-01 1.093580581005970803e-01 1.196754086073081175e-01 9.162379868750893108e-02 8.327583503615472449e-02
1.128751847325425578e-01 9.175280908555906445e-02 9.195586305749384182e-02 9.827664654435977476e-02 7.842771650236136927e-02 1.209918285210059563e-01 1.107204563502009326e-01 1.208903960933023908e-01 9.180408684871185776e-02 8.230501226446226837e-02
1.081254968083253942e-01 9.452228963785305749e-02 9.451323753806797900e-02 9.950947865724571462e-02 8.920394226221703415e-02 1.122995292535272915e-01 1.081970821815452510e-01 1.121903090343600862e-01 9.451459921696596378e-02 8.692403540989226962e-02
1.175013315529416374e-01 9.098898544001331190e-02 9.116169825637353286e-02 9.005648044262731799e-02 7.830293535579541109e-02 1.207707426442854309e-01 1.173752288768903085e-01 1.207034098530251204e-01 9.096487604471872879e-02 8.217431153332921401e-02
1.186301337400495065e-01 8.860129559920655595e-02 8.866275164965360667e-02 1.034155285215627856e-01 7.719168044408000751e-02 1.140926355225262423e-01 1.238685220001461418e-01 1.139668777932377336e-01 8.859489820384153225e-02 8.297567652569590169e-02
1.158052459961798480e-01 9.043968602055248163e-02 9.061837761601891639e-02 1.044644877004455019e-01 8.112728719910140829e-02 1.148679120745688675e-01 1.151280654270882692e-01 1.148049489082216823e-01 9.046266208723080515e-02 8.228132697059220568e-02
1.144675547527297804e-01 9.166172678921415129e-02 9.185625581516151938e-02 1.026440635444792193e-01 7.880209559384840357e-02 1.183161725914010504e-01 1.135071545694642248e-01 1.182615362163370459e-01 9.166744836614135195e-02 7.881599176122332240e-02
1.123402432727637207e-01 9.246604098558250384e-02 9.265419980093914099e-02 9.365274758638998664e-02 8.347775428810376430e-02 1.169400185725717606e-01 1.138787361571015344e-01 1.169061403503275920e-01 9.245700046256154214e-02 8.522711852365839891e-02
1.091543050439081203e-01 9.014559606629038435e-02 9.018073751424587892e-02 1.108832060294850652e-01 8.395122933884566208e-02 1.167652247669112575e-01 1.063318730858564543e-01 1.166196668779740375e-01 9.013126645372805668e-02 8.583689482275501381e-02
1.146023546974910962e-01 8.997717761383702828e-02 9.019691792834191868e-02 1.013674577227205859e-01 7.819892213092030642e-02 1.206320743627955216e-01 1.152625746890337116e-01 1.205440198763404330e-01 9.001326295113447340e-02 7.920523802738492491e-02
1.150058827612223666e-01 8.947520478838326408e-02 8.958942421694492120e-02 1.067306024827688465e-01 7.989059353483661530e-02 1.136844316729737486e-01 1.182074577805838772e-01 1.135713708009035011e-01 8.951165884290962493e-02 8.433337311847326212e-02
1.205241944483440852e-01 8.652963965287710502e-02 8.667415476061068880e-02 1.073696816358088724e-01 7.399319401033307986e-02 1.184251652545060957e-01 1.227642010833628755e-01 1.183134044990035577e-01 8.651732214576879354e-02 7.888904250938477691e-02
1.183594459982132280e-01 8.771110439426070549e-02 8.784180994936131859e-02 1.036232174378684950e-01 7.639902329796306735e-02 1.215993299842064307e-01 1.191043264871551599e-01 1.214765159276223749e-01 8.768226271163929997e-02 7.620296381170990618e-02
1.152965467516197662e-01 8.707728898806579854e-02 8.717428443490211898e-02 9.560314655738187672e-02 7.699443069666994655e-02 1.257711343214442945e-01 1.163479396911518554e-01 1.255819743298418611e-01 8.705143746158179596e-02 8.310181676734068601e-02
1.203690115667011284e-01 8.669647735206290062e-02 8.681156942169622470e-02 1.003500673327252929e-01 7.443277704195630506e-02 1.210490742615871196e-01 1.275029786375190821e-01 1.208928477142390961e-01 8.668892198198294152e-02 7.520627468952989503e-02
1.099343499635973276e-01 9.129703285219793740e-02 9.145920239726015866e-02 1.024848226439619425e-01 8.209556059226466584e-02 1.186411791033328555e-01 1.119931472136101308e-01 1.185171102364128842e-01 9.135976888817350094e-02 8.221782610918858258e-02
1.319485199853633051e-01 9.148628560266737486e-02 9.234515832683426462e-02 7.184915867141687673e-02 4.982448200336261207e-02 1.417739291686558600e-01 1.363797947567825797e-01 1.420706246557006946e-01 9.154959805364321079e-02 5.077244877557320762e-02
1.135181851426361882e-01 9.146762895515443692e-02 9.160392717576736066e-02 1.032182490780600287e-01 7.682373992240490446e-02 1.155780788402203385e-01 1.210226062496305433e-01 1.154883666049438679e-01 9.149299805532025431e-02 7.978621997586203551e-02
1.151485790208142262e-01 9.127650077165046227e-02 9.149091994298805264e-02 9.906419067760845187e-02 7.872873437564567589e-02 1.183609216202853448e-01 1.151114133942891804e-01 1.182892944279045483e-01 9.131854805980296752e-02 8.121089770901107618e-02
1.133626593496208923e-01 9.083935747855581555e-02 9.095028323780117441e-02 9.573140163547223802e-02 8.039782193360241191e-02 1.207010839516661077e-01 1.164954269831555977e-01 1.205581396845497449e-01 9.085618839849252115e-02 8.010763734708349626e-02
1.163379758112336043e-01 8.936761716177571424e-02 8.944106836398185711e-02 1.016759596111140029e-01 8.023933305272203109e-02 1.174450353193778745e-01 1.191408492106652423e-01 1.172946594054638525e-01 8.937817674130318912e-02 7.967932532236261800e-02
1.195017310498708019e-01 8.706123642748904434e-02 8.729071385639378122e-02 1.001373145045495600e-01 7.464691735733226807e-02 1.224839300266636205e-01 1.225709762820025445e-01 1.223845785570037564e-01 8.707889573384461346e-02 7.684370620485003744e-02
1.156246831879552822e-01 9.128262852053142806e-02 9.139394409052049861e-02 1.042602380647244115e-01 7.817627697882291449e-02 1.153418402869293424e-01 1.147730019690437614e-01 1.152517902543724465e-01 9.128682717734423746e-02 8.260876946975562185e-02
1.165883236082025654e-01 9.102623364610770706e-02 9.133489382809155399e-02 9.922432535653898100e-02 7.212191062379011419e-02 1.235688276446713918e-01 1.174868061506042366e-01 1.235170715995609902e-01 9.107974444393208968e-02 7.405186309850034232e-02
1.098343239876759803e-01 9.158116112481837212e-02 9.166854161280268976e-02 9.569498813317790786e-02 8.569126510809088604e-02 1.200526487279685722e-01 1.072316067569012016e-01 1.198925665268237295e-01 9.161358527099691673e-02 8.673931275074370228e-02
1.150581998137796408e-01 8.898171499169850451e-02 8.921318815249353051e-02 1.014654806159068917e-01 7.634222738372156702e-02 1.235156459448851218e-01 1.152722103375498491e-01 1.233777035723265386e-01 8.905433475844806712e-02 7.771929442919026099e-02
1.110153679480996719e-01 9.185081143014642291e-02 9.197204213176463083e-02 1.016706720247887719e-01 8.582125486512300061e-02 1.138738559906527226e-01 1.089164584205246228e-01 1.137863148987336287e-01 9.188058749751204513e-02 8.921263479265452434e-02
1.207676047018997889e-01 9.058165711615577542e-02 9.079100093108401215e-02 9.224546880347281319e-02 7.419693006459639195e-02 1.203118352745637942e-01 1.249147679623223844e-01 1.202424158178436037e-01 9.059303617263331221e-02 7.535528315542813771e-02
1.153070819324591850e-01 8.956451510677683470e-02 8.977958870248084478e-02 1.034350370136162406e-01 7.683824128225799632e-02 1.188400039161253557e-01 1.169368680727666532e-01 1.187822441632057219e-01 8.957006994134389388e-02 8.094634986896727391e-02
1.155628575710173911e-01 8.620807314851058889e-02 8.635660503616209016e-02 1.076453924189699068e-01 7.749520588344051275e-02 1.193728592163009611e-01 1.212191952676991147e-01 1.192247211519498612e-01 8.623143149002078511e-02 8.068365881592881594e-02
1.074382326794993542e-01 9.399991961914848371e-02 9.404676963503826037e-02 1.048514025560437074e-01 8.369812958735728392e-02 1.133021019922500205e-01 1.081969448395461303e-01 1.132013852262223480e-01 9.401196464463393299e-02 8.725314922026045084e-02
1.153966835458248991e-01 8.993066996498606802e-02 9.008268115423895273e-02 9.624559422792708374e-02 7.779518060067397434e-02 1.216058609305033789e-01 1.188869044985955692e-01 1.214722791255530565e-01 8.995435735382997788e-02 7.862978859786705355e-02
1.150943441431324932e-01 9.097998896278265690e-02 9.110644919631470662e-02 9.977491747077982254e-02 8.287035451792444662e-02 1.151820725693730035e-01 1.177094823640246896e-01 1.150966386914899914e-01 9.098978618189815237e-02 8.119596590228000954e-02
1.135397758421374942e-01 9.083826952600432270e-02 9.100040411876110513e-02 9.292594519100341732e-02 8.211800247781693429e-02 1.208291016795779160e-01 1.165037612559814834e-01 1.207186338693890526e-01 9.085783272355525686e-02 8.066827331577300364e-02
1.092050078805350544e-01 9.065373452418350186e-02 9.075995398880937204e-02 1.136186998170388013e-01 8.044816044855336579e-02 1.145182218751802095e-01 1.108116100652225683e-01 1.144264716493174627e-01 9.065755987704472718e-02 8.490057987411497864e-02
1.131495824113362275e-01 8.974794419167578252e-02 8.985706882633763548e-02 9.632201283474248199e-02 7.860137025180972958e-02 1.257804193781530133e-01 1.136036250339513415e-01 1.255815416820220687e-01 8.977036837588188434e-02 7.758606701408989059e-02
1.111629711644852164e-01 8.807208459768946229e-02 8.820563417210033896e-02 9.799869511858103066e-02 8.279974340756736384e-02 1.261108282810118608e-01 1.109853229696663307e-01 1.259169434913586516e-01 8.809035416279401010e-02 8.065742263474573459e-02
1.129498662330632591e-01 9.282113876975178757e-02 9.297261284954003169e-02 9.922306703026870234e-02 8.528153649250844182e-02 1.168564385488937984e-01 1.085079595694438959e-01 1.167851573632404383e-01 9.283533778898721278e-02 8.176688535430244598e-02
1.181204787605154571e-01 9.050195734227206579e-02 9.073215415722780952e-02 9.523359054318555894e-02 7.440996263085242202e-02 1.226116107318410975e-01 1.171167741781963811e-01 1.225347956500054819e-01 9.052072554509513203e-02 7.821795046080856628e-02
1.078499113513085722e-01 9.117298175627956691e-02 9.121375703868857265e-02 1.072150139657292722e-01 8.953477284186280027e-02 1.133408902101022825e-01 1.055782301803683959e-01 1.132303679104391808e-01 9.116247813099731534e-02 8.970159661422408282e-02
1.144701062458824553e-01 8.821097019256468608e-02 8.826953577553016406e-02 9.935845975277382558e-02 7.953052552079309390e-02 1.240569968349426316e-01 1.137587632215371347e-01 1.238233949303384762e-01 8.823009563379177744e-02 8.029115189184575507e-02
1.167303410625467330e-01 8.980307147495111830e-02 9.007074265964819249e-02 9.326054050528374828e-02 7.200486798753696904e-02 1.260709407863715437e-01 1.223970421228691707e-01 1.259765483903989014e-01 8.984144476357004694e-02 7.384446024682354837e-02
1.161574966972089978e-01 9.298004416124171223e-02 9.331814443992623997e-02 9.299629155931961322e-02 7.488365696065919785e-02 1.224696923033543050e-01 1.151809096138770444e-01 1.224803790700346590e-01 9.300367571491162388e-02 7.652970947946655111e-02
1.188153768124191739e-01 9.075780162848100241e-02 9.105183875913860914e-02 9.902219426897262977e-02 7.232143543886944415e-02 1.231262834355398988e-01 1.172679485091869811e-01 1.230801792861048599e-01 9.079290891698080235e-02 7.376403294430654289e-02
9.764888035925622933e-02 1.008901408619432144e-01 1.008351483026964229e-01 1.076330459177004539e-01 9.400351770035945964e-02 1.005329841590297535e-01 9.700249352725641427e-02 1.005375253083710813e-01 1.008529953208256030e-01 1.000632685425613400e-01
9.950364698988091450e-02 1.014238037757964894e-01 1.013577401253302201e-01 9.675817189691618414e-02 9.954416560593951080e-02 1.016046367926514982e-01 9.830582610479018935e-02 1.015970428860483443e-01 1.013949216419310906e-01 9.851004418071557245e-02
1.129034468642108602e-01 8.861001629482746778e-02 8.863269952351600367e-02 1.105559667201629209e-01 8.424316128522771341e-02 1.111599632490867934e-01 1.155760836514261869e-01 1.110405327142929555e-01 8.859111899115708344e-02 8.868701070609198711e-02
1.120469668155753273e-01 9.088954832322826416e-02 9.098736562108167281e-02 1.015152734135343210e-01 8.378034753517368816e-02 1.131800407828132821e-01 1.184442452175473171e-01 1.130926925527293847e-01 9.089544535006535697e-02 8.516807438825141352e-02
1.145922616136252903e-01 9.071807565772825599e-02 9.090784052221613509e-02 1.062609500379489980e-01 7.701107221029765415e-02 1.181504410423693391e-01 1.149869794157933056e-01 1.180763104441142908e-01 9.073848767634748458e-02 7.855758137955923259e-02
1.136150381205664195e-01 9.240678218651815490e-02 9.264517199983066109e-02 9.660488909410017144e-02 8.195107736776520435e-02 1.179541132466044723e-01 1.113472895761608988e-01 1.178985651263176615e-01 9.246227656521283089e-02 8.311479671692352522e-02
1.171028083608361692e-01 8.973159747921516383e-02 8.996105694511369322e-02 1.027492274392042132e-01 7.685378548568518042e-02 1.194846303752494648e-01 1.152881927389419192e-01 1.194187990187107612e-01 8.975605178313962595e-02 7.965385037390373957e-02
1.136741281990683028e-01 9.106647641480775102e-02 9.122008443650639342e-02 9.836979439458654051e-02 8.023011214641634359e-02 1.192555222610395399e-01 1.138702001171581074e-01 1.191796295452695886e-01 9.105045800779143494e-02 8.208359447735602554e-02
1.152429164908734538e-01 9.050108019055944086e-02 9.076853577857101063e-02 9.253971229293948830e-02 7.436939134425821218e-02 1.250268797759395978e-01 1.197767867920596779e-01 1.249357684829748572e-01 9.054978113734181433e-02 7.628914771448240539e-02
1.215435564230886861e-01 8.951504448707189865e-02 8.962500298837544621e-02 1.039273634154749826e-01 7.771963167638312742e-02 1.133591769688522682e-01 1.235690228133190377e-01 1.132849608259796498e-01 8.949805603338072124e-02 7.795818436807414042e-02
1.105811977977881055e-01 9.211175834664803164e-02 9.227083981707716320e-02 1.058161868110347181e-01 8.176684517604873581e-02 1.155265066042216598e-01 1.112427582648604502e-01 1.154882457699432652e-01 9.209243420660725987e-02 8.310322720577056899e-02
1.168689044060951254e-01 9.020619907116908531e-02 9.046442745623414772e-02 9.503994844359542338e-02 7.631665940570492301e-02 1.233180604473250730e-01 1.181698875837227380e-01 1.232487271598496359e-01 9.023224530403498034e-02 7.613494072226881237e-02
1.122203083217279546e-01 9.092355133934200417e-02 9.111886586405633370e-02 1.002307186560495306e-01 7.949626075800159120e-02 1.204900396721787226e-01 1.130203911324934724e-01 1.203770303234597827e-01 9.097967461482441009e-02 8.114315931786618419e-02
1.150439116196788486e-01 8.974438884329054289e-02 8.991140976347954117e-02 9.775439020462421691e-02 7.714719384260239343e-02 1.255347372237580750e-01 1.101324329597251905e-01 1.253747230009451263e-01 8.977477736507979977e-02 7.958203517681626538e-02
1.153532508860778544e-01 8.689571059778601614e-02 8.694001664045133970e-02 9.296108029622555946e-02 8.076538206931797859e-02 1.256892023938157577e-01 1.199497237889416840e-01 1.254514420892167137e-01 8.687630986565718361e-02 7.911788137250982955e-02
1.146382912493650319e-01 8.866626345440069279e-02 8.875379381250954325e-02 1.035445192699884498e-01 8.182112165153986039e-02 1.185525428401148634e-01 1.159803674445004096e-01 1.184081850031716288e-01 8.866319319695337153e-02 8.097172207745607919e-02
1.163395140662318167e-01 8.764275302499194287e-02 8.783480172983620937e-02 1.009624884512332899e-01 7.364578674163518857e-02 1.257739459309819563e-01 1.198720555600869264e-01 1.256202568586831936e-01 8.766640329942945731e-02 7.464199433689003294e-02
1.137592895445144053e-01 9.508814088269293419e-02 9.530902837912268166e-02 9.258941923437044585e-02 7.998697027181604635e-02 1.161715775448050048e-01 1.132495666580251303e-01 1.161196758398651829e-01 9.516443851949631105e-02 8.256189312529188529e-02
1.214571468055272163e-01 8.799039918842081753e-02 8.827289821937965575e-02 9.609050016806701400e-02 7.156996597307757613e-02 1.238128272003123226e-01 1.275845250249826035e-01 1.237604478432499655e-01 8.799692198169639656e-02 7.146436759528641824e-02
1.099354761282889531e-01 9.402505551788806204e-02 9.420672040965093197e-02 9.307870167591501820e-02 8.692286455677365742e-02 1.157957919990324630e-01 1.093381257557323738e-01 1.157518676210481101e-01 9.404861008554303570e-02 8.689678625012735302e-02
1.119639199519383843e-01 9.559551166744990891e-02 9.574658535670131643e-02 1.008603402272771482e-01 8.376361966002233983e-02 1.125800255507322378e-01 1.095491539011450993e-01 1.125408739808524405e-01 9.563082947196940853e-02 8.176914023191177161e-02
1.162260068539844593e-01 8.491662821768607150e-02 8.501629761171937416e-02 1.038072120442732893e-01 7.748075370773578607e-02 1.280094615359419485e-01 1.153269259241534034e-01 1.277679720856466083e-01 8.490800087790349726e-02 7.654074114095557602e-02
1.075757650063611931e-01 9.445189436085543733e-02 9.443231476827390614e-02 9.579058803667991895e-02 8.931937642985118830e-02 1.137795235034004537e-01 1.097495949219936123e-01 1.136299152683072911e-01 9.447777306977375722e-02 8.679325463450325573e-02
1.148152116795519567e-01 9.577644275532008755e-02 9.590084845537294456e-02 9.320504155936702728e-02 8.465318931256050894e-02 1.100953678975226252e-01 1.181844274746736284e-01 1.100566260713186362e-01 9.581441850384724013e-02 8.149842629046541442e-02
1.117969320007518863e-01 9.047467940472699033e-02 9.063012527487307457e-02 1.045748761025058621e-01 7.742361280174343829e-02 1.198505124744110723e-01 1.147149331121059129e-01 1.197378230948001193e-01 9.049684606200691928e-02 8.029965967207472466e-02
1.115848720531213284e-01 9.198251385125731650e-02 9.203985015708367190e-02 9.769748253087921774e-02 8.377560651208322551e-02 1.158139758412546211e-01 1.153181155680329806e-01 1.157240550582007560e-01 9.194113304163144262e-02 8.412239538645542580e-02
1.173747005279643513e-01 8.796398377308088656e-02 8.805618666788095350e-02 1.079818406490059834e-01 7.350901258887478085e-02 1.208269587274890117e-01 1.206702338705465255e-01 1.206553676652312862e-01 8.796918710469468772e-02 7.499252842523151941e-02
1.166629044768408285e-01 8.876770344116194367e-02 8.896274464362370626e-02 1.018215963135131324e-01 7.584435509891102045e-02 1.226295793280347407e-01 1.164080619071004158e-01 1.225048961328892155e-01 8.879831971602043794e-02 7.759983894190457254e-02
1.104327423342861825e-01 9.395445340482969088e-02 9.396299750830053310e-02 1.070822724721099684e-01 8.760387231534097485e-02 1.094706888726993121e-01 1.097018338286552680e-01 1.093709576759711588e-01 9.397318401053414427e-02 8.444699757727279488e-02
1.086177910422823495e-01 9.316058442627625502e-02 9.312645054567349201e-02 1.006995994514581910e-01 8.565744031493872923e-02 1.101455512556666211e-01 1.156013735775600904e-01 1.100483970779504855e-01 9.312062518596952998e-02 8.982218712222427015e-02
1.145919705521414172e-01 9.393348763823781977e-02 9.404472079512928018e-02 9.313685596938342526e-02 8.421580001445624908e-02 1.135054958379198287e-01 1.152219289611987746e-01 1.134496463252547965e-01 9.393312866509796744e-02 8.396696524118042737e-02
1.113417234871653672e-01 9.145871549335676809e-02 9.162967356035635336e-02 1.061651001741918676e-01 7.885939385372865706e-02 1.197740370803055815e-01 1.068671809883759843e-01 1.196751494476487182e-01 9.148686773513131643e-02 8.274215817973934461e-02
1.167150142579466698e-01 8.900863300222472407e-02 8.914284777131489812e-02 9.773946920070074318e-02 7.822775047614186072e-02 1.199356386411498249e-01 1.228603422077729074e-01 1.197841403193553311e-01 8.904574309879509375e-02 7.754042102459789143e-02
1.162253139955494174e-01 9.290120529715573117e-02 9.315688334593519304e-02 1.047984995334621805e-01 7.402700185316729575e-02 1.172852102710718047e-01 1.160888136664593590e-01 1.172275737341568480e-01 9.298538730167268951e-02 7.530411100136943925e-02
1.117554421862580888e-01 9.270728063489812321e-02 9.290533653757467036e-02 9.586904685424114947e-02 8.148485229729979240e-02 1.181172587393257423e-01 1.137436229223645623e-01 1.180597739914288485e-01 9.273099530361515741e-02 8.262639053299389302e-02
1.192369849958235806e-01 9.137183250157165926e-02 9.153713001241889358e-02 9.216250129152761539e-02 7.782615421854371940e-02 1.172312528974678025e-01 1.221044592228808789e-01 1.171422606030259050e-01 9.140499473421469234e-02 7.998242952252525295e-02
1.138734517144397995e-01 9.032285835311226752e-02 9.040712488251999301e-02 1.011539481318613071e-01 8.170714605382314866e-02 1.136624552182572828e-01 1.182104702563635534e-01 1.135375332433008755e-01 9.035845280099384647e-02 8.676655934532791214e-02
1.095378197657355945e-01 9.227274033808269271e-02 9.246497442744626427e-02 9.737504716411675421e-02 8.515586309335687609e-02 1.175584082590525603e-01 1.100243483668136846e-01 1.174895612721824356e-01 9.230790209987774220e-02 8.581333521333540937e-02
1.128528628045724486e-01 9.387811484706545806e-02 9.410329413940536625e-02 9.735001120067098002e-02 8.087808353727959920e-02 1.186907647898477192e-01 1.087713086731942336e-01 1.186610746115824150e-01 9.389292536683074841e-02 8.092156002955100402e-02
1.107340713025340706e-01 9.201979557169076562e-02 9.208943748628424519e-02 9.335590928767129038e-02 8.454334794756415694e-02 1.193083925108613663e-01 1.115904192023238761e-01 1.191938946933851357e-01 9.198873888552142053e-02 8.517599311216370039e-02
1.154251188016369584e-01 9.216267418394183397e-02 9.232622029124666618e-02 9.124836133390379356e-02 8.043854366980897341e-02 1.184390013399859165e-01 1.161456415763689881e-01 1.183913400703151125e-01 9.213496763450006177e-02 8.328813109829164008e-02
1.168791460956232764e-01 8.851088428718967283e-02 8.861938346916897746e-02 9.974882853103865521e-02 8.173963004269135801e-02 1.166928279555566467e-01 1.210162459282821540e-01 1.165599254896449721e-01 8.852849964420610174e-02 8.170462855659817170e-02
1.159229450065256961e-01 8.596613295108222752e-02 8.604635157810132384e-02 1.141634049389447930e-01 7.943403220280161048e-02 1.172722889897360038e-01 1.176786497478374272e-01 1.171103660072144170e-01 8.596340660072103457e-02 8.044242197703546648e-02
1.120636095417653355e-01 9.417815738747276066e-02 9.432501672941413784e-02 9.697541404591908387e-02 8.059335809041599796e-02 1.166979138219722267e-01 1.101945698048025502e-01 1.166509639597624465e-01 9.416833830463035293e-02 8.415265831384508011e-02
1.193179440140421654e-01 8.839416925992604757e-02 8.858096434863617363e-02 9.562798069244200783e-02 7.655236568039476552e-02 1.214312833371574002e-01 1.225556859177213825e-01 1.213547989551532341e-01 8.836668847970945151e-02 7.781811931481742717e-02
1.132171407610409603e-01 9.087084657884218764e-02 9.109730829619741566e-02 1.034556343626705649e-01 7.909608518777487551e-02 1.182572643850561545e-01 1.122102273086133112e-01 1.182118149580878574e-01 9.088636145294058666e-02 8.269731670877605856e-02
1.192380267107474995e-01 9.066262194399744845e-02 9.080445261622664688e-02 1.005142210926313617e-01 8.042102779047195782e-02 1.126569923493918740e-01 1.213873960461128304e-01 1.126242752766201810e-01 9.063300315774841520e-02 8.105798301605175726e-02
1.178516045394087386e-01 9.290832761525910644e-02 9.322296536798775624e-02 9.144468826929705307e-02 7.428581096335179490e-02 1.228119787224995763e-01 1.158056651965896633e-01 1.227733958268284881e-01 9.297146636194912606e-02 7.592409713682868322e-02
1.206939766416732507e-01 8.987720117642619688e-02 9.006769451286053552e-02 9.439572449058053483e-02 7.559918343926752549e-02 1.222636656555184248e-01 1.190518300162177745e-01 1.221968670570988263e-01 8.984636450492612669e-02 7.600749250543077651e-02
1.107792524507461990e-01 8.830786680994993920e-02 8.835446810759489678e-02 1.022134015268432866e-01 8.391969371438057212e-02 1.214164809836520420e-01 1.119369892793630056e-01 1.212107274522339906e-01 8.831166199527222538e-02 8.354945767996380113e-02
1.142472006451363820e-01 9.301971216550761201e-02 9.318765945820191299e-02 9.753864454867350320e-02 8.036706682745933805e-02 1.144316855039148040e-01 1.189270739236392704e-01 1.143655943109856965e-01 9.306636743068913420e-02 8.084899518579234667e-02
1.137440026478147986e-01 8.923457367126645667e-02 8.939224015877222929e-02 1.072432352062003963e-01 7.780223624034805774e-02 1.212939170060767097e-01 1.115518609943494666e-01 1.211662798132789043e-01 8.925219274220910770e-02 7.931946151968387315e-02
1.045728755234327234e-01 9.635414024170552150e-02 9.633363598086827628e-02 9.334184046162379012e-02 9.391323870641084259e-02 1.089959350534650678e-01 1.056830498516014155e-01 1.089071888786820597e-01 9.636363113064548569e-02 9.553446417156484516e-02
1.167995308067539956e-01 9.070083639875844983e-02 9.078341816920658391e-02 1.020939586911675939e-01 7.605562800945248059e-02 1.148331780264749691e-01 1.221697693809663254e-01 1.147110455581961952e-01 9.072291618377666123e-02 8.112971877524670361e-02
