9.054621017249743498e-02 8.710449873663887732e-02 1.157456162108632253e-01 9.151177791405802620e-02 9.057672557236769173e-02 1.143331330765132992e-01 1.143032057051381889e-01 9.108035139569047034e-02 1.142012613374838587e-01 9.059721987874891358e-02
9.203477885433945793e-02 8.812850736897494264e-02 1.204960408956891049e-01 9.181540135138049896e-02 9.199728568517541449e-02 1.108536382910907669e-01 1.108097889805756270e-01 9.123303333118544522e-02 1.107055636412706268e-01 9.192596160031810126e-02
9.236976993425966009e-02 8.903772578542668015e-02 1.171379408049829651e-01 9.526871562987138109e-02 9.236536991763467930e-02 1.091487788047036250e-01 1.091202524667241325e-01 9.416696837117932706e-02 1.090425596909080641e-01 9.234191859430945781e-02
8.952994153620889850e-02 8.569926612472852923e-02 1.165066003201264688e-01 8.984306036237199589e-02 8.952861672844303342e-02 1.169440128843646648e-01 1.168944109433755901e-01 8.879848319560422476e-02 1.167535724218095317e-01 8.950203548296704892e-02
9.096057817839697801e-02 8.713445369582577260e-02 1.230549365315851962e-01 9.061274087888995799e-02 9.096445812525813523e-02 1.122618146888846730e-01 1.122380989159034725e-01 8.959059625177598352e-02 1.122238838776547232e-01 9.095843885582514943e-02
9.521691495964021423e-02 9.293819450061673038e-02 1.162171145755371837e-01 9.224635450315182839e-02 9.525409220658001552e-02 1.065360521186726611e-01 1.065470461704367683e-01 9.308836248238031019e-02 1.066464063145870361e-01 9.530946216839725205e-02
9.002469642935619076e-02 8.775893792304038932e-02 1.209118547259248055e-01 9.038247479955127672e-02 9.007107746221899858e-02 1.136088866416597731e-01 1.135868419378029542e-01 9.003303893517770884e-02 1.135068236619510146e-01 9.011536748331691604e-02
9.255855069502097465e-02 8.606348419321170617e-02 1.172186938031791748e-01 9.043613467468394895e-02 9.255221020710652224e-02 1.130551694240801430e-01 1.130174409101848271e-01 8.966782681911887598e-02 1.129082669682461015e-01 9.252222230516771173e-02
9.278461278257951750e-02 9.022219350919179204e-02 1.152169591742016885e-01 9.231742024282316161e-02 9.279367207875140189e-02 1.105424319454235971e-01 1.105094049963117747e-01 9.245503675798980026e-02 1.103762523783412552e-01 9.278201613438601114e-02
9.124032717928484693e-02 8.671643749502297438e-02 1.183839153969665908e-01 9.056240869733404864e-02 9.121008258576074335e-02 1.137440349704859632e-01 1.136968833832276288e-01 8.970670281014216096e-02 1.135910966913854930e-01 9.114811079038957764e-02
9.151169910032586063e-02 8.808311768124491015e-02 1.241785009576520243e-01 8.984638747790268942e-02 9.147289049917491088e-02 1.115643859174377667e-01 1.115207122356811908e-01 8.898597220522989903e-02 1.114346469541500906e-01 9.140168697120062968e-02
8.732423100508113212e-02 8.286033814779981965e-02 1.208744631078079723e-01 8.935489291270624912e-02 8.730035378916593813e-02 1.188826944067652575e-01 1.188159722061315898e-01 8.869648892489069569e-02 1.186494889304909039e-01 8.724107656916048337e-02
8.971466655334878193e-02 8.561626385009837858e-02 1.137949487815627797e-01 8.737301569297810377e-02 8.977451261212446298e-02 1.189321299162851842e-01 1.189167024332173500e-01 8.713043395017186499e-02 1.189045056805034251e-01 8.984282052970971044e-02
8.681897223659852669e-02 8.139483244261178085e-02 1.210044135132148091e-01 8.705943342315285161e-02 8.679793733176763282e-02 1.214219733006101226e-01 1.213552456712825856e-01 8.618304246876279384e-02 1.212189856305685015e-01 8.674516398143038154e-02
8.883343569527624162e-02 8.473431610403017733e-02 1.206833361206690464e-01 8.824414150170956095e-02 8.883952626769586747e-02 1.173978486596454068e-01 1.173545022847683750e-01 8.782936844919120301e-02 1.172564470161518990e-01 8.882707790086222244e-02
8.878699567966401307e-02 8.467245089491355625e-02 1.229560418096459218e-01 9.041984141773259931e-02 8.876866727042523331e-02 1.152993970101305471e-01 1.152555572417805624e-01 8.992077642315042529e-02 1.151933422822616071e-01 8.872692997029550666e-02
9.172545324360170671e-02 8.500001948378251015e-02 1.158343841091005882e-01 9.133057725847916475e-02 9.168049092934861533e-02 1.141102027610744057e-01 1.140594136873998993e-01 9.070232686091452001e-02 1.139580438968195164e-01 9.159908776947910114e-02
9.309719230937599233e-02 9.130653086690018738e-02 1.147059229800688196e-01 9.426054804826244915e-02 9.307836235257023472e-02 1.090557475380893176e-01 1.090065108708138247e-01 9.368040522706128082e-02 1.087894065966795165e-01 9.301937321017837712e-02
8.992932605640309440e-02 8.508351818031047176e-02 1.214866698043979287e-01 8.979004941227412828e-02 8.993467286126183291e-02 1.152869976221768955e-01 1.152371682883257392e-01 8.828246736995720712e-02 1.150560212006980360e-01 8.991310920419465225e-02
9.098760436707614696e-02 8.446249863171523264e-02 1.189569293481467088e-01 8.717090658171450235e-02 9.100441434702957744e-02 1.164417876804869356e-01 1.164055152618460875e-01 8.726125017988727028e-02 1.163029820559273037e-01 9.100611154617017917e-02
9.070257696332362229e-02 8.580913812533054463e-02 1.225612811832560850e-01 8.931814830742589029e-02 9.069751255511444843e-02 1.139303755415437408e-01 1.138922920576754816e-01 8.861112366537308993e-02 1.138060044116982333e-01 9.067154718925884982e-02
9.296180439462814471e-02 8.878410073909710765e-02 1.167707466929513577e-01 9.284600831596029336e-02 9.290872612122151597e-02 1.103832496280090225e-01 1.103339044059974960e-01 9.199271357043201092e-02 1.102050904480063459e-01 9.281365568369667751e-02
9.090905564090542845e-02 8.646840672756951618e-02 1.184027329905729953e-01 9.232807845629743826e-02 9.089156776962130369e-02 1.128691017997709295e-01 1.128313458830970117e-01 9.168527343393111095e-02 1.127635450272976708e-01 9.085089227093662290e-02
9.135239837963304854e-02 8.492316809915859133e-02 1.193820293908142982e-01 8.925254956027073305e-02 9.134391216885755227e-02 1.146983918812530812e-01 1.146543580793207562e-01 8.855330244105970305e-02 1.145305157440969779e-01 9.130937425553531384e-02
8.994485380621626558e-02 8.614966704516116569e-02 1.185760943772458664e-01 9.031891839007090417e-02 8.996952785384970674e-02 1.150667729418398816e-01 1.150423430879297382e-01 8.993232051599320265e-02 1.150104247501474997e-01 8.998907723154581095e-02
8.803143278498759550e-02 8.420456883896083877e-02 1.209022510055302729e-01 8.982256638956008510e-02 8.804628557204968731e-02 1.174613083406373520e-01 1.174080425031161778e-01 8.886733783457977098e-02 1.172190627863247542e-01 8.803714394425346534e-02
9.215396251355484347e-02 8.882187558200629884e-02 1.152135991775800200e-01 9.319630534369284514e-02 9.214097964716615186e-02 1.111631313891930650e-01 1.111263324617571963e-01 9.305620616523924138e-02 1.110246094646613058e-01 9.210299825514901839e-02
9.184926669686815925e-02 8.864153411092125234e-02 1.160254177074334092e-01 9.409105539797905926e-02 9.187137215295040904e-02 1.110281967350630894e-01 1.110131583207455280e-01 9.258359706398684719e-02 1.110052608946862640e-01 9.189114091936596840e-02
9.070273010229240596e-02 8.778555632919252116e-02 1.188230158008225790e-01 9.017290253069590311e-02 9.068618400681101310e-02 1.139058622666821452e-01 1.138658760636945266e-01 8.962012980253838967e-02 1.137917756386506024e-01 9.064596745861991378e-02
9.121367710143186980e-02 8.815244160257770800e-02 1.150134508276735440e-01 9.243584723697421957e-02 9.121938173864023447e-02 1.128903377415401421e-01 1.128566440765462059e-01 9.224728979919434579e-02 1.127635390109904684e-01 9.120739086443127586e-02
8.922256811732293125e-02 8.609559969201652230e-02 1.226771256448767333e-01 9.024808902960999857e-02 8.923203266839738190e-02 1.147121481802782644e-01 1.146786153250640566e-01 8.928917293693261481e-02 1.146166527749924169e-01 8.922799563050906602e-02
9.016244211639409811e-02 8.546621958476681435e-02 1.170841230393134258e-01 9.197524120766446820e-02 9.011900654429574886e-02 1.149793325532499633e-01 1.149232914528426353e-01 9.044541327859316471e-02 1.148068713967847626e-01 9.003805882609497435e-02
9.071093514476069597e-02 8.515754437464088944e-02 1.171510917077859815e-01 8.918353114293481321e-02 9.066792485849309302e-02 1.162531479722556660e-01 1.161979010079090685e-01 8.799432628723197203e-02 1.160948206208486100e-01 9.058877688313925203e-02
9.356424126573724409e-02 9.276855453241572569e-02 1.056752454888789661e-01 1.047607895168937708e-01 9.356746805616251994e-02 1.043211327802546634e-01 1.043065219489182904e-01 1.032086489403945956e-01 1.042674791869014628e-01 9.355991828344273342e-02
9.487500985101922357e-02 9.175362920674623446e-02 1.146076193559860540e-01 9.367132394792501704e-02 9.490057275435956341e-02 1.075982236992804042e-01 1.075938919724757914e-01 9.246343913310195450e-02 1.076071805672317444e-01 9.492910951187402691e-02
8.713143872187389949e-02 8.339572446911391879e-02 1.229525941904265757e-01 8.715304467587300929e-02 8.714944662968951428e-02 1.194100026727723668e-01 1.193682602478713245e-01 8.699274977074039628e-02 1.192918540378858361e-01 8.715488458375321434e-02
8.693298165833142355e-02 8.398116320361333209e-02 1.175279139122290400e-01 9.052988300200513760e-02 8.696989611276957632e-02 1.192235738833424680e-01 1.191859105463978497e-01 8.955961912359274024e-02 1.190898853705526922e-01 8.699917318716576808e-02
9.000460978224247843e-02 8.675720936351946633e-02 1.214712336025887268e-01 9.072805247294646325e-02 9.000786002738908609e-02 1.137657144523614300e-01 1.137277522825069637e-01 8.991750184188555817e-02 1.136282845770639621e-01 8.999178159749586514e-02
8.803331747690895659e-02 8.365468052004168542e-02 1.263107936476024762e-01 8.773439305733204963e-02 8.806166320136225856e-02 1.170632837301307239e-01 1.170349319984977654e-01 8.701964689892642546e-02 1.170018118274254865e-01 8.808547764177214467e-02
8.809343794584773013e-02 8.265575693173750349e-02 1.226902606673448692e-01 8.655943025015558345e-02 8.810079948332920352e-02 1.193279738151386271e-01 1.192917427278680220e-01 8.590766290695660279e-02 1.192755514010975237e-01 8.809738387052433450e-02
9.125341499497174880e-02 8.517998775730049876e-02 1.221900023794078860e-01 9.009835047092978888e-02 9.124513205994019827e-02 1.133760540629777103e-01 1.133383940649243388e-01 8.885250929535669362e-02 1.132513346796094889e-01 9.121482023458167554e-02
9.087020840381787590e-02 8.453550792064488950e-02 1.166680353134021547e-01 9.050664859659633688e-02 9.084198551221001061e-02 1.154410460372302383e-01 1.153972576172983266e-01 8.961572606029481747e-02 1.153364346965841947e-01 9.078714984192114146e-02
9.057970315575659959e-02 8.469466585030958894e-02 1.229841604530661631e-01 8.890991904447137495e-02 9.061477759567959644e-02 1.144341627521016647e-01 1.144085330646879561e-01 8.840031272307169452e-02 1.143299395635035132e-01 9.064382579735186241e-02
8.992425815515422971e-02 8.582140564539024463e-02 1.185912414320652031e-01 9.060606319618019766e-02 8.989652438877268614e-02 1.152469195351825126e-01 1.151904616216368610e-01 8.985155571864640589e-02 1.150383820376408711e-01 8.983318826933082979e-02
8.988426230385497540e-02 8.509251384948705865e-02 1.152407426903622328e-01 9.435276557839643308e-02 8.988886030293381790e-02 1.143455037390773976e-01 1.143081425563799158e-01 9.279446466432952900e-02 1.142173212608287025e-01 8.987542305434992329e-02
9.061426717212071880e-02 8.972481715176748585e-02 1.179107344491150955e-01 9.213550697534914069e-02 9.065450707660212271e-02 1.122886722773552282e-01 1.122752608897660959e-01 9.143777888568084544e-02 1.122608515252069700e-01 9.069760359703628316e-02
8.782478929345996499e-02 8.237277647418095317e-02 1.165780622253491799e-01 9.034217929626740806e-02 8.788113772897152010e-02 1.191557601983524173e-01 1.191285372061003933e-01 8.972607025151062288e-02 1.190521569398795138e-01 8.793853038592802651e-02
8.676452120880306929e-02 8.431178838139907761e-02 1.202087379405493567e-01 8.969135811394073066e-02 8.678185005314627276e-02 1.187864322273700507e-01 1.187446925404555126e-01 8.925664454474244169e-02 1.186676021875484738e-01 8.678637280204506976e-02
9.253599217813782141e-02 8.729067737028667340e-02 1.170168529874739127e-01 9.435622497526860442e-02 9.254689421713946373e-02 1.103384088420926723e-01 1.103179293934718613e-01 9.276906197741746629e-02 1.102795646341349356e-01 9.254839342457663043e-02
9.191603804523661159e-02 9.025694531966993450e-02 1.170564486538719362e-01 9.472641110154408906e-02 9.192540245117501729e-02 1.094781370769076639e-01 1.094543299983622014e-01 9.387303101004146333e-02 1.093911409973032378e-01 9.192211534588781707e-02
9.825738769410331808e-02 9.365645276814429931e-02 1.054226223496354392e-01 9.899844318798381448e-02 9.825827339796334992e-02 1.033641271284687635e-01 1.033677019161176464e-01 9.698376722720328247e-02 1.034288800326673280e-01 9.826234429771277257e-02
9.113055043327820959e-02 8.910630202352423646e-02 1.176857981492100830e-01 9.238154233761820822e-02 9.111760298463857100e-02 1.120299542959709294e-01 1.119842495373241792e-01 9.165739750161260024e-02 1.118323891134062747e-01 9.107421362341672211e-02
9.352605444026279580e-02 9.051269989065878485e-02 1.112128816177149759e-01 9.587611523400042801e-02 9.348485894085738213e-02 1.094202187637721563e-01 1.093786043817821380e-01 9.391266965614264439e-02 1.092679479549022170e-01 9.340794911990642213e-02
9.578908428036243816e-02 8.864092939514142677e-02 1.136658691396838367e-01 9.265611000724072177e-02 9.569656323840454448e-02 1.084280187180533123e-01 1.083722798919355135e-01 9.298541836507027980e-02 1.082201972208863688e-01 9.554552974322157166e-02
8.693323939039360182e-02 8.420425126994607323e-02 1.228114541015642297e-01 9.079485160327724347e-02 8.694076022358962486e-02 1.173384518630810613e-01 1.172982426267161205e-01 8.950260030505524655e-02 1.172420332357621553e-01 8.693411538061464328e-02
8.736428763725409552e-02 8.326795751073891305e-02 1.205544989521948329e-01 8.982873750817080283e-02 8.739736715016654944e-02 1.184999076729898043e-01 1.184619045664995485e-01 8.884231578516643690e-02 1.183618718091640210e-01 8.742115140765500947e-02
8.615995433097341227e-02 8.255232881292302871e-02 1.251085716063883857e-01 8.853551652333886690e-02 8.618060248306971816e-02 1.193043156672797533e-01 1.192746525854886663e-01 8.739023783950279622e-02 1.192956123372261590e-01 8.619820781380922725e-02
8.697250948862290942e-02 8.292604224650872158e-02 1.190936811724942757e-01 8.760323967545469159e-02 8.702909257738573878e-02 1.207190424744423174e-01 1.206955540182004377e-01 8.719919833132490361e-02 1.206705137945521950e-01 8.709112622101382317e-02
9.037681985064326129e-02 8.707141617986503823e-02 1.170882930502256808e-01 9.065775094983276328e-02 9.038718206666118693e-02 1.146637475062926154e-01 1.146297065585369507e-01 9.019356644740779416e-02 1.145489768551366805e-01 9.038254053539800104e-02
9.192729090303640438e-02 8.924263486277310420e-02 1.132858647137823388e-01 9.668875735996511345e-02 9.193553220462288844e-02 1.100011768953648023e-01 1.099817387918551326e-01 9.504169906412161806e-02 1.099600324309847332e-01 9.193527277349386462e-02
8.918664474964448086e-02 8.841639791913524782e-02 1.269814340162022936e-01 8.839148628666045060e-02 8.919215407785026362e-02 1.137424276202945450e-01 1.137124087413962370e-01 8.751313557717656233e-02 1.136782050699100821e-01 8.918570594172983701e-02
9.387470792827029564e-02 9.021442499946895344e-02 1.091407657081968491e-01 9.668151860789978014e-02 9.388866432451829780e-02 1.092443030380119695e-01 1.092390420917425942e-01 9.451975446916545398e-02 1.092915152876945128e-01 9.390530354503126564e-02
9.180028685543795142e-02 8.592488727148096805e-02 1.190333982402865115e-01 9.163149423535801863e-02 9.174768071595723606e-02 1.125510693326348538e-01 1.124971025803905428e-01 9.079117026126071188e-02 1.123695958122445382e-01 9.165331469494862604e-02
9.070624642210559085e-02 8.950200518560508245e-02 1.186326442649854734e-01 9.355219476302641113e-02 9.067643097105805572e-02 1.113077418063936064e-01 1.112584502168273426e-01 9.263883666373155801e-02 1.111143077624047876e-01 9.061114194386211962e-02
9.593741142794008636e-02 9.149496796991694880e-02 1.137918965135841926e-01 8.902007529024154320e-02 9.594780963240377714e-02 1.097440105103377056e-01 1.097394052072542397e-01 8.857390820913046969e-02 1.097905303542743988e-01 9.595998488491666589e-02
8.941119405683539689e-02 8.564831271000312996e-02 1.183698703612506981e-01 9.063924001010820186e-02 8.945576006336516950e-02 1.154349638504291176e-01 1.154156434235985018e-01 9.073983679016037196e-02 1.153831328250611993e-01 8.950204590918819925e-02
8.790555546933354059e-02 8.497338284385726193e-02 1.128395342150062541e-01 9.381213268909528724e-02 8.792116464062983694e-02 1.176311749168112847e-01 1.176076397275862412e-01 9.172147593686096056e-02 1.176529894023230771e-01 8.793495015849631113e-02
9.034554132442305929e-02 8.590972481157875540e-02 1.141243570824366366e-01 9.159447624893546358e-02 9.034241144930917067e-02 1.154896086961543639e-01 1.154485703047946205e-01 9.107252778786713299e-02 1.153546761410121357e-01 9.031810615348863369e-02
9.104146818847815015e-02 8.576351375325899640e-02 1.169944794417950157e-01 9.274405631999832478e-02 9.105782029398204469e-02 1.135629857311879903e-01 1.135320147637519372e-01 9.079945836208003218e-02 1.134435652903203612e-01 9.106063785514713349e-02
9.174689662724649919e-02 9.092266528248238444e-02 1.156814529415919335e-01 9.217303160043682775e-02 9.177789242309292161e-02 1.113968293831510969e-01 1.113757496432076777e-01 9.181815159161234308e-02 1.113046413359530945e-01 9.180268917122522132e-02
9.164142168083208584e-02 8.907074335450174130e-02 1.183954900307440661e-01 9.299141636563555691e-02 9.166319894927256462e-02 1.109615791960682218e-01 1.109528393918346595e-01 9.163872991437392590e-02 1.109964454395529904e-01 9.168813567718418767e-02
9.014174979543078392e-02 8.547774116223513796e-02 1.199533517983381731e-01 9.093763279874281236e-02 9.012899823245039410e-02 1.145599059209721077e-01 1.145106917918927159e-01 8.983447663165326780e-02 1.143685562209083156e-01 9.008689564737627775e-02
8.999921932799329061e-02 8.485439686706754137e-02 1.136279219414041974e-01 9.341661961515890233e-02 8.997545863919217957e-02 1.154540534457780820e-01 1.154105419823143880e-01 9.198342527350923670e-02 1.153515938410146907e-01 8.992676906656744962e-02
8.624446632241504485e-02 8.337122356027491799e-02 1.175787714566764869e-01 9.051284613673303558e-02 8.627447559486771389e-02 1.200437064187967612e-01 1.200125774107085735e-01 8.965726370461109263e-02 1.200027698681030153e-01 8.630189952681334431e-02
8.756437123281478330e-02 8.476084668340645722e-02 1.210642217671000359e-01 8.888940853534310627e-02 8.761028147442677383e-02 1.181534190202613299e-01 1.181352670865757626e-01 8.800889994443002184e-02 1.181511325224503528e-01 8.766215173319141796e-02
8.646660940464949430e-02 9.066680507628555041e-02 1.244476565415106456e-01 9.117097917819216857e-02 8.650582232141393324e-02 1.144849456464999554e-01 1.144699641860055656e-01 9.073221030501400775e-02 1.145039916343862929e-01 8.655101570604237238e-02
8.681050051035797688e-02 8.175658234769433985e-02 1.206629043827029540e-01 8.829781961158532366e-02 8.683275090010379726e-02 1.204357007992806483e-01 1.204045710560222304e-01 8.753339009750099597e-02 1.204143826171779758e-01 8.685139767757375784e-02
9.257361953115308961e-02 8.830916505192895616e-02 1.192529610295505471e-01 9.132475215576754679e-02 9.252679637300051385e-02 1.111691655895250680e-01 1.111195961968254181e-01 9.029550941434334732e-02 1.109885477552170208e-01 9.243988690268845065e-02
8.471955322219555662e-02 8.214289285076338543e-02 1.295209241702101333e-01 8.593686171854278411e-02 8.474014083053982294e-02 1.216039968618621708e-01 1.214748113845850602e-01 8.440482970980134336e-02 1.207607071998120368e-01 8.469528205168776192e-02
9.120778424216599567e-02 8.621223375380629439e-02 1.146274906795097526e-01 9.424574072165670113e-02 9.119800208107814443e-02 1.130181051559976807e-01 1.129829196120859247e-01 9.242438630574049963e-02 1.129155551099185889e-01 9.116778233804039011e-02
9.048404201154432169e-02 8.702755622646422828e-02 1.164810949560182857e-01 9.257579848014864388e-02 9.046478402348613612e-02 1.138841469905698262e-01 1.138343119099193418e-01 9.114266392689716889e-02 1.136917514132618073e-01 9.041385006169026795e-02
9.137513774250666243e-02 8.557168232448317258e-02 1.207402687140887165e-01 8.914538235385036091e-02 9.137165618302303671e-02 1.138876899432233886e-01 1.138571249551483394e-01 8.887983870782439899e-02 1.138183907575905929e-01 9.135282831826133099e-02
9.069041514805298299e-02 8.233513531712011169e-02 1.186101508178844660e-01 8.690439565454603776e-02 9.068969541522538258e-02 1.179340425490110894e-01 1.179038315788296515e-01 8.634300734730501747e-02 1.179110544054522702e-01 9.067827176657290711e-02
8.672436052414098095e-02 8.424958570332891084e-02 1.211643401921854435e-01 8.958735126366106083e-02 8.673167727238252633e-02 1.188204203859011820e-01 1.187688608349606045e-01 8.859210700605144040e-02 1.186430251083826076e-01 8.671827170900524295e-02
9.016979360502389018e-02 8.612183049349200759e-02 1.135053726526111390e-01 9.445141615068110286e-02 9.017942714208582178e-02 1.141117327504399398e-01 1.140855239390679704e-01 9.313032352582105433e-02 1.140646162216663179e-01 9.017996351911081176e-02
8.978942633645538296e-02 8.670015786660172086e-02 1.207748527564396213e-01 9.053484452264379256e-02 8.976770150374978330e-02 1.146647190563429425e-01 1.146011557355576110e-01 8.908844141891818225e-02 1.143737785678274888e-01 8.970492223546347454e-02
9.206592952891916315e-02 8.748710961720254642e-02 1.199148992540933351e-01 9.304918064558008461e-02 9.204378846299791916e-02 1.102416351332057703e-01 1.102105256482758117e-01 9.282180969003431259e-02 1.101653044830113032e-01 9.199981753667969830e-02
8.955074944658668323e-02 8.413201380711607391e-02 1.229447330215869133e-01 8.981996832025172794e-02 8.950075755974998271e-02 1.153993311697610047e-01 1.153295552213394193e-01 8.878497099247358026e-02 1.151347338254962022e-01 8.940318663563846802e-02
9.208074580255937169e-02 8.558623636276362079e-02 1.135466336944774557e-01 9.570120065327067382e-02 9.206481802835289607e-02 1.111149649379289672e-01 1.110819501999121967e-01 9.577980811009785544e-02 1.110167595645590449e-01 9.202688264607793156e-02
8.889434524450218200e-02 8.558088996995885656e-02 1.174368568143987351e-01 8.806537221591061171e-02 8.890612755858771921e-02 1.183411498549355317e-01 1.182984459121757537e-01 8.737557184773800389e-02 1.181999929121837767e-01 8.890124766960885716e-02
8.889365732424070465e-02 8.592478014100470018e-02 1.173676467137164114e-01 9.421108036866857049e-02 8.891212947821389156e-02 1.142981334224937862e-01 1.142624059808876325e-01 9.305364037876960592e-02 1.141602175099675348e-01 8.891630868203716231e-02
8.740942287926715959e-02 8.420067075328328821e-02 1.201965635254315379e-01 9.182872569870968726e-02 8.740265617407935728e-02 1.169663536800116671e-01 1.169210321740770386e-01 9.084599747266526582e-02 1.168529069614474142e-01 8.737567068102755630e-02
9.380390223350551504e-02 8.980587646014033532e-02 1.126800235367751007e-01 9.851640927541040205e-02 9.379915949656972285e-02 1.071353760033382230e-01 1.071200326593918506e-01 9.624098084308464751e-02 1.071140013931506513e-01 9.378423809863353777e-02
8.983031414391820513e-02 8.578535145167366649e-02 1.206836342617415014e-01 8.959567485416830568e-02 8.982377569722047039e-02 1.150780403873608859e-01 1.150383278521954211e-01 8.940339698145620406e-02 1.149645701212768656e-01 8.979691424898851582e-02
9.073251783714389451e-02 8.907372104843915006e-02 1.143790461263481384e-01 9.057006825901796343e-02 9.073792111214967759e-02 1.146533525439956958e-01 1.146235106187291353e-01 8.991519317751382745e-02 1.145838759051514694e-01 9.073079337151104817e-02
9.081571613919314778e-02 8.707168045520796706e-02 1.200875514953184814e-01 9.059813557306770071e-02 9.081450556749993963e-02 1.133430580894783934e-01 1.133078518294187292e-01 8.993929850502560552e-02 1.132277375835627486e-01 9.079446476222728657e-02
9.156145156316505829e-02 8.892378565864467177e-02 1.152327450733946212e-01 9.609350419534280763e-02 9.157116059228913307e-02 1.102126147213993435e-01 1.101919915663582272e-01 9.447756159438794321e-02 1.101631923855158762e-01 9.157199264950240114e-02
8.992054992151689297e-02 8.760747477723772325e-02 1.251540032874218222e-01 8.935792380236143306e-02 8.991102780317319909e-02 1.132019400938043957e-01 1.131680059948678291e-01 8.866959690388154236e-02 1.131258418305448321e-01 8.988363558519028851e-02
8.987923635301420244e-02 8.562284197526330576e-02 1.277938439382781399e-01 8.894174046293204516e-02 8.987637868030946831e-02 1.132832306581068038e-01 1.132490804018741748e-01 8.830679527052458233e-02 1.131905573769401985e-01 8.985629488275706511e-02
9.355777408859856925e-02 8.643790511700484569e-02 1.172496700575199752e-01 8.757046426202204359e-02 9.356118453845541083e-02 1.137072528094049961e-01 1.136778797619013154e-01 8.708090233004943392e-02 1.136083316420529177e-01 9.354863539299047848e-02
8.841888375798771793e-02 8.598918884007514252e-02 1.190337895634181603e-01 9.273689739623071360e-02 8.842511378836266644e-02 1.152018696623937077e-01 1.151574426475425322e-01 9.159452603321611985e-02 1.150319043832845473e-01 8.841038392748871988e-02
9.197609386272496967e-02 9.362674170322074496e-02 1.140812773406459230e-01 9.564391106028179157e-02 9.199428572504586565e-02 1.087867544606004877e-01 1.087779471148073301e-01 9.429306325726675986e-02 1.088064498839067945e-01 9.201347559149933297e-02
8.941978129709850232e-02 8.519643386443952193e-02 1.249267838421325161e-01 8.720750193827353502e-02 8.940847555988097606e-02 1.158885722524102546e-01 1.158559599172492988e-01 8.685020197831924693e-02 1.158632857544421718e-01 8.938300359575404586e-02
8.887894442793414784e-02 8.476523336125484087e-02 1.237089324741796892e-01 9.022744298614747416e-02 8.886869486388905559e-02 1.152476602976913594e-01 1.151915171792572135e-01 8.927435245542156284e-02 1.150109560632845279e-01 8.882626589094011482e-02
9.077291725810177070e-02 8.805046006027164585e-02 1.187964583316900441e-01 9.096013460682242369e-02 9.078474563372475326e-02 1.131680839564593311e-01 1.131202252707635414e-01 9.066933198778931446e-02 1.129090120534702729e-01 9.076863084090690259e-02
8.893219286753985264e-02 8.525584761926703614e-02 1.197181131136833970e-01 9.036685474180418398e-02 8.892797925968615180e-02 1.161460182997361562e-01 1.160887538226315768e-01 8.977854640598031954e-02 1.158934188009523719e-01 8.889227506871894002e-02
1.005955163130788366e-01 9.941811873221077789e-02 1.005208729485153191e-01 1.033277128572046150e-01 1.006319506779249778e-01 9.748701129077573524e-02 9.750399412991050951e-02 1.022755021642018647e-01 9.755316531017781123e-02 1.006861555759995391e-01
1.026975932090956056e-01 9.528457318728379699e-02 1.031113323938906562e-01 9.456403175824704133e-02 1.027247800139126366e-01 1.008578307352128445e-01 1.008725262677610535e-01 9.619463270715276904e-02 1.009262449114166904e-01 1.027664548160269614e-01
9.004406420640714837e-02 8.465283529012763986e-02 1.127678845618211440e-01 9.440038262309297101e-02 9.006935211525220197e-02 1.147346062150348539e-01 1.147245654794410569e-01 9.370569482417138996e-02 1.147999804014885883e-01 9.010063428316297807e-02
9.177866243771951038e-02 8.401523053347342840e-02 1.138712381221471670e-01 9.388462283562779009e-02 9.178535278260055441e-02 1.130451792587160165e-01 1.130216895431499641e-01 9.381334530265612870e-02 1.130021488008268599e-01 9.178253038308263612e-02
9.023172078517367745e-02 8.707303632319984832e-02 1.168498718442746026e-01 9.264856770773609307e-02 9.023236689150078427e-02 1.137946879383819609e-01 1.137560652379876747e-01 9.154546316692920016e-02 1.136555594365657451e-01 9.021266066825035790e-02
9.178091200781175740e-02 8.901976514803892904e-02 1.162185567410540937e-01 9.134856722173208265e-02 9.175010058125691870e-02 1.125392529213762594e-01 1.124856189262870426e-01 9.086629281619541809e-02 1.123108635633452979e-01 9.168007007290221444e-02
8.896518055526674018e-02 8.513191224096071374e-02 1.176974321907277715e-01 9.221396262493894436e-02 8.896552900996179680e-02 1.158803009526220840e-01 1.158327415056862181e-01 9.067236451088737936e-02 1.156986288620444336e-01 8.894194754690386284e-02
9.083306341630409397e-02 8.666039118434455679e-02 1.186003678559483243e-01 9.125594110118850910e-02 9.086799486205179854e-02 1.133401440447642516e-01 1.133216507450573868e-01 9.093167766437880439e-02 1.132871608866792834e-01 9.090160823928296330e-02
8.965113437038721433e-02 8.618546006493738032e-02 1.227360541261577620e-01 9.065084507465377694e-02 8.963021376411625663e-02 1.138525586272045864e-01 1.137948300746410707e-01 9.032297268142332192e-02 1.136037607649505315e-01 8.957217045152811308e-02
8.909902225227857298e-02 8.292085106498023328e-02 1.125817932812931688e-01 8.746030900967588506e-02 8.913050553975505885e-02 1.209297427805548913e-01 1.209060083280915909e-01 8.687995897397160494e-02 1.209287165658361751e-01 8.916309220356286036e-02
9.245779980648934082e-02 8.801376376736537444e-02 1.157223511374766284e-01 9.368411350954811145e-02 9.249699204390043894e-02 1.109728067155066888e-01 1.109589712121491212e-01 9.224041257927907689e-02 1.109165967406459952e-01 9.253619248763925165e-02
8.986672188682223728e-02 8.528250670608351902e-02 1.219828313791533614e-01 8.768089446904862860e-02 8.986828413083319811e-02 1.161940053951085183e-01 1.161444398814165391e-01 8.715169830254020089e-02 1.159848582974017522e-01 8.984375955159204508e-02
9.123860318338859743e-02 8.749540311709126661e-02 1.198611518862421343e-01 9.184527472062246900e-02 9.120247232001248150e-02 1.123096017000360103e-01 1.122575727628314646e-01 9.055017665364060997e-02 1.121113699600380792e-01 9.112837369609685934e-02
8.924328475766932223e-02 8.550879269498562474e-02 1.238833928282631058e-01 9.082110527525412424e-02 8.923131078263769889e-02 1.141848228513913655e-01 1.141413121243134571e-01 8.974256735513161387e-02 1.140481619598838203e-01 8.919524937046988122e-02
8.771102815842962697e-02 8.472223622543879895e-02 1.263669614735365432e-01 8.847339798606540517e-02 8.773879590146350937e-02 1.164248349482991940e-01 1.164100713265480563e-01 8.789872600553821913e-02 1.164821036986173064e-01 8.777184427606335437e-02
9.008090566219667528e-02 8.434369611695452518e-02 1.199524006020147582e-01 8.834972690132959772e-02 9.009601084672598514e-02 1.163893472671056750e-01 1.163656657016712420e-01 8.794082121353301307e-02 1.163749765860080110e-01 9.010644910246048966e-02
8.798476067950634916e-02 8.353057219028238445e-02 1.252991116942594740e-01 8.921071546364706117e-02 8.798214952801329536e-02 1.165770251149091385e-01 1.165298803066650707e-01 8.850298083861424248e-02 1.164253946018027341e-01 8.795740958230024997e-02
9.299039600006883677e-02 8.991161329759607412e-02 1.126385744502427372e-01 9.332371373006473347e-02 9.293724516745507924e-02 1.108984749570683104e-01 1.108420412047423781e-01 9.295820177797223249e-02 1.106632899250931112e-01 9.283644948969654864e-02
8.747308255109666197e-02 8.255888420832736829e-02 1.223270785022336632e-01 8.581119198449835284e-02 8.749719636539264600e-02 1.205466265392532849e-01 1.204957251998498430e-01 8.544753063249982405e-02 1.203390712818475927e-01 8.750361273500081860e-02
9.364678795967687486e-02 9.132971239044652967e-02 1.147639310113571648e-01 9.267527274974790563e-02 9.364348135957338559e-02 1.093301324805447394e-01 1.092999604307778871e-01 9.249578125395067907e-02 1.091963745819850840e-01 9.361856578193979150e-02
9.500180982326897339e-02 8.860281861383534352e-02 1.113325827903787341e-01 9.148833129579787837e-02 9.498335779303269943e-02 1.110759337574655642e-01 1.110425479567898888e-01 9.058426447048795183e-02 1.109493130360672680e-01 9.493904046287567067e-02
8.636011162687426412e-02 8.253007880124994811e-02 1.294493919796401715e-01 8.773397165056097402e-02 8.638222313571086719e-02 1.181245089328525344e-01 1.180969959183008344e-01 8.680486080614570332e-02 1.181159198651643982e-01 8.640193728350033242e-02
9.575105281153951930e-02 9.173704905857293923e-02 1.148599288682482372e-01 8.993095069916821893e-02 9.572493431470806280e-02 1.089521620090471155e-01 1.089353073432825364e-01 8.946444029586446411e-02 1.089594554330876042e-01 9.568471916648128850e-02
9.506450062725417538e-02 8.824351036877847720e-02 1.087714376735658683e-01 8.875535622912818223e-02 9.504069541189369419e-02 1.137588666217895228e-01 1.137230616599928662e-01 8.800279549217664143e-02 1.136488146750859185e-01 9.499096124033466759e-02
9.074510427034211679e-02 8.734581416452621982e-02 1.194863049344088574e-01 9.354319114192811979e-02 9.074048923881551654e-02 1.119598331198579932e-01 1.119253264562714706e-01 9.169253869211178853e-02 1.118453637451324451e-01 9.071603423660548615e-02
9.199277252513821113e-02 8.992494425768512989e-02 1.157998813307716257e-01 9.174719253101981664e-02 9.204464963401852440e-02 1.116761889571321054e-01 1.116774058100259842e-01 9.129085003885661909e-02 1.117344321289762271e-01 9.211168278637572870e-02
8.826866872769331684e-02 8.441267051276862832e-02 1.206166398043327787e-01 8.906377008562278708e-02 8.827538344518913449e-02 1.176620736468644707e-01 1.176307192409724450e-01 8.816243089336650574e-02 1.176343417748478698e-01 8.827330186834206338e-02
8.876739769718336448e-02 8.505271388634759455e-02 1.217077652662848786e-01 8.956191887392599138e-02 8.875787286216882399e-02 1.164242384138617498e-01 1.163748967618615376e-01 8.837029947996559442e-02 1.162600972861914383e-01 8.872279947220902685e-02
9.589849278681726596e-02 8.490862084975969726e-02 1.113724113277832356e-01 8.923998134133576121e-02 9.588263723798602645e-02 1.126178370051151012e-01 1.125989630838898914e-01 8.900611457229944123e-02 1.126201148830583559e-01 9.585482691195518212e-02
9.369290443167138660e-02 9.262284157028574660e-02 1.108616357828563492e-01 9.394072769827746527e-02 9.373443727391235492e-02 1.093463590435042737e-01 1.093550503569490767e-01 9.319035663509750433e-02 1.094611524768866334e-01 9.379453473055922308e-02
9.266180917500323189e-02 8.740742119208573524e-02 1.116622627741708645e-01 9.235141321622293564e-02 9.267619218064598874e-02 1.129637231764898664e-01 1.129432773906151877e-01 9.172975638054574332e-02 1.129205507807754250e-01 9.268359373344503549e-02
9.067105359902863371e-02 8.963259413593706315e-02 1.179966228238645692e-01 9.608211223729626327e-02 9.066187148051189915e-02 1.101941530524168655e-01 1.101582134651790945e-01 9.391344192345256470e-02 1.100604131772059124e-01 9.062952410510709267e-02
8.961463665169959458e-02 8.496094951835710118e-02 1.198549448246076371e-01 8.771367371860258610e-02 8.959215219655536355e-02 1.172661761394823282e-01 1.172180239872270963e-01 8.709102689096256955e-02 1.171448985147918870e-01 8.954351755771383647e-02
9.148301091634761240e-02 8.775602780740271447e-02 1.143517856147106271e-01 9.138520862592118543e-02 9.142472497085511740e-02 1.140353675361328867e-01 1.139655507948355018e-01 9.053638310569822600e-02 1.137486505139797544e-01 9.131329011411634666e-02
9.220384630047717689e-02 8.925434420418854042e-02 1.168253239094732832e-01 9.243319836070618134e-02 9.220195608702712320e-02 1.109692122324826835e-01 1.109344250127640291e-01 9.217866224592918822e-02 1.108213093606427030e-01 9.217772228630910503e-02
8.955651282346244191e-02 8.706188202232548190e-02 1.141781847166968150e-01 9.065510921773245467e-02 8.954176360253582323e-02 1.166360670228418495e-01 1.165890791667834325e-01 8.978039970041828965e-02 1.164989981672225339e-01 8.950200355998086388e-02
9.043264030826310418e-02 8.625927782031203583e-02 1.131192729389586121e-01 9.477574757047606269e-02 9.040693016068168664e-02 1.138081579661493759e-01 1.137698222776182128e-01 9.333742172241592250e-02 1.137326015367418619e-01 9.035812769838305614e-02
9.251297917039974505e-02 8.878422249337905581e-02 1.171137039335738983e-01 9.462212632406186152e-02 9.249851878492136581e-02 1.096124242122988451e-01 1.095749551674724542e-01 9.337274193751667062e-02 1.094520347705146140e-01 9.245629320586148947e-02
9.225406412179401605e-02 8.854163502595568946e-02 1.160761439442769272e-01 9.377246282909398878e-02 9.226400494895074800e-02 1.107449066633355017e-01 1.107127589037695675e-01 9.278771238764771390e-02 1.105914412958893811e-01 9.225486987928649407e-02
9.242280471307741385e-02 8.754873436292780198e-02 1.196548655723611299e-01 9.078421336064902702e-02 9.246533750753527237e-02 1.112612117512954413e-01 1.112578040821033121e-01 9.079494068302877696e-02 1.112925581047357060e-01 9.251752986228604925e-02
9.082874681082728219e-02 8.761614411414463122e-02 1.165125991809097400e-01 9.097668890987298251e-02 9.087627465161712825e-02 1.137477734394139878e-01 1.137335289273675443e-01 9.107443781199954513e-02 1.137061961855368175e-01 9.092760996831035503e-02
8.945984521109918985e-02 8.458472290314537900e-02 1.172945174526192902e-01 8.820364545415965152e-02 8.945519831909509723e-02 1.179647686262551981e-01 1.179270104276980147e-01 8.777589312042183289e-02 1.178994807578127163e-01 8.943491772769364412e-02
8.804579198417193664e-02 8.344702039212134603e-02 1.195787091638601252e-01 8.864084620366607936e-02 8.805981455239048072e-02 1.186374289942597471e-01 1.186096415411366373e-01 8.827645036545027357e-02 1.186349346354839268e-01 8.806936216745940571e-02
9.175110285079038364e-02 8.890900397739685823e-02 1.134016417787759995e-01 9.883279912332609829e-02 9.177837480644765455e-02 1.091268635503942486e-01 1.091108642143854834e-01 9.621958294924463917e-02 1.090681092366248689e-01 9.180165751261380735e-02
8.774318821623006137e-02 8.384957623585137521e-02 1.201936481646825317e-01 8.885950708459655623e-02 8.779300108278047243e-02 1.184079459619007402e-01 1.183848004590929981e-01 8.857097925739745858e-02 1.183517318752354414e-01 8.784562166223236490e-02
9.072867438743349722e-02 8.825452999515778774e-02 1.174363554748491800e-01 9.216198401869402090e-02 9.073806799759631669e-02 1.128671066977165460e-01 1.128299100172840269e-01 9.155020505604156977e-02 1.127054063768935938e-01 9.072775997833343320e-02
8.986882763053627432e-02 8.450767752952968725e-02 1.115490282548942391e-01 8.997170914697756594e-02 8.991641111986486967e-02 1.181897052370284446e-01 1.181731934018447339e-01 8.967767389997564897e-02 1.181760482244842841e-01 8.996972555486425216e-02
9.018943651245933668e-02 8.763869577381072640e-02 1.181078261261211265e-01 9.173177898571296951e-02 9.015895213143045039e-02 1.140381686114069204e-01 1.139722513780966756e-01 9.034371817864873810e-02 1.137358855219652021e-01 9.008328678034786818e-02
8.821992770821991681e-02 8.475394274775790993e-02 1.197123696625349148e-01 8.770292369920987263e-02 8.827302724921906596e-02 1.184488085439422272e-01 1.184275183947347404e-01 8.773501658376282875e-02 1.183961643244429290e-01 8.833030108617560827e-02
8.996789237639733761e-02 8.651882512214190135e-02 1.230832171282043308e-01 9.142599568238174434e-02 8.997158655298292951e-02 1.127820172929152737e-01 1.127612692332032041e-01 9.073389344347855545e-02 1.127862181506915640e-01 8.996908501760320087e-02
9.204305615953933817e-02 8.892292240789512192e-02 1.124903391720047802e-01 9.271394054962596443e-02 9.201456945498950879e-02 1.127937747912590022e-01 1.127487276669745242e-01 9.168271558673093957e-02 1.126356773995526583e-01 9.195427681142820386e-02
8.982966140731302174e-02 8.502658032954696354e-02 1.213549518173348135e-01 9.102132089640235790e-02 8.982998007288181541e-02 1.143342100889397223e-01 1.142976804916294720e-01 9.026883477948298429e-02 1.142242620948722004e-01 8.981251802159671838e-02
9.808631456241032054e-02 9.035968691663172347e-02 1.107265530831900990e-01 9.200970168691986750e-02 9.807742971391016085e-02 1.064148544125693846e-01 1.064083478393771653e-01 9.341975992907800008e-02 1.064349658299905133e-01 9.806238602592276532e-02
8.988898042326395887e-02 8.634068365606510642e-02 1.132284908832468101e-01 9.260368155005532786e-02 8.987732986672086755e-02 1.155907873548951553e-01 1.155562987014960574e-01 9.152341197983442089e-02 1.155410270904507070e-01 8.984930849397158859e-02
