9.496826848665798626e-02 8.181671829490305692e-02 7.918952157335915065e-02 9.496054471859201318e-02 9.495977291539105247e-02 1.036910162611687780e-01 9.475029441389844209e-02 1.217561476786680613e-01 1.215749831060137232e-01 1.123327325513477221e-01
9.443226007947873313e-02 8.191275181749267664e-02 8.343931460946395207e-02 9.441459906826574211e-02 9.432544595026490231e-02 1.004884151060407155e-01 9.416134656761698807e-02 1.247098140770970393e-01 1.242300476982237251e-01 1.078860050260555675e-01
9.446756478649516453e-02 8.984691940662078991e-02 8.563150927938797952e-02 9.445719874158589602e-02 9.441847521822853417e-02 1.020862956705277658e-01 9.426993543418701882e-02 1.204499294370850321e-01 1.201510725218795650e-01 1.042210995040022264e-01
9.268033359858467157e-02 7.718047697865851320e-02 7.842816673846290942e-02 9.266495266256634389e-02 9.261313396986593782e-02 1.032609694945390844e-01 9.238125553551217173e-02 1.212912375195187298e-01 1.209728639408785694e-01 1.285266095614131243e-01
9.344728848226162288e-02 8.151995353572574765e-02 7.966426915645907769e-02 9.344255193659613268e-02 9.342837747156954031e-02 9.996466515800743469e-02 9.334074926208096867e-02 1.272771661804307786e-01 1.268803428254450805e-01 1.110346359914236997e-01
9.490426064004060802e-02 8.743640161926113930e-02 9.456121395931034457e-02 9.491598893523446601e-02 9.498026885675740771e-02 9.691976873856943120e-02 9.504846546285812547e-02 1.160924851104438021e-01 1.159664381121823518e-01 1.091747085653423377e-01
9.268375573956307012e-02 8.729961489595430835e-02 7.693418148153816083e-02 9.268021130693880616e-02 9.270540431172835660e-02 1.042239777242905951e-01 9.251521743944772502e-02 1.248665491231731733e-01 1.246657826777980982e-01 1.114253052995676646e-01
9.375800573776225944e-02 8.453194072347601506e-02 8.189522663019981052e-02 9.374468738813158952e-02 9.369518347496502697e-02 9.883004435711466307e-02 9.350788272471308171e-02 1.193819306380547313e-01 1.190860409597632591e-01 1.215690573658195495e-01
9.523119227122586739e-02 8.831065147526831471e-02 8.626395127026396936e-02 9.521823870468415496e-02 9.518261904031773135e-02 1.015395279636820275e-01 9.495746482287206747e-02 1.186941060836025769e-01 1.184850304841465612e-01 1.061172178839367708e-01
9.432525405201157287e-02 7.813128233664141942e-02 8.217759533677404526e-02 9.430822018502313386e-02 9.422688408303539487e-02 1.031369428936389776e-01 9.405236192334620604e-02 1.233524387595311550e-01 1.229194238701086794e-01 1.133695965598894573e-01
9.196434820479854055e-02 8.441248631597240981e-02 8.241230673398128315e-02 9.194817335212313036e-02 9.186330544550050381e-02 1.003438678534289974e-01 9.172300758260493181e-02 1.260314530244902032e-01 1.254772499185946022e-01 1.138238015685054255e-01
9.146170854359675362e-02 7.898352239158558386e-02 7.823745335924069122e-02 9.144098305407465099e-02 9.135327276059973522e-02 1.027160765494501554e-01 9.110672950250654767e-02 1.277619521317595874e-01 1.272349223986811162e-01 1.197033793085051923e-01
9.240783343549147100e-02 8.679117774456736323e-02 8.276970119501431133e-02 9.241045095467703696e-02 9.246626689795175991e-02 1.011495105121490157e-01 9.233006076829927689e-02 1.173027972181352324e-01 1.172337942421983886e-01 1.251384070315161579e-01
8.939946882083214807e-02 7.732574958838540902e-02 7.551742879765417638e-02 8.938142555499554998e-02 8.930488032840523671e-02 1.002150343840445545e-01 8.908925235048968660e-02 1.257509005961615356e-01 1.252278809624148559e-01 1.387879786166168472e-01
9.130574102529691316e-02 8.203470948485544478e-02 7.496402878964905647e-02 9.129451381388063724e-02 9.126193421755281199e-02 1.011999195541325863e-01 9.107115365889695280e-02 1.248386410280695052e-01 1.244662569750133591e-01 1.275631014526527607e-01
9.121092280928577711e-02 8.225382788866628103e-02 8.047409329412158474e-02 9.119868873324281366e-02 9.114256134779069596e-02 1.006855022470282135e-01 9.100571785619637755e-02 1.274533940104763674e-01 1.269352679218677671e-01 1.176400238913240942e-01
9.393177579828143609e-02 8.432373970439134558e-02 8.457024299438231640e-02 9.391301912095675886e-02 9.381430093640177881e-02 1.006704148610093469e-01 9.365469328165552942e-02 1.195940840894766932e-01 1.191639878800942465e-01 1.163637413333506038e-01
9.687266760642523900e-02 8.327633557114745566e-02 7.861314479766397245e-02 9.684827779154099592e-02 9.675335984101456066e-02 1.045474692964647456e-01 9.643702349072710844e-02 1.199787226490932751e-01 1.196946535823542185e-01 1.069783453735684703e-01
9.476612637202547207e-02 7.698982094447399949e-02 7.553044812214643189e-02 9.474856732301666085e-02 9.469557391972255322e-02 1.060763387358205911e-01 9.441185140438226875e-02 1.287998805802633984e-01 1.284334933570626947e-01 1.055478992410859435e-01
9.259587471862566754e-02 8.013334811017204518e-02 8.192769100838248608e-02 9.258617154329260024e-02 9.256714823580698692e-02 1.012524822851814249e-01 9.236922258646310113e-02 1.216127800819892385e-01 1.213479868357222879e-01 1.236072945943641754e-01
9.354306260966686881e-02 8.162057390462280904e-02 7.976671329088136364e-02 9.353129423022463196e-02 9.348762080511280326e-02 1.016896421455407290e-01 9.332017904080940063e-02 1.273098217402857113e-01 1.268910036870521119e-01 1.088400885458035844e-01
9.423907809707876559e-02 8.546472531705336106e-02 8.393831686482511323e-02 9.421741445536170600e-02 9.410329455548635536e-02 1.012499092945045587e-01 9.392163400490653735e-02 1.193839843504526238e-01 1.189400098924225380e-01 1.145416331679084965e-01
9.277508597794877077e-02 8.665717346663952270e-02 8.523032084206894066e-02 9.276307006294033652e-02 9.270837967991835127e-02 9.896364905128733624e-02 9.257199555172540562e-02 1.216994589340666399e-01 1.213075911501904636e-01 1.153232752832142188e-01
9.267249394886914460e-02 8.099220622001826464e-02 7.832960530804149168e-02 9.265763121532417934e-02 9.260154923381130887e-02 9.848684669352000820e-02 9.239728101780450564e-02 1.218822818375238232e-01 1.215263740916763952e-01 1.284537304334108510e-01
9.343651670528677067e-02 8.345067370572326060e-02 8.652617500140913354e-02 9.343300246234464979e-02 9.344026649698553011e-02 1.002280505825163953e-01 9.331135121056705062e-02 1.237204870532403328e-01 1.234593205142766742e-01 1.089941562676502440e-01
8.605142373018077884e-02 6.962577165437901228e-02 6.755711449290321968e-02 8.603614839710843620e-02 8.599776686626518785e-02 9.604524662698595006e-02 8.572428936178481951e-02 1.188622197620319149e-01 1.185376688678218965e-01 1.855623502405387704e-01
9.541496086790982045e-02 8.751214787859583344e-02 8.422934188211587958e-02 9.540103788104466187e-02 9.534388899967270736e-02 1.019775198199951022e-01 9.516674549894489632e-02 1.199570184057490441e-01 1.196542772766241297e-01 1.053430614893479389e-01
9.368544340041116969e-02 8.562855463575792803e-02 8.488104783805394682e-02 9.368429505903326515e-02 9.369645108730706440e-02 1.055678182427805534e-01 9.361143292805376714e-02 1.187735219734061681e-01 1.185680548893100483e-01 1.119033799458861028e-01
9.291179126431058088e-02 8.374641005788102666e-02 8.209638493319071362e-02 9.289928326282011206e-02 9.284377958463418956e-02 1.026459516118540527e-01 9.269756733752521072e-02 1.225981622781636138e-01 1.221987477802289057e-01 1.153619218893915804e-01
9.231662262953238551e-02 8.917410546491931489e-02 8.584180853999189009e-02 9.230627322211838737e-02 9.227601664833445794e-02 1.011111701843172977e-01 9.209961555392882915e-02 1.169245742946330574e-01 1.166808907273676338e-01 1.212689227348567877e-01
9.265682218539565695e-02 7.911140685565778985e-02 7.782907729511719108e-02 9.264879360808112030e-02 9.262908923337984102e-02 1.042728169732306115e-01 9.247619097622697404e-02 1.282420823250327857e-01 1.278474922979261352e-01 1.122862282499518527e-01
9.337573539534194111e-02 8.329325897649038357e-02 8.100638758685563268e-02 9.335578668208377451e-02 9.325421963107682899e-02 1.028972877793183638e-01 9.307395727092052096e-02 1.223363917078345853e-01 1.218566781549069999e-01 1.155502968151709692e-01
9.436524210257012102e-02 7.743465074616043275e-02 7.965322713651692976e-02 9.434617814863845153e-02 9.424754396865600570e-02 1.022360099446083803e-01 9.407975004577921740e-02 1.229346613639427654e-01 1.224622935943412705e-01 1.182404429487864395e-01
9.563967152373634151e-02 9.991248160917999555e-02 8.761150601269898641e-02 9.563447779015001038e-02 9.561825201103581195e-02 1.084266617440647479e-01 9.552553813846363651e-02 1.082421343263859637e-01 1.081407993325738809e-01 1.052484775117106391e-01
9.625469860454009818e-02 8.438137946853839499e-02 8.923219649387109653e-02 9.625705225063188597e-02 9.628286274686427559e-02 9.809607668592423835e-02 9.624084419479254915e-02 1.165558086327337095e-01 1.164194473920887318e-01 1.102796335300149505e-01
8.751193483360042435e-02 8.375891719508178623e-02 8.124161852004888051e-02 8.750390634196733575e-02 8.749106251013021029e-02 1.015894592877455982e-01 8.731578407061080238e-02 1.242987391267263708e-01 1.239146644545121162e-01 1.353739136595764614e-01
9.114486357534920535e-02 7.581368684756821519e-02 7.247472033170816730e-02 9.113810115799686473e-02 9.114589531575108261e-02 1.037034493554219727e-01 9.093260669582410582e-02 1.236890998458823193e-01 1.234530955441563299e-01 1.365044813303417370e-01
9.386808184932149413e-02 8.050158560699599564e-02 8.147341059311524747e-02 9.385644491822767166e-02 9.382017764340190580e-02 1.029726522491440643e-01 9.363100242088812086e-02 1.275062364215613919e-01 1.271241929096055268e-01 1.052462153877385675e-01
9.010150684377327135e-02 7.809283703354866213e-02 8.046157373237869392e-02 9.009803410751462960e-02 9.010827096948370585e-02 9.724781215955037583e-02 8.997088151990630112e-02 1.300969552109226823e-01 1.297035959900540714e-01 1.241185324328676065e-01
9.090254603497341379e-02 7.686110863826639550e-02 7.647171887020570713e-02 9.089671185912445717e-02 9.088210873260664513e-02 9.996025449992050615e-02 9.076827588752428566e-02 1.275192465849931678e-01 1.270924209270880567e-01 1.286456079652973095e-01
9.302475821678787837e-02 8.008082107158746854e-02 8.223233375361636843e-02 9.301266395905666284e-02 9.296536662424888242e-02 1.005829396293193428e-01 9.280194514931014438e-02 1.254576467034085596e-01 1.250471588207363871e-01 1.147943660719283610e-01
9.316191224395707626e-02 7.905080121521672332e-02 8.206484004956450529e-02 9.314847022220945627e-02 9.308029503833605001e-02 1.019824360333637381e-01 9.295306448936281607e-02 1.205171011533685554e-01 1.201116848935802478e-01 1.239293946610408037e-01
9.316402202079648864e-02 7.735798702341020738e-02 8.461273341175194751e-02 9.315884438178372029e-02 9.316940605733398106e-02 1.020637315721591304e-01 9.298689512050402339e-02 1.270318530893612963e-01 1.267647356969048567e-01 1.096897916259943484e-01
9.305362829862648399e-02 8.149143925488384899e-02 7.871428183296941272e-02 9.303347818232837740e-02 9.294452241577995377e-02 1.033613862443987924e-01 9.271656778029613299e-02 1.237056260452266965e-01 1.232600544795997705e-01 1.177190154658905308e-01
9.353381326760042136e-02 8.435470029614772214e-02 7.777928166464767590e-02 9.352299901663874149e-02 9.349044970718282943e-02 1.066014375751268145e-01 9.330974633067777579e-02 1.205179467728194759e-01 1.202386438354281217e-01 1.166509815337303385e-01
9.263945526402073138e-02 8.710590651517470528e-02 8.486834971601477096e-02 9.264010950658760346e-02 9.267307318853339193e-02 1.054613964650786273e-01 9.256391684992193447e-02 1.209042719826545070e-01 1.207214475584169888e-01 1.104220729535967394e-01
9.284073161622594106e-02 7.778523519165846112e-02 7.321172986798120397e-02 9.283827045873843664e-02 9.287647158653998536e-02 1.037075990165967215e-01 9.266996147422271179e-02 1.234678475442527734e-01 1.233314679658981117e-01 1.272706852778856812e-01
9.145678344735710952e-02 8.179644569897855100e-02 7.834033460885433953e-02 9.144824384706250198e-02 9.143383675034273683e-02 1.048562191365142587e-01 9.125017671870443159e-02 1.274809635867166779e-01 1.271145309388096722e-01 1.148224652666597345e-01
9.424538572793658697e-02 8.495198610688202423e-02 8.359431490577411139e-02 9.424037862705331170e-02 9.423112507007727623e-02 1.030469331459841764e-01 9.411980779184743462e-02 1.197006507643036677e-01 1.194560860311068007e-01 1.124133318290345823e-01
9.331360862174072068e-02 9.020216770043429366e-02 7.924823734668934305e-02 9.330645312586960394e-02 9.328920129255946492e-02 1.071087900551155880e-01 9.315019961341808319e-02 1.193818487138439688e-01 1.191261286651713325e-01 1.118733648651576706e-01
9.799959235051260154e-02 9.383956830058226561e-02 9.124138124418848528e-02 9.800460884369900649e-02 9.801832567692890519e-02 1.055122013248251805e-01 9.808524484627477447e-02 1.052947316127011007e-01 1.052357543453167760e-01 1.067685914549709042e-01
9.336767632042530796e-02 8.407864768131641242e-02 8.453759963052084880e-02 9.334996741753144589e-02 9.328117915853015307e-02 1.040789300980671794e-01 9.304721090714401788e-02 1.213363109120060984e-01 1.209878091956012730e-01 1.119346686788572770e-01
9.651771989110707883e-02 8.511144330642243794e-02 8.486987687943357839e-02 9.649901808732386232e-02 9.640326643348184898e-02 1.074788059517282762e-01 9.623460702932896960e-02 1.154784075853281522e-01 1.151681948442797726e-01 1.062386599915660368e-01
9.638189520130431565e-02 8.649421834600881653e-02 8.608556246333717854e-02 9.635268820504797049e-02 9.618304243472093618e-02 1.013475282877144695e-01 9.599666362323261426e-02 1.154454637488900592e-01 1.149844581286257189e-01 1.107284795611179345e-01
8.907010552665753367e-02 8.330347936017874766e-02 8.012370117712167006e-02 8.906183846102444512e-02 8.903976019738450709e-02 1.010939809915684523e-01 8.888936430425002644e-02 1.267752904941010506e-01 1.263341645374963240e-01 1.263083149502172708e-01
9.121914228005124914e-02 8.039959704867208345e-02 7.327250949654275092e-02 9.121161539666786111e-02 9.121362554693902835e-02 1.037574716437889150e-01 9.100036358103115453e-02 1.264595136846771717e-01 1.261702649437263235e-01 1.252958963779034485e-01
8.759412206849691296e-02 8.296345329177828853e-02 7.931555883082612446e-02 8.759245417349617591e-02 8.760188606095606345e-02 1.011388273724453390e-01 8.751374256190037892e-02 1.281309023350703513e-01 1.276862353633553826e-01 1.304628179416749967e-01
8.961479345372053151e-02 8.353888374893553292e-02 7.562519886692480042e-02 8.961550608966442621e-02 8.966271084340912689e-02 1.006469626115941568e-01 8.950735445838281512e-02 1.230482337652485242e-01 1.228642715786285450e-01 1.358760845834915965e-01
9.420487901414063836e-02 8.065387365129558783e-02 7.959922229533104854e-02 9.419567020988924011e-02 9.417301987938377084e-02 1.034754001436946069e-01 9.399971261649724130e-02 1.226424523767506436e-01 1.223622570682001837e-01 1.146935127448170250e-01
9.419164084640570256e-02 8.645038415790079478e-02 8.425582234657980063e-02 9.418750135628228826e-02 9.417880220456763263e-02 1.058698618507772360e-01 9.408779325220206768e-02 1.165340784517916312e-01 1.163214148206189874e-01 1.139227007128738450e-01
9.061293017668042848e-02 8.029414537344349567e-02 8.318733438274950043e-02 9.060656892366290849e-02 9.058869800318808396e-02 9.981826706221821888e-02 9.047249886135505514e-02 1.300462635452539206e-01 1.295657161073557884e-01 1.148075775640926277e-01
9.552862668799061430e-02 8.834000482514614561e-02 8.692921283899227025e-02 9.553193151371142111e-02 9.555119326732457175e-02 1.073666457563601517e-01 9.555582830566022867e-02 1.113255029957716802e-01 1.112054566075969531e-01 1.126655972014459633e-01
9.374169019428089944e-02 8.191846824025512952e-02 8.496889704272458932e-02 9.371995096428492600e-02 9.360568136292293784e-02 9.938090319389895899e-02 9.342268391301977726e-02 1.227013229534675842e-01 1.221924959936232652e-01 1.143479061415218906e-01
9.357845038804901705e-02 8.639758054619776917e-02 7.968661788114626832e-02 9.355868934719029084e-02 9.346926046615570971e-02 1.042556938662042021e-01 9.325272491312100454e-02 1.233656122563174945e-01 1.229262474032173230e-01 1.095091229324009069e-01
9.623997848322257687e-02 8.299529970521081490e-02 9.086855641738496303e-02 9.624301994781563063e-02 9.625836802725426522e-02 9.776224759302235001e-02 9.626940425693288061e-02 1.145082752843855911e-01 1.143455078762275617e-01 1.145093424085433798e-01
9.378150392868099539e-02 8.475932186570697691e-02 8.058183146460000390e-02 9.378085057051757656e-02 9.381424923512426961e-02 1.046739338224050853e-01 9.367001096744799471e-02 1.245227080935537439e-01 1.243317272197435319e-01 1.060838628322198218e-01
9.171436222745099620e-02 8.680950300861703384e-02 7.990387689163119811e-02 9.171411638063425853e-02 9.172405777074262023e-02 1.056334820472671909e-01 9.166992929435528736e-02 1.182635744062495303e-01 1.180123460939963981e-01 1.245547518790555003e-01
9.243694953183963225e-02 8.717082009150756150e-02 8.267268965465709996e-02 9.242487140994494477e-02 9.238190286709917209e-02 1.003946733296511157e-01 9.220435291434821157e-02 1.173680541213402428e-01 1.170905979312483747e-01 1.258550881483636585e-01
9.360155439528547450e-02 8.276881428190652201e-02 8.028037489933115278e-02 9.359293245249403204e-02 9.357702519980773403e-02 1.030940118128123723e-01 9.339599584470276161e-02 1.207893577679222674e-01 1.205477225869438646e-01 1.183522107587938743e-01
9.505056892210315966e-02 8.418725145615447991e-02 8.559799432161381560e-02 9.504568792640165353e-02 9.505390078716367819e-02 1.042433760023938338e-01 9.488660920248748187e-02 1.201715864195923578e-01 1.200073407128282449e-01 1.057556842492613641e-01
9.111050207963468373e-02 9.110155115918076862e-02 8.486618775499249479e-02 9.111321872300479074e-02 9.113682270628280235e-02 1.036175044623336983e-01 9.111236680704278001e-02 1.182276566343626878e-01 1.179825620411504711e-01 1.197316276320148504e-01
9.251144314224231391e-02 8.069923088900557429e-02 8.009081191129362176e-02 9.249443653106916019e-02 9.242801364805701414e-02 1.007465390544125955e-01 9.220408314173889064e-02 1.239908757694011404e-01 1.235861389995163706e-01 1.212484269132633324e-01
9.218205015499689181e-02 8.526305935348789389e-02 8.211918450706114092e-02 9.216934977719062894e-02 9.210725892907543899e-02 1.013874371562195342e-01 9.197853067520135595e-02 1.171741301701215987e-01 1.168203188273376075e-01 1.287986804493079507e-01
8.935318484415932794e-02 8.458352262153090440e-02 7.630792785470350004e-02 8.935084765520845407e-02 8.936635360964455266e-02 1.039976999217728515e-01 8.924027851138469081e-02 1.223996406478307375e-01 1.221159006903891342e-01 1.332846436433758885e-01
8.984492432419274865e-02 8.357225800966880391e-02 7.822214769046066662e-02 8.984712076422651794e-02 8.988985170409356795e-02 9.964188216477197491e-02 8.978753387928782581e-02 1.247161540256830625e-01 1.244635887030592358e-01 1.300145387345556514e-01
8.992850784088804450e-02 8.363107755428471346e-02 7.948755415363235877e-02 8.993141605989236897e-02 8.997122679352320684e-02 1.007839586905229790e-01 8.989699126843465893e-02 1.301642382704297773e-01 1.298052467891407658e-01 1.163997825792511820e-01
8.984941227421509857e-02 8.365613226695702009e-02 7.708886630058363332e-02 8.984716366303593937e-02 8.985637248534485144e-02 1.025413906947990200e-01 8.975378568821239245e-02 1.256378141413667382e-01 1.252803473898594921e-01 1.264887150956258421e-01
9.341531514870216046e-02 8.360957515735217838e-02 8.368472912428721877e-02 9.339446843381536689e-02 9.328825312683271254e-02 1.005358928007506897e-01 9.310081943238437963e-02 1.213970304136100381e-01 1.209270322669863812e-01 1.166468840952788605e-01
9.762028283127292816e-02 5.451827698504647240e-02 5.258271093195253376e-02 9.756811556765276894e-02 9.742161314482726542e-02 1.176828330083359020e-01 9.657596980237997952e-02 1.502686096091967460e-01 1.497718547154100743e-01 8.598973340392532250e-02
9.427816367822744459e-02 8.335555422048290808e-02 7.904682175523990162e-02 9.426720105935326721e-02 9.422205316624845950e-02 1.069675372779614053e-01 9.408004167809748408e-02 1.191502519197795429e-01 1.188483488613671368e-01 1.157840263832424499e-01
9.409174940947460930e-02 8.023717133510292754e-02 8.084576738717738631e-02 9.407350566295746841e-02 9.399752936945580950e-02 1.037508115967741146e-01 9.377410274474057283e-02 1.219409032109980418e-01 1.215707374560791587e-01 1.157177218272399111e-01
9.309931931520755433e-02 8.494740631279669441e-02 8.227186053067306326e-02 9.309150517164167804e-02 9.306158008162204731e-02 1.004470259643730767e-01 9.294865568154034308e-02 1.238312203139417950e-01 1.234584063110916591e-01 1.128430203171121304e-01
9.211746201951494240e-02 7.950217816878843435e-02 8.262703474075913657e-02 9.211266455067658454e-02 9.209449922016246792e-02 9.731629253196616425e-02 9.201902594036487359e-02 1.212262824122613963e-01 1.208824326979550945e-01 1.301021277175509194e-01
9.069471699142711563e-02 7.776724585150752989e-02 7.748478735271113749e-02 9.068150698163818246e-02 9.064387234918078184e-02 1.056231047378745208e-01 9.041971881241275821e-02 1.275986762755581816e-01 1.271827096163283266e-01 1.219036610313614516e-01
9.350778070400911357e-02 8.458581380359747603e-02 8.000655700168647633e-02 9.350296217966914958e-02 9.349341373817196543e-02 1.049045243140147021e-01 9.338802810175587943e-02 1.182189064631144204e-01 1.179798833496294441e-01 1.204121303443513591e-01
9.388186480941969336e-02 7.616777979473124405e-02 7.400340352021574086e-02 9.385689647964240434e-02 9.375771933090859545e-02 1.038378668127878934e-01 9.344156453510234217e-02 1.272800577729137905e-01 1.268235762480278972e-01 1.169492706962503153e-01
9.328599288330433059e-02 8.661700970917872444e-02 8.712947914913977965e-02 9.327552359291206574e-02 9.322192764182947455e-02 9.737363113786932922e-02 9.312124376385728930e-02 1.224273114909670834e-01 1.220122909315336512e-01 1.115355896994082857e-01
9.174685541319066440e-02 7.895860933112042179e-02 7.832065694642426079e-02 9.172053935866719687e-02 9.159405817842125597e-02 1.030470206178416975e-01 9.133618173321642053e-02 1.273287134486275063e-01 1.267171796051236032e-01 1.192301853673668893e-01
9.378427589269296150e-02 8.840163156311516002e-02 8.742369790126094942e-02 9.377300203536105550e-02 9.372192551373946523e-02 1.015665520943487415e-01 9.359209862559104975e-02 1.162888521374665224e-01 1.160002610422505298e-01 1.154477031941736204e-01
9.420248183649564122e-02 7.880364398969781636e-02 7.696222782079011060e-02 9.419169695248393037e-02 9.416548466561164288e-02 1.074134290381345697e-01 9.396400645047506273e-02 1.250966806159709843e-01 1.247903854850838240e-01 1.104099631452564179e-01
9.227890791012456628e-02 8.274773294386258971e-02 7.893954938013358902e-02 9.226936786282574632e-02 9.225254662317210197e-02 1.053005620744266319e-01 9.205139101636305998e-02 1.224059966825318813e-01 1.221328633767395366e-01 1.196210821298203386e-01
8.909771204164872171e-02 8.475198748980689034e-02 7.988709958312266435e-02 8.908663864051605263e-02 8.904390194791267366e-02 1.018220188407870513e-01 8.889172990980150069e-02 1.234827529654838607e-01 1.230398165318769416e-01 1.308963420490436846e-01
9.525811425159896872e-02 8.967441115962186682e-02 8.480400751212946453e-02 9.525418880524495757e-02 9.523534333043469358e-02 1.062267430803470886e-01 9.518398438545140616e-02 1.149177278785736001e-01 1.146970053836791209e-01 1.087484742129188608e-01
9.260158959604383733e-02 8.312135347473538494e-02 7.992726568536268061e-02 9.259036643503812392e-02 9.254719139946092354e-02 1.015776136318959771e-01 9.239212483365058515e-02 1.253005800214627152e-01 1.248904116430872291e-01 1.150515032792624459e-01
9.365089811136291520e-02 8.332751502100890773e-02 8.516480938639457710e-02 9.364408041190451504e-02 9.362467996478444909e-02 1.063705158449054083e-01 9.350152021159625904e-02 1.186063400166888215e-01 1.183516953771958646e-01 1.137579456541582545e-01
9.376789196018313344e-02 8.022113888512476254e-02 8.455480368045946438e-02 9.375721221510990855e-02 9.372016954984248305e-02 1.009851650641769433e-01 9.355805102017325514e-02 1.247750144762078545e-01 1.244131049849506732e-01 1.102474481637715636e-01
9.272818911926504482e-02 8.480365681931734123e-02 8.219264882927267146e-02 9.272367293420898104e-02 9.271496455059517749e-02 1.079538581627878385e-01 9.261458515995188434e-02 1.172097908399470506e-01 1.169723566536616799e-01 1.200862769309923306e-01
9.218685740835050324e-02 7.863418369959140897e-02 8.062690003232761415e-02 9.217775732483744766e-02 9.213877942039225277e-02 1.029945651034936405e-01 9.202377925697186045e-02 1.294045321627219636e-01 1.289031290356043580e-01 1.109095165557089785e-01
9.070797512984667132e-02 7.696454653976261828e-02 8.507405907815654422e-02 9.069880344450356735e-02 9.066523588412246648e-02 9.791289680687889629e-02 9.053034026713452365e-02 1.300791544384930221e-01 1.295687487090308732e-01 1.177982397020707894e-01
9.482856954395992022e-02 7.937131319832375909e-02 8.690206618993415177e-02 9.481973423203582385e-02 9.479226174444921327e-02 1.018739921793465342e-01 9.464469377116767335e-02 1.193858376424269396e-01 1.191335945641273375e-01 1.142479369342286333e-01
9.318038381416794691e-02 8.189670534748802466e-02 7.637517677588620546e-02 9.316706356905149478e-02 9.312813141501694036e-02 1.036357375606227343e-01 9.290515125409927466e-02 1.262059464881536142e-01 1.258486452831045210e-01 1.136570584924092020e-01
9.306044803145230304e-02 8.510187482916443946e-02 9.137833263742818624e-02 9.306206082250302603e-02 9.307951216880090695e-02 1.056745165769099742e-01 9.304732357111368535e-02 1.158393914242479977e-01 1.156449945953832714e-01 1.141115453429962096e-01
9.057851631855642904e-02 8.081066968333654177e-02 8.158835437688108372e-02 9.057230847889082004e-02 9.054105176936066979e-02 9.806473707852325639e-02 9.047407170731182335e-02 1.276758439020861391e-01 1.271606000311673590e-01 1.225338466538858639e-01
9.311425005783076359e-02 7.748828734524582096e-02 7.435393257368179409e-02 9.309452044347812927e-02 9.302147510018179966e-02 1.004126847186558313e-01 9.275047995733604056e-02 1.306628686803571471e-01 1.301754427716920182e-01 1.149260583515406414e-01
9.568303264951821818e-02 7.754265219670292142e-02 7.668604231036979524e-02 9.566405631403250565e-02 9.561216126801395931e-02 1.033620234120242037e-01 9.528851114886824347e-02 1.258018783435728705e-01 1.255233704300909581e-01 1.088362719268063522e-01
9.317156304588611326e-02 7.924256210871809258e-02 7.392616460160969516e-02 9.315171440378157419e-02 9.308343558193174494e-02 1.012241708569225490e-01 9.279331003982652093e-02 1.262634350794220039e-01 1.258740831157743878e-01 1.212695611661272904e-01
1.005937902151772395e-01 9.793982724837928255e-02 9.392213305124109957e-02 1.006054978754795104e-01 1.006690475679237196e-01 1.058697591292895729e-01 1.007382941723060504e-01 1.002903910903006346e-01 1.003947079190104508e-01 9.897655173089245362e-02
1.018795670497666950e-01 8.989009754295830545e-02 1.001442109300978850e-01 1.018898961775745043e-01 1.019413838334184280e-01 9.332972105987703826e-02 1.020159401528075577e-01 1.021260432938305290e-01 1.022038691138293237e-01 1.045792708458397197e-01
9.048346684282662644e-02 9.404104010008902670e-02 8.606217704277056846e-02 9.048779744216610410e-02 9.051953579413521411e-02 1.021828693255013298e-01 9.050896986234169272e-02 1.136977420218429624e-01 1.135162199745860245e-01 1.285001815937404646e-01
9.338804495926662785e-02 8.822678619138403511e-02 8.598328261326762534e-02 9.338336821707345081e-02 9.337167795342936338e-02 1.009870421053925271e-01 9.327718151707339866e-02 1.163567052849829170e-01 1.161302069307840468e-01 1.188957042273460357e-01
9.293402030597743002e-02 8.053464612378373466e-02 7.868910725226284375e-02 9.292206500067068387e-02 9.288261208812159664e-02 1.008520705276583634e-01 9.269623242966140708e-02 1.210151828948250879e-01 1.207061716730789547e-01 1.267678917039598563e-01
9.423114262332459024e-02 8.798793257530351797e-02 8.316791531258523051e-02 9.420892085106583047e-02 9.411107084364218889e-02 1.022072723670142402e-01 9.386022923239112359e-02 1.201568243186757340e-01 1.197813001010334388e-01 1.102873917749640637e-01
9.258729092142753414e-02 7.896493643554908237e-02 7.900984719157819192e-02 9.257260221803970124e-02 9.252436143928036150e-02 1.060026078498376434e-01 9.229804923451430387e-02 1.232275165183043530e-01 1.228839799102447727e-01 1.199288082812240142e-01
9.315697208224718584e-02 8.560551465714348607e-02 8.194956054265889467e-02 9.315519782491028800e-02 9.317621445168160210e-02 1.037895692684936561e-01 9.304529775883964293e-02 1.220477951862043858e-01 1.218413224813765794e-01 1.122325557464442930e-01
9.380942124093442913e-02 7.767178297921349672e-02 7.674013428403116122e-02 9.378722379204033899e-02 9.369737894614232898e-02 1.048346455909883179e-01 9.342019516903353471e-02 1.295195250658995878e-01 1.290224011655337344e-01 1.074972917661830424e-01
9.269950363963708195e-02 7.879787005552850443e-02 8.043795338487973179e-02 9.269976598462964512e-02 9.272467588683351580e-02 1.026760192832472524e-01 9.263273552809205003e-02 1.174671840541771650e-01 1.172997589644347444e-01 1.325645332185402536e-01
9.423074463890375452e-02 8.211391614104443515e-02 8.351999118340323880e-02 9.422953691160952661e-02 9.425565060118201721e-02 1.062190429045415940e-01 9.412180909742448587e-02 1.181834808228981321e-01 1.180551968948309882e-01 1.150706308041618553e-01
9.324372382442541740e-02 7.784382564707344188e-02 7.855886039782351837e-02 9.322741913907718614e-02 9.317512838174951684e-02 1.038016617185656409e-01 9.292122223355378519e-02 1.273995307574607716e-01 1.270109644808586347e-01 1.128176634194121286e-01
9.326526227748334341e-02 8.270982721685012085e-02 8.121794121701669811e-02 9.324454870320991740e-02 9.314713451995867977e-02 1.034586206919091839e-01 9.293337446567592752e-02 1.235733766522594257e-01 1.231030374038638159e-01 1.133468768517728598e-01
9.171155063217711900e-02 8.211613583344262723e-02 7.862394191307321700e-02 9.169819450327673649e-02 9.164384684811673065e-02 1.009675647004891208e-01 9.147228260952122714e-02 1.283916893781479329e-01 1.278967106367390194e-01 1.154780829450162694e-01
9.005440129436401153e-02 7.961560788734363403e-02 8.374622498266690029e-02 9.005798936413526856e-02 9.008993524223291027e-02 9.755953869468197981e-02 9.005971196273283852e-02 1.306249099964434668e-01 1.302047302303142307e-01 1.179869503450847873e-01
9.086982438108102966e-02 8.471718454616505856e-02 8.377467207628830348e-02 9.086770194793233890e-02 9.087093724180844712e-02 1.002805982186209116e-01 9.079163129180332914e-02 1.216706215113752265e-01 1.213569544873441403e-01 1.247998742975812425e-01
9.028561231956273858e-02 7.966038078691052571e-02 7.565741091108310612e-02 9.027269110940927543e-02 9.022757016881889636e-02 9.840219311719980433e-02 9.003613874992091870e-02 1.296619712499002541e-01 1.291598075717660110e-01 1.266362240154284557e-01
9.711819046814519629e-02 8.618659322014438073e-02 8.133772696799727864e-02 9.709174792045480173e-02 9.696122924899325257e-02 1.036473469906670913e-01 9.671284898591107904e-02 1.184980127154076912e-01 1.181206300732350750e-01 1.043256734090441812e-01
9.154792173830510194e-02 7.814203366011478191e-02 7.417893138417749888e-02 9.153518423549575345e-02 9.151330779500718715e-02 1.014691481170160725e-01 9.124783584687712334e-02 1.287403295038165307e-01 1.283945001004349051e-01 1.232308076187550866e-01
9.599418427963060663e-02 8.623568141160865841e-02 8.845697977535010859e-02 9.598189122342377921e-02 9.593799889096621403e-02 1.030778004980783258e-01 9.575752295539219361e-02 1.181530426790015492e-01 1.179170858447189663e-01 1.024878124418295844e-01
9.715679160345866427e-02 8.280975300985228549e-02 8.492392857338855461e-02 9.714305867562557373e-02 9.708204249696857080e-02 1.034079157267076693e-01 9.692254369315700391e-02 1.143415261574381864e-01 1.141258745356889398e-01 1.120865655277145656e-01
8.732906035675254419e-02 7.771206387808869687e-02 7.962131504074088095e-02 8.732771452532880896e-02 8.733927541664898708e-02 9.704227131040972509e-02 8.725220504420955203e-02 1.319732743600046943e-01 1.314660988530730046e-01 1.329367212147430644e-01
9.626769608792859478e-02 8.474201504282743991e-02 9.103802006170191863e-02 9.626324297996519119e-02 9.622527936049954378e-02 9.743989543344817872e-02 9.622500811145399957e-02 1.161514572462440664e-01 1.158578186960616957e-01 1.097895669798693713e-01
9.857614919778298623e-02 8.093139115332972922e-02 8.693373793164024810e-02 9.856272783105486657e-02 9.849792014161440346e-02 1.033543760573809034e-01 9.835896704836599724e-02 1.132440912323579435e-01 1.130447397179770164e-01 1.084958996884959614e-01
9.292311033115430163e-02 8.153392262790425116e-02 7.934113713814813784e-02 9.291213986848913253e-02 9.287138450213239249e-02 1.061771018213174961e-01 9.271453395815927589e-02 1.231453783202047098e-01 1.227817126849302526e-01 1.155995787475600778e-01
9.388810018637311350e-02 8.845425609829790647e-02 8.557291675803750663e-02 9.389634180014880260e-02 9.396266094488633924e-02 1.005435435104150843e-01 9.393467080027251281e-02 1.183730659206737590e-01 1.182677743515956614e-01 1.131066696292993001e-01
9.035076867566116388e-02 8.036162516745687379e-02 7.547179890943032932e-02 9.034646735935733530e-02 9.033608978695915892e-02 1.005956286379767750e-01 9.024721989984865744e-02 1.243046442761901738e-01 1.239131819090119185e-01 1.340725753781076557e-01
9.163594062961928632e-02 7.833732407288673816e-02 7.804013516396832162e-02 9.162120582161509263e-02 9.156455804524622766e-02 1.053947377947989650e-01 9.136562963289028561e-02 1.266299279024915847e-01 1.261759536726184960e-01 1.192345872638650439e-01
9.512714455409865266e-02 8.705718177325717788e-02 8.867954477878405017e-02 9.512323341387239617e-02 9.509556168706527479e-02 9.891702957678001618e-02 9.507447557481071843e-02 1.109425767426645976e-01 1.107390003306100157e-01 1.232442515680570866e-01
9.518961693843278060e-02 9.165593364145946387e-02 8.769438541497963369e-02 9.520134334787566655e-02 9.526979602729426788e-02 1.095692472514925020e-01 9.532375358720177050e-02 1.127547714458761452e-01 1.126894474002524543e-01 1.046517049451353293e-01
9.673844780918511299e-02 8.083474406157610537e-02 8.664083158666867346e-02 9.673472052648070252e-02 9.673258779865566426e-02 1.031621291209405405e-01 9.662950242595669259e-02 1.169148571907982631e-01 1.167538245743465625e-01 1.088583549053916272e-01
9.283347505804709354e-02 8.565597392409325661e-02 7.983638970244349986e-02 9.282058885879358734e-02 9.277004094504558152e-02 1.035190844991514397e-01 9.259743784783715237e-02 1.215877863814528448e-01 1.212323032253783683e-01 1.171469195577571343e-01
9.213247422154439981e-02 8.200555391586382414e-02 8.077681978189593659e-02 9.211870774675269546e-02 9.205427614577263440e-02 1.022085631252395294e-01 9.190627138835125165e-02 1.242438538366215234e-01 1.237824349519863476e-01 1.187710448859719270e-01
9.529117624267123554e-02 7.774834789681053793e-02 7.556989261948399150e-02 9.526126131266526853e-02 9.511572476123868192e-02 1.027943487525906086e-01 9.483009000498625329e-02 1.201270904490392838e-01 1.196794997834769309e-01 1.235825681770372358e-01
9.496999272439216044e-02 8.450907156368023254e-02 8.321346475156561617e-02 9.495692358341077666e-02 9.491180479493954714e-02 1.034928887459113517e-01 9.471584421383219543e-02 1.209443929981985077e-01 1.206601750032601783e-01 1.076254416208094478e-01
9.496239355516769565e-02 8.008835053580343200e-02 8.067500048812975555e-02 9.494822873260144735e-02 9.488854975441221584e-02 1.047149069397154963e-01 9.471386417200204633e-02 1.218315191980608586e-01 1.214860779924106654e-01 1.116911086316964008e-01
9.309641416450396834e-02 8.829695687785149572e-02 8.406832244669629195e-02 9.308518134847558467e-02 9.302592359763388330e-02 1.031854675780178726e-01 9.292492872440989704e-02 1.172371516782829692e-01 1.168872295804538608e-01 1.181924240036741902e-01
9.462588772830603234e-02 8.326546793274718083e-02 8.700930985769846082e-02 9.461031637939316952e-02 9.454693767864381926e-02 1.042308589634571847e-01 9.434895062323750414e-02 1.205032472730751258e-01 1.201780707463074721e-01 1.066809528171340504e-01
9.547118604475224313e-02 8.307783219545322728e-02 8.200469945925696613e-02 9.545920261193442669e-02 9.542741641369269223e-02 1.026403032636895307e-01 9.521400538981651673e-02 1.206080633868318458e-01 1.203781479077301320e-01 1.097191433268424610e-01
9.405056397952413216e-02 8.554986549130196016e-02 8.641317071765323987e-02 9.405585804946114958e-02 9.410506465116440233e-02 1.000325414028251647e-01 9.405947265428063475e-02 1.221178439199756133e-01 1.219375124333349908e-01 1.076781067004787262e-01
9.522201805167239408e-02 8.041510277816732444e-02 8.299507421169570465e-02 9.522262160325520308e-02 9.526242719999854225e-02 1.035762923709782624e-01 9.512842999390778986e-02 1.223953379088206367e-01 1.222597029977981614e-01 1.075229928837060228e-01
9.168096049110682766e-02 8.115634913414325469e-02 8.450375892830579161e-02 9.167295540123170106e-02 9.164148400720649457e-02 9.767597117421016051e-02 9.152913527201367305e-02 1.209856005234443838e-01 1.206289493679158081e-01 1.285248357004219188e-01
8.821788832776697453e-02 8.284550066552456848e-02 8.144504847566386152e-02 8.821596240223775198e-02 8.821892025433976381e-02 9.926175707954934535e-02 8.814598973215445610e-02 1.205465740388879520e-01 1.202024151982472866e-01 1.428999438256280397e-01
9.586374710691911161e-02 8.562410272001740041e-02 8.195699465147264495e-02 9.586082402523167512e-02 9.587220142174754378e-02 1.053094926367222628e-01 9.574410366919648696e-02 1.187901724792934655e-01 1.186381200824940391e-01 1.063402412069053699e-01
9.166917929353127215e-02 8.056408914977143676e-02 7.925889437465553911e-02 9.166871643048972451e-02 9.170708345047703935e-02 1.012077833790838988e-01 9.155124311658664749e-02 1.259894338556834525e-01 1.257709523583598055e-01 1.206126245913612255e-01
9.298534727851787141e-02 8.459063228547357427e-02 8.064258788089433139e-02 9.297304151432612962e-02 9.293977893042097704e-02 1.026215748253625631e-01 9.272353570108006482e-02 1.209339966307828723e-01 1.206612468940585214e-01 1.189282580590830946e-01
9.389706310946105416e-02 8.050904843686239321e-02 8.321422955904347885e-02 9.389902880490293147e-02 9.394304918625782930e-02 1.042006650069641910e-01 9.382983732545849276e-02 1.166911449370044290e-01 1.166057260554368563e-01 1.232102075786083578e-01
9.558392022737854932e-02 7.901971728159019881e-02 7.602055736401079622e-02 9.555647647405919598e-02 9.544172100777119361e-02 1.069995541314300719e-01 9.511493259770059661e-02 1.261461060551596347e-01 1.257054067848256129e-01 1.044116080760742193e-01
9.268253860146001555e-02 7.964975576181836103e-02 7.785635365398720087e-02 9.268274006932530895e-02 9.272620844550839847e-02 1.021784166982521724e-01 9.256994113400764113e-02 1.261268823885748347e-01 1.259342072694221992e-01 1.175929559776439093e-01
9.066250884496183937e-02 8.147943037616212081e-02 8.612537016911776810e-02 9.066045588479036688e-02 9.065454599675219771e-02 9.813108456270638880e-02 9.060800480241104626e-02 1.249297358988393086e-01 1.245162063313786233e-01 1.222326571328803402e-01
9.594297958432290718e-02 8.151197377547279854e-02 8.265342590369627318e-02 9.592559232957725834e-02 9.584438434249409333e-02 1.044962060671606463e-01 9.566015931844105979e-02 1.179648806676581729e-01 1.176492152822766341e-01 1.123511827289001147e-01
9.099872887034138325e-02 8.159778402921295803e-02 7.915909462842161959e-02 9.098880992919837485e-02 9.095550393389555122e-02 9.775510553625638144e-02 9.080060447227532305e-02 1.237718400060914270e-01 1.233843133703585587e-01 1.305882152239483951e-01
9.830897053802085950e-02 8.667236946289190447e-02 9.580804038823999280e-02 9.830844624355483674e-02 9.829683858285992448e-02 9.605028553290738402e-02 9.830754213690175158e-02 1.113236473289941630e-01 1.111745673556954889e-01 1.057492924299337222e-01
9.340786733839519240e-02 8.644496272457947994e-02 7.825851524636742718e-02 9.339994925515975044e-02 9.336272960870578563e-02 1.036240394715099988e-01 9.327178192925424105e-02 1.183619751939713333e-01 1.180455262205779010e-01 1.218226530114788625e-01
