1.171000446749718565e-01 9.146019787301754023e-02 7.368207344310315210e-02 9.150220757138978478e-02 9.128246259094119353e-02 7.630021126118471941e-02 1.169958863534468901e-01 1.094248989914217984e-01 1.153194844068093777e-01 1.169325328337137149e-01
1.185928318967264389e-01 9.013617676898597053e-02 7.489755812466367124e-02 9.013992295125124177e-02 9.000505537342609608e-02 7.970629098158678316e-02 1.184319262202545436e-01 1.113997214667467456e-01 1.084489534982821107e-01 1.182415627180764400e-01
1.159488667041710663e-01 9.115856918960572874e-02 8.136746800165384208e-02 9.117562917303481673e-02 9.103532921704074465e-02 8.267869905534412645e-02 1.158419823961346073e-01 1.074617510734942744e-01 1.076109267353753673e-01 1.157207784541454121e-01
1.161156658984121015e-01 8.893500258701374228e-02 7.133711850584119329e-02 8.896491519896468358e-02 8.874284355778432054e-02 7.531957089998921051e-02 1.159584717495245193e-01 1.228074214604220893e-01 1.159734914735456451e-01 1.158454986685024807e-01
1.201869594482640052e-01 8.854263644003970701e-02 7.479755361599141339e-02 8.855490157769009552e-02 8.847066590534272135e-02 7.549556343799566915e-02 1.201093202513697777e-01 1.147260969014502058e-01 1.091835789609717916e-01 1.199327234608846132e-01
1.111570803305273192e-01 9.102763766820226587e-02 8.681873143572942098e-02 9.103357537201706151e-02 9.108030845373490947e-02 9.065128658583497534e-02 1.112118893613114057e-01 1.140484495759730432e-01 1.018482753390784618e-01 1.111227658775911092e-01
1.191483530440539673e-01 8.858562702829740620e-02 7.892528514307062260e-02 8.863178907142756080e-02 8.842350451595019922e-02 7.355370770996663699e-02 1.190607057159899784e-01 1.130515452685063593e-01 1.116368802350191508e-01 1.189826022677180906e-01
1.144090268914741138e-01 9.005873586768256556e-02 7.735339843012056793e-02 9.008021311648969909e-02 8.990402321458627888e-02 7.871832008316133333e-02 1.142800639248653660e-01 1.211636874366333605e-01 1.098639127595413961e-01 1.141686182754452633e-01
1.146543039500035610e-01 9.212504651201058881e-02 8.019432748138831391e-02 9.215908185670765307e-02 9.193582849997629369e-02 8.351489293564454131e-02 1.145261327267422802e-01 1.068239962491769474e-01 1.096096663284157752e-01 1.144567234599340594e-01
1.180956144812346370e-01 9.060935426030151951e-02 6.964449016613577514e-02 9.061782327590889308e-02 9.046794124851413599e-02 7.900468883103616002e-02 1.179389578180450870e-01 1.130351499990697450e-01 1.128172088744862633e-01 1.177687710452677700e-01
1.187425214498106923e-01 8.702955978776520662e-02 7.961498035862427103e-02 8.702983707159414606e-02 8.691912380707166041e-02 7.804804109284933789e-02 1.185838480199836592e-01 1.196833780039727319e-01 1.059901345695772323e-01 1.183585758387510622e-01
1.209240010576118490e-01 8.690278979089255396e-02 6.941947410434734511e-02 8.692386608922876567e-02 8.670292043578482766e-02 7.441527092301074287e-02 1.207078629746711207e-01 1.154032297572761823e-01 1.180864952885926911e-01 1.205140895785838800e-01
1.131184397426709676e-01 8.917673650085861103e-02 7.994059124101120239e-02 8.922217825036288241e-02 8.905658434940036394e-02 7.988260639628548543e-02 1.130876527909768642e-01 1.153927059542724232e-01 1.180669057269072980e-01 1.130555990472539157e-01
1.188858730274503506e-01 8.485905766550180807e-02 6.829316404189504641e-02 8.487741407518493986e-02 8.468446109282178058e-02 7.174710331539396746e-02 1.186910342126569901e-01 1.310081058860206316e-01 1.184613735286523806e-01 1.184924131544220771e-01
1.183966703377112711e-01 8.684945262886341333e-02 7.419226662120623206e-02 8.687691502804174848e-02 8.669202129841521720e-02 7.134509363501316537e-02 1.182588385522498203e-01 1.246743712551164063e-01 1.146003349092103302e-01 1.181140357341723957e-01
1.202842840808933528e-01 8.644144164073291892e-02 7.349564931397581380e-02 8.645026046071049852e-02 8.633152262740287353e-02 7.630974309553009705e-02 1.201441757953344985e-01 1.184975943442887203e-01 1.121156933514295267e-01 1.199296352897016721e-01
1.149819632860110130e-01 9.061659410213385168e-02 7.582667168422665971e-02 9.061632565963166630e-02 9.048864551793889266e-02 8.165610732755616830e-02 1.148270481755621630e-01 1.137303021881042320e-01 1.125992976496012626e-01 1.146570444092340907e-01
1.159825254326604382e-01 9.380726831143219868e-02 7.654427522794690630e-02 9.384087158669109086e-02 9.354442819816913279e-02 7.621408360190164155e-02 1.157793089117830215e-01 1.088804026278376996e-01 1.097092061194326201e-01 1.156976299821452780e-01
1.223293958113346735e-01 9.023284538664283483e-02 7.017952206373069546e-02 9.027274568433441004e-02 8.999867610107990801e-02 7.198158573472983324e-02 1.221357734149153274e-01 1.053906181552804328e-01 1.154664877204211321e-01 1.220123499275307805e-01
1.161518113849289296e-01 8.862128213235077878e-02 7.359536528234647546e-02 8.865476488886779582e-02 8.845580321221802045e-02 7.845694768698484312e-02 1.160329377476016083e-01 1.208490543488204977e-01 1.132481958031482661e-01 1.159338375127327292e-01
1.205899070565937536e-01 8.889855931163000158e-02 7.405420541747809171e-02 8.891763413590854370e-02 8.876170558295379265e-02 7.584953179569307868e-02 1.204540862290070374e-01 1.106639106581974730e-01 1.115245897758375543e-01 1.202858700367007011e-01
1.145207025278776186e-01 9.070997060841831661e-02 7.993570028920264636e-02 9.070923465400730634e-02 9.056474517161026971e-02 8.087530097084141834e-02 1.143480148936295432e-01 1.165682925827429134e-01 1.075903518118246360e-01 1.141776864898452898e-01
1.163533943608536098e-01 8.898571717201873843e-02 7.653535552661057395e-02 8.899499799390821198e-02 8.887475266810120067e-02 8.179779099060614789e-02 1.162323422398964523e-01 1.157930955355723629e-01 1.103617127698995198e-01 1.160708407425331545e-01
1.160700417974951659e-01 8.849463105756844028e-02 7.317313792433567665e-02 8.851734883161653522e-02 8.832701707811474456e-02 7.485482446259265898e-02 1.159199193906049336e-01 1.279035129134318549e-01 1.109527210886233767e-01 1.157868454556165855e-01
1.181612526220415793e-01 8.944043828623617076e-02 7.328197987960245741e-02 8.946826041657464368e-02 8.933118676910865863e-02 8.284747987136392711e-02 1.180888670720115080e-01 1.071147018088356856e-01 1.142902130468751581e-01 1.179756202273502114e-01
1.126453591461120951e-01 8.174761731482221849e-02 6.075788896065723727e-02 8.179013990062146411e-02 8.152144534667077336e-02 6.423410562731304840e-02 1.124647988845568214e-01 1.836233093594710764e-01 1.088567565884684119e-01 1.123585788713068467e-01
1.156925769906932272e-01 9.223830068436793261e-02 7.886677286727081237e-02 9.225528204957358924e-02 9.209186787193680834e-02 8.148259316038357347e-02 1.155647324723209912e-01 1.052231198236689425e-01 1.111363033707399861e-01 1.154484507090441786e-01
1.149615381722328827e-01 9.085407653142184292e-02 7.756850209281844488e-02 9.087474078466106775e-02 9.078055452912871248e-02 8.232490863237945655e-02 1.149182665141536552e-01 1.131591581934739965e-01 1.097366626486804969e-01 1.148215919010494301e-01
1.171743110592857878e-01 8.908964712259771768e-02 7.610397318831919888e-02 8.910068271233212434e-02 8.897045823633126238e-02 7.876578203236751785e-02 1.170468222009400650e-01 1.151139225005529676e-01 1.117506239005228302e-01 1.168837770467505421e-01
1.128492425091835588e-01 8.927252391731783920e-02 8.116135963079419702e-02 8.929820542512417747e-02 8.912456948636424126e-02 8.306528548540867418e-02 1.127397118503219303e-01 1.194939745707884332e-01 1.103482668104044107e-01 1.126468603142925934e-01
1.214060851305963917e-01 8.799892446099838450e-02 7.182928517953703074e-02 8.802274547758878742e-02 8.787250912483936249e-02 7.394709373191893365e-02 1.212914104900181672e-01 1.135084750693868549e-01 1.129955338695178002e-01 1.211279374655982594e-01
1.172279399618453566e-01 8.980967328892244805e-02 7.430505647011138859e-02 8.981275288796711220e-02 8.966477026101320191e-02 7.798462172735952380e-02 1.170527880866601561e-01 1.129008568538834439e-01 1.143759454714771001e-01 1.168655949907602964e-01
1.174578322410257808e-01 9.049283575446138983e-02 7.052830512763731685e-02 9.049427847852287154e-02 9.035870640008597521e-02 7.644691949078659399e-02 1.172923779600108796e-01 1.139989762339888579e-01 1.158235758121595044e-01 1.171061925013208160e-01
1.077089848595642607e-01 9.525035041790956558e-02 9.179774968950746294e-02 9.526361132306700175e-02 9.517040531843794227e-02 8.727744461273116705e-02 1.076616146545238684e-01 1.061155010034921936e-01 1.061365859947742546e-01 1.076177521259923248e-01
1.119037521038941385e-01 9.254548842738166692e-02 8.327602213684838495e-02 9.256154303473043687e-02 9.250797801286624045e-02 8.578674030185841348e-02 1.118927653075642570e-01 1.127978969836848783e-01 1.049071861118959226e-01 1.118206275792756194e-01
1.176942092256652722e-01 8.312628227752476284e-02 7.463568866810650626e-02 8.315693730930509564e-02 8.298054725224442152e-02 7.721471888585647314e-02 1.175693830775463161e-01 1.324688275513151714e-01 1.137386426765017722e-01 1.174147630759342087e-01
1.181287302039587817e-01 8.720961862682613530e-02 6.707148021349214340e-02 8.725495891437749785e-02 8.702915491344180576e-02 6.937344696327472915e-02 1.180155551672889547e-01 1.285940670409201347e-01 1.193943417611998820e-01 1.179286461952199772e-01
1.211539251816786122e-01 8.945589705395236291e-02 7.171545638155404911e-02 8.948186292696287680e-02 8.929980836012070544e-02 7.769088865419956913e-02 1.210148809983939699e-01 1.064044110610585792e-01 1.129176815252298516e-01 1.208651878568494237e-01
1.215751159214782801e-01 8.447920686083491837e-02 6.916862156046837962e-02 8.450914266580081269e-02 8.436495562550361260e-02 7.546106284187444058e-02 1.214837218983953887e-01 1.254531446712077725e-01 1.121896251619812490e-01 1.213154027924551737e-01
1.199779149604681405e-01 8.583607922083064112e-02 7.005269390748895819e-02 8.585349833254510288e-02 8.574254891736801665e-02 7.222924370744913947e-02 1.198823680864412738e-01 1.246028361064075718e-01 1.161248611120388047e-01 1.196979556489623786e-01
1.190387108486425233e-01 8.855411051267869649e-02 7.203850204598165330e-02 8.857123174093560480e-02 8.842068373904637957e-02 7.832881257687585030e-02 1.189045508793352690e-01 1.175139490113930318e-01 1.098898207403496974e-01 1.187396279047613357e-01
1.155557649934754322e-01 8.962544349316373116e-02 7.198792613811491603e-02 8.962845852164852412e-02 8.952297925253133171e-02 7.899718178498607579e-02 1.154318453256514138e-01 1.202520941617779421e-01 1.137342214228879711e-01 1.152640849057626760e-01
1.203491695368915648e-01 8.845461076226905639e-02 7.059865009994271967e-02 8.849419178758775872e-02 8.830110764774028176e-02 8.036729555563647265e-02 1.202504172816074440e-01 1.114424493852654852e-01 1.115980153083919180e-01 1.201440926346673543e-01
1.182399401397420113e-01 8.923741595136516769e-02 7.253460743022183133e-02 8.925442752945998703e-02 8.905154532388184774e-02 7.555983878165825618e-02 1.180496674574169208e-01 1.160010817113992093e-01 1.141864247087545081e-01 1.178850509661002882e-01
1.165947214283778594e-01 9.068860976878551083e-02 7.410041245011303457e-02 9.071448809798862700e-02 9.053676475194374906e-02 7.545530478036938105e-02 1.164763514142796441e-01 1.138524118072610225e-01 1.152128641281259386e-01 1.163680713727552191e-01
1.162542100911284904e-01 8.923147683094487248e-02 8.018648942837391935e-02 8.926378780188894135e-02 8.913630930621971316e-02 8.175290651074425263e-02 1.162125362956942659e-01 1.113693474597207966e-01 1.104657255458945386e-01 1.161272107293902511e-01
1.184342553409600679e-01 8.915412792675796172e-02 6.697449072334780984e-02 8.920810191003394896e-02 8.897641787700827365e-02 7.032060001119312675e-02 1.183527420168908051e-01 1.195169140571141903e-01 1.207582066615014021e-01 1.183041434751923998e-01
1.212152693506627493e-01 8.721661181790196782e-02 7.075656006805600140e-02 8.724855567794177758e-02 8.706337691744296670e-02 7.474495074696631269e-02 1.210891326514508815e-01 1.105087243807916925e-01 1.192142135506321365e-01 1.209426048381535279e-01
1.155901874801554402e-01 9.120390297655525669e-02 7.517318593621793998e-02 9.122295125104321056e-02 9.110978148041253000e-02 8.091927569524375030e-02 1.155204539058094226e-01 1.151916247227185580e-01 1.086552643838105126e-01 1.154133721680334068e-01
1.153124257952456294e-01 9.032740182369070059e-02 8.355133774700659877e-02 9.034959089502825336e-02 9.021023526992470731e-02 7.674409239934505689e-02 1.152243431477728702e-01 1.156832450914920818e-01 1.074794313995092315e-01 1.151178964309848701e-01
1.046168595641617516e-01 9.745320587659764278e-02 9.235675442583354822e-02 9.744254246071087922e-02 9.751094080303795986e-02 9.070260133980993789e-02 1.046446547042778341e-01 1.081403298361523491e-01 1.025346675705572225e-01 1.045974434188608193e-01
1.163989214163391739e-01 8.979790460352067571e-02 7.747654100070847094e-02 8.982277938308284859e-02 8.960483893894127805e-02 8.138461981671843426e-02 1.162299457309442369e-01 1.129498119415863477e-01 1.102289843858773599e-01 1.161056527822811879e-01
1.127103856200089571e-01 9.442661117409681393e-02 8.018397045387147537e-02 9.442919656995910072e-02 9.428880577009059183e-02 8.309974054131698262e-02 1.125724062408715309e-01 1.054711690898802179e-01 1.103635256516645319e-01 1.124541888882398116e-01
1.118832900582045070e-01 9.373334886283010703e-02 8.123539766669814199e-02 9.371524984784165846e-02 9.358693189058051032e-02 8.382255580826457331e-02 1.116896693944453289e-01 1.128140280232204778e-01 1.060036769143293117e-01 1.115158515335853695e-01
1.196540821852420111e-01 8.437386600226970401e-02 7.370768939777559703e-02 8.439639359823469800e-02 8.425004262775176445e-02 7.593455588799072342e-02 1.195318443803813635e-01 1.250809055952083748e-01 1.137217254213062217e-01 1.193488949038395142e-01
1.202790163413294949e-01 8.695824058040206583e-02 6.974236819278681332e-02 8.700153980692508504e-02 8.677890676338846643e-02 6.987892091526246019e-02 1.201552199990723602e-01 1.214125657454102891e-01 1.177472438133797678e-01 1.200459778420431972e-01
1.204212670669201624e-01 8.264739989101770046e-02 7.317050829761484465e-02 8.266732909129487217e-02 8.257346749821280196e-02 7.484669333401769431e-02 1.203498088255259835e-01 1.288723221183437351e-01 1.143025120692098273e-01 1.201486918078423644e-01
1.173540978641395283e-01 8.561322273967372776e-02 7.266290177654313731e-02 8.565937613187235566e-02 8.547881553725215908e-02 7.225478765265547221e-02 1.172961768671679644e-01 1.278118585774384308e-01 1.186522909388238317e-01 1.172164719144333928e-01
1.176487900933673725e-01 9.057114038945655865e-02 7.206599157245932585e-02 9.059849111214830775e-02 9.042608340955386736e-02 7.656567490844007340e-02 1.175387814464966679e-01 1.123967116139801270e-01 1.147600138332729586e-01 1.174283216208247133e-01
1.134539160585449902e-01 9.187889899063159116e-02 7.793743101171111964e-02 9.189403529235058710e-02 9.180146083440209048e-02 8.219829520439876636e-02 1.133972489187980437e-01 1.142816573777994116e-01 1.098560634535187125e-01 1.133009928578447845e-01
1.213125622137505577e-01 8.486569057555910789e-02 7.629739717141639788e-02 8.488240888643749926e-02 8.477121522811251197e-02 7.794125131718034061e-02 1.212079949118156086e-01 1.196055112965477008e-01 1.081136126465564867e-01 1.210023557526238303e-01
1.095671583511644842e-01 9.414992581969222618e-02 8.301961722272792332e-02 9.415436203730176423e-02 9.415255321426921342e-02 8.565923355391395766e-02 1.095723049586415782e-01 1.106946410751635385e-01 1.095287187624102154e-01 1.095014850047150989e-01
1.171396069507856380e-01 8.984336873359004272e-02 7.256720642770601859e-02 8.984286849935800567e-02 8.969764378910148606e-02 8.151722704767543071e-02 1.169545290169375917e-01 1.156626458218832643e-01 1.100176835509510814e-01 1.167572201620114131e-01
1.180600303478158281e-01 8.984912135914792375e-02 7.855618486060726713e-02 8.986363440474778863e-02 8.967275396062232562e-02 7.658347020370227798e-02 1.178771365495588919e-01 1.117210913889148255e-01 1.101037508803977411e-01 1.177128260444851721e-01
1.102298642786881111e-01 9.280853455629337057e-02 8.287702075115351008e-02 9.281026727829146117e-02 9.281686505788649955e-02 8.761799243919103641e-02 1.102325519169971291e-01 1.143268820587682449e-01 1.061375221277292141e-01 1.101424995350014369e-01
1.193797488123785611e-01 9.006108353375094633e-02 7.435668258948319176e-02 9.010065164012352745e-02 8.993646450200273867e-02 7.739730000781659680e-02 1.193205994375137330e-01 1.040807692192105421e-01 1.161295001389944098e-01 1.192372001187258085e-01
1.147333288516936417e-01 8.919376367975809239e-02 7.568478019596371065e-02 8.920734089401510802e-02 8.914670282784691036e-02 7.770761654127651685e-02 1.146981515732522772e-01 1.158097887455252356e-01 1.192430719281051821e-01 1.145754547625632835e-01
1.133241493700432589e-01 8.944895361632422548e-02 7.772177710312141996e-02 8.947072123581195635e-02 8.930091001655267313e-02 8.005182055121903839e-02 1.132040119188357924e-01 1.201916816452457820e-01 1.141882061915119317e-01 1.130977683513338522e-01
1.160936872346269855e-01 9.013566373193659942e-02 7.474862738451101829e-02 9.016686246223896972e-02 8.998328603996162689e-02 7.734358636049475100e-02 1.159880693366842075e-01 1.173581831142157250e-01 1.122868487237917989e-01 1.158951856115382761e-01
1.159649935655271275e-01 9.184607721181055340e-02 7.693073815261811110e-02 9.188241287357204468e-02 9.170301059465645055e-02 8.274357681703416179e-02 1.158872206780777736e-01 1.058315473124796374e-01 1.113872651115584006e-01 1.158231576826657394e-01
1.134883538148463711e-01 8.767777281534477885e-02 8.589550570590501199e-02 8.768955783938188475e-02 8.765529794041683476e-02 8.166018256100547601e-02 1.134750115284908767e-01 1.230054984508810040e-01 1.061034518991714332e-01 1.133493674445563565e-01
1.179142935477306003e-01 8.824541649065355264e-02 7.263649601033204950e-02 8.826880236574159710e-02 8.806220665142196202e-02 7.646466977937493859e-02 1.177413516079370559e-01 1.210977743345787588e-01 1.119769006410104989e-01 1.175920885712189445e-01
1.133136170008831045e-01 8.940925417538471420e-02 7.543455093432895053e-02 8.941461774619897940e-02 8.930418386586630453e-02 7.969745463963039123e-02 1.131980097875564251e-01 1.226107747298457729e-01 1.145658137589278952e-01 1.130517233613774486e-01
1.171565726422661158e-01 8.574368489943300087e-02 7.434027354302480406e-02 8.577371524231573729e-02 8.563591681473828321e-02 7.323896014334435600e-02 1.170855722203251181e-01 1.248842457338414369e-01 1.191806283974140707e-01 1.169604303632970632e-01
1.182829098013429420e-01 8.541499637297508829e-02 7.320126276175643876e-02 8.544866917272975204e-02 8.532603609645954268e-02 7.436139280545529806e-02 1.182427914822822834e-01 1.264822492551975486e-01 1.151159931566359262e-01 1.181236990951652216e-01
1.220454214734124215e-01 8.459713554867460961e-02 7.522185568750801299e-02 8.462386284223952226e-02 8.453262078826491444e-02 7.477030011701601975e-02 1.220088639947780745e-01 1.184655303610199079e-01 1.118964920571559329e-01 1.218379171299305286e-01
1.193307682736387265e-01 8.561012144307503235e-02 7.309243709068823092e-02 8.563310135828931802e-02 8.552334405724237865e-02 7.345960604431199525e-02 1.192607641434416110e-01 1.203703193064945554e-01 1.186196548251729488e-01 1.190998834576452309e-01
1.155406055250308844e-01 8.923125783445653991e-02 7.976426140643520790e-02 8.923428317281835442e-02 8.908165243398191713e-02 8.001571190704469261e-02 1.153633264140871556e-01 1.195562539734080221e-01 1.070292631287926705e-01 1.151833842039445693e-01
1.394953688786298995e-01 9.076548782144178151e-02 4.823826787789149001e-02 9.088814069410663943e-02 9.008146901820851538e-02 4.901037163647835315e-02 1.388678062846032957e-01 8.414461039772681838e-02 1.296765205710909696e-01 1.388319568198222165e-01
1.155655277365089106e-01 9.166778737034164681e-02 7.439061981709023386e-02 9.168149899441058182e-02 9.154972035229104466e-02 7.689477576278050397e-02 1.154581115268127067e-01 1.139937048094420424e-01 1.134637985856050690e-01 1.153344550447172323e-01
1.171552530703045408e-01 9.064701624820910297e-02 7.146548155012619197e-02 9.066739289627272214e-02 9.046315294936957407e-02 7.795654434200065264e-02 1.169856715044719359e-01 1.138897790459944687e-01 1.139192257772401462e-01 1.168504826160107340e-01
1.179639656532030512e-01 8.896804658760025519e-02 7.628498883569904965e-02 8.898050189379433372e-02 8.887535666991724925e-02 7.865052050469045763e-02 1.178682829343927069e-01 1.139230057379387040e-01 1.107771929862021998e-01 1.177081381965620205e-01
1.152443702309677576e-01 8.784189520020317665e-02 7.369992274911563168e-02 8.785047794019409939e-02 8.778000097130835011e-02 7.881101989224253979e-02 1.151761791600059565e-01 1.244536560222165855e-01 1.141209459527665337e-01 1.150215318809793691e-01
1.211544843805321126e-01 8.638768727835886840e-02 6.781279260091752081e-02 8.642039711623612785e-02 8.620235772213392933e-02 7.385942256061643618e-02 1.209876562054644500e-01 1.181984529768598663e-01 1.181458869549710106e-01 1.208308622039096364e-01
1.148615562507459137e-01 9.104520512047389880e-02 7.317266657318208245e-02 9.106304233005380055e-02 9.095562397494455498e-02 7.791667806050031619e-02 1.147946336316367361e-01 1.163985141089336345e-01 1.151033915552768100e-01 1.146886883942522667e-01
1.206950924291981392e-01 8.929957961050083437e-02 6.950503421940264215e-02 8.933121655950329587e-02 8.904184916789634197e-02 7.047726968597634034e-02 1.204520105041132216e-01 1.170790089769854075e-01 1.138173668158685564e-01 1.203015720305552483e-01
1.166713732995332264e-01 8.921141014010500192e-02 7.700670286166799716e-02 8.921368555183263604e-02 8.913083755008500975e-02 8.336420541892905489e-02 1.165658109124781960e-01 1.157114282215885859e-01 1.067363446142387956e-01 1.163882014295415102e-01
1.204393865399226854e-01 8.716927579940363102e-02 7.090009494642994514e-02 8.718018141335048821e-02 8.696282639780122947e-02 7.450839898898894975e-02 1.201889002173661680e-01 1.205499328720590207e-01 1.121353312575466415e-01 1.199656715671313101e-01
1.128842276516067167e-01 9.125720652760012375e-02 7.820326867586155362e-02 9.126643310269250131e-02 9.114998541000289556e-02 8.511547060663625375e-02 1.127823338469569614e-01 1.146626020046426775e-01 1.100149046866125413e-01 1.126635674873877890e-01
1.195574593872241742e-01 9.024319641915233559e-02 7.253464864173504723e-02 9.027509031178437837e-02 9.007511610849777695e-02 7.376830630325764693e-02 1.194276608161668057e-01 1.048592912841463387e-01 1.199478571473176075e-01 1.193113735807179027e-01
1.178521869884699425e-01 8.903602040114447225e-02 7.085813520262068677e-02 8.907116848224021222e-02 8.886627433471595838e-02 7.620726189834776954e-02 1.177298548173241199e-01 1.184417963986512667e-01 1.143107158372405896e-01 1.176265856392449544e-01
1.175528899894600354e-01 8.512978121123104813e-02 7.395721874473362711e-02 8.514617792515577488e-02 8.500498613288993977e-02 7.637406288708360746e-02 1.174194129944859388e-01 1.284221437544117994e-01 1.137556355055157620e-01 1.172376908550324809e-01
1.123113289364533612e-01 9.329005089411505913e-02 8.207781925602784800e-02 9.329354484527679903e-02 9.324738614241313839e-02 8.306188707918735203e-02 1.122665040606501269e-01 1.117936753286757068e-01 1.064960024965157237e-01 1.121618009606848709e-01
1.191241457286729005e-01 8.832836283589953763e-02 7.415453849597893055e-02 8.834514433430970537e-02 8.820138510254080244e-02 7.628007841053487115e-02 1.189956627134659967e-01 1.147309574034460489e-01 1.130111650567514198e-01 1.188285599183998287e-01
1.145535138295967759e-01 9.064852119467275982e-02 7.820793749296711672e-02 9.066670991400302415e-02 9.054506361369038525e-02 8.246279509326036317e-02 1.144724116526254221e-01 1.096552935304876408e-01 1.144235578771477246e-01 1.143641958015488153e-01
1.188235983561427428e-01 8.955430036224013013e-02 7.181378242593491890e-02 8.957452173772149917e-02 8.942074504873516461e-02 8.079921934065344147e-02 1.187016081513047189e-01 1.111229332189355989e-01 1.116334909721986152e-01 1.185558003861332116e-01
1.136443798515532205e-01 9.009994681131920646e-02 7.876175241615163136e-02 9.011698924366975949e-02 9.001477399286800241e-02 7.988231114516114451e-02 1.135803645122938910e-01 1.220643795844656432e-01 1.083605349057481931e-01 1.134745675367692802e-01
1.219168789373007572e-01 8.720959652699078468e-02 7.187304306677072541e-02 8.721945407147879692e-02 8.711680237523984627e-02 7.630339089382119633e-02 1.217994314403838679e-01 1.153002673409452006e-01 1.096754952071957584e-01 1.215856401398731079e-01
1.214146182887647085e-01 8.501717105605972880e-02 6.997927760536425124e-02 8.503267426634943116e-02 8.490835683423912650e-02 7.977712234448965101e-02 1.212879823695548337e-01 1.244744528464108019e-01 1.070330653303228075e-01 1.210752790584446598e-01
1.144304895571542496e-01 9.108005802622604064e-02 7.677350182441239346e-02 9.110049683570650703e-02 9.095734147936454517e-02 8.350970513097194514e-02 1.143359456072905872e-01 1.130002660898909578e-01 1.105777235832188232e-01 1.142344718657639369e-01
1.203466805895180985e-01 8.909316196692974865e-02 7.129757691019854293e-02 8.912530562299340875e-02 8.890822515896329437e-02 7.307449569106184983e-02 1.201916532499161527e-01 1.120107768562214612e-01 1.158931095878653478e-01 1.200590143663321230e-01
1.123287993183543915e-01 9.042095148417098049e-02 8.009844047995444416e-02 9.043241128189609401e-02 9.039213275899019018e-02 8.878224970301791530e-02 1.123125612633486814e-01 1.161290309334712112e-01 1.068911560939623251e-01 1.122122666828337528e-01
1.195935435045616668e-01 8.522009804817573531e-02 7.487035944253017661e-02 8.522269252683992158e-02 8.516709288445341308e-02 7.678355754747745454e-02 1.195041661664450333e-01 1.240173336654838004e-01 1.103454838621438644e-01 1.192756723518889478e-01
1.230580765143129141e-01 8.799894209834058234e-02 6.715945856291072324e-02 8.802955638647834424e-02 8.777863437780036859e-02 7.033703804207409871e-02 1.228417804924608892e-01 1.162279313945822068e-01 1.139000962449951276e-01 1.226684858860447036e-01
1.201154454979622421e-01 9.151610928521780597e-02 6.943741698659927630e-02 9.156475827891284724e-02 9.124708066400274986e-02 7.342001400049913418e-02 1.199185702393245762e-01 1.090623250955172624e-01 1.138793392187520404e-01 1.198389407332120515e-01
1.198980649430281542e-01 8.871344118557170089e-02 6.981671019520617472e-02 8.874974436260074651e-02 8.847503101786660662e-02 7.045800081617452360e-02 1.196911092115093417e-01 1.189987491853515822e-01 1.156380137430457616e-01 1.195611353396454496e-01
1.007876542984757900e-01 1.010166533949358042e-01 9.970593204300839951e-02 1.010223331241816569e-01 1.010728037484798780e-01 9.426762742343552937e-02 1.008460576518431101e-01 1.024855571820071087e-01 9.792162050883455870e-02 1.008737606247982060e-01
1.007902693407486255e-01 1.004986283442973471e-01 9.299727771377486185e-02 1.004990392050261888e-01 1.005594076105448820e-01 9.874607644636336501e-02 1.008428847595169153e-01 1.054826716695898142e-01 9.872578530078304770e-02 1.008579596093550079e-01
1.110385493150368719e-01 8.854633948703147239e-02 8.126921408477497111e-02 8.855812069355123439e-02 8.853480667926709458e-02 8.420455192931786126e-02 1.110403798316979967e-01 1.231117779050611427e-01 1.127563942513584855e-01 1.109398658229028695e-01
1.130868831035901356e-01 9.094942772503360195e-02 7.604275677138438994e-02 9.096428919010683678e-02 9.086935354642992901e-02 8.375812454099344773e-02 1.130255983263259156e-01 1.164549854515594951e-01 1.119244380652192200e-01 1.129241432793569588e-01
1.160776293039923468e-01 8.935889702135013657e-02 7.072190499278549480e-02 8.938349052562827302e-02 8.920402706198614362e-02 7.570641009541891064e-02 1.159497308367722634e-01 1.252254430871637958e-01 1.125413216253922793e-01 1.158311454495103282e-01
1.155008723595833259e-01 9.082299004377374085e-02 8.065137576463442259e-02 9.084191550744556698e-02 9.061737589624167810e-02 8.025010351765386740e-02 1.153102043427573636e-01 1.096300220653433077e-01 1.111955931764340294e-01 1.151795473261327252e-01
1.182045088904639107e-01 8.904224414342716554e-02 6.998165218909987995e-02 8.907223842017923665e-02 8.885411235965742782e-02 7.604429968180195787e-02 1.180461084010906991e-01 1.170429392561441184e-01 1.157913290212218699e-01 1.179205676369137618e-01
1.170750122554073402e-01 8.952629600087892714e-02 7.754342214943198142e-02 8.955912222963581526e-02 8.941384023894184685e-02 7.877038106980541188e-02 1.170145292822541983e-01 1.125862925202449349e-01 1.115871280614742778e-01 1.169239761919252940e-01
1.227357712639369908e-01 8.920738812005792051e-02 6.926832484699466108e-02 8.923403915419564347e-02 8.898177848473672047e-02 7.305426837668850537e-02 1.225085924421642353e-01 1.095870139173621277e-01 1.130900234946522614e-01 1.223327998992109061e-01
1.135195058969097337e-01 8.973032985406512174e-02 7.197826739611090652e-02 8.975658620237370044e-02 8.965002287428727734e-02 7.786422667359300942e-02 1.134833006966797092e-01 1.189669673192370186e-01 1.216472160812878955e-01 1.134035770054556275e-01
1.145886302847784893e-01 9.147077115064310149e-02 7.483272067659028914e-02 9.150620175830778691e-02 9.135427807807822154e-02 8.108775633080807232e-02 1.145384026150868956e-01 1.164607302415253676e-01 1.096777114911057921e-01 1.144827973730759008e-01
1.206860330505447193e-01 8.857873523784473568e-02 7.165240203156093834e-02 8.861269149350523011e-02 8.837006052479517981e-02 7.469423882835167505e-02 1.205046453622298647e-01 1.122033757591596043e-01 1.143310559832421414e-01 1.203667617287659253e-01
1.178252378654168903e-01 8.924203300953130469e-02 7.648477752564726562e-02 8.925333868845308771e-02 8.906922641334968915e-02 7.779256814569320000e-02 1.176360119331274351e-01 1.155368320879149868e-01 1.097005954772200809e-01 1.174593788536460182e-01
1.208782851890224525e-01 8.668077348173543195e-02 7.479369967859654522e-02 8.669718173031348840e-02 8.654203703511914592e-02 7.436014608212676569e-02 1.207237401609027039e-01 1.180403133496426143e-01 1.107578500061000282e-01 1.205259732864407962e-01
1.222399784009216284e-01 8.460034672166900915e-02 6.919705411726236044e-02 8.461567879906732592e-02 8.457297828852793076e-02 7.865952279714201467e-02 1.222166970063050667e-01 1.196811640602837568e-01 1.122047365616645198e-01 1.220118432471564152e-01
1.158645537385220303e-01 8.678302803232701423e-02 7.768601521290682821e-02 8.679935056971410656e-02 8.671613013888863908e-02 8.001911807125934584e-02 1.158082220218126512e-01 1.226389958720316975e-01 1.120204719683148137e-01 1.156641143742229011e-01
1.215918053309078539e-01 8.499751118478615641e-02 6.897172071051899112e-02 8.502083410737588942e-02 8.484210001069301954e-02 7.127198746303017862e-02 1.214280560656153529e-01 1.282006514245766504e-01 1.124444977733559670e-01 1.212308359291399545e-01
1.148479408847692812e-01 9.437393347592804016e-02 7.870904510379575503e-02 9.438170292443018305e-02 9.417129398705456622e-02 7.913240923166514618e-02 1.146508321073400477e-01 1.028187142608727872e-01 1.123941921396192922e-01 1.145199358845248594e-01
1.213057518381185224e-01 8.647789936528040011e-02 7.019827375343180853e-02 8.652376591684106388e-02 8.625847026532705575e-02 7.012237404126661633e-02 1.211348308784122862e-01 1.180265578152568801e-01 1.189368491876386102e-01 1.210152269384267704e-01
1.141908767990171270e-01 9.294118498336752243e-02 8.113495491787939273e-02 9.296322928389334772e-02 9.279064410022365428e-02 8.570112453035036437e-02 1.140771777692537736e-01 1.038221623448983000e-01 1.083892915743825541e-01 1.139893536967339915e-01
1.114995636352689862e-01 9.489569454313392938e-02 7.771206767126742632e-02 9.490784944558046388e-02 9.476327532489646488e-02 8.299918322738972232e-02 1.113930451391966225e-01 1.096735051188879595e-01 1.108436329025536127e-01 1.113121829918247568e-01
1.224041204974392338e-01 8.135189267994474838e-02 6.783159819960563053e-02 8.137202967571430245e-02 8.127961720902381060e-02 7.417874838081014999e-02 1.223288560776149975e-01 1.360072546924966375e-01 1.111442035031078857e-01 1.221016790842425342e-01
1.113395275334474882e-01 9.253579215053418794e-02 8.488221128605449861e-02 9.252246023713121825e-02 9.253878259798896388e-02 8.752088919830493252e-02 1.113007170879367486e-01 1.109326193163751861e-01 1.052670924382425321e-01 1.111599081539841882e-01
1.107055108209876043e-01 9.651136306132890308e-02 7.649422772502498247e-02 9.651795289321039861e-02 9.639669953664264934e-02 8.516350504995974513e-02 1.106095292181911577e-01 1.016870557066430619e-01 1.153810173297026703e-01 1.105331386583088688e-01
1.179521345002654958e-01 8.926668795362281694e-02 7.422015135280939091e-02 8.928474138350764311e-02 8.913710508863499637e-02 7.625990255588638300e-02 1.178301742615930486e-01 1.183583891868244392e-01 1.100082027518503314e-01 1.176825109650055101e-01
1.141664678812073092e-01 9.067311499988446599e-02 7.989049954788678132e-02 9.069962732566066999e-02 9.064413753895361747e-02 8.261547936118741886e-02 1.141858544087247102e-01 1.129974496721559973e-01 1.100088663730361266e-01 1.141185028913028754e-01
1.179289635527536739e-01 8.601292941804709880e-02 7.151933743297596291e-02 8.602676403950830497e-02 8.593927341613810666e-02 7.185917399255874194e-02 1.178521894921517044e-01 1.306541802888849246e-01 1.145299977530363500e-01 1.176771906139451596e-01
1.202827275609256868e-01 8.734839093060398074e-02 7.035163627848400880e-02 8.736980297633181736e-02 8.718561107525769904e-02 7.444488122546522035e-02 1.201174485381175244e-01 1.185712132281584452e-01 1.143868821861315915e-01 1.199414060005240673e-01
1.078788038617132100e-01 9.268332403315526768e-02 8.486183349574183410e-02 9.267756704786266064e-02 9.266761914546021994e-02 8.641350363222073672e-02 1.078444861556310669e-01 1.184317043417288662e-01 1.087954125351951323e-01 1.077457457512909778e-01
1.102688402723662753e-01 9.319741899619847503e-02 9.140349010102855054e-02 9.320783985685426876e-02 9.323855807971441478e-02 8.581354595022833154e-02 1.103229420165983549e-01 1.035325977285161403e-01 1.087511110386070040e-01 1.102636559598882127e-01
1.138409803969013812e-01 9.432919017791091543e-02 7.151773066667091450e-02 9.434898861278896709e-02 9.424087170407399738e-02 8.449943270643543725e-02 1.137884859732856135e-01 1.048229213645660990e-01 1.148945291802556112e-01 1.137168692171110357e-01
1.164316996880593730e-01 8.914843725792383211e-02 7.834633362426363101e-02 8.916654712435581609e-02 8.900630410592204333e-02 7.671526578064097324e-02 1.162993196305896343e-01 1.205109293472031162e-01 1.082157443576254457e-01 1.161594190834160933e-01
1.181291432785083473e-01 8.792439721473498115e-02 7.485462598036397852e-02 8.793286794851230825e-02 8.780494985705099287e-02 7.713702072317082936e-02 1.179878152770093280e-01 1.155237454707215561e-01 1.149055402071623433e-01 1.177998940427653490e-01
1.156043113522599031e-01 9.198688772448647410e-02 7.092151702172037886e-02 9.199746109889485324e-02 9.175491853189414460e-02 7.304559861737637549e-02 1.153696838805474273e-01 1.196326383204895788e-01 1.144691310708837589e-01 1.152178523814471056e-01
1.164132885115873040e-01 9.160938738558674355e-02 7.698681206446544856e-02 9.163417036417693951e-02 9.144630726056846015e-02 8.032319368007163896e-02 1.162833106285580675e-01 1.090091938077134004e-01 1.101170883613895313e-01 1.161772479358824106e-01
1.172404951516906879e-01 9.162987907837018275e-02 7.141403565245156571e-02 9.164549688276282802e-02 9.148600884519149379e-02 7.789487808556026793e-02 1.171057643747123039e-01 1.054407373216450367e-01 1.191719608037092315e-01 1.169707438039064018e-01
1.137386654042978618e-01 9.058912020692629075e-02 7.767231560240671351e-02 9.058963404966773048e-02 9.050731981773776913e-02 8.184574127080107564e-02 1.136379991610518281e-01 1.140355749649825806e-01 1.138956468660534127e-01 1.134879826560747651e-01
1.163220526299525298e-01 9.156791389072255205e-02 7.426689768601822672e-02 9.158721292041226147e-02 9.140400201313675366e-02 8.426557289872656231e-02 1.161774252653345052e-01 1.099905292122840689e-01 1.083629497131385622e-01 1.160554437702739777e-01
1.162658949743953229e-01 9.218860261850586602e-02 7.447054224483000417e-02 9.222138937147036919e-02 9.200944495412494151e-02 7.923401716030345487e-02 1.161411102536701045e-01 1.108874011987365654e-01 1.105213695799888846e-01 1.160602276439745145e-01
1.168462035581922659e-01 9.016181994182599635e-02 7.730862025995280384e-02 9.018618661491346888e-02 9.011954272308876635e-02 8.282641375019433871e-02 1.168431181208191977e-01 1.104920762691275760e-01 1.084696951810892179e-01 1.167463235807963684e-01
1.177192686820974082e-01 9.169940708145479791e-02 7.156456563132125581e-02 9.173904480856868993e-02 9.158263649763540015e-02 7.993323451779803246e-02 1.176748611710650566e-01 1.057626940733825960e-01 1.147103810082305553e-01 1.176139065284461799e-01
1.152936936657474598e-01 8.763592975398885876e-02 7.356889018704823591e-02 8.764778448004773015e-02 8.754381801914468131e-02 8.081017854431647718e-02 1.151994101780604018e-01 1.218278468583017249e-01 1.154255435161066906e-01 1.150469047972377118e-01
1.148974841171943179e-01 8.435395009764448671e-02 7.369281324985624271e-02 8.436892424077842290e-02 8.429236436781341324e-02 7.788842491886067976e-02 1.148404307865009411e-01 1.374413468383451353e-01 1.135428403080138704e-01 1.146814210749925317e-01
1.156345902658699604e-01 9.344122639958717114e-02 7.467560764551478547e-02 9.347071824064139001e-02 9.333035885928872566e-02 7.989799560668171818e-02 1.155776802357072197e-01 1.074272350277067078e-01 1.110325891720233271e-01 1.155119985469790223e-01
1.196513483182740228e-01 8.722598747587637091e-02 7.043332678199752672e-02 8.726918533929763078e-02 8.709239222877200592e-02 7.542866821247491693e-02 1.195853085107570490e-01 1.162802246188272409e-01 1.175419925562339180e-01 1.194915659574893180e-01
1.160149043055545698e-01 8.938665355628240550e-02 7.669543723231703192e-02 8.941942698734785255e-02 8.920599950643914866e-02 7.757738641184043493e-02 1.158800014897958947e-01 1.190018510187990236e-01 1.110365194020930257e-01 1.157818200895306543e-01
1.134677215830195707e-01 9.138390176151345301e-02 7.152384982099571631e-02 9.142102726362441589e-02 9.128338841749121524e-02 8.098808331473204836e-02 1.134398315094922033e-01 1.130503480643936659e-01 1.200436603392441709e-01 1.133981879254935682e-01
1.206561552639826979e-01 9.168917230118363293e-02 7.171028331860977711e-02 9.171819146599108352e-02 9.142142626817591211e-02 7.301724490671253343e-02 1.204071391437163963e-01 1.034049525296235061e-01 1.157108387573748259e-01 1.202645960446295931e-01
1.198610061537884186e-01 8.822967522973938770e-02 7.068507703117565821e-02 8.827461346864151626e-02 8.809527034896549869e-02 7.412286634509432370e-02 1.198006701435973959e-01 1.129180781288994379e-01 1.182951084391747065e-01 1.197176347109236844e-01
1.178146674710892489e-01 8.581992789409355338e-02 7.407797273450653086e-02 8.582652809311715203e-02 8.578169360105272756e-02 8.153227913751300016e-02 1.177599632249494849e-01 1.263154728002370553e-01 1.075036832052602281e-01 1.175678118381810605e-01
1.143906885001214624e-01 9.325813409785424501e-02 7.424201994538255633e-02 9.326875433933422277e-02 9.310670560024290887e-02 8.040242495762672803e-02 1.142491967791607055e-01 1.088081572707974842e-01 1.141435898050787989e-01 1.141303287044009573e-01
1.171504588609249553e-01 8.640504572409148099e-02 7.281336379062262887e-02 8.642491068438325208e-02 8.627802206308102240e-02 7.520162959532231128e-02 1.170294630920853535e-01 1.319879559250259349e-01 1.098371928235783168e-01 1.168719574408847994e-01
1.079181734267593978e-01 9.544897464994293868e-02 8.682842840610044410e-02 9.544188858528455943e-02 9.545926636966577117e-02 9.302572228438095447e-02 1.079084182343758164e-01 1.065980812357561203e-01 1.035419701495417510e-01 1.078290766581922605e-01
1.144400356753576264e-01 9.056289697609971878e-02 7.773112701203675756e-02 9.056856197886034576e-02 9.048824447516140568e-02 7.589852181384570962e-02 1.143581910505917648e-01 1.153903259675078813e-01 1.163429957588224123e-01 1.142190992917163778e-01
