8.183408048396897949e-02 1.168480180263965079e-01 9.854414944406593435e-02 7.822808584431126255e-02 9.653139567309576563e-02 1.095751052072448523e-01 9.568392114353879707e-02 1.045212694046937785e-01 1.220480869692966014e-01 9.618588780338740984e-02
8.479047220204466440e-02 1.182174011657439044e-01 9.643321864590134740e-02 8.334532969399673086e-02 9.480954151378669092e-02 1.078187526497586257e-01 9.487282086351368771e-02 1.012553552539182666e-01 1.241753047144573130e-01 9.428180329687874117e-02
8.894406303445405448e-02 1.102571165739927445e-01 9.626249148379627252e-02 8.471461385485037909e-02 9.790611797298164054e-02 1.072356171268521313e-01 9.490634751943086145e-02 1.027073970914624546e-01 1.202285120419128023e-01 9.683772330026667319e-02
7.979616436303890725e-02 1.236501875032753051e-01 1.094570792074221338e-01 7.679183040332612786e-02 9.296776456651785481e-02 1.087981499575118721e-01 9.266462333530817164e-02 1.034547946103504673e-01 1.204204985731819194e-01 9.199890748006729624e-02
8.187019699362706182e-02 1.148617253848611963e-01 9.798861534751857061e-02 8.189039320964391910e-02 9.442987549777775991e-02 1.111699762934442726e-01 9.481620524948908280e-02 1.014883656628739472e-01 1.280733122532082546e-01 9.341133410755592115e-02
9.648604394166619691e-02 1.064207547009333593e-01 9.982516080333520003e-02 8.956253469897788866e-02 9.235248835313972227e-02 1.130092656065288248e-01 9.548909883186784686e-02 9.732326112961614539e-02 1.163451966750490424e-01 9.318619525888577337e-02
7.931770272561053381e-02 1.165754163085235690e-01 1.008197779895367435e-01 8.455844113531535422e-02 9.386497620776004802e-02 1.066023603988920931e-01 9.373913775532394244e-02 1.053725688219798867e-01 1.255418991986263222e-01 9.360771945843153474e-02
8.512838019343413332e-02 1.128068804485748283e-01 1.062052745618706634e-01 8.498806950503197399e-02 9.287176089092784304e-02 1.101348857123346653e-01 9.505177706342046728e-02 1.003814432774478710e-01 1.202515059517376972e-01 9.218002239521985719e-02
8.906640748117565509e-02 1.139585971048999585e-01 9.652083085562673803e-02 8.514766662867206959e-02 9.554507493775224458e-02 1.060631650796444309e-01 9.610207895122339916e-02 1.026244920459188081e-01 1.191673009289414414e-01 9.580438598614525458e-02
8.608144849229035223e-02 1.241318624687580002e-01 1.000887967109150151e-01 7.713725966518211741e-02 9.380662533524959656e-02 1.054781486742857738e-01 9.438407632647133338e-02 1.034837470850266672e-01 1.224070844451154993e-01 9.300095079670565867e-02
8.480742450377939945e-02 1.150737820338049999e-01 1.031070541951255581e-01 8.723238980516287433e-02 9.132962157909500778e-02 1.075097973349779246e-01 9.285887542223693336e-02 1.016064871319564272e-01 1.259536487811404315e-01 9.052091921272045760e-02
7.878908317707604414e-02 1.294514318157904409e-01 9.935054093999737268e-02 7.748960310671633434e-02 9.346236800107646236e-02 1.083640455661775831e-01 9.124321799211838890e-02 1.027983624769546883e-01 1.261668481549141907e-01 9.288449876917843906e-02
8.595001123105569518e-02 1.254549171829530407e-01 1.027797205923483698e-01 8.645495885581860884e-02 8.946365965719296764e-02 1.111044161217012299e-01 9.217023697895411483e-02 1.007491816368689952e-01 1.165693380841857640e-01 8.930355965892121384e-02
7.656389348101917680e-02 1.338846911170567533e-01 1.100362386218366462e-01 7.773639544022137304e-02 8.952390841369468888e-02 1.098722717894597412e-01 8.920060053498561625e-02 1.002764567162539033e-01 1.241830086905344882e-01 8.872253519493758511e-02
7.611039062860655569e-02 1.272165655662671202e-01 1.067493904755957984e-01 8.197700350086455090e-02 9.069343407925414824e-02 1.102554121434452111e-01 9.135274845094218388e-02 1.013928627766000484e-01 1.238875726827244894e-01 9.036461969569986596e-02
8.206425331544103807e-02 1.201652293350994327e-01 1.011430177324522950e-01 7.974023757796767919e-02 9.377446869288928732e-02 1.087847060825518630e-01 9.199671211795887316e-02 1.017524949744518931e-01 1.272624384553843191e-01 9.331644171580326386e-02
8.674666788953676322e-02 1.187923592542186185e-01 1.006116855433218660e-01 8.529997917223842985e-02 9.368418656197499694e-02 1.083275722542647868e-01 9.389146539844625550e-02 1.009526763648299769e-01 1.185839114806046674e-01 9.310949608056365290e-02
7.987664013382403394e-02 1.110098728662799877e-01 9.975886895752617001e-02 8.402923767055042736e-02 9.849936944734173638e-02 1.065503390859610100e-01 9.722936630707063044e-02 1.052893482467651964e-01 1.197141852744776219e-01 9.804277201020318577e-02
7.765258558223211982e-02 1.245592557973136255e-01 9.363684958789939006e-02 7.671353828181054491e-02 9.476151411238749322e-02 1.097872330444658318e-01 9.497324029462572703e-02 1.065384201861143548e-01 1.280684358092323005e-01 9.330892730391864009e-02
8.315163880933364171e-02 1.233919714632132347e-01 1.061110963661797829e-01 8.136088684191038201e-02 8.911010992924378593e-02 1.109545635963681970e-01 9.313220062096409790e-02 1.019401734521183517e-01 1.215328445913065464e-01 8.931451432936199364e-02
8.278181511438680029e-02 1.187039360660055720e-01 9.630194195216397468e-02 8.044891946373548819e-02 9.341352715848488808e-02 1.094344103646727046e-01 9.486071227919586069e-02 1.032907670697600228e-01 1.280034370253624321e-01 9.276053350623222893e-02
8.653415437930422893e-02 1.109209981646374354e-01 1.043172889886367083e-01 8.577143457637168011e-02 9.464157996083014113e-02 1.087233694597287137e-01 9.452712774994301292e-02 1.019379671192532089e-01 1.187766371041902025e-01 9.384944249710468200e-02
8.681789991535411588e-02 1.166575143022037520e-01 1.003402076913766788e-01 8.273789271394249578e-02 9.528103539131184407e-02 1.075787552921811108e-01 9.373757775368141143e-02 1.001816627801035003e-01 1.219896392186472778e-01 9.467781494119778540e-02
8.188169257493509157e-02 1.179485266197185661e-01 1.096333183678861734e-01 8.260890678085343330e-02 9.178945105893240863e-02 1.083476348429415898e-01 9.394216804035050716e-02 1.000485644910212718e-01 1.226246113738047594e-01 9.117512584955619892e-02
8.603570828086994082e-02 1.245017257135266481e-01 9.254944441399295951e-02 8.240620170104004383e-02 9.403476209966034338e-02 1.090296746294709268e-01 9.377445521688743124e-02 1.005959243908715051e-01 1.233701324665846671e-01 9.370197108709556189e-02
7.017001127097011182e-02 1.212130166372606538e-01 1.512404893114290549e-01 6.917453593119676780e-02 8.950111830695438309e-02 1.036578559998833637e-01 8.781560028219370651e-02 9.820044093518069672e-02 1.203410814574877169e-01 8.868584986744357246e-02
8.787394220681313262e-02 1.131812908493257802e-01 9.467919674217767367e-02 8.355953013528523432e-02 9.711124456106628999e-02 1.078857270769861543e-01 9.597576193406208434e-02 1.027848125417281377e-01 1.198999809506058334e-01 9.704851300194970720e-02
8.698204789020738681e-02 1.132175354055074273e-01 1.048283622931886067e-01 8.132382522442734019e-02 9.631461186997011814e-02 1.036851347654903222e-01 9.411866592242365548e-02 1.060290871276356600e-01 1.186890114206372859e-01 9.481171808051218342e-02
8.332659212597484655e-02 1.195881955886105019e-01 1.019298213711312823e-01 8.433863554490972358e-02 9.254181547815476527e-02 1.084844506437849521e-01 9.302227809687382831e-02 1.029666334720771292e-01 1.217565301691991009e-01 9.204504750928388379e-02
8.765838052921778867e-02 1.159135296943230725e-01 1.067254166931800446e-01 8.743166388463989580e-02 9.311961506605904992e-02 1.076332106533421373e-01 9.192878824674467764e-02 1.008148672523260514e-01 1.157589156842558503e-01 9.301561229591144564e-02
8.018705936608382101e-02 1.235870963669869205e-01 9.860453345285435933e-02 7.800529284186687173e-02 9.345010696265074190e-02 1.101962490687694168e-01 9.244419587875102318e-02 1.041245360146507842e-01 1.268692535732385551e-01 9.253167647414752006e-02
8.368031246972947035e-02 1.212826335940504485e-01 1.000426246529051849e-01 8.179232545011272393e-02 9.504597619001692310e-02 1.081210124171179121e-01 9.297349897250652140e-02 1.027998117752349783e-01 1.207251469511726599e-01 9.353665752715319137e-02
8.217707875631354020e-02 1.236228858776245165e-01 1.008370917786644977e-01 7.817669338950285207e-02 9.324753697970136757e-02 1.100690839213073063e-01 9.465925737056019029e-02 1.028858662198556262e-01 1.222440623242333907e-01 9.208044338223671244e-02
8.691856364216503372e-02 1.059291697618492817e-01 1.052921764923145515e-01 8.746817518016768156e-02 1.053136116213051615e-01 9.849799421814493805e-02 9.402799853562011922e-02 1.066614260811055565e-01 1.061315864852158397e-01 1.037592979821118089e-01
9.035284470357647646e-02 1.094166351030552431e-01 9.938141357406930776e-02 8.708634396544054357e-02 9.528431731627656776e-02 1.127902225233383682e-01 9.663063956241083052e-02 9.841806484459482418e-02 1.165514273526824240e-01 9.408809105455541444e-02
8.213871087429489015e-02 1.247411412848311307e-01 1.138953134781524185e-01 8.275356869029645845e-02 8.764646177841227404e-02 1.080894378286210294e-01 8.772890127738040833e-02 1.019184039406787617e-01 1.235110463774406753e-01 8.757701446989195337e-02
7.368614588310425095e-02 1.254619768544734115e-01 1.125455058146361959e-01 7.019635694040912699e-02 9.480444594350663501e-02 1.113575243894285027e-01 9.122867459631694986e-02 1.038210404232876582e-01 1.230048034670764845e-01 9.389352568776070107e-02
8.255464739968068622e-02 1.229999204402024010e-01 9.270270049053304373e-02 7.989654535556535431e-02 9.493924637998575611e-02 1.080551622735669987e-01 9.421591580949309486e-02 1.035052682728503370e-01 1.269471691358828036e-01 9.418342444223946897e-02
8.252539718429140192e-02 1.211180128675297812e-01 1.024158832333267183e-01 7.836271603582249667e-02 9.143807828546812733e-02 1.107629288816763813e-01 9.190197048873299801e-02 9.918935629545787280e-02 1.315153752268259646e-01 9.077028150086829950e-02
7.959732397586749553e-02 1.263486485949250615e-01 1.049129195359918415e-01 7.771842695519141919e-02 9.005691265473542151e-02 1.118264119297348036e-01 9.170409219886954677e-02 1.009077710996311023e-01 1.274848380776429924e-01 8.944265497741031579e-02
8.501541103225485063e-02 1.181234981478864049e-01 1.013970752403186154e-01 8.152486418739243734e-02 9.295070128031003576e-02 1.072877862149741734e-01 9.412459552511666383e-02 1.019498976836472059e-01 1.258788435168802233e-01 9.174732717121945880e-02
8.433312711087066760e-02 1.218320655133883351e-01 1.066819770935213685e-01 7.969385718763620507e-02 9.293576437836961746e-02 1.074272288685649834e-01 9.318558167983087559e-02 1.022389751027037441e-01 1.195929303133056454e-01 9.207849275180852999e-02
8.422056663128495158e-02 1.226961224817128826e-01 9.658565636558524847e-02 7.971995978017500095e-02 9.205810688960482102e-02 1.088507895952895016e-01 9.398460187917237474e-02 1.029701611701412250e-01 1.272801782973790874e-01 9.163385690965489272e-02
8.093872937850853100e-02 1.222337870516601865e-01 1.028340744562725034e-01 8.022131902685009086e-02 9.409991621959036545e-02 1.060933995468224950e-01 9.328193726521653850e-02 1.039395853086265142e-01 1.229368483737629525e-01 9.342040337268980865e-02
8.124441927624805049e-02 1.171504178941011887e-01 1.050466524152780246e-01 7.580399698408719911e-02 9.833324275827770578e-02 1.050477397643234945e-01 9.369782995660960734e-02 1.069281480871488443e-01 1.199615786924304456e-01 9.678597417149549520e-02
8.464882783006301425e-02 1.180320563052335847e-01 1.012940803964853115e-01 8.574395164594858509e-02 9.374079813598525102e-02 1.060535118063919008e-01 9.238543560000474220e-02 1.050858201971113792e-01 1.199252125848831174e-01 9.309030549789308606e-02
7.472720647495616209e-02 1.320238916310820798e-01 1.042382740920140410e-01 7.572293950877084789e-02 9.472355024393172562e-02 1.066568029434368375e-01 9.237429085073341206e-02 1.031143551483868631e-01 1.222319769767225145e-01 9.418671212996548858e-02
7.852372300129664695e-02 1.322048716769717025e-01 9.619529420345725168e-02 7.785532259361312157e-02 9.358803183368667733e-02 1.085159779988931344e-01 9.062569314862291281e-02 1.039861872728853470e-01 1.252835484241130171e-01 9.322134984646021638e-02
8.683661866494113424e-02 1.118842178837153450e-01 1.040908294351843705e-01 8.199291628461473358e-02 9.689472522957989775e-02 1.038422594762125201e-01 9.507710220665038792e-02 1.040054116144129570e-01 1.200591330849283961e-01 9.531678611976025783e-02
8.539296413054200952e-02 1.048601642646919407e-01 1.082143360102765794e-01 8.461922004752828186e-02 9.634090961373499573e-02 1.051409681421539705e-01 9.352701173258579082e-02 1.074332844161163952e-01 1.189351521040775267e-01 9.553598953829244012e-02
9.322596560487675377e-02 1.039579082741069610e-01 1.083352136286012957e-01 9.669753323378237064e-02 9.802053150853154428e-02 9.750697813983916218e-02 9.726337134214700642e-02 1.046570344938515390e-01 1.043423630540703528e-01 9.599310072019298645e-02
8.646823771040704210e-02 1.146712900921607187e-01 1.021149248327546250e-01 8.144963524119591680e-02 9.474603216783185344e-02 1.080799089213507758e-01 9.342412732886366811e-02 1.044062401028762604e-01 1.205269952757084401e-01 9.411260832685069966e-02
8.637519936405428644e-02 1.095244007996857422e-01 1.008797172296263533e-01 8.449782943290524984e-02 9.840634663126832105e-02 1.070974567204016209e-01 9.580228300383676621e-02 1.070085666851326722e-01 1.139531490923615942e-01 9.645505104072733815e-02
8.784426879334754357e-02 1.085507459991185836e-01 1.038699648895998195e-01 9.291556469037404176e-02 9.400915072601423450e-02 1.042491764279790678e-01 9.678606960198313236e-02 1.023072801861937553e-01 1.150423492649633034e-01 9.442542942042655985e-02
7.994296129300536291e-02 1.225552851030849849e-01 1.065082030903329730e-01 7.898014912570025525e-02 9.354086235445398245e-02 1.084868820927856053e-01 8.959624294406570710e-02 1.017902425634639452e-01 1.263249420545338730e-01 9.227422937857326923e-02
7.306138791644548047e-02 1.283569545167295989e-01 1.052482644769339171e-01 8.081299354837581661e-02 9.370372808739473036e-02 1.051624821297064416e-01 9.130937235790245743e-02 1.039005207785823337e-01 1.256628100444346641e-01 9.278148614349451817e-02
8.083720192610102662e-02 1.251337768657881655e-01 1.088304153480626479e-01 8.027455876210302932e-02 9.064693057064866777e-02 1.065955022682072983e-01 8.830734704534580481e-02 1.019423788113092422e-01 1.279161613497055983e-01 8.951572705272853314e-02
7.727405917266137736e-02 1.245559857803986287e-01 1.101352532079590135e-01 8.124770346714318969e-02 9.107335756077426792e-02 1.087046831910507688e-01 9.070646293981976527e-02 1.017567391785973857e-01 1.238023246460571158e-01 9.074343085553851496e-02
8.241688753465938044e-02 1.191474132644006062e-01 1.006125125659839276e-01 7.631005413933404646e-02 9.519832344119015521e-02 1.092781664572535089e-01 9.497131942864681098e-02 1.044232901024117754e-01 1.228426048958606992e-01 9.479942817025910351e-02
8.141889371927590879e-02 1.140423322853538757e-01 1.072834629958546449e-01 8.398181733004096705e-02 9.928030731825980559e-02 9.959140393202707553e-02 9.441319771856325482e-02 1.061587833354986216e-01 1.162100030911062815e-01 9.761979827401955079e-02
8.564340730253923450e-02 1.173657746991795259e-01 9.982042512968410108e-02 8.118633551617074340e-02 9.021917900369161303e-02 1.154975380362562448e-01 9.106938868193066583e-02 1.003975196691251209e-01 1.294160739941856986e-01 8.938435796723703808e-02
8.972285179323255533e-02 1.131053670382574095e-01 1.079116270990836540e-01 8.508318865696931632e-02 9.770203637367458338e-02 9.923146176016159337e-02 9.490611975775564702e-02 1.065942269849457225e-01 1.102342841934236678e-01 9.550883634249585086e-02
8.716664338453977701e-02 1.136359053257976620e-01 1.007992991309107217e-01 8.087080466382103039e-02 9.515130952001715769e-02 1.084106454858388552e-01 9.509246297501310063e-02 1.011921861395617961e-01 1.233226786453026080e-01 9.435806472919734678e-02
8.224392772864679013e-02 1.130722588686684932e-01 1.003263587685132296e-01 8.232624820632536422e-02 9.688142899800876451e-02 1.078777927416080806e-01 9.380219213776014309e-02 1.048286689674079453e-01 1.226132789304448661e-01 9.602784465261630931e-02
9.664099712068484338e-02 1.111992573829382047e-01 1.021178720815869162e-01 8.664862000287255894e-02 8.993853986463970496e-02 1.135271037609123929e-01 9.699318679413233835e-02 9.848429092420700470e-02 1.149363719221621616e-01 8.951376014586383267e-02
8.360722832238878799e-02 1.211871914396171895e-01 9.291045620047450049e-02 8.017049294415964922e-02 9.514473381419988329e-02 1.084108520409453602e-01 9.408261224345981777e-02 1.049351169637441072e-01 1.242205791993765823e-01 9.533073683163419132e-02
8.101055407757222493e-02 1.262199231404849409e-01 1.050813051883621452e-01 8.298403009463119206e-02 9.610264247411796912e-02 1.053222969537927350e-01 9.009824579063915873e-02 1.037409602014462418e-01 1.154707741630384144e-01 9.396926791591503347e-02
8.305969252450834395e-02 1.173504705060873093e-01 1.064116928931708450e-01 8.975547559283149346e-02 9.352459548603575534e-02 1.078200855532704394e-01 9.224784486645185022e-02 1.003557993845705515e-01 1.163988261380519140e-01 9.307551705502149775e-02
8.072652187829132409e-02 1.161004557116667862e-01 1.049832701893496922e-01 8.432163614790924577e-02 9.558064735794390143e-02 1.067001081642224847e-01 9.391696434654854542e-02 1.035285720725749037e-01 1.204784396277080588e-01 9.366338450378505764e-02
8.754518970281796597e-02 1.171161251870328490e-01 9.633476128748676148e-02 8.122490942624420451e-02 9.558774028330914441e-02 1.071009157405806711e-01 9.531154643351751055e-02 1.045398966300627869e-01 1.199293458327232997e-01 9.530956947622480635e-02
8.741336375347592835e-02 1.084513424990022901e-01 1.129035555916540062e-01 8.839634747313196428e-02 9.309388759940090408e-02 1.033672379669966501e-01 9.183103796920003004e-02 1.043555569786181331e-01 1.184343020843360572e-01 9.175336808418402268e-02
8.180645870956163024e-02 1.189121113711949368e-01 1.045639046753600032e-01 8.088372617506967011e-02 9.382434498067317163e-02 1.091923680118888768e-01 9.296542729511426961e-02 1.014916686917590599e-01 1.235689445308845169e-01 9.279104555849383706e-02
8.468161119803396808e-02 1.215743257583234288e-01 1.095822534716949653e-01 8.289597421053232496e-02 9.552973117269224212e-02 1.024049874937123378e-01 9.191599507780914835e-02 1.013075011489878441e-01 1.159971174082768397e-01 9.411050305993698406e-02
7.799778642914931281e-02 1.261255693419175428e-01 1.101033558456703254e-01 7.814325720591187852e-02 9.312715487564131311e-02 1.090513528313326319e-01 8.887199919691245176e-02 1.034083625721334138e-01 1.208677457690284646e-01 9.230341593230265151e-02
7.855291874386798046e-02 1.235403356462626556e-01 1.073261018177953385e-01 8.056185788240519119e-02 9.213809156129328104e-02 1.093810170592144221e-01 9.098823956547186231e-02 1.007956959686530929e-01 1.254317008250231125e-01 9.128404093001302178e-02
8.126445874820677207e-02 1.193026389286287320e-01 9.784183879402251482e-02 7.708460662380942074e-02 9.391769986752593335e-02 1.198785543602860909e-01 8.924197352468556110e-02 9.990163415750005771e-02 1.280699518463684627e-01 9.349664314896641293e-02
7.686052783759385332e-02 1.316501238132969653e-01 1.033653704943717916e-01 8.215695734821776286e-02 9.084179024613524278e-02 1.095557663601438303e-01 8.941852107463936494e-02 1.020359019699886294e-01 1.240080116185817150e-01 9.010702923703085843e-02
8.602183103613117443e-02 1.147225544064982006e-01 1.049324517278508173e-01 8.575033773830391393e-02 9.247568251131002559e-02 1.094937282958907548e-01 9.354559465891539027e-02 1.010326102978685164e-01 1.205073957651088545e-01 9.151781356212236596e-02
5.324597710384446070e-02 1.421582241758252707e-01 7.540350893124143916e-02 5.235180355972405414e-02 9.796748819056341762e-02 1.204709420962067623e-01 9.681942024948468617e-02 1.174551942483893080e-01 1.474951984100206781e-01 9.663224303469993004e-02
8.021738949893136850e-02 1.233920445788365544e-01 1.051412541462545674e-01 8.072666865364420963e-02 9.642960453664173315e-02 1.030796664379817623e-01 9.327301622292824557e-02 1.059930293444841798e-01 1.171246818230115283e-01 9.462264475728583701e-02
8.295819743334785501e-02 1.186390989128556644e-01 1.020671618141915094e-01 7.809872916958689182e-02 9.645067610767786570e-02 1.072269730413257932e-01 9.419467688559773899e-02 1.041454720058980488e-01 1.211627031534880244e-01 9.505631147603060827e-02
8.513224124290756645e-02 1.208591351083023596e-01 9.918247029930200853e-02 8.387210175042487947e-02 9.190311146154626909e-02 1.070811459540917249e-01 9.420327070533505986e-02 1.017505855739898740e-01 1.243227387211259249e-01 9.169319918297434702e-02
8.674143915671593541e-02 1.240650189499026695e-01 1.056429779200580843e-01 8.154223808189760281e-02 8.900353225937494839e-02 1.120744664329949569e-01 9.289636575791605788e-02 9.820745003792923089e-02 1.213467170842440768e-01 8.847979431896646485e-02
7.786107277558500239e-02 1.269340778980171114e-01 1.036201946144293395e-01 7.512572600999131711e-02 9.321351096136734626e-02 1.094748149523087771e-01 9.028470086713545617e-02 1.053157536713868608e-01 1.258878448723087795e-01 9.228230337747000966e-02
8.217225284018993270e-02 1.178653905088491299e-01 1.069131980862019493e-01 7.948637885287895832e-02 9.811759740294061227e-02 1.019925832681596173e-01 9.370357318940200630e-02 1.051708760792312847e-01 1.177926095529565759e-01 9.678554021918996109e-02
7.675485988595287523e-02 1.211285499213547029e-01 1.023806258356726451e-01 7.609759729605949929e-02 9.499113428409156068e-02 1.098833363735849666e-01 9.414240818275712575e-02 1.045045566060829323e-01 1.264968923351768026e-01 9.362003927926694502e-02
8.860292821848733680e-02 1.106692342611852176e-01 9.862960016344707315e-02 8.717408451401736924e-02 9.554754814506412341e-02 1.079180093395489259e-01 9.443257802328638983e-02 9.874806818206789683e-02 1.229205354774399878e-01 9.535741367545562397e-02
8.112510302056691325e-02 1.197554956454709857e-01 1.053484192781692502e-01 7.708618899992634999e-02 9.300278058583956453e-02 1.077790030088736639e-01 9.251454272909589993e-02 1.043653386301555963e-01 1.269776454807015897e-01 9.204548262120025581e-02
8.803621154853925879e-02 1.118730430036620066e-01 1.043333544271584923e-01 8.324534206206590792e-02 9.812528882590149104e-02 1.032050980289639930e-01 9.433060965597030167e-02 1.023378025576810318e-01 1.162563133620367894e-01 9.825693652802069966e-02
7.879153351860559984e-02 1.288210480859193208e-01 9.504068649383481948e-02 7.834574740925924485e-02 9.257328472420299492e-02 1.108368061925965736e-01 9.352950574075678813e-02 1.067705965430253978e-01 1.233393264613045076e-01 9.195146483049476682e-02
7.955198486400434643e-02 1.200015807641981735e-01 1.061396325096526788e-01 7.753176220714257105e-02 9.750942685653282704e-02 1.042302275396979200e-01 9.209502476320287345e-02 1.051865810423535108e-01 1.213530584262564604e-01 9.640072102695862455e-02
7.989931353416111770e-02 1.248450005775540023e-01 1.106944671327714930e-01 8.120392203136814202e-02 9.327228828671074723e-02 1.055561333428141485e-01 8.874641406790668985e-02 1.015843345818511628e-01 1.218637051704550417e-01 9.233442127440744107e-02
8.588506386765927536e-02 1.092536690899871821e-01 1.057618631125164799e-01 8.762031600707537171e-02 9.966723205182670409e-02 9.988664250579845638e-02 9.485264450034593120e-02 1.058350414134626299e-01 1.138655405898069684e-01 9.737198686152102878e-02
8.135854405152399826e-02 1.227481264388785021e-01 9.925234295285896569e-02 8.303213287960142797e-02 9.263145968320256329e-02 1.089947821597664346e-01 9.285878589202500866e-02 1.020227627394024589e-01 1.245913398585854620e-01 9.250972334415519249e-02
8.377869024699913236e-02 1.206585848356365176e-01 1.021388431877435915e-01 8.387294701756739523e-02 9.304888074736630821e-02 1.074065422960959748e-01 9.325192831210628308e-02 1.059987474547143399e-01 1.174057437469490234e-01 9.243909215482146169e-02
8.435866926931477605e-02 1.209421594781212306e-01 9.639796738783573682e-02 8.243285342785780512e-02 9.413144407106922851e-02 1.074463034266745082e-01 9.436905364898230675e-02 1.017780123977379825e-01 1.246154882531816527e-01 9.352804863922481449e-02
8.349762300028219786e-02 1.124095865225808455e-01 1.151765103922682693e-01 8.038862114651529334e-02 9.650257698206761436e-02 1.023950959436653874e-01 9.198253574359796514e-02 1.071255994560041114e-01 1.156055699663886827e-01 9.491628084662961928e-02
8.123701821418578828e-02 1.176970319202072096e-01 9.962405299857304830e-02 7.993032702983010607e-02 9.236573570182883552e-02 1.114315363884854360e-01 9.291219452481712382e-02 1.039463695186094855e-01 1.291440667952049870e-01 9.171166690825796608e-02
8.592349912324433181e-02 1.165038317415964669e-01 1.027597082251255067e-01 7.853026588605314939e-02 9.148150332645622884e-02 1.103051652413609002e-01 9.244850502204049469e-02 9.992179965554112697e-02 1.312268489218531287e-01 9.089887285672865191e-02
9.068707243180755551e-02 1.124463781590553518e-01 1.027671113276550641e-01 8.347740611115833653e-02 9.004567206765470844e-02 1.106658292973377589e-01 9.626018988377837982e-02 1.035260172118743355e-01 1.204906695104581565e-01 8.963365399922036680e-02
7.778942267104174690e-02 1.204316726326698922e-01 9.789199369687109908e-02 7.688134594557233248e-02 9.774054214416021125e-02 1.102563904806046768e-01 9.322744649804784456e-02 1.038571889590540198e-01 1.252874285167849266e-01 9.663656845519325023e-02
8.956245950601061934e-02 1.081576082748984119e-01 1.096804725940336150e-01 8.293042108008503999e-02 9.697645770087669204e-02 1.022625584272832122e-01 9.332135688276570196e-02 1.059113506942374605e-01 1.155828728884162743e-01 9.561444195139298663e-02
8.553283999678962246e-02 1.182164824566030586e-01 1.029794580421444367e-01 8.327220957774721100e-02 8.923448658748145412e-02 1.136744635948854221e-01 9.145442077803686565e-02 9.911778565948431430e-02 1.276090022230844945e-01 8.890885108374314838e-02
7.644856647507038139e-02 1.274193363956591940e-01 9.711434355079873182e-02 7.601273601180896788e-02 9.516412957419313756e-02 1.082342938798815796e-01 9.372066651179528085e-02 1.013474994520992128e-01 1.302515480282624150e-01 9.428688012043114075e-02
7.895153335025340002e-02 1.187457086169537018e-01 9.602533992720395373e-02 7.583401660551768175e-02 9.639671717076647717e-02 1.114389100334293864e-01 9.630091729748156693e-02 1.042606023553111078e-01 1.257944436017295609e-01 9.625181104135312193e-02
7.552739080056698751e-02 1.212610280216236264e-01 1.024444776924759160e-01 7.698541303916731082e-02 9.562445414773426688e-02 1.098648028444693392e-01 9.411800460358017706e-02 1.025267090572909712e-01 1.265053797435874983e-01 9.514234004950387902e-02
9.775728891632179396e-02 9.619949432622817986e-02 1.067747212545764185e-01 9.467433138538972059e-02 1.026616350245233705e-01 9.521547081191472639e-02 1.000799989383639316e-01 1.051281541982788670e-01 9.992693550544466674e-02 1.015819696389583110e-01
1.067086373958330836e-01 9.949034528244567188e-02 9.793819878704741744e-02 9.491473823311302738e-02 9.436152362089744727e-02 1.111288525113606068e-01 1.026138976087017374e-01 9.387583288809307758e-02 1.029723229595034262e-01 9.599565071300451835e-02
8.695415869862106739e-02 1.180903395058520433e-01 1.126911711138349620e-01 8.865220541010461475e-02 9.463095099468990523e-02 9.980180210872667546e-02 9.035416009423405392e-02 1.019287531482450382e-01 1.129659660154784945e-01 9.393049291021315916e-02
8.543650403052041598e-02 1.215280515988411969e-01 1.040454674932009410e-01 8.732977377228537397e-02 9.534492805704668228e-02 1.013572588405435015e-01 9.323304241720824226e-02 1.008716384360794083e-01 1.155378371739525928e-01 9.531549818032161725e-02
7.974791955904969587e-02 1.184708032163704211e-01 1.094559477056070429e-01 7.683676586396302743e-02 9.607190465520094869e-02 1.080923372118724191e-01 9.357859779263386080e-02 1.017111394929770679e-01 1.210208643927273009e-01 9.501372010959824310e-02
8.578874077708920076e-02 1.140930796466733260e-01 9.899690325427688842e-02 8.466881450034757783e-02 9.452206418424495549e-02 1.096379954350887032e-01 9.485455306277704168e-02 1.032352999464754562e-01 1.200612410798487378e-01 9.414130811317811265e-02
8.052660230241745487e-02 1.188446966934559174e-01 1.058824387011351870e-01 7.532419523449145060e-02 9.601966281458600150e-02 1.075651301574623436e-01 9.265129647456529782e-02 1.062789169681875867e-01 1.223905705238953756e-01 9.451649012980337106e-02
8.395529385381625409e-02 1.166830126665476669e-01 1.007504167309852816e-01 8.351556804763864139e-02 9.369333568315803273e-02 1.087536347002481113e-01 9.343621058471801577e-02 1.040606829091001162e-01 1.217184729672469989e-01 9.343337185654096433e-02
7.810432939030009791e-02 1.236691336966536242e-01 9.556963850265101645e-02 7.779811670116924815e-02 9.478690613743392945e-02 1.087098853473649207e-01 9.367101620513389182e-02 1.050211747942304402e-01 1.280957690897936985e-01 9.457403013526910485e-02
8.274165533548449858e-02 1.283782758919402300e-01 1.077484746171667035e-01 7.954070232969270848e-02 9.105010075269075187e-02 1.070801212268939623e-01 9.292098150430082304e-02 1.028599711929395477e-01 1.171744546057586628e-01 9.050526254313211172e-02
8.532957447378336502e-02 1.139918499925300227e-01 1.084546470448636557e-01 7.877635497715036739e-02 9.563256545086507021e-02 1.043510263875560701e-01 9.457416431791662581e-02 1.065492007894281445e-01 1.181102619898632688e-01 9.423035457604340970e-02
8.121561894087796218e-02 1.227362981331992231e-01 9.872520749916688376e-02 7.726429477265051027e-02 9.158790454990858865e-02 1.113357347832605176e-01 9.392176608067585863e-02 1.047766608072532579e-01 1.272710090129457183e-01 9.116550542006149338e-02
8.408797523456937317e-02 1.165778403355493958e-01 1.033427170699950520e-01 7.884902892255366003e-02 9.464060620215275499e-02 1.075058612678975734e-01 9.386414163880535400e-02 1.044707014847789384e-01 1.232604961469863786e-01 9.340063169671154741e-02
8.172302569742885547e-02 1.139677952464847183e-01 1.010408974181100789e-01 7.753396938212425704e-02 9.457393862862689682e-02 1.135205572775629806e-01 9.288363356162158968e-02 1.024617767431905552e-01 1.287656446846699720e-01 9.352876136018010989e-02
8.273534093402089284e-02 1.259926463267382057e-01 9.737227812506298041e-02 7.881670201579552004e-02 9.175453026584390326e-02 1.115696090051438438e-01 9.108888999204799164e-02 9.858552339222212413e-02 1.309052191234088836e-01 9.117926081971568231e-02
8.505707989299006455e-02 1.193147229723683367e-01 1.063245264066546014e-01 8.785864102148523147e-02 8.929251712459318480e-02 1.104122526707802532e-01 9.112344774762337618e-02 1.005625900904501963e-01 1.211251919800618582e-01 8.892903009299289729e-02
7.728479196279776364e-02 1.250619259582952947e-01 1.052496412839184908e-01 7.828198869841285212e-02 9.277329605689750569e-02 1.077298691051941232e-01 9.150219829650362013e-02 9.990796676392985076e-02 1.300791366815336192e-01 9.212918519251692140e-02
8.397961170030027178e-02 1.154263481419194742e-01 9.435635912828813088e-02 8.281798761411286736e-02 9.761367332863381263e-02 1.098421984552583469e-01 9.703464108476357597e-02 1.039976554395452973e-01 1.175906409133256197e-01 9.734088419385261703e-02
7.572732347230462513e-02 1.325594773757740319e-01 9.985731536653001672e-02 7.734680459549640730e-02 8.979207582290556211e-02 1.138156035234468427e-01 9.169156489736610127e-02 1.017565927261128989e-01 1.279020946003295300e-01 8.955114761973402560e-02
9.024347422523547324e-02 1.123247200320639239e-01 9.563948986554170195e-02 8.416724788886319197e-02 9.575471246263494995e-02 1.068897499151038044e-01 9.676644659023121708e-02 1.040773707746651122e-01 1.184748406179616520e-01 9.566194762769894555e-02
8.737215874052316200e-02 1.121175047468807168e-01 1.031965708640344703e-01 8.486237777625754708e-02 9.434217003204094232e-02 1.075763204401884998e-01 9.790851197757469149e-02 1.044227137653222781e-01 1.147071540140183754e-01 9.349451764315934443e-02
8.017060795121232208e-02 1.217108785793775960e-01 1.093022820853365579e-01 7.770751664534944481e-02 9.081758410610800414e-02 1.076525118987904373e-01 8.950051810041900757e-02 9.943303360422534043e-02 1.338037537059890425e-01 8.990131332319228896e-02
9.512855662076945273e-02 1.127016630325483187e-01 9.817751205979036166e-02 8.955112949108158527e-02 9.097945201380498725e-02 1.120605834982605631e-01 9.675897785926307337e-02 9.804552027712518103e-02 1.160699386964523516e-01 9.052666645090411135e-02
8.981985769029111888e-02 1.212780329202249874e-01 9.555161821521700183e-02 8.561807941492870222e-02 9.181902604114743072e-02 1.108214353794975265e-01 9.827290151876780233e-02 1.032527856986553971e-01 1.124444063528450694e-01 9.112185676842500526e-02
8.151256348111211858e-02 1.177727301248474162e-01 1.072990351770926609e-01 7.714350947004038062e-02 9.583685770665825721e-02 1.048712452254217109e-01 9.295072657509322045e-02 1.063675840210186879e-01 1.222382182767488001e-01 9.400752994196671930e-02
8.680512151326888470e-02 1.181802327755270415e-01 1.000128586210552589e-01 9.021340666877676606e-02 9.377147196076206226e-02 1.042982390593536340e-01 9.426462745335770221e-02 1.007533220023840298e-01 1.183665700463913256e-01 9.333414989912335036e-02
7.742354865485828741e-02 1.247841446816631422e-01 1.114167164156125989e-01 7.935674574385362390e-02 9.161188381703869177e-02 1.087775781791047447e-01 9.082664099826634474e-02 1.011712012176086833e-01 1.239030024006557984e-01 9.072853789133805691e-02
8.045497779061200339e-02 1.204909792362885979e-01 1.052893877337879452e-01 7.641708326745628999e-02 9.278897783792403042e-02 1.091209135713813866e-01 9.193909381617353105e-02 1.059666661437409091e-01 1.258845004089487740e-01 9.164742019368656012e-02
9.311022840916408083e-02 1.126627261079411052e-01 1.097730386236079880e-01 9.115052940012956240e-02 8.964915593915999403e-02 1.059083267700032388e-01 9.628596387770634035e-02 1.002058693681987384e-01 1.118063851215296972e-01 8.944777638255928254e-02
9.143078348317407178e-02 1.171274368988724779e-01 1.018250154740723418e-01 8.421153127434946595e-02 9.431686708648916173e-02 1.037553869283513452e-01 9.424073253382136972e-02 1.082303954591233019e-01 1.113130398333022214e-01 9.354881102844425644e-02
8.793580141051407506e-02 1.196839226732602374e-01 9.664217550071894924e-02 7.830877241638278807e-02 9.718217977829506082e-02 1.045346062835687262e-01 9.758668055076526182e-02 1.040938699920591765e-01 1.174470790037241558e-01 9.658491239071154144e-02
8.145344843347573915e-02 1.088626082378681970e-01 1.081109397247741050e-01 8.139855962363307107e-02 9.887075601063492758e-02 1.059438854170766248e-01 9.325190333023652967e-02 1.041779705938802453e-01 1.212251197270581005e-01 9.670480890136247398e-02
8.191490793562512807e-02 1.267584457398944209e-01 1.006531871188043464e-01 8.446598985730240094e-02 8.988492385609297974e-02 1.106354704871779226e-01 9.174821212689765471e-02 1.020081373462593116e-01 1.226105527305418053e-01 8.932017280140404358e-02
7.797404104237393163e-02 1.194187975462112500e-01 1.078106167536329874e-01 7.445295156063386210e-02 9.584076879872656385e-02 1.103297324871376495e-01 9.569629966206302796e-02 1.037322063128773703e-01 1.196673849854962557e-01 9.507720085084711559e-02
8.471685796584590977e-02 1.167236539171918469e-01 9.839802426718338713e-02 8.197561897698855959e-02 9.554152315153700836e-02 1.072756533842277593e-01 9.531644730454590098e-02 1.040492672974620419e-01 1.206276040228026758e-01 9.537534971221486857e-02
8.208399987051266666e-02 1.259388129981326154e-01 9.491141043916920261e-02 8.060360895081768173e-02 9.544659435552796389e-02 1.080159885440079848e-01 9.423026587849750446e-02 1.041241101700655786e-01 1.200408503287764134e-01 9.460435846449236075e-02
8.563475710548063002e-02 1.206376390255001207e-01 1.030201270807060698e-01 8.443824783648534726e-02 9.659293700633403423e-02 1.052112804069836038e-01 9.202930278172086198e-02 1.021985653900783775e-01 1.150818685284044629e-01 9.515527483830650557e-02
8.763296395738824629e-02 1.135166717274078835e-01 1.004817990432837066e-01 8.012126031241967317e-02 9.759457716876483724e-02 1.029945049831401532e-01 9.536223595750799309e-02 1.052792740980689479e-01 1.206223190375321913e-01 9.639439371448642324e-02
8.214641210971394825e-02 1.110809533488968520e-01 9.946906335306800184e-02 8.533772744322429271e-02 9.762745622257636147e-02 1.072941116735771083e-01 9.611341770325591838e-02 1.034732189055817958e-01 1.207514651541392176e-01 9.670617408596654530e-02
8.986081587861521891e-02 1.157945385034914454e-01 9.677177387200090741e-02 8.267847182834305031e-02 9.359866327551050191e-02 1.073738318478374421e-01 9.549631815604271712e-02 1.014318233075011261e-01 1.233430813160200368e-01 9.365068201463759567e-02
8.609631837215857286e-02 1.204239753099846100e-01 9.457287471707449822e-02 7.627242179163838676e-02 9.563140141475549860e-02 1.089720915793447042e-01 9.572051444380637319e-02 1.040260070645765145e-01 1.224709468471106011e-01 9.581344845955029610e-02
8.652832711786445641e-02 1.262106873428107123e-01 1.038245923805152238e-01 8.412347257412067236e-02 9.091068213360982420e-02 1.065925868331334542e-01 9.219674779177168544e-02 9.834150252536744130e-02 1.207419214162063215e-01 9.052947988460016693e-02
8.296400363533538991e-02 1.220313867136349345e-01 1.181123148736340361e-01 8.339694063936652080e-02 8.952681464806798439e-02 1.050103021350456273e-01 8.899084205268618930e-02 1.001308205098195708e-01 1.206387236805285118e-01 8.919785111188126281e-02
8.209272213487622816e-02 1.123105944371508985e-01 9.881733728900198022e-02 7.888558592183680940e-02 1.034235378335556926e-01 1.034295778187074855e-01 9.612523150609526834e-02 1.055869808121040476e-01 1.185938109606874263e-01 1.007346212859841911e-01
7.995761649161035878e-02 1.271579095299303075e-01 9.914675958229061947e-02 8.038647186685196622e-02 9.276429284672951803e-02 1.094162160120602800e-01 9.185324672955848258e-02 1.013262815212469387e-01 1.254411611476344834e-01 9.255004427208704532e-02
8.398618917055228339e-02 1.150681881546218727e-01 1.061324479530589282e-01 7.947088229955125149e-02 9.481226689332365731e-02 1.089067711887238971e-01 9.340254526070300434e-02 1.032317882602070136e-01 1.206999957654772554e-01 9.428892505378073940e-02
8.380796800432695204e-02 1.254020952531030020e-01 1.037234350706229269e-01 8.231213247788228549e-02 9.359087712941288606e-02 1.041424740885246031e-01 9.372296996402951219e-02 1.038933306098378806e-01 1.160515424171007087e-01 9.335317498515928458e-02
7.781798864021462203e-02 1.190914938982269577e-01 9.408312958413968252e-02 7.534244152828244168e-02 9.758437870332678510e-02 1.108758731317692064e-01 9.582962354873665600e-02 1.077086957773192299e-01 1.254102309948107175e-01 9.625614419317371495e-02
7.926172536738959606e-02 1.236445815588087804e-01 9.796114205534527108e-02 7.875914999292844831e-02 9.266436454210708051e-02 1.119820615118045926e-01 9.349129186279325765e-02 1.029694190545116378e-01 1.264745446884625590e-01 9.279171936584879044e-02
8.585804303569860574e-02 1.162560918928671611e-01 1.059365708828623187e-01 8.263331929246389707e-02 9.303095058930768713e-02 1.082032350662224252e-01 9.155463068543152894e-02 9.912006660708544414e-02 1.250601655664476397e-01 9.234692638161330625e-02
8.299460974234812438e-02 1.219050967931146479e-01 9.991462848883217451e-02 8.087673166581826889e-02 9.621235265826379168e-02 1.067363947084134790e-01 9.539451689700480241e-02 1.041806588233206016e-01 1.165615772090971697e-01 9.522343301378695390e-02
8.163036195252196259e-02 1.155633156926686028e-01 1.110194942894737746e-01 8.063471679348394039e-02 9.369201028417231680e-02 1.077721865436749582e-01 9.247710859717582499e-02 9.947702094651814098e-02 1.247417264211112542e-01 9.299205847919918277e-02
1.024555090890396786e-01 1.079353641502656252e-01 9.522603684421586390e-02 8.828980507128404709e-02 9.220685355816377049e-02 1.150188127096137963e-01 9.826814226488972404e-02 9.604626885010261739e-02 1.109131690204215037e-01 9.364003844200333160e-02
8.107476776802943763e-02 1.244996757641159135e-01 1.038108606768944064e-01 8.183379254050475449e-02 9.513248212363148437e-02 1.086620276242763194e-01 9.227886313525576756e-02 1.024980375054882209e-01 1.161540066946615546e-01 9.405548616714218269e-02
