9.547533076112967032e-02 9.503910029981695040e-02 9.715279163725706879e-02 9.045076133165438903e-02 9.393946289027962915e-02 1.030322683980009479e-01 9.477866730344730595e-02 9.049254175773994990e-02 1.188556527839456783e-01 1.207834228367284241e-01
9.833283267902226399e-02 9.460815944030827318e-02 9.625648982941800713e-02 9.078422464334079400e-02 9.466907207081062814e-02 1.010399997293227464e-01 9.418053895481645621e-02 9.075062712540597765e-02 1.142390411207176021e-01 1.251390144068372512e-01
9.879283221472842658e-02 9.751625971660654590e-02 9.591502767142912056e-02 9.110294948857396158e-02 9.442188325607364652e-02 1.023233562883736347e-01 9.652479113426201685e-02 9.110533610341334243e-02 1.117489255910592422e-01 1.205486385354800905e-01
9.791270847356534079e-02 9.210826946897454626e-02 1.085852768973956800e-01 8.784379390177604607e-02 9.163192099471842433e-02 1.025728762835132479e-01 9.125494584627981409e-02 8.784905319608583840e-02 1.199776289654296557e-01 1.202635259722613370e-01
9.599522595778771372e-02 9.382915046642784085e-02 9.738559791535555954e-02 9.021179358288676509e-02 9.413730065018345583e-02 1.008581404092218359e-01 9.285388163081048640e-02 9.022904693664715592e-02 1.163144118393184684e-01 1.281854506113607184e-01
1.011277925809855732e-01 9.353468787854174460e-02 1.010924412075635825e-01 9.425382121499667476e-02 9.666605897515086199e-02 9.857685043774151723e-02 9.433093824608802802e-02 9.430880427228760521e-02 1.081091396191152937e-01 1.179994655675291465e-01
9.597272614912574773e-02 9.283241268862366113e-02 9.984188933821593059e-02 9.014085430563953394e-02 9.240733293465637488e-02 1.043402755248096087e-01 9.263951452761241823e-02 9.019639916043781236e-02 1.168283600174074427e-01 1.248002353534714559e-01
9.713622219395558199e-02 9.307149234367985413e-02 1.065710242025627585e-01 8.855416986193949402e-02 9.513545505843262751e-02 1.006791878034353632e-01 9.246719469347401688e-02 8.856873363618565642e-02 1.164295182938879097e-01 1.213870019124467514e-01
9.536158190401215762e-02 9.520254073198497480e-02 9.630792176629415779e-02 9.304038079021620389e-02 9.555231049293742840e-02 1.023765004940393325e-01 9.556316129827463479e-02 9.305149807080266566e-02 1.140819953147906990e-01 1.194621091366477178e-01
9.450006574889563415e-02 9.377151904252802039e-02 1.000833201439156050e-01 8.976620916480149148e-02 9.431616206624600374e-02 1.034432790216645581e-01 9.306372735452987655e-02 8.974407613407289763e-02 1.178104874111546851e-01 1.235011539121911861e-01
9.694957851813046368e-02 9.171373549093352062e-02 1.035483082974792690e-01 8.990137111033920381e-02 9.327235551301409078e-02 1.020008091513665838e-01 9.098775668168328223e-02 8.986468108783700337e-02 1.139075206989420275e-01 1.278538834502745691e-01
9.575022718051832971e-02 9.337353856966898458e-02 9.933622623915312755e-02 8.654971983849533979e-02 9.103850450977880870e-02 1.027344703008352539e-01 9.292964773896032760e-02 8.653183686107081274e-02 1.242743442711403967e-01 1.274814844903786049e-01
9.614022783793610416e-02 9.098371898537362112e-02 1.046807405118073825e-01 8.916694510999817469e-02 9.343860942392244462e-02 1.026009591171310187e-01 9.084883963559402253e-02 8.924887216812732449e-02 1.240458270735655677e-01 1.188452601365443118e-01
9.225275583579986560e-02 9.072502124381699729e-02 1.116172020309710855e-01 8.479147725767346988e-02 9.029652412462442490e-02 1.016481100939481547e-01 9.002664615068951826e-02 8.478333991299602523e-02 1.266049046515579646e-01 1.272540186979225219e-01
9.448164766225193578e-02 9.119931735158477715e-02 1.074648589201004506e-01 8.756074373699344882e-02 9.169497524519058806e-02 1.020258731953262443e-01 9.095418694858144193e-02 8.757764905715149928e-02 1.214330696203265031e-01 1.256076782624931110e-01
9.673279059278852565e-02 9.352403676513036668e-02 1.008841301286395736e-01 8.754390326432998082e-02 9.170267685143695946e-02 1.014618609990586007e-01 9.314437600898918534e-02 8.753490952105870415e-02 1.192923970792004323e-01 1.281789187893676851e-01
9.712294777665585188e-02 9.467700433932527138e-02 1.016978111398649520e-01 8.807262880198780952e-02 9.491284182843809369e-02 1.020012391760391907e-01 9.419789430418995524e-02 8.804692842509012629e-02 1.183018098506601751e-01 1.209688943577485604e-01
9.655695323508470262e-02 9.624882380583026087e-02 9.763848869978597467e-02 9.322000112047147680e-02 9.482150461506108630e-02 1.030019073395482126e-01 9.596214025179013174e-02 9.319013092390453223e-02 1.113982357480763352e-01 1.179618142604472314e-01
9.639071261087601983e-02 9.369310066838430762e-02 9.270577540474232714e-02 8.876660376264898511e-02 9.366349840358396961e-02 1.054569810105232402e-01 9.238066739145531225e-02 8.878292573783785890e-02 1.203999231592080832e-01 1.277598118507398961e-01
9.617421063590798902e-02 9.008970863210223612e-02 1.074358808707261970e-01 8.729060844535196928e-02 9.395416387072477726e-02 1.031708631008948773e-01 9.037773257452619280e-02 8.733065455059176030e-02 1.204826952843763982e-01 1.236934820347976027e-01
9.664816144461174652e-02 9.288259785809835356e-02 9.581271297283837363e-02 8.921954586376149021e-02 9.421246493815202405e-02 1.027495036765240094e-01 9.231283016291867705e-02 8.922860731793116895e-02 1.185564481258666314e-01 1.283771276392974281e-01
9.827315875149301994e-02 9.453012798508333980e-02 1.042256500572707051e-01 9.036437541615593982e-02 9.444800663418430331e-02 1.017957873741445057e-01 9.385425740448179177e-02 9.031410182026836098e-02 1.123775505890777932e-01 1.198169839678402820e-01
9.510836208455010488e-02 9.556777854970120722e-02 1.006810009714671217e-01 8.946693567954330795e-02 9.396890655011894133e-02 1.004926255395538759e-01 9.503883107606249381e-02 8.946054232887579172e-02 1.168583796125205188e-01 1.233566376076065951e-01
9.502444119881732487e-02 9.197476366015719385e-02 1.100139991363012354e-01 8.749637352157763059e-02 9.400381951245823098e-02 1.003351318980906653e-01 9.145740190426315808e-02 8.750762804953653162e-02 1.182820119574410495e-01 1.239044291613569937e-01
9.505001039667922147e-02 9.475948672457111532e-02 9.332788363414445953e-02 9.037142877389321705e-02 9.431507423442907212e-02 1.014475187949605284e-01 9.447023322618178232e-02 9.041164425748404732e-02 1.208315194473612714e-01 1.250152005102952435e-01
8.768051212535768468e-02 8.853752561406379173e-02 1.500831358629127477e-01 8.298152097493272095e-02 8.660173715826464946e-02 9.727970974842446716e-02 8.785329965646263006e-02 8.300222952112752683e-02 1.158841634051287622e-01 1.200961659333250192e-01
9.662479269450657826e-02 9.647050633885760618e-02 9.410914775235149077e-02 9.191854604403018603e-02 9.524644567471525491e-02 1.021493596240512225e-01 9.650165215637579452e-02 9.190975327747494261e-02 1.151065113350087515e-01 1.199632851026282282e-01
9.667407536248955047e-02 9.557082712823769532e-02 1.040219623336092608e-01 9.001028024434566677e-02 9.325242349480487858e-02 1.052069907291097450e-01 9.410304039042359514e-02 9.004532421176020263e-02 1.128370712259926106e-01 1.182780048792267946e-01
9.500209430736285265e-02 9.280567679052835472e-02 1.022462567440337033e-01 9.033654270037344558e-02 9.323160698007772196e-02 1.032557640911570818e-01 9.238522624515513315e-02 9.032265336563080615e-02 1.172834535565807357e-01 1.231307252191002344e-01
9.776153852065372352e-02 9.402497336985962684e-02 1.078724597531571794e-01 8.964981348787814941e-02 9.266413144451687844e-02 1.018539439685577780e-01 9.400196486368249393e-02 8.966132702224528794e-02 1.148985726275342095e-01 1.176112749419146453e-01
9.560887031488833621e-02 9.326804231048053950e-02 9.845326939489136564e-02 8.895914314318997818e-02 9.211377214096261312e-02 1.039503856026480350e-01 9.241592391813766016e-02 8.897683069310100001e-02 1.186320325506164536e-01 1.276217299310840325e-01
9.448232336731329783e-02 9.544070435229423666e-02 1.004656288078869253e-01 8.864133435768516145e-02 9.335958356282317294e-02 1.031920080433819803e-01 9.403462192154293797e-02 8.860483951580225281e-02 1.193094503405909557e-01 1.224695057306791207e-01
9.552698967994766033e-02 9.300091258350978718e-02 1.005903159736915298e-01 8.877598923393061059e-02 9.442723598639454763e-02 1.025943825892823708e-01 9.193646891454383685e-02 8.874536366749892491e-02 1.212600272182024624e-01 1.231423141529982695e-01
1.010685047422194144e-01 1.037520410160124584e-01 1.036786163102331876e-01 9.179718583730359094e-02 9.252742313510220473e-02 1.050131012460281260e-01 1.022619085878625211e-01 9.179785274421593810e-02 1.032663056934373935e-01 1.048370606875851790e-01
9.966619221608526147e-02 9.564689915236382345e-02 9.981681448199558604e-02 9.368786779347811067e-02 9.689239540178240517e-02 9.884900149532135916e-02 9.444860085813576445e-02 9.372849652650135088e-02 1.099424459408580995e-01 1.173212861334781976e-01
9.305223948854091098e-02 8.918625273034699874e-02 1.160124754505334893e-01 8.533074121421815872e-02 8.907295036011808609e-02 1.037559778252498399e-01 8.918943049694333380e-02 8.535992330677549811e-02 1.223196089009658677e-01 1.267204002263078721e-01
9.459847624663472732e-02 9.320066529046086568e-02 1.108161102145518162e-01 8.643509818685901624e-02 8.939143763499096673e-02 1.021749192503979414e-01 9.238311774096684414e-02 8.648170853277106773e-02 1.228650421784437674e-01 1.216534247239230010e-01
9.497311856645312966e-02 9.460191618888624809e-02 9.243721083461846344e-02 9.044501954781936082e-02 9.372212069106500287e-02 1.031999294168103598e-01 9.393489238866996327e-02 9.045458573386147560e-02 1.186990882013230081e-01 1.275321184304930300e-01
9.365435201701111101e-02 9.159352284925766086e-02 1.027065281846475941e-01 8.732331824769783146e-02 9.185776986185092974e-02 9.944687300398927232e-02 9.097166537205883530e-02 8.736981353072661993e-02 1.223441998974853645e-01 1.327319570352747669e-01
9.358858086615194638e-02 9.051594678025801088e-02 1.055018340939771621e-01 8.641893590135844849e-02 9.206515101068145357e-02 1.014468050999087351e-01 8.994624037019850749e-02 8.644725188331961463e-02 1.248979655165598640e-01 1.291712884775862435e-01
9.406126490739538659e-02 9.335881678125143579e-02 1.019143416954929743e-01 8.823935429777984840e-02 9.444101586787462255e-02 1.024389961076356409e-01 9.222855463967000178e-02 8.825079135110060202e-02 1.175484890523557230e-01 1.275183752994437092e-01
9.647760738616076304e-02 9.331211995451202390e-02 1.071229422242748197e-01 8.711921070704631287e-02 9.356070459405162187e-02 1.026211542859553211e-01 9.252616555503420659e-02 8.711131041549434462e-02 1.190536597447538897e-01 1.210951251327167799e-01
9.742829172758955825e-02 9.238126335066057515e-02 9.704717122850743671e-02 8.799463521997379079e-02 9.405969405384211057e-02 1.034558790359547259e-01 9.201879452079787802e-02 8.805323783730265030e-02 1.190450648449477983e-01 1.285159681804235177e-01
9.427797696537275340e-02 9.367791590387304634e-02 1.024471580849522223e-01 8.870355033496603314e-02 9.277569933184466600e-02 1.034982207336598986e-01 9.312511624637809238e-02 8.867985798076725990e-02 1.191926658502273362e-01 1.236218385679586917e-01
9.490212009804166460e-02 9.694826409372597764e-02 1.036149453076759819e-01 8.738342528173390078e-02 9.221383632960994392e-02 1.054404766910944924e-01 9.550460365062056478e-02 8.740237763042120467e-02 1.175345253511233812e-01 1.190554255659528604e-01
9.708790602701482253e-02 9.374527745233228460e-02 1.013404730122522551e-01 9.129129955378037509e-02 9.217363257533763010e-02 1.051345353353492912e-01 9.312108126850898726e-02 9.133654883450570416e-02 1.143548081960250318e-01 1.204144377448936459e-01
9.179106080924186173e-02 9.461069305783000039e-02 1.042964703162935908e-01 8.623963676460755234e-02 9.190938345882669613e-02 1.031479154953517108e-01 9.413721798425850329e-02 8.632028329911792253e-02 1.249494340358193734e-01 1.225979047786527748e-01
9.489037917088717633e-02 9.372186041009787638e-02 9.638949748560343700e-02 8.807682347104875409e-02 9.054885950835657449e-02 1.041826297968699994e-01 9.343255666907475387e-02 8.809966675935623770e-02 1.242207291827595178e-01 1.264369975459457007e-01
9.505376003232310356e-02 9.649951908830828318e-02 1.037031374040198045e-01 8.923762035102417167e-02 9.456543787141216684e-02 1.036012157572437642e-01 9.497085420408693524e-02 8.926835071150929224e-02 1.128967094467813459e-01 1.202033951332912159e-01
9.806946698201239598e-02 9.490682499517907877e-02 1.066258398361944193e-01 9.040743059575040430e-02 9.199328779198537309e-02 1.058299508765155883e-01 9.417331549202094532e-02 9.041771813276527903e-02 1.097306105065277149e-01 1.178455547910488566e-01
1.010438628630866698e-01 9.831910357815140666e-02 1.085477127292456406e-01 9.298003634198349909e-02 9.761722797259618500e-02 1.048693501194306460e-01 9.624916194874925945e-02 9.300293988992726357e-02 1.026491794815905523e-01 1.047214250752388082e-01
9.815928349912557416e-02 9.408731281245899525e-02 1.014986238854725387e-01 9.073613626504915819e-02 9.263191533746945039e-02 1.037320259605377937e-01 9.357624746133826055e-02 9.071802634154695066e-02 1.141454847186939986e-01 1.207149437183072938e-01
1.000849642892924773e-01 9.716994509376364331e-02 9.959534032215802690e-02 9.169559390126140463e-02 9.459892087019210194e-02 1.056125338961249882e-01 9.534256867912860312e-02 9.165285432254917375e-02 1.108788243378757282e-01 1.133684542876539081e-01
1.007852102190048144e-01 9.417490562453473268e-02 1.040560674551383596e-01 9.005902905795232227e-02 9.711954255882239428e-02 1.024294174024140691e-01 9.473250068101871091e-02 8.998319469505773605e-02 1.101685819789821053e-01 1.164915503270746999e-01
9.475246463103920158e-02 9.351433507901255049e-02 1.065296328754141569e-01 8.669100127869625028e-02 8.942008038353133070e-02 1.017733569787561410e-01 9.231479582597326705e-02 8.670445913117304226e-02 1.209160358460429907e-01 1.273838379703610413e-01
9.192371113032778152e-02 9.340546491126051898e-02 1.050572912230787331e-01 8.655985600483256936e-02 9.073677119506592947e-02 1.036772349835802381e-01 9.256637582850663071e-02 8.660740700759964050e-02 1.233449203207126199e-01 1.261209673950353383e-01
9.427802888747864596e-02 9.129360919030653221e-02 1.096155890272679789e-01 8.509493441710008765e-02 8.879697070622398491e-02 1.026525745683391916e-01 9.018193453575298890e-02 8.513057282483667276e-02 1.231196592334311557e-01 1.298361266092627198e-01
9.127803712031386241e-02 9.124963907594284274e-02 1.105206509217308009e-01 8.637049373632349480e-02 9.057084871671411408e-02 1.020792475701474689e-01 9.095838028553368537e-02 8.644755742939173870e-02 1.259279653683319788e-01 1.245971797755699995e-01
9.543536221735028635e-02 9.390138300624789602e-02 9.932245541457156157e-02 9.017437328909796990e-02 9.350986269229392966e-02 1.030645197058758511e-01 9.358248968068570706e-02 9.019317991349949659e-02 1.188553354729773165e-01 1.219610386073999853e-01
9.518297476788338540e-02 9.790293626671099647e-02 1.057808803856669366e-01 9.031981476225343919e-02 9.299772541794137926e-02 1.046552400308582154e-01 9.630041171686487544e-02 9.033599889180780884e-02 1.114025493641675746e-01 1.151214683958453888e-01
9.637496228852546198e-02 9.077063024826272086e-02 1.004681392036983895e-01 9.080373824660641080e-02 9.152225519447380886e-02 1.010304504961519051e-01 8.998024695697168229e-02 9.080617832432232028e-02 1.168895943729005016e-01 1.313538046680868265e-01
9.770255423601954814e-02 9.734973115666681331e-02 1.074335970405005947e-01 9.080017708758117423e-02 9.452194293952766169e-02 1.061255925968487696e-01 9.514797027002389052e-02 9.083131042544792533e-02 1.100238545431874854e-01 1.100632697041961650e-01
9.569615216050153528e-02 9.490685970418080708e-02 1.005775113490003092e-01 8.895654477722975129e-02 9.487937705314862524e-02 1.009226401261588690e-01 9.423263540328098709e-02 8.891639368267699461e-02 1.165721496560006010e-01 1.243397360878215480e-01
9.686089791801134885e-02 9.548672622057850778e-02 9.892598606615028711e-02 9.132557781421336840e-02 9.237529134884349402e-02 1.033235618483416135e-01 9.476701375372489911e-02 9.128340836061217545e-02 1.136159335856601199e-01 1.220356030838641581e-01
9.969525542225957104e-02 9.115250933337154526e-02 1.035183044714838713e-01 9.371540286925200691e-02 9.830915492069761119e-02 9.983348177179071636e-02 9.071344220166199790e-02 9.374686153232689168e-02 1.124761233858284082e-01 1.168394640913273108e-01
9.686010483511280078e-02 9.460753682354409999e-02 9.245222036604849869e-02 8.938453444500261968e-02 9.328975391225660663e-02 1.044354977105715343e-01 9.483468532900608816e-02 8.944718158566457300e-02 1.206218887820011271e-01 1.240665962107920378e-01
9.190632464431397475e-02 9.703769443484480672e-02 1.060446535742206597e-01 8.784129769596123183e-02 9.086935182953181922e-02 1.046839518730829921e-01 9.489390351665588641e-02 8.786946862197492214e-02 1.217173805086258359e-01 1.171359733007879128e-01
9.461758246617160695e-02 9.447258294113872190e-02 1.075933853551533786e-01 8.858064317535277454e-02 9.305191044728297611e-02 1.014232415458315439e-01 9.410596062208755053e-02 8.858905889303163306e-02 1.191815881946958200e-01 1.183840463592539943e-01
9.532338227549989884e-02 9.535755985008702307e-02 1.048464613791859901e-01 8.814961669038266778e-02 9.349978419628765525e-02 1.033616118822443669e-01 9.351601942194462391e-02 8.818404921739851632e-02 1.168444529227255224e-01 1.209170621642437354e-01
9.655266766469278172e-02 9.471011837213116902e-02 9.553935020265093281e-02 9.343157392584802712e-02 9.420595756841294854e-02 1.036764314199350445e-01 9.449414935865851906e-02 9.346320564359504590e-02 1.145667378618708820e-01 1.193598079822046076e-01
9.753088033933800249e-02 9.312342403483861442e-02 1.128994055275193975e-01 8.917973992739687550e-02 9.177407046727104056e-02 1.043374802321032913e-01 9.177819657519260821e-02 8.921355150395489375e-02 1.111806003135990956e-01 1.189826510787861807e-01
9.554553931313689019e-02 9.375821897019419315e-02 1.046107497077848891e-01 8.810164965112256275e-02 9.276436724389951205e-02 1.014849827432899726e-01 9.283751616269493578e-02 8.809836587525525509e-02 1.181704454944237787e-01 1.246281648381980384e-01
9.306990769694314936e-02 9.617423004670863640e-02 1.103318066075788528e-01 8.730384755082278014e-02 9.250733503114536016e-02 1.019534747426954630e-01 9.482010460747442027e-02 8.729452054463722466e-02 1.188684965591763204e-01 1.176762766128178067e-01
9.407248422901770546e-02 9.328084764382729710e-02 1.103342007325842089e-01 8.588708240631015567e-02 8.881310609270369472e-02 1.035949009005711768e-01 9.249690800081103448e-02 8.592882945997813715e-02 1.238157551749966973e-01 1.217758853591998230e-01
9.180877920669615333e-02 9.226774274077639837e-02 1.075760346873151918e-01 8.797241828948547393e-02 9.088302374320415822e-02 1.010099596715258868e-01 9.143172258094323102e-02 8.803399753490169510e-02 1.227874749451612624e-01 1.262288465999905629e-01
9.309918429074127977e-02 9.381011764492544480e-02 9.774685726204124236e-02 9.329680759879462049e-02 8.894430573715784993e-02 9.980844274451422526e-02 9.339978469572429720e-02 9.331962146021575977e-02 1.178874416525322877e-01 1.286874369133530205e-01
9.314570834647489805e-02 9.227692858785113694e-02 1.050216373138502801e-01 8.541049723266311289e-02 9.067568571224184082e-02 1.036549246289255738e-01 9.156476629557869229e-02 8.545448986893193488e-02 1.259775750200628763e-01 1.268177869934197233e-01
9.904797129582565418e-02 9.290712102731936428e-02 1.054742441845289147e-01 8.981853138815003301e-02 9.399130447852224735e-02 1.014990576119327165e-01 9.205670520365520637e-02 8.977569254691690481e-02 1.131085067851185927e-01 1.223208654780303523e-01
9.554711520769423871e-02 9.221730658959845228e-02 7.132167758058254037e-02 8.815690796950444164e-02 9.042832441611572958e-02 1.110626427201823613e-01 9.132069589267143017e-02 8.815952082908233567e-02 1.306828410981052679e-01 1.411029676964632162e-01
9.538579777696097606e-02 9.635419698422860446e-02 1.050584344994265340e-01 8.809384706302957058e-02 9.311727960229813916e-02 1.058802369982874692e-01 9.461811971342939942e-02 8.809897035071148630e-02 1.155714395081309659e-01 1.178216775034968133e-01
9.470294048166351397e-02 9.551097765725438671e-02 1.011522625439295192e-01 8.975525295486762312e-02 9.316246890012574999e-02 1.031684450520603119e-01 9.424537668482380059e-02 8.973802344691542143e-02 1.175287281116905030e-01 1.210355241666691284e-01
9.650962366310633644e-02 9.247071919951804775e-02 9.982929782746118030e-02 8.874899790806177469e-02 9.471747009102747528e-02 1.023987665719473805e-01 9.231441948287513743e-02 8.876653374013586395e-02 1.182174142538586215e-01 1.260267572620081267e-01
9.708512929534540703e-02 9.070305351469247490e-02 1.077135406418993219e-01 8.591479448475378145e-02 9.462912474248580397e-02 1.001032932279395243e-01 9.020409803614191924e-02 8.594924701888183305e-02 1.231994638706036954e-01 1.244982551672562804e-01
9.300996370771448529e-02 9.282557866437880778e-02 1.032754777475022590e-01 8.727068030054249692e-02 8.970415457522264158e-02 1.049248328999214941e-01 9.200017923859110658e-02 8.727974078176584105e-02 1.232003596124784106e-01 1.265090324718824988e-01
9.153347779820442121e-02 9.726375723943289642e-02 1.059893192792332600e-01 8.863887243785746606e-02 9.276681793123313369e-02 1.042416537889999800e-01 9.598549206346125573e-02 8.866307501342092501e-02 1.175507231098587846e-01 1.173668113382978218e-01
9.569622221801839246e-02 9.336909953651485738e-02 1.007905587729802377e-01 8.939681506180176263e-02 9.235820249372858615e-02 1.028195188411825806e-01 9.217838076311432594e-02 8.937089360664249305e-02 1.183105586948307031e-01 1.257097500111860056e-01
9.529199478535638201e-02 9.609941889043446817e-02 9.921684354989089571e-02 9.031909805502580380e-02 9.497280322003852360e-02 9.931368211035776494e-02 9.597114649828661359e-02 9.030950843890150903e-02 1.138695527912271244e-01 1.246359516604809425e-01
9.520573623170683342e-02 9.250014145084815842e-02 1.048477332268803741e-01 8.660629884272187662e-02 9.197469505576118254e-02 1.038003421551631639e-01 9.169789659990146280e-02 8.656379755651368024e-02 1.188569230298071600e-01 1.279464358506961497e-01
9.836288342170912413e-02 9.789541220540384781e-02 1.041098136646092243e-01 8.748718932325742770e-02 9.405353871963438583e-02 1.020865451368524190e-01 9.810283619836090985e-02 8.749347806035180641e-02 1.136670949452522339e-01 1.167412083245686211e-01
9.644170836692857185e-02 9.206305741905124185e-02 9.458053221241100039e-02 8.946223195918813487e-02 9.282244205858743158e-02 1.062440335370514466e-01 9.152854211294107756e-02 8.948193555670604094e-02 1.238319506020141014e-01 1.235435661751209530e-01
9.347051966282263202e-02 9.653637464014007408e-02 1.051753098166203770e-01 8.800481495684103761e-02 9.094792923162876852e-02 1.041949094478523130e-01 9.552444399310908163e-02 8.803011071654807951e-02 1.171807161998754537e-01 1.209348713345622106e-01
9.433368236689503028e-02 9.392510558468002146e-02 1.115014949174960301e-01 8.607745666609063762e-02 8.926115697559484918e-02 1.022743608130001064e-01 9.305908936383054664e-02 8.607647143821435531e-02 1.196700406779433734e-01 1.238211411962550634e-01
9.847559362516786208e-02 9.899101378076033408e-02 1.049778894344262636e-01 9.018283705554168417e-02 9.417706640996321987e-02 1.050401261264645586e-01 9.673278392153061844e-02 9.019202182270115442e-02 1.076396936831034851e-01 1.135909741403408335e-01
9.492530550086424046e-02 9.301178132749360339e-02 9.970815881618702581e-02 8.903814559260399275e-02 9.314300081173659818e-02 1.024665066231058158e-01 9.296732283640021799e-02 8.904165617203850525e-02 1.195354166243158683e-01 1.261627056952542014e-01
9.732328711160298518e-02 9.272798196423258366e-02 1.017954262436807367e-01 9.119362460564468809e-02 9.282142100559868936e-02 1.056278963736148740e-01 9.217332976375167131e-02 9.120020537825618279e-02 1.174632942103904787e-01 1.176735333432270686e-01
9.531361439935578939e-02 9.413973691096973184e-02 9.647182523799167908e-02 9.046062616505551324e-02 9.425696437053160404e-02 1.018391576070576676e-01 9.361236770819925113e-02 9.046848340920803089e-02 1.178455365661992132e-01 1.255916876254316028e-01
9.878545262880722433e-02 9.546589918881279169e-02 1.139214708577621499e-01 8.830307762716331499e-02 9.087853112426919067e-02 1.059259289668928183e-01 9.393518083439712785e-02 8.831998788907247100e-02 1.095190694728807312e-01 1.149454014099421523e-01
9.479175104361643733e-02 9.197687195607824606e-02 9.919887878208279164e-02 9.016768368165453684e-02 9.246778708386391155e-02 1.034863179543385470e-01 9.138392968051636811e-02 9.016019631717039906e-02 1.165783375514155007e-01 1.297882459492632201e-01
9.611673036104187440e-02 9.159391134267753920e-02 1.029525924071228449e-01 8.816222716531627035e-02 9.246977630922244284e-02 1.000779811419399284e-01 9.107512565065663257e-02 8.817173518510315611e-02 1.167358607855197433e-01 1.326440596513995818e-01
1.006636021252540203e-01 9.013703885537560634e-02 1.029631222084597536e-01 8.897808798754668069e-02 9.624921088679924686e-02 1.037000647884917803e-01 8.978720932486636275e-02 8.900795479783032982e-02 1.171623609596510879e-01 1.213513480657251037e-01
9.525338890669640679e-02 9.628748958924325529e-02 9.652903152206949999e-02 8.924710053928153197e-02 9.163876515434714320e-02 1.023848140139963087e-01 9.530293421758798122e-02 8.925471431832987523e-02 1.196706213970108040e-01 1.244311403414372352e-01
9.358010913412230514e-02 9.580698767204308408e-02 1.083037104587662031e-01 9.377683005094283875e-02 9.210848890774446518e-02 1.045745536179256835e-01 9.446217407052140413e-02 9.378615602719274358e-02 1.090034904138428989e-01 1.145974996468984292e-01
9.699877323437640364e-02 9.018751261527767349e-02 1.040748245727014104e-01 8.809891000866580668e-02 9.242753246783724785e-02 1.001494115261504642e-01 8.989644121853904157e-02 8.810142326372277788e-02 1.199238256958372051e-01 1.301413453968919831e-01
9.242003242044431743e-02 9.451069374648435328e-02 9.659000806615042345e-02 8.876315720062658010e-02 9.289513178156488804e-02 1.007580068598987882e-01 9.377358534064042517e-02 8.875808813884789039e-02 1.207845761009225111e-01 1.307467203444197534e-01
9.519722869579343161e-02 9.450158933007482553e-02 9.433368569905246914e-02 9.147557900292349609e-02 9.411542222230667720e-02 1.023908132398885368e-01 9.450327266244559765e-02 9.148709693698243994e-02 1.176801192671462493e-01 1.243151929433863045e-01
9.603282795057030419e-02 9.383790730533224378e-02 1.007089335586030115e-01 8.850894466454743703e-02 9.214350814285549029e-02 1.007355388064084395e-01 9.350495253575145937e-02 8.850783230599759688e-02 1.206849361010715604e-01 1.253346186288624708e-01
1.035142850780083473e-01 1.011278273575706294e-01 1.051206375261306558e-01 9.728326561821848406e-02 9.852536472957805491e-02 1.035199012535108209e-01 1.000074015416603374e-01 9.733083767053435365e-02 9.541275596871903741e-02 9.815772325606930693e-02
1.013244234369171798e-01 9.651013875116719321e-02 1.002399724928291769e-01 9.726651583283417446e-02 1.049621439592826333e-01 9.609169737149404755e-02 9.814275482402755324e-02 9.733220644650304731e-02 1.030114241687498100e-01 1.051187227161951704e-01
9.265913428937373741e-02 9.632716117283154911e-02 1.146627511642850650e-01 8.632543371752549044e-02 9.187651165523394448e-02 1.036968476914905818e-01 9.560122643178349533e-02 8.637687255334061676e-02 1.171284042548389609e-01 1.153456570692965311e-01
9.268412410480939001e-02 9.716341289314285590e-02 1.060615696918417450e-01 8.689544820228314870e-02 9.491274679011342530e-02 1.028046644904169193e-01 9.717647926951140935e-02 8.693413410288643173e-02 1.170429441401224374e-01 1.183244763148722234e-01
9.251820140482108767e-02 9.513378262861862944e-02 1.085057689866714137e-01 8.938060480566747956e-02 9.251282741425412293e-02 1.007773251987168356e-01 9.417313390683079710e-02 8.938654359566713947e-02 1.169023784020778445e-01 1.207094336566746362e-01
9.700887810830823021e-02 9.402233766821119221e-02 9.857235035958128444e-02 9.161318820393181406e-02 9.425828650207264403e-02 1.027461160665810724e-01 9.377922950818992631e-02 9.157712385510388686e-02 1.158724257483557396e-01 1.205500639796642237e-01
9.555672986224933441e-02 9.473090815008716747e-02 1.045504431582780086e-01 8.741994278171850985e-02 9.122426528989051320e-02 1.048974709340134426e-01 9.335325087414748924e-02 8.742745383095061606e-02 1.191024278814161730e-01 1.217371072372488011e-01
9.781008019093678785e-02 9.370392595662573043e-02 1.008337479670897291e-01 8.897192049507220146e-02 9.323172215561546794e-02 1.041411709435732108e-01 9.348479213691475442e-02 8.902458571466193016e-02 1.164930636670822584e-01 1.223049907724279017e-01
9.567905534945103652e-02 9.393089299245212243e-02 9.480229586828635424e-02 8.928132476133307516e-02 9.267599455040230472e-02 1.041380473179795568e-01 9.386439456167024187e-02 8.926000444382592436e-02 1.180214682850901781e-01 1.283465218695092058e-01
9.476511892003904036e-02 9.143675016167111813e-02 1.082742972907618229e-01 8.667780315900326660e-02 9.314767879694269004e-02 1.033438630318167517e-01 9.091275442714157051e-02 8.673761396690521375e-02 1.265817403854986312e-01 1.181223798602198533e-01
9.676534949989801238e-02 9.481660271145592178e-02 1.076142338151223760e-01 8.905910195505900573e-02 9.353634710614856795e-02 1.057058696477040510e-01 9.346265668778762359e-02 8.911679925090798537e-02 1.124136361162609288e-01 1.175094032096554997e-01
9.695653607091912762e-02 9.104581081617675598e-02 9.827049295766160375e-02 8.855312865372719222e-02 9.316635169763730351e-02 1.042596843445619259e-01 9.073982334571688291e-02 8.856475894545200178e-02 1.207664586677016927e-01 1.276769545004455553e-01
9.855635609258527052e-02 9.371409651805949481e-02 1.023815673125169912e-01 8.924838567139213585e-02 9.289543363930748143e-02 1.034491323505466881e-01 9.260548039202007309e-02 8.921371442606880475e-02 1.146129640152272894e-01 1.233228695822757848e-01
9.641001004001563401e-02 9.374788075693984979e-02 1.002098446250390684e-01 8.823473215711355455e-02 9.197504381109879168e-02 1.015861426712059840e-01 9.279935044507302278e-02 8.822961161015656362e-02 1.179101919042916252e-01 1.288971919790659337e-01
9.160047201094564939e-02 9.279340773263418385e-02 9.847432096875341490e-02 8.884439158390317059e-02 9.200730474585316898e-02 9.970835476632548822e-02 9.220823719261611595e-02 8.888877749005701101e-02 1.222175070295967031e-01 1.332572264793150940e-01
9.729535798324948082e-02 9.094448044532411901e-02 1.083277552435626956e-01 8.680655580155911821e-02 9.270666591651402499e-02 1.024348660809097783e-01 9.060260130304674531e-02 8.684575801433844222e-02 1.199170395696919078e-01 1.241189196418036600e-01
9.219347650255373117e-02 9.274639725365155241e-02 1.053336424013663758e-01 8.681319870766059099e-02 9.133078013607337509e-02 9.993933414492739420e-02 9.219560426465953085e-02 8.682190453542890096e-02 1.212712286596706462e-01 1.313544333940079578e-01
9.686622964892252496e-02 9.653362610025346957e-02 9.336986338279346098e-02 9.297870271936420350e-02 9.594328940566156094e-02 1.028702683638067911e-01 9.641286633193164868e-02 9.291815213155624198e-02 1.147095831810076572e-01 1.173974187347024550e-01
9.630487361556369641e-02 9.006912188367480199e-02 1.003567813048505397e-01 8.665391787129238244e-02 9.168767365704490191e-02 1.022273477093166294e-01 8.993488674483163248e-02 8.669305792963236112e-02 1.266914134222863197e-01 1.293809258615067348e-01
9.890812497426283711e-02 9.492721784961204168e-02 9.488375572671432778e-02 9.354800169156793355e-02 9.580465860008581525e-02 1.032416704765178744e-01 9.492160085756423671e-02 9.354500866033241269e-02 1.120485459766167591e-01 1.181714151867257478e-01
9.776330438992252014e-02 9.393069574252628506e-02 1.028132080130236270e-01 9.095704590108584509e-02 9.742935640552836951e-02 1.040044565014593414e-01 9.316700175363899772e-02 9.095878879236826697e-02 1.141035778819362023e-01 1.148725646185105309e-01
9.191901059356130665e-02 9.091590961489894041e-02 1.094746270571617108e-01 8.550020207504133163e-02 8.945493401824762547e-02 9.955876631106679031e-02 9.002561690785657045e-02 8.553875743532651788e-02 1.225162525418808379e-01 1.350959234449584101e-01
9.961039771095353546e-02 9.233512127100362843e-02 9.961405667780832973e-02 9.420469343415874275e-02 9.831404222818861116e-02 9.947507789928972111e-02 9.189117545236910600e-02 9.419151155398719499e-02 1.119125384560204356e-01 1.184513853162206809e-01
9.674810574397046947e-02 9.281359591346660665e-02 9.662991898674785918e-02 9.228278709376104560e-02 9.932929117484004533e-02 1.044050209980730143e-01 9.218119005012784251e-02 9.228169056564712591e-02 1.190460568431699617e-01 1.142823426301960016e-01
9.647554391964731357e-02 9.481464242685200272e-02 1.061763682268026393e-01 8.849872367205055546e-02 9.184814294125338840e-02 1.052201064980528011e-01 9.307800886976497212e-02 8.850090751785323617e-02 1.135167398038318259e-01 1.218708161238912374e-01
9.429492413239971838e-02 9.449480274441494909e-02 1.008259147683513712e-01 9.262279184373196916e-02 9.480641559903614513e-02 1.015862993514448365e-01 9.403609770861995343e-02 9.269115989272502798e-02 1.151413987346324996e-01 1.195001952246435156e-01
9.237242969324199748e-02 9.185053283829860971e-02 1.117336819668629105e-01 8.703076945521465158e-02 9.097358519862434878e-02 1.014236176909021764e-01 9.100139377169200183e-02 8.705138791811301013e-02 1.214256747904660788e-01 1.251369266765842425e-01
9.448672751389994295e-02 9.216578310694638343e-02 1.046349672014014048e-01 8.750319274385411072e-02 9.119696042703143157e-02 1.052655294980394951e-01 9.112876050240080461e-02 8.749974219399769826e-02 1.198745301772686234e-01 1.262438066351601329e-01
9.907601426771556197e-02 9.162194611166880887e-02 1.121950910219839254e-01 8.715556680911182297e-02 9.846913025356138216e-02 1.023906178346384310e-01 9.143595049645136807e-02 8.718777987759175618e-02 1.157038954662584496e-01 1.147640078610185355e-01
1.019393836697784494e-01 9.420735618706529979e-02 1.015956331142184310e-01 9.288809997977624799e-02 9.404865699184443428e-02 1.080242244541675806e-01 9.338994113944033837e-02 9.294192120189194439e-02 1.097331819165670436e-01 1.112316013452502306e-01
9.408813698100627898e-02 9.643820945243554432e-02 9.593925436988655353e-02 9.125428209462724261e-02 9.671668045879455722e-02 1.033415767231300603e-01 9.588418811611761072e-02 9.129014346004082903e-02 1.180445093271922236e-01 1.170030190167691275e-01
9.870928121140068456e-02 9.674650062699687025e-02 1.058360542720666042e-01 9.021261098944730050e-02 9.113354761907094259e-02 1.019425797666479588e-01 9.471212056739287954e-02 9.019643249493135284e-02 1.109614125212877722e-01 1.195494599307576483e-01
9.499626891915824434e-02 9.121976369985174138e-02 1.021676234356318352e-01 8.834298922854387504e-02 9.307660359598360356e-02 1.035101995196966024e-01 9.072737419720480756e-02 8.833158702371390891e-02 1.220208173607504609e-01 1.256067730194649068e-01
9.534588972484009384e-02 9.393590008577573647e-02 1.057824757495570978e-01 9.017957704119437812e-02 9.376380621998804676e-02 1.017038702954300849e-01 9.335302285980874581e-02 9.011608156868344821e-02 1.172224401329758914e-01 1.185969363217464351e-01
9.690327905035507616e-02 9.486912818395076830e-02 9.778741132055301932e-02 9.159429878818474424e-02 9.450001773588834197e-02 1.033801795814414670e-01 9.479785163146305094e-02 9.159571605553097629e-02 1.139556428680825323e-01 1.206164747845499957e-01
9.294531113795280464e-02 9.508964396682714759e-02 9.458419597471424967e-02 9.130021851589288640e-02 9.379148523591819553e-02 1.037474439791083586e-01 9.434029617473273233e-02 9.128494315633792211e-02 1.223926064527507407e-01 1.205238554057649486e-01
9.533040922864113864e-02 9.746979157553030404e-02 1.039118434071213681e-01 8.865253997866075208e-02 9.286260264433728040e-02 1.030549019685694928e-01 9.608162352944671358e-02 8.863683367232286225e-02 1.170302252875505822e-01 1.169692287078195059e-01
9.484938758170048667e-02 9.676590703787112113e-02 9.968660401398143911e-02 9.076315865271990246e-02 9.444108968211187283e-02 1.044147065921983836e-01 9.567732220355594508e-02 9.075391136305925588e-02 1.121218594653712319e-01 1.205260534074302781e-01
9.436815611099447221e-02 9.665869690725557850e-02 9.860382629526684428e-02 9.124532359008895310e-02 9.495772738359524456e-02 1.025480853526576364e-01 9.584018294160924489e-02 9.126376987707762733e-02 1.142226853307911627e-01 1.202915462106632222e-01
9.643828864629989950e-02 9.396364983057547970e-02 9.719048053648718377e-02 9.061075468783380549e-02 9.570320919054649267e-02 1.018885511380634712e-01 9.401352552929062578e-02 9.067903771100975507e-02 1.152784963382856992e-01 1.242340063916076293e-01
9.563448506529542703e-02 9.476930622921463099e-02 9.380564054955588260e-02 9.126606566405334742e-02 9.459794929704272437e-02 1.031981307046176410e-01 9.498473022007879185e-02 9.133024689285440534e-02 1.186256707695445695e-01 1.217877746077425660e-01
9.450807988765244638e-02 9.212907506025998228e-02 1.052767799282132849e-01 8.833239272059341396e-02 9.336620064521883311e-02 9.968415253635401485e-02 9.179823758154054270e-02 8.834416074276707498e-02 1.233010917434563397e-01 1.232598291539440949e-01
9.346434360146953224e-02 9.060005074042219719e-02 1.195643338704640707e-01 8.526700357750895132e-02 8.995710879701242224e-02 1.013157494466252750e-01 9.029379480170632299e-02 8.529983324310266846e-02 1.213558317907827561e-01 1.228819501309058732e-01
9.575664098487589315e-02 1.012273046290593920e-01 9.675484818106860896e-02 9.100959944505371269e-02 9.388063072562623235e-02 1.033847823168095731e-01 9.863395547459292978e-02 9.104761854541169874e-02 1.118017233307108532e-01 1.165028963667910922e-01
9.349387264002623210e-02 9.316712317185585346e-02 9.970260863696110698e-02 8.790269282534859951e-02 9.196183413336779522e-02 1.018870538360902300e-01 9.299555143950284652e-02 8.797180633106325975e-02 1.243070732784948285e-01 1.266103837072891924e-01
9.573923837318037977e-02 9.408134664041237216e-02 1.054490819431282145e-01 9.007855040994386386e-02 9.248040580855709791e-02 1.025226666024773442e-01 9.365878707901573175e-02 9.008993501608554555e-02 1.152946933402244495e-01 1.206052947869749870e-01
9.397005453000402408e-02 9.384960047607689149e-02 1.040988839964857027e-01 8.813470747731751154e-02 9.373847328326619099e-02 1.042642066403961371e-01 9.363545769600042923e-02 8.820847809175605403e-02 1.234353908545358369e-01 1.166647469541613052e-01
9.682508154904215236e-02 9.516158526690236819e-02 9.185283226420505598e-02 9.089322434824119445e-02 9.329504700416196838e-02 1.051115952882355487e-01 9.403497390279978718e-02 9.085330037560239436e-02 1.183378491616895178e-01 1.236345108391199571e-01
9.391294705092732842e-02 9.212077375267199719e-02 9.751080531559526421e-02 8.902595175296440511e-02 9.264582873998175594e-02 1.024975663873637227e-01 9.228905787068700239e-02 8.909740136143680378e-02 1.245939272505515311e-01 1.263057405178201476e-01
9.628798647109119979e-02 9.354687894657295888e-02 1.065174010945448557e-01 8.849805011475370131e-02 9.201527308182133602e-02 9.964295652150413629e-02 9.287814346051748160e-02 8.851472765280166133e-02 1.154467505587762899e-01 1.266518320976163792e-01
9.574553493963867956e-02 9.560166675691401938e-02 9.931808322400030586e-02 9.166876460677297889e-02 9.474064140394362898e-02 1.035252353653780127e-01 9.472028957983012754e-02 9.164038501259580416e-02 1.163305648351027899e-01 1.167088342758236807e-01
9.550889103979898209e-02 9.330140629002288410e-02 1.106714441933800697e-01 8.712652825295820469e-02 9.196737416634408191e-02 9.911188667876451308e-02 9.267764077991651195e-02 8.714151901216035667e-02 1.172624024102563445e-01 1.252309071763980375e-01
1.017198588823659822e-01 9.470848057599261238e-02 9.782081335641472364e-02 9.300688210939755951e-02 1.010015865495070275e-01 9.866778292718594856e-02 9.618769804658390543e-02 9.303239406056330874e-02 1.095934348824123133e-01 1.142610686095766465e-01
9.521891239796977102e-02 9.556276154609337492e-02 1.042538932559472359e-01 8.905946016142710087e-02 9.266113478249139723e-02 1.029126335088156596e-01 9.452947192167653057e-02 8.905710026948869540e-02 1.193108596809158151e-01 1.174337724751743778e-01
