1.103221929669885998e-01 8.275855965750514298e-02 1.100886447325487433e-01 1.034686633518840243e-01 1.114870426206247128e-01 8.397833427366804826e-02 1.115527736611815618e-01 8.856516494887993474e-02 1.104078364138717794e-01 8.737078737284746655e-02
1.064984752805226836e-01 8.435616033013457193e-02 1.060780090997710534e-01 1.010141806718171525e-01 1.151521841186543965e-01 8.467732665259879166e-02 1.152934794989766282e-01 9.189170295261075982e-02 1.066541232922323806e-01 8.838435810268154003e-02
1.062158549156069776e-01 8.455112569533941580e-02 1.059527859848971715e-01 9.918429247835820750e-02 1.135953103658968871e-01 8.661931553942317508e-02 1.136903030538850001e-01 9.400801468095219826e-02 1.063115784634069139e-01 8.987141882223408096e-02
1.090279749667608655e-01 8.805980768906711276e-02 1.086110724590099164e-01 1.160262884876821499e-01 1.082772304833924809e-01 7.986663048574900448e-02 1.083778710077063501e-01 8.911545743687752930e-02 1.091837034041030913e-01 8.345396357965148559e-02
1.071072176182334967e-01 8.392939362266749193e-02 1.067920967873391275e-01 1.029789085451936065e-01 1.168099850903072529e-01 8.307527345186792311e-02 1.169214325949558264e-01 8.841310267371479958e-02 1.072191742700886741e-01 8.675341534563178747e-02
1.018719472493336969e-01 9.335840249336684049e-02 1.018162126497289960e-01 1.044934126468754776e-01 1.107775767786979004e-01 8.877125207202161972e-02 1.108113463786924019e-01 9.518682384474007330e-02 1.018823284866654799e-01 9.103069739987749986e-02
1.084104705185622713e-01 8.259845147437511192e-02 1.082457309594425654e-01 1.034084906546327565e-01 1.151306340727918376e-01 8.365756247298797299e-02 1.151994948490872306e-01 8.896738477956205038e-02 1.084695296760305322e-01 8.591225054252769888e-02
1.062791708515681000e-01 9.192602354353082705e-02 1.059597956444861544e-01 1.130501468092268286e-01 1.098418711306198836e-01 8.086439048346467928e-02 1.099366950821264038e-01 8.874962164198454961e-02 1.063972269759001082e-01 8.699505783709242379e-02
1.075161313891496162e-01 8.519094046392766684e-02 1.072994809288134732e-01 1.007544053689033159e-01 1.118562733669909853e-01 8.772689674761199874e-02 1.119331396494004094e-01 8.987851912966676737e-02 1.075972059769757933e-01 9.024700697855998766e-02
1.089430722586503947e-01 8.467910427332882295e-02 1.084809305977322280e-01 1.050373388120568047e-01 1.128449896668828473e-01 8.305014532074019018e-02 1.129737667278352536e-01 8.752224915136841421e-02 1.091142060912429768e-01 8.735419710016203987e-02
1.050377840069812718e-01 8.733045157005382697e-02 1.045933161526841765e-01 1.066430434088393303e-01 1.161802772132687345e-01 8.294025034571093913e-02 1.163380244379607215e-01 8.961739088135603493e-02 1.052015328981524139e-01 8.611792908499260601e-02
1.123785192758927631e-01 8.001215191853906783e-02 1.117718531576819274e-01 1.081244392288662343e-01 1.136672786568008880e-01 7.831608778900329970e-02 1.138210113184203315e-01 8.678583759825364563e-02 1.126063520522419814e-01 8.251646900429990272e-02
1.117501286612835737e-01 8.603689153816386492e-02 1.115474721781198608e-01 1.141877417638471476e-01 1.067878880133227709e-01 8.031565952365961325e-02 1.068184561287005424e-01 8.644516007642451261e-02 1.118198477251631240e-01 8.429075439131501757e-02
1.112899931279864862e-01 8.676427090282105847e-02 1.106451698651171045e-01 1.237048351891105180e-01 1.102908670833283172e-01 7.457342329623753430e-02 1.104387392274546048e-01 8.122514430267009644e-02 1.115305746529178105e-01 7.953698235235649727e-02
1.092218174238248074e-01 8.679699896290106464e-02 1.088087672329118710e-01 1.156166549974163016e-01 1.118190050952664466e-01 7.878128858698241199e-02 1.119298245721781215e-01 8.502602364383932132e-02 1.093740835809633577e-01 8.262553590371631007e-02
1.087836783327222057e-01 8.329485051075594115e-02 1.082898306904240132e-01 1.079533782236450218e-01 1.153072509352032760e-01 7.985632836609257712e-02 1.154518630926908013e-01 8.837028926814179119e-02 1.089645397425891005e-01 8.372799083773531381e-02
1.088599765040437900e-01 8.718387670360462638e-02 1.083411263317655693e-01 1.083880020836158198e-01 1.099566549590302728e-01 8.108303122309347410e-02 1.100847386209080070e-01 8.959031191419859763e-02 1.090520970399600081e-01 8.746018461977986269e-02
1.061938808916523258e-01 8.621953084591388317e-02 1.059157551047458651e-01 1.004866575141904889e-01 1.114841549683005251e-01 8.894527615389249964e-02 1.115867848729429762e-01 9.220670984072400211e-02 1.063020271062530692e-01 9.065922270138440653e-02
1.113356163822039890e-01 7.710555708890826088e-02 1.109799432193371710e-01 9.687938030050281812e-02 1.169621100945098385e-01 8.213266689757653394e-02 1.170806914835375023e-01 8.920691982420222987e-02 1.114705429365639155e-01 8.684657177265771300e-02
1.087172826455366087e-01 8.832733467201722699e-02 1.084066110648549131e-01 1.136143660273914446e-01 1.107514861298713738e-01 7.878700804008710590e-02 1.108374167217384826e-01 8.678488938790773766e-02 1.088316071078630348e-01 8.494199820273209967e-02
1.089741295637289831e-01 8.121752651912207688e-02 1.085996908060783556e-01 1.009186827465517466e-01 1.166864344993516767e-01 8.203458100658081453e-02 1.168101912116394220e-01 8.891448646153200797e-02 1.091115593953166096e-01 8.673271779009827931e-02
1.051166476494615476e-01 9.046145049487801237e-02 1.046720921150062489e-01 1.077258593879526910e-01 1.106620237301953330e-01 8.458208489241469952e-02 1.107966174137830773e-01 9.221121466627177354e-02 1.052825149691769963e-01 8.848949468085963443e-02
1.077552453516038705e-01 8.692132129124149897e-02 1.073503609751504523e-01 1.078658697864672278e-01 1.125066096333556670e-01 8.252329815631320731e-02 1.126227220211057228e-01 8.779514039617335175e-02 1.079032205846032072e-01 8.675621180398584986e-02
1.064966340804277961e-01 9.265370219766792814e-02 1.061242130216896590e-01 1.178691964390889274e-01 1.104320321850408432e-01 7.881241292379544128e-02 1.105417120151274968e-01 8.563300849121814606e-02 1.066350860890210306e-01 8.480200255692274536e-02
1.110906810779084125e-01 8.024381235365450615e-02 1.107961475448792921e-01 1.011821537248442787e-01 1.140913844012201722e-01 8.308940558304563073e-02 1.141717394827665155e-01 8.732160082701222181e-02 1.111956017118368722e-01 8.681747329283208414e-02
9.975443768444341996e-02 1.115799793172263382e-01 9.941282623415986786e-02 1.627762336316989356e-01 1.023822237722672307e-01 7.147358149243268621e-02 1.024834572937347310e-01 7.549053094519747598e-02 9.988407509652222349e-02 7.476265453231704938e-02
1.085188492353273138e-01 8.318680862127168785e-02 1.081857887592500150e-01 9.933997115120160593e-02 1.121005195527512988e-01 8.669529083306456996e-02 1.121981934653508567e-01 9.119119629575443697e-02 1.086417111020546999e-01 8.994167098397347349e-02
1.067128924745069790e-01 8.741169333574502764e-02 1.065037205554299621e-01 1.053826891161593199e-01 1.111777021515703151e-01 8.512211445793245457e-02 1.112421269989181116e-01 9.140003373000263331e-02 1.067851213160155299e-01 8.826190586371968072e-02
1.083425710711268253e-01 8.546815458139010724e-02 1.079206221394193727e-01 1.070959724411725961e-01 1.124877200108519437e-01 8.347950306884903415e-02 1.126055728802953931e-01 8.786370809707164109e-02 1.084971732068937544e-01 8.623900250292935998e-02
1.065235220482621675e-01 9.089176706612202283e-02 1.062270847461935092e-01 1.132698086803166082e-01 1.082286489434259175e-01 8.314271890110469521e-02 1.083093902757324700e-01 9.071883210160490429e-02 1.066322728432622380e-01 8.605595439397552282e-02
1.093610121979437522e-01 8.092045024624697214e-02 1.090031644343533446e-01 1.030313379764350307e-01 1.164221138079787887e-01 8.202429554216526808e-02 1.165367136259898573e-01 8.817233759227942336e-02 1.094910520691013689e-01 8.503752250750618025e-02
1.101437114843321213e-01 8.416838630908496377e-02 1.095794341402614724e-01 1.068588086602554332e-01 1.115639920589762690e-01 8.187834272098624966e-02 1.117049568985190727e-01 8.742281323116762870e-02 1.103535034232997897e-01 8.632605107311698556e-02
1.105347764189726356e-01 8.458349992484687219e-02 1.099596544111006852e-01 1.080132802115862795e-01 1.107943871006961539e-01 8.096482992466794149e-02 1.109309839702140588e-01 8.726943760468831857e-02 1.107479264829672322e-01 8.620122395025978101e-02
1.034939799834324881e-01 9.176862357504542156e-02 1.033479945971522845e-01 1.021838744464917959e-01 1.046801496849835561e-01 9.201551054217180226e-02 1.047213973094433676e-01 1.014317366512280799e-01 1.035444575497897063e-01 9.281227566026149789e-02
1.034660467662392447e-01 9.215012425031457455e-02 1.033647307949504962e-01 1.044773766336562354e-01 1.099418169983941151e-01 8.815672686212198961e-02 1.099863570304145943e-01 9.373774071520929452e-02 1.034973607485490388e-01 9.122171920015044455e-02
1.089882543417027699e-01 8.806648972275456233e-02 1.085637443074777692e-01 1.232075593033614275e-01 1.117204664796862534e-01 7.604693879509685783e-02 1.118325382216240199e-01 8.292580972823676566e-02 1.091437368133998942e-01 7.950446228665969395e-02
1.105101443048200349e-01 8.693677828236551219e-02 1.101704721405855625e-01 1.209524974665979330e-01 1.086652625602355926e-01 7.775997971005302323e-02 1.087414792528332563e-01 8.505600846943475735e-02 1.106348393159321125e-01 8.057253849714224314e-02
1.101334682800715614e-01 7.858239764094160362e-02 1.097821232310947914e-01 9.767558427152688016e-02 1.171150579475164349e-01 8.394848057200396396e-02 1.172312463850759823e-01 8.815469001266826310e-02 1.102629039995761118e-01 8.711404765952442120e-02
1.088227621234880982e-01 8.444411602297371977e-02 1.084885407668426532e-01 1.127376486235756592e-01 1.168612394805694232e-01 7.767419962008068057e-02 1.169717209008549058e-01 8.324198824792469753e-02 1.089426037147258469e-01 8.181518049896432943e-02
1.107133090827827765e-01 8.480429748504202114e-02 1.102421848137537519e-01 1.155427527854050451e-01 1.132179741307449000e-01 7.660723025666391073e-02 1.133346027937974787e-01 8.296104677870624888e-02 1.108833611873256964e-01 8.169324068577810127e-02
1.075788257068454185e-01 8.617507216738606868e-02 1.072147346596173806e-01 1.069043641628588392e-01 1.154093940638536570e-01 8.078094126499665850e-02 1.155313072730947965e-01 8.612970753008060421e-02 1.077124802456053132e-01 8.656317292566126365e-02
1.086283955418085034e-01 8.897999590375001155e-02 1.081338773342579856e-01 1.137003561686721897e-01 1.092336290921077507e-01 7.951399421115344646e-02 1.093506592269882227e-01 8.818740408972482181e-02 1.088094439965705401e-01 8.546224443496654166e-02
1.090495492064035149e-01 8.137120616779110194e-02 1.088327884803757667e-01 1.016963029148914982e-01 1.168548161407715336e-01 8.061627271343056733e-02 1.169401600284993986e-01 8.919457580878067948e-02 1.091278416563095516e-01 8.631648688274642933e-02
1.095832032496967534e-01 8.468697662192904707e-02 1.090861115890589123e-01 1.083083231095828269e-01 1.122561143661788552e-01 8.160432439104610414e-02 1.123909888055718426e-01 8.683687278330999570e-02 1.097695419388485805e-01 8.547754314477713777e-02
1.098837880286465118e-01 8.504720061327257496e-02 1.095263851181908776e-01 1.077924351177370899e-01 1.103968402702250051e-01 8.171979665071132937e-02 1.104861457611539255e-01 8.877411708009105840e-02 1.100150458779348417e-01 8.635824548203681339e-02
1.076410782702373892e-01 8.406792439388406646e-02 1.074675071511599495e-01 1.034990505965114049e-01 1.127319379754901096e-01 8.592772635988178698e-02 1.127909949221376912e-01 9.131783788133467084e-02 1.077003302050832390e-01 8.685561224427969240e-02
1.127221481162625771e-01 8.409485101969120524e-02 1.124802720228290365e-01 1.140702701053526447e-01 1.101217519435270242e-01 7.780321663934909593e-02 1.101733714511461681e-01 8.263954760975530944e-02 1.128094471076847710e-01 8.308512398440215385e-02
1.134477023578947391e-01 7.721711827882156431e-02 1.130049596863140632e-01 1.039660748171871568e-01 1.143315224261295532e-01 8.045763997146533619e-02 1.144399094849955223e-01 8.668353456325993134e-02 1.136099209849522618e-01 8.284161742897989955e-02
1.061047043763952979e-01 8.910626150247061283e-02 1.058794594752304613e-01 1.061551352497610845e-01 1.121663645058752490e-01 8.387612483933488960e-02 1.122433676979554956e-01 8.931497918759111199e-02 1.061844143105900445e-01 8.896918885479571104e-02
1.047928933622957332e-01 8.864331109859555080e-02 1.045710927965993187e-01 1.055743418018084273e-01 1.116993550181329814e-01 8.635945474781096809e-02 1.117811499254936364e-01 9.373496496699834646e-02 1.048725771860516132e-01 8.797085909621339683e-02
1.010942589132914488e-01 9.927914089673971210e-02 1.010085193550277760e-01 1.045143339575119595e-01 1.029034721824587800e-01 9.154569791791408728e-02 1.029247519105295772e-01 9.953468877599942755e-02 1.011175690040774511e-01 9.607756708644978050e-02
1.070903145163548259e-01 8.539795684140694121e-02 1.067386821960712162e-01 1.046460893558902178e-01 1.121195732437061249e-01 8.518137048716549475e-02 1.122320152229629581e-01 9.227110339962299457e-02 1.072224883634018411e-01 8.710040637341735781e-02
1.068208284430521293e-01 8.639876086481121376e-02 1.064379624025162813e-01 1.005252488474112360e-01 1.081957496812541025e-01 8.839061710861247090e-02 1.082960432225035380e-01 9.669940652103785339e-02 1.069628108830637803e-01 9.127257202573736683e-02
1.039891252533726024e-01 9.311933970772423574e-02 1.034987545849147123e-01 1.056720034583968071e-01 1.084686477690627454e-01 8.507909485851739007e-02 1.086110507891770299e-01 9.557078105317481920e-02 1.041733658822229514e-01 9.181783664343669271e-02
1.093323031013182511e-01 8.451162024592062672e-02 1.088816511326821945e-01 1.148704894053387826e-01 1.138338608596227292e-01 7.840232607126224051e-02 1.139582403535367439e-01 8.574232630228385832e-02 1.094966614601168148e-01 8.097052106791777226e-02
1.114509475280850009e-01 8.328238458803631505e-02 1.111094428848260762e-01 1.130298928704374789e-01 1.130392764238244974e-01 7.823049465150347381e-02 1.131301000441657933e-01 8.299074467659306453e-02 1.115765256607162970e-01 8.216019067181194735e-02
1.098545503971890547e-01 8.425497538625405236e-02 1.094048017680908091e-01 1.179850228464190548e-01 1.145164514184898730e-01 7.591898996439296055e-02 1.146347221493714402e-01 8.412169846439337961e-02 1.100149445257753711e-01 7.929384307962401846e-02
1.115259433458840044e-01 8.661842080822935996e-02 1.112429707315379518e-01 1.219430539166045102e-01 1.097461502671406436e-01 7.648450012584472046e-02 1.098051836886755617e-01 8.066921992468376046e-02 1.116261480518378202e-01 8.033840913956172280e-02
1.098140290921163081e-01 8.364448823770120889e-02 1.094840288210812418e-01 1.054116813235217304e-01 1.117791746723764829e-01 8.333699622727529233e-02 1.118674947039981493e-01 8.819015582524623864e-02 1.099345718789049575e-01 8.653737921777839015e-02
1.062907733983990965e-01 8.974114449467548993e-02 1.060463210807176954e-01 1.074025206555029310e-01 1.091320665144303315e-01 8.618180112862035280e-02 1.091996476263826371e-01 9.082421103490743997e-02 1.063768238931778604e-01 8.880469017318612379e-02
1.066337153708178109e-01 8.319290093644218786e-02 1.062766483763276648e-01 1.058638410315785455e-01 1.183617794088561853e-01 8.285055415351415264e-02 1.184947649151572857e-01 8.798036687278960877e-02 1.067622701180269557e-01 8.358315881648968604e-02
1.058808783752522020e-01 9.203412755868053963e-02 1.056883260085949156e-01 1.070951025351801617e-01 1.055011144514062804e-01 8.736035147222466490e-02 1.055394273002513705e-01 9.400177625851217911e-02 1.059440475602862891e-01 9.095484847961139707e-02
1.073946253305753523e-01 8.722825219289938314e-02 1.068828569639209136e-01 1.069032554751509628e-01 1.129538561184225964e-01 8.200440279223066009e-02 1.131040660919257618e-01 8.839065710058793823e-02 1.075854423047689495e-01 8.755258562951753754e-02
1.071607876836618012e-01 8.384894532830655667e-02 1.067419052823948555e-01 1.023096034988511815e-01 1.137041056686089596e-01 8.619590441226308852e-02 1.138386846400219338e-01 9.157949068155235572e-02 1.073177437628246855e-01 8.730282904151459578e-02
1.041257769509716796e-01 9.431947325371220492e-02 1.039488004216733846e-01 1.081276539124891439e-01 1.076262807702423607e-01 8.673769896699214110e-02 1.076747232641589586e-01 9.225872905791904222e-02 1.041833703759286744e-01 9.099749302591245148e-02
1.119817470709279367e-01 7.750943638359111820e-02 1.117584921149370747e-01 9.801534990230685584e-02 1.145410967677428365e-01 8.297902223186469362e-02 1.146038208118080742e-01 8.982213646969020027e-02 1.120601194868726530e-01 8.672877876025858468e-02
1.123547873634681282e-01 8.496927613248844713e-02 1.119256631259263474e-01 1.137308391468162122e-01 1.073340197582598882e-01 8.107174046553325408e-02 1.074055400237873686e-01 8.478673769838317165e-02 1.125061214088062672e-01 8.391527487653094308e-02
1.089033121940203297e-01 9.010402255494781576e-02 1.085083394451471089e-01 1.161458310620639978e-01 1.072727719749872605e-01 8.096920783693138668e-02 1.073614142932651921e-01 8.651680499374631017e-02 1.090487122612531085e-01 8.516958338363747605e-02
1.080580729722829258e-01 8.786558317609848012e-02 1.077874348046334169e-01 1.096904481266477716e-01 1.110259664640897564e-01 8.154050002785791229e-02 1.111056189149954854e-01 8.815015157045560934e-02 1.081569396562191143e-01 8.661928428671951397e-02
1.082910044818565648e-01 8.267306487715082863e-02 1.081194348012565198e-01 9.928283726281261767e-02 1.122465841812743947e-01 8.833039121554581152e-02 1.123061261507094927e-01 9.120866666899994646e-02 1.083522464040774930e-01 8.918964395631633069e-02
1.041465476882385555e-01 9.251696370340860287e-02 1.039295458434811859e-01 1.129141534957192466e-01 1.106727411404447303e-01 8.352036173465923752e-02 1.107422845956737290e-01 9.135299447407231599e-02 1.042194039112471077e-01 8.598500341305533035e-02
1.078751035232435179e-01 8.736744929415454775e-02 1.074621229595455613e-01 1.114748427879717202e-01 1.124940894139873498e-01 8.046946224969121764e-02 1.126178605359835633e-01 8.734632171977975423e-02 1.080295640348595126e-01 8.486318348078326912e-02
1.088912168643956652e-01 9.136303640519465030e-02 1.083957324177941967e-01 1.186001159728376081e-01 1.066859764804160421e-01 7.999959871138812018e-02 1.067905907085032607e-01 8.536209824648278988e-02 1.090725281557746867e-01 8.483910603721300792e-02
1.116894348428108391e-01 8.502881488942905241e-02 1.112732429772624460e-01 1.196345467176447852e-01 1.089682626626217871e-01 7.747312136128041427e-02 1.090504190236410292e-01 8.483186868260238211e-02 1.118386079090406965e-01 8.021168093366655427e-02
1.098529265617908396e-01 8.643406128797513632e-02 1.095629279768569608e-01 1.177625204720630092e-01 1.121425846204764376e-01 7.869123069170974594e-02 1.122150871626191593e-01 8.199404753700914594e-02 1.099539458738535286e-01 8.139066781564605058e-02
1.085226581723552075e-01 8.045341281739877559e-02 1.082359661452777094e-01 1.058886130164413131e-01 1.173779303179998540e-01 8.587467122561477650e-02 1.174741640229632483e-01 8.561460322608772933e-02 1.086216450983682330e-01 8.193633595749311160e-02
1.127086235130440178e-01 8.226002771576036710e-02 1.122527212909848471e-01 1.141678962912712758e-01 1.123699985136523555e-01 7.640731451214199943e-02 1.124688566295018594e-01 8.329179044355639050e-02 1.128716502876395827e-01 8.120112080244733244e-02
1.047865208945556875e-01 9.044282994385974273e-02 1.043476068034701748e-01 1.091189818616999374e-01 1.118390261471141345e-01 8.326397043888726646e-02 1.119795955767137752e-01 9.204645022556788569e-02 1.049503425876440743e-01 8.722467552048732142e-02
1.200821452273464346e-01 5.645695674281181464e-02 1.196619854899431123e-01 7.434877887839212718e-02 1.280258348026498405e-01 8.118261712003070618e-02 1.282204241427517266e-01 8.798445201736362908e-02 1.202673120400836737e-01 8.376949353862692127e-02
1.086084114890635138e-01 8.702635812255143932e-02 1.082355873107392202e-01 1.076368925734442483e-01 1.097499809678424282e-01 8.280877273514659909e-02 1.098432786041641934e-01 8.972642527090952946e-02 1.087443676669219289e-01 8.761992525921692698e-02
1.091634550972742923e-01 8.515300221149051108e-02 1.087354204249528222e-01 1.068134236504489770e-01 1.112374993120981842e-01 8.341600172268964775e-02 1.113534161102403691e-01 8.809242941328758458e-02 1.093236023615871133e-01 8.671174969593047066e-02
1.082982182256066739e-01 8.481416947899592107e-02 1.079372719574766964e-01 1.052245741491012326e-01 1.142781555217312200e-01 8.131352770553695875e-02 1.143867490607532039e-01 8.846027247206057764e-02 1.084283613968240467e-01 8.685870003191351052e-02
1.091233198828916034e-01 9.001355682797629321e-02 1.086900200836479063e-01 1.183729734010483398e-01 1.092170100452665021e-01 7.609430257364555028e-02 1.093129351507334951e-01 8.602768966622215130e-02 1.092782449458287175e-01 8.386994742273948256e-02
1.120456300944205064e-01 8.067267480857283346e-02 1.115683759607540432e-01 1.100214903747950557e-01 1.137682859616736958e-01 7.940359976392503960e-02 1.138919655412269222e-01 8.464469934058481415e-02 1.122230928442201903e-01 8.176018530982688548e-02
1.096097565927950795e-01 8.798488069612792062e-02 1.092707283399453611e-01 1.114622375854386199e-01 1.086618373224413764e-01 8.265558581350820888e-02 1.087355684416567853e-01 8.530576332383320304e-02 1.097308082475629970e-01 8.658283363669046218e-02
1.087542881634965958e-01 8.362811302352522735e-02 1.083065575748999171e-01 1.064395205705301745e-01 1.141209754652231373e-01 8.224921042140109773e-02 1.142638889598609209e-01 8.815771479294111368e-02 1.089257900154470271e-01 8.515394101267477478e-02
1.056978528723068605e-01 8.814229550666352608e-02 1.053395505747165839e-01 1.054756539070551002e-01 1.143787294131301951e-01 8.385806640413782931e-02 1.144994129040999842e-01 8.854581316836319937e-02 1.058274898025885202e-01 8.823513544693824262e-02
1.084793655576013066e-01 8.492711021008107763e-02 1.078893959864913460e-01 1.096088854160130882e-01 1.148920703364322282e-01 7.911124565080507320e-02 1.150708502321586002e-01 8.717074528895001062e-02 1.087024951008459667e-01 8.414783622062133039e-02
1.067844002382546953e-01 9.013665458019780308e-02 1.064376791787877002e-01 1.089614185886303988e-01 1.087276420239416397e-01 8.221127468576056030e-02 1.088182964069976388e-01 9.254942531793844407e-02 1.069106199412930558e-01 8.846258903819805008e-02
1.138326554431171034e-01 7.687545076107410447e-02 1.134151376574919073e-01 1.001682596263799574e-01 1.125905863002896329e-01 8.226420541695078636e-02 1.126863282586288151e-01 8.869256615276675804e-02 1.139864875383297393e-01 8.548832284497111245e-02
1.090712567575301550e-01 8.564529809868906551e-02 1.087608747335271769e-01 1.101332933607595127e-01 1.116762533067560126e-01 8.194014660507813186e-02 1.117645918407988853e-01 8.700289102772129635e-02 1.091855423575101292e-01 8.481985191162957904e-02
1.086279068761241140e-01 8.786475411692455662e-02 1.081328635094603308e-01 1.193144018393048761e-01 1.110387741560887181e-01 7.815805941350978392e-02 1.111647009837933436e-01 8.574747578291733174e-02 1.088094547543452251e-01 8.114160856753166451e-02
1.041847247424858708e-01 9.116384916069149302e-02 1.039656754507979897e-01 1.040505181939285068e-01 1.092109551308037413e-01 8.729135790888045698e-02 1.092796613753516527e-01 9.539825553630909560e-02 1.042606830561219472e-01 9.119431944462920436e-02
1.094484118666540773e-01 8.327540041955412697e-02 1.090294118651604499e-01 1.061150280346128405e-01 1.142358337104811272e-01 8.154886105937544927e-02 1.143558046919556370e-01 8.698389970819715711e-02 1.096018289930523748e-01 8.540551965095678766e-02
1.097768342827794424e-01 8.398737816734326567e-02 1.094250250388304202e-01 1.054366842954009148e-01 1.091456384762101994e-01 8.524076049209743100e-02 1.092248727195270219e-01 9.101407593530082274e-02 1.099035382345003864e-01 8.684519235801009540e-02
1.088072160023825646e-01 8.282380688169409255e-02 1.084592916656121064e-01 1.024958686339001862e-01 1.148086561910292291e-01 8.354790246013547861e-02 1.149180086998026207e-01 8.804538418671084554e-02 1.089344811531410273e-01 8.715938412559187665e-02
1.043010079482933339e-01 9.260125251826725745e-02 1.040590005323399764e-01 1.122800348315513286e-01 1.086950282670567647e-01 8.410388320387064687e-02 1.087686006592694515e-01 9.417421611669808679e-02 1.043865751881701970e-01 8.663040073448292910e-02
1.075672071645680516e-01 8.213297516601054948e-02 1.071670864414997065e-01 1.026738899509641728e-01 1.182188621883908802e-01 8.321707541647470341e-02 1.183584535807792326e-01 8.754355342022711317e-02 1.077121776680134979e-01 8.540871900307214770e-02
1.057035396586578080e-01 8.615666733695430402e-02 1.053386820900914234e-01 1.089316041340525065e-01 1.185461669371708909e-01 7.984853172323465309e-02 1.186888291236373183e-01 8.711229917687811353e-02 1.058361866198300610e-01 8.383749319949289347e-02
1.074516606672594743e-01 8.784116960999281687e-02 1.071683632324123420e-01 1.065693088288541118e-01 1.104643191907682398e-01 8.161912962881208433e-02 1.105453517672138480e-01 9.239331538265919963e-02 1.075543528270377774e-01 8.839302886499003642e-02
1.107182157877709960e-01 8.048835159805020623e-02 1.103305116707566369e-01 1.037419792891993292e-01 1.139908500829724253e-01 8.260760866650977696e-02 1.141015157243794043e-01 8.819446652044518609e-02 1.108624058143901220e-01 8.496409484552588931e-02
1.045769481370486809e-01 9.135077008016681543e-02 1.043835447922045606e-01 1.083023085452296808e-01 1.093026954946254570e-01 8.996034068955423291e-02 1.093612370980870246e-01 8.972760286314877820e-02 1.046416800031509942e-01 8.839287229678370605e-02
1.075574364241636272e-01 8.602558733222678833e-02 1.070908129505004774e-01 1.120555474053479134e-01 1.151746670149280671e-01 7.901779968478023219e-02 1.153118163365735027e-01 8.710062429807279016e-02 1.077249063962421594e-01 8.294080215716440052e-02
1.098473655826875811e-01 8.142049592473592223e-02 1.094085016520702364e-01 1.047693968026309486e-01 1.173924412405678019e-01 8.077936560815293654e-02 1.175394992741803091e-01 8.412722884896338404e-02 1.100132978862868316e-01 8.470240717972410405e-02
1.093739009318842464e-01 8.126898248859280860e-02 1.091048505387546136e-01 1.001231072557604573e-01 1.146069815225781718e-01 8.508024939365374517e-02 1.147064426833428186e-01 8.851362334756213146e-02 1.094781196235064674e-01 8.774374221436456733e-02
1.097037602114780547e-01 8.403806489674287006e-02 1.092818150246478021e-01 1.096586951264640897e-01 1.127022526711614764e-01 8.051143507409283528e-02 1.128252456001424542e-01 8.742133244992868202e-02 1.098640029711872579e-01 8.399339597415450553e-02
9.744554463774160458e-02 1.021244561268371404e-01 9.757753813333702730e-02 9.889788209684657883e-02 1.005333581769941170e-01 9.931908786102823516e-02 1.005103969562771843e-01 1.056306679374583862e-01 9.738899483295422599e-02 1.005720732405254725e-01
9.902379253710537343e-02 1.054147559454243627e-01 9.911125324176518758e-02 1.034550059212096806e-01 1.012461016484699217e-01 9.346310978991406726e-02 1.012306864182929561e-01 9.723211056774792860e-02 9.898342881951498196e-02 1.008397551105554846e-01
1.081959809056040334e-01 9.319302539119334039e-02 1.078988448925755489e-01 1.203648608627252009e-01 1.059568410512611858e-01 7.971457941971267502e-02 1.060091785296577022e-01 8.549734861309293832e-02 1.082969317039265550e-01 8.487240863025076465e-02
1.084361795343722762e-01 9.069424885066808273e-02 1.081327445186769792e-01 1.120397566448592952e-01 1.088736489779776329e-01 8.050577820508811322e-02 1.089449264751625457e-01 8.581991243103279099e-02 1.085439639296023329e-01 8.800884043255996492e-02
1.071905257147811041e-01 9.117898324581329150e-02 1.068416666128849807e-01 1.161627489361498622e-01 1.096949910316571131e-01 8.198587804748973251e-02 1.097913164258313007e-01 8.485735505203362283e-02 1.073191253502288056e-01 8.497740958313025617e-02
1.081902111071493255e-01 8.483596030829880508e-02 1.077713864195889854e-01 1.034649651310947938e-01 1.113336626090026121e-01 8.560454147847272599e-02 1.114551586566968344e-01 9.077995183711058680e-02 1.083485511450292954e-01 8.821561130755607716e-02
1.100105140005723098e-01 8.425568446305770065e-02 1.096011218336934295e-01 1.095698537793754063e-01 1.113501286209437890e-01 8.078481489436330210e-02 1.114578366185951797e-01 8.836364326576073847e-02 1.101631781523044890e-01 8.444322437133366943e-02
1.082864154015839436e-01 8.429801054144737960e-02 1.080820948692246958e-01 1.045523202110939937e-01 1.130038445251195650e-01 8.270411184650051928e-02 1.130704104747491251e-01 9.087036632080103260e-02 1.083580221378633579e-01 8.677440367161638746e-02
1.095585557242570590e-01 7.907336627484252978e-02 1.091142735848516787e-01 9.901917949909988526e-02 1.175819221389771407e-01 8.294248504999590654e-02 1.177337723743743653e-01 8.899298987726486643e-02 1.097271214724243049e-01 8.625633400391227723e-02
1.130427508451539026e-01 8.704697291454739638e-02 1.126625130807591413e-01 1.189535980784446750e-01 1.049394607805804874e-01 7.739254164178217821e-02 1.049916491208911784e-01 8.454005137429509986e-02 1.131769024500753063e-01 8.325355971347066231e-02
1.060008238361258431e-01 8.990303565353144344e-02 1.058765189845940896e-01 1.079720822212493908e-01 1.103477234442980098e-01 8.397899251138980781e-02 1.103952114258674594e-01 9.116553346849158579e-02 1.060431983714536786e-01 8.831688008299863613e-02
1.102361960023787862e-01 8.074210649409668816e-02 1.098486770573681853e-01 1.033239339242282423e-01 1.153113918065706012e-01 8.087527736695936109e-02 1.154328191240678869e-01 8.859757216600261387e-02 1.103818889588276120e-01 8.525013709950003682e-02
1.067282795009008439e-01 8.584475092648226335e-02 1.062811745982279871e-01 1.055147776016115146e-01 1.133562361776458555e-01 8.316411482906851949e-02 1.134980060673283914e-01 9.204037621884428311e-02 1.068958174946292444e-01 8.667646658526111103e-02
1.079715707398053587e-01 8.331580706648149259e-02 1.075405881346840620e-01 1.062778215363542056e-01 1.165077849661398934e-01 8.082898026823501225e-02 1.166497469022210465e-01 8.841908857217764539e-02 1.081304536668589167e-01 8.435815814704231141e-02
1.097293228892062267e-01 8.171269230615714474e-02 1.093743253216736683e-01 1.079690842977302223e-01 1.183813807620500980e-01 7.974251007764718291e-02 1.184899207153112116e-01 8.212513177845348622e-02 1.098519159096825182e-01 8.262371594208825498e-02
1.082563537190374126e-01 8.831342117358007004e-02 1.079046313423574627e-01 1.149589350029985996e-01 1.110708732900907852e-01 7.835874328279375522e-02 1.111598566074847028e-01 8.784474497067118470e-02 1.083807781601275055e-01 8.375166245085853556e-02
1.084443715368328259e-01 8.602920188495184750e-02 1.079927387034497893e-01 1.149402173018143625e-01 1.159335736000557532e-01 7.766017458240488669e-02 1.160763967878580133e-01 8.249043134909070374e-02 1.086114005233277252e-01 8.182149373021410654e-02
1.088779896487300503e-01 8.316942004430094570e-02 1.084189229008901273e-01 9.817882185526920213e-02 1.101933772659193234e-01 8.832799667970961388e-02 1.103161937857501801e-01 9.219759789528252092e-02 1.090517032967652372e-01 9.126797662738275752e-02
1.125495438327543257e-01 8.037483666559518125e-02 1.121440103808983568e-01 1.101587031574594866e-01 1.138530238920096582e-01 7.701343072591794459e-02 1.139613965975043580e-01 8.557704256654259656e-02 1.127015659535773318e-01 8.166644622774074658e-02
1.066706295161674034e-01 8.433621430131565955e-02 1.064350212615405994e-01 9.762258885641103556e-02 1.116947184146318134e-01 8.909523987586960569e-02 1.117760518510982071e-01 9.425187908039465989e-02 1.067573801732522726e-01 9.136027666931879898e-02
1.070402476332172476e-01 9.053830031355267205e-02 1.067423076462947762e-01 1.057083611479548019e-01 1.070263501648841264e-01 8.535790743321100549e-02 1.071008029665040107e-01 9.180677395679619213e-02 1.071496286648770668e-01 9.152932007270808690e-02
1.079265936315083191e-01 8.623503988481780180e-02 1.075125692841096270e-01 1.199968478039296488e-01 1.175085712717735820e-01 7.531045792453512633e-02 1.176409122506205385e-01 8.092898736634362988e-02 1.080738590892925122e-01 7.886616149306921453e-02
1.042939524416981734e-01 9.169435015769607233e-02 1.039985335853438886e-01 1.043039108557831801e-01 1.094480272909709867e-01 8.779188712804292249e-02 1.095323505105559869e-01 9.292797512534156645e-02 1.043968906200393731e-01 9.161212228452779438e-02
1.108111188888005472e-01 8.589227092082717119e-02 1.104380079587967967e-01 1.018433754812842484e-01 1.056930246950567170e-01 8.592591438752700261e-02 1.057620495321564547e-01 9.011822084938914124e-02 1.109474325518061411e-01 9.256858473435577994e-02
1.064721164834601663e-01 8.704124927742290518e-02 1.061369562524024784e-01 1.074276142370318016e-01 1.131553082047527803e-01 8.303340687544488730e-02 1.132646474448821272e-01 9.059883967870208110e-02 1.065947140512363278e-01 8.627514749466444477e-02
1.072637091354189526e-01 8.781065520683092873e-02 1.071536653294406782e-01 1.062831013176560313e-01 1.109582453555730680e-01 8.625459626154331760e-02 1.109915747275843356e-01 8.764339023956474461e-02 1.072959548954169340e-01 8.834510753097103708e-02
1.087167314590775091e-01 8.924988794160694516e-02 1.082756055949878754e-01 1.209225407935233809e-01 1.108577180435734305e-01 7.792162945547451147e-02 1.109644093720738023e-01 8.270107399824276617e-02 1.088747726190348875e-01 8.151563072240493313e-02
1.097436906448518018e-01 8.323658626345255274e-02 1.092759771084074599e-01 1.089475714580586674e-01 1.141697559537923345e-01 8.014413100460331119e-02 1.143028470746187270e-01 8.661503370698382664e-02 1.099172041027851737e-01 8.364720268244607571e-02
1.056765338536542753e-01 9.827662366741717059e-02 1.053647818989539714e-01 1.164625093348607004e-01 1.041451698656206681e-01 7.959353811215383323e-02 1.042073729167140861e-01 9.054303458362721047e-02 1.057856435143768176e-01 8.994479225262125288e-02
1.063553723707023474e-01 8.619477254248858467e-02 1.062525190913937573e-01 9.984408719736562188e-02 1.075684866377154963e-01 8.998334849555261750e-02 1.075879750505591842e-01 9.872457938580100900e-02 1.063825784100867061e-01 9.110628081833474501e-02
1.105349185564502429e-01 8.447026073713334582e-02 1.102747291573787231e-01 1.019086184729544736e-01 1.090039223184759293e-01 8.545073975378036923e-02 1.090589450601217314e-01 8.802307987004179268e-02 1.106266510689754290e-01 9.064813500468797691e-02
1.046928032305459028e-01 8.922178268473623941e-02 1.043730057362100283e-01 1.088687827257767415e-01 1.116640557179009591e-01 8.515395043534702835e-02 1.117727028664561723e-01 9.331667528082011887e-02 1.048106217807564106e-01 8.612561954145041276e-02
1.106451769452205108e-01 8.349718253373829280e-02 1.101133108639011926e-01 1.089117039696399086e-01 1.124744242327348764e-01 8.013470561188194841e-02 1.126063658327469685e-01 8.626511233371381149e-02 1.108406641076557231e-01 8.451135356876680882e-02
1.079989763729239799e-01 8.987808739442725015e-02 1.074466767814366841e-01 1.127034315722751645e-01 1.078591284988895532e-01 8.316602470435721650e-02 1.079980804005001155e-01 8.812929808120993636e-02 1.082091415878454893e-01 8.661115460613459660e-02
1.073424471335851921e-01 8.466486720717474046e-02 1.070629167071304316e-01 1.011861447588727897e-01 1.126757469432993347e-01 8.631635050455552238e-02 1.127693264801630790e-01 9.135603852164192462e-02 1.074459331377204813e-01 8.918022860585650413e-02
1.132744921692287327e-01 7.973520539010610364e-02 1.127767950269146086e-01 1.021943564558687595e-01 1.104498359964269510e-01 8.453292026702928508e-02 1.105551105350550400e-01 8.608327664645215593e-02 1.134579576042880622e-01 8.694004990863037075e-02
1.092612010632152686e-01 8.744107032410389224e-02 1.087863573742719747e-01 1.100856290875060067e-01 1.080947659114300102e-01 8.278761335451895187e-02 1.081978781529071010e-01 8.913996860633160990e-02 1.094337725863299693e-01 8.677174353938521545e-02
1.064896387434751956e-01 8.607221698379996511e-02 1.061908687208061586e-01 1.014585004800254431e-01 1.133967122578245362e-01 8.624771734972586090e-02 1.135024552684576887e-01 9.017736874721235529e-02 1.066008439294894861e-01 8.986367751918326874e-02
1.073918816979138602e-01 8.625181304274873173e-02 1.071648107258371396e-01 1.030005478203593478e-01 1.123163734015466125e-01 8.582357238653642861e-02 1.123968487833028468e-01 8.871748629901933525e-02 1.074762457426260559e-01 8.946042010010966938e-02
1.070710707242158027e-01 8.507335596053744453e-02 1.069400344756942234e-01 1.016705710993787287e-01 1.147948999226635208e-01 8.413562345033141765e-02 1.148489049996698347e-01 8.942418812183622334e-02 1.071121872133446035e-01 8.892916403232827005e-02
1.105159025039104126e-01 8.072797618233286399e-02 1.103535981895944901e-01 9.958987745260913793e-02 1.129863856407756495e-01 8.502173848396100964e-02 1.130347052004437580e-01 8.895294021868367651e-02 1.105714467532403766e-01 8.824542937444863899e-02
1.101331686181620945e-01 8.797748582537147366e-02 1.096602153334201579e-01 1.169950167242136130e-01 1.089931207629822596e-01 7.890886607138286601e-02 1.090951244042727003e-01 8.445428412841800292e-02 1.103044760439152450e-01 8.347824208786160105e-02
1.077012356396242765e-01 9.315009343115389362e-02 1.072744835803784574e-01 1.294142148106544876e-01 1.080087330444151617e-01 7.566484425792670276e-02 1.081027013574106244e-01 8.294410230167774400e-02 1.078529847055526431e-01 7.988660687120593962e-02
1.074366699363209499e-01 8.494535680266818156e-02 1.072787706741259034e-01 1.002013517138225090e-01 1.114217808689766526e-01 8.746273993783607037e-02 1.114758397708346671e-01 9.196024006399490525e-02 1.074915250205005501e-01 9.032572521091961071e-02
1.120512971638743388e-01 8.147579060988012489e-02 1.117818845699292268e-01 1.092421181723274154e-01 1.134212816595206869e-01 7.923193268099547326e-02 1.134898075245047155e-01 8.413631240849736570e-02 1.121468313877460182e-01 8.302274382272467612e-02
1.069817343261179748e-01 8.836575623352813103e-02 1.066965406809119860e-01 1.102536146175352172e-01 1.110121661743624782e-01 8.362014626981356669e-02 1.111024968176551331e-01 8.888735596822719409e-02 1.070877817246208147e-01 8.599240718722755972e-02
1.126802702544044826e-01 8.565102111435601850e-02 1.124306579452256094e-01 1.123552296610640100e-01 1.061768562546124145e-01 8.044092372086546205e-02 1.062106087332420068e-01 8.562433271061374584e-02 1.127666947899876038e-01 8.566340481562866038e-02
1.110342043091612496e-01 7.748448020210720044e-02 1.105594769745935763e-01 9.612361337525436589e-02 1.145931020632438568e-01 8.536618226340209059e-02 1.147347924152246901e-01 9.108382795169198132e-02 1.112163862246430823e-01 8.780393422067793441e-02
1.125694469973913814e-01 8.012330258563062080e-02 1.123210308453374551e-01 1.063424025007743967e-01 1.134841134751532754e-01 8.042888563174131755e-02 1.135462113924833039e-01 8.469433533633256850e-02 1.126570612357407214e-01 8.383320999941494545e-02
1.053626978393876062e-01 8.951983061839180467e-02 1.050198444102295320e-01 1.131592913565003938e-01 1.143266028616161251e-01 8.076211169579057547e-02 1.144382349799071691e-01 8.791895733527371748e-02 1.054832495843118778e-01 8.400917931859121224e-02
1.092281424166073045e-01 8.568386919143930469e-02 1.088046546148061094e-01 1.044136462058174730e-01 1.085581217161292467e-01 8.611770582649505568e-02 1.086586624685647318e-01 9.004675124848536549e-02 1.093852228201293852e-01 8.910322349152596799e-02
1.057320085679560595e-01 9.227570271515629641e-02 1.053664928860452293e-01 1.193990564436370194e-01 1.117170566258012948e-01 7.857960910280847866e-02 1.118298224274215102e-01 8.618784999555681448e-02 1.058655658793257459e-01 8.304683535629156510e-02
1.033459615402350096e-01 9.437995731762936769e-02 1.031869362757853736e-01 1.023024563179277535e-01 1.072331402306037212e-01 8.769290582022479241e-02 1.072809076544266049e-01 9.594904171210003052e-02 1.033980598555266361e-01 9.523063327554071034e-02
1.102446511074672703e-01 8.674345323624911563e-02 1.097830719388193099e-01 1.116373947938654743e-01 1.075172165864875379e-01 8.230267659915618816e-02 1.076091721766625070e-01 8.806616240700194942e-02 1.104111410391237780e-01 8.568506011516682785e-02
