9.332052420275231686e-02 9.407819020102750618e-02 1.022358669065933368e-01 9.483205738028196996e-02 9.447187342912698182e-02 7.799535637813936884e-02 1.191093582457559141e-01 1.200521668643880213e-01 9.315356293796114850e-02 1.107510434539734495e-01
9.297842545110401868e-02 9.243635349237679100e-02 9.927839239677004046e-02 9.650158351927135003e-02 9.295011308456105348e-02 8.228190227330559048e-02 1.210786095488270570e-01 1.232175738189112274e-01 9.276089224794677179e-02 1.065161541669260997e-01
9.312469568477277360e-02 9.514578429849382402e-02 1.009158195548349596e-01 9.738972126986604472e-02 9.620488309029052998e-02 8.451987404031524598e-02 1.177002102437467446e-01 1.190740076040477519e-01 9.296735444716341945e-02 1.029576497664687063e-01
9.058522913140483468e-02 9.012712309707332503e-02 1.013680479914451094e-01 9.673217872077408130e-02 9.111409492410432742e-02 7.683730188932112737e-02 1.175054643448980585e-01 1.190443678051671533e-01 9.035363017080132175e-02 1.263325619250106613e-01
9.235677244339027259e-02 9.106303843890711791e-02 9.895949452112463851e-02 9.415895018720236986e-02 9.207618561233096854e-02 7.884038005129931359e-02 1.243867411525287486e-01 1.260629169240752856e-01 9.226954700745908233e-02 1.098259736616822024e-01
9.438233217544518550e-02 9.212339016135429048e-02 9.623818982096450647e-02 9.876201687316596423e-02 9.132245560098448123e-02 9.400198295029671414e-02 1.149555027070750940e-01 1.153691735397753965e-01 9.449118047746950244e-02 1.083537756934688234e-01
9.172236944145688298e-02 9.188321869129043029e-02 1.034567505762334361e-01 9.525761785790549940e-02 9.220351738018070509e-02 7.631391836242981674e-02 1.229833286168651313e-01 1.239726954187386904e-01 9.159427240352853439e-02 1.106123112513708040e-01
9.307686692172111032e-02 9.039371487313541120e-02 9.844267552954492906e-02 9.498913667538434746e-02 9.110747277251547704e-02 8.144577845224239276e-02 1.175000847624183414e-01 1.189200436049137333e-01 9.287814227706726877e-02 1.212460841310570303e-01
9.453116514242003443e-02 9.445813952832643468e-02 1.011767245933715698e-01 9.431199341999453589e-02 9.424600698896566653e-02 8.579204649413456341e-02 1.171571971830226017e-01 1.182584131100205549e-01 9.431664983217019627e-02 1.057516637075738425e-01
9.294804091444151817e-02 9.164698780303844050e-02 1.019999419497006898e-01 9.307174283357103062e-02 9.244846647756409241e-02 8.109661306209266229e-02 1.200194401949154777e-01 1.219810947709963345e-01 9.272989045223764548e-02 1.120577815414421502e-01
9.130853322682029594e-02 8.901590457565089487e-02 9.994866362129917192e-02 9.483585055960211396e-02 8.981128941746863159e-02 8.192849296090219668e-02 1.231301789716143652e-01 1.255538923335060841e-01 9.111184313550421687e-02 1.133553511976320427e-01
8.948026226594647803e-02 9.124955541555060390e-02 1.009977321282723439e-01 9.403203471134619074e-02 9.182887332096503763e-02 7.672786983525850535e-02 1.231959047192684037e-01 1.256103500187698840e-01 8.920311377953731025e-02 1.176743038050852702e-01
9.203513998254178596e-02 8.943182682981515308e-02 1.009256832906802459e-01 9.471541374718481232e-02 8.967132301880942347e-02 8.255388623137269177e-02 1.166910440847429981e-01 1.170787071516810884e-01 9.197775473935364265e-02 1.249192209238181306e-01
8.808242059934799639e-02 8.773865676109811329e-02 9.918714344894262458e-02 8.992888099787538225e-02 8.854961434709057722e-02 7.457325250704412156e-02 1.220905546691859744e-01 1.244613573063184098e-01 8.783781796371495365e-02 1.375503013993818469e-01
9.026447786153041219e-02 8.946375722684142551e-02 1.004047604562737506e-01 9.297040942845442857e-02 8.982746841896847856e-02 7.428029090990893868e-02 1.221591734724132433e-01 1.238743236730725089e-01 9.008041294651079889e-02 1.266749256060260287e-01
8.968538912678777897e-02 9.104589858276071479e-02 9.929534719415154809e-02 9.454601572783252750e-02 9.149124994868808314e-02 7.924427881240886373e-02 1.234935388016432101e-01 1.257269526321772024e-01 8.952088780301728499e-02 1.159504413705328141e-01
9.290823597633546260e-02 9.214706664427874117e-02 9.991997042959818720e-02 9.499605213416208171e-02 9.270633833915772892e-02 8.375615957335597050e-02 1.167356730961041644e-01 1.186861510927068597e-01 9.268395037126743452e-02 1.154604023430333692e-01
9.501116356862679413e-02 9.603808217675018077e-02 1.031185794540197403e-01 9.667546922321362812e-02 9.651717849731482335e-02 7.734202416533327018e-02 1.167643945365379882e-01 1.182775815536702552e-01 9.467297092549502302e-02 1.055825558990382690e-01
9.287377461030536796e-02 9.149683376582395944e-02 1.044873307751346542e-01 9.552647788451465449e-02 9.297776521685857665e-02 7.424461537177816373e-02 1.250528010432392367e-01 1.268520551257014684e-01 9.260087504185463003e-02 1.038874711647892746e-01
9.183731062597579042e-02 8.826505758254149514e-02 1.007703558508834252e-01 9.398011652702613350e-02 8.812135195847384250e-02 8.141994474709352003e-02 1.197552742920147129e-01 1.210427353135038187e-01 9.166018282768785552e-02 1.231476702747994201e-01
9.249929401070383639e-02 9.056975654271331999e-02 1.008738964372810770e-01 9.484815673436397532e-02 9.123699063849419200e-02 7.901874103945938366e-02 1.244369051807051596e-01 1.263167805215519301e-01 9.232223607836420598e-02 1.078772428163629338e-01
9.308111901278380562e-02 9.242661471530913553e-02 1.004010028384143549e-01 9.675880444568171757e-02 9.319444918592760529e-02 8.302764441126013473e-02 1.163171253089630014e-01 1.183525496484861966e-01 9.282536276462464986e-02 1.136153276685494817e-01
9.186209039963638689e-02 9.285792290879849031e-02 9.825819990316216057e-02 9.293192267694230790e-02 9.345042698931523006e-02 8.449729992994436945e-02 1.191063986302625943e-01 1.208536114265478523e-01 9.169807429255585896e-02 1.144840528428347354e-01
9.183740516814865862e-02 8.927114503560054648e-02 9.796671507720332295e-02 9.278835221853506954e-02 8.990879145940569583e-02 7.778348242801211287e-02 1.195665983111193487e-01 1.212491907004259878e-01 9.161969055241199478e-02 1.280086290491372070e-01
9.237940584457658699e-02 9.248386788134935199e-02 9.929890331880364407e-02 9.309434354810952605e-02 9.285128106181238239e-02 8.566980434412795054e-02 1.214486903389430106e-01 1.226218740911661359e-01 9.228112681233113790e-02 1.078707027587802597e-01
8.403837295753838199e-02 8.515377830521536628e-02 9.428942152453406722e-02 8.504879796223398236e-02 8.598885341249096204e-02 6.619501211425393716e-02 1.150707999286718630e-01 1.166822242688975581e-01 8.378871784077086826e-02 1.837440216853930275e-01
9.426652884727863835e-02 9.544397473790934561e-02 1.010824076989945836e-01 9.558325901945047276e-02 9.551662612334177460e-02 8.334283018452946779e-02 1.174625807086327328e-01 1.188965059522744117e-01 9.406906136174297828e-02 1.043362253658455807e-01
9.232644114054110174e-02 9.313820273084609525e-02 1.041999494562230039e-01 9.570466515964916321e-02 9.464017309331437811e-02 8.373475581039201143e-02 1.163452059292517937e-01 1.172481697189484279e-01 9.226678247334328675e-02 1.103956544874907936e-01
9.201004229942635892e-02 9.111877483299515856e-02 1.019607005090013147e-01 9.371022413684693131e-02 9.162263941298889880e-02 8.142117965975423366e-02 1.199928090610662551e-01 1.217818118248740616e-01 9.183765050991413159e-02 1.145441677531326974e-01
9.124827655145112404e-02 9.250148260445940906e-02 1.002663682007059048e-01 9.622431460620166355e-02 9.263143490571333627e-02 8.496912602813065651e-02 1.147575530866749294e-01 1.159390432575064661e-01 9.107744823812091717e-02 1.203849525210355792e-01
9.096002062448772796e-02 9.120229270148146050e-02 1.026615247857335517e-01 9.438054084275832034e-02 9.213738463902290676e-02 7.653927511710809095e-02 1.245527629915390705e-01 1.262888001457095621e-01 9.081836061749094802e-02 1.104590375346683195e-01
9.207089737446488842e-02 9.266952020634199039e-02 1.018632372284209164e-01 9.310471934235829694e-02 9.415328094943210824e-02 7.999920074298942640e-02 1.189142947651414400e-01 1.210818272185596456e-01 9.182879669398359701e-02 1.143142254783076905e-01
9.303925414278550743e-02 9.051902650637769221e-02 1.011664474778857098e-01 9.405156082451089639e-02 9.166781791212323671e-02 7.866562113288246005e-02 1.195134596843639846e-01 1.216355154280996942e-01 9.280947070538683730e-02 1.169318261855839536e-01
9.316638594215122249e-02 1.029481658608735611e-01 1.058288931748138789e-01 1.017202382428428059e-01 1.044567792534085715e-01 8.543216172245067519e-02 1.050827909712412217e-01 1.056030420023979649e-01 9.307446762346263669e-02 1.026870752063574754e-01
9.522366229213459488e-02 9.280277309069141778e-02 9.708262736367595513e-02 9.795168015236227488e-02 9.401695840750294575e-02 8.833685834257970493e-02 1.148200938435791213e-01 1.154076486887071484e-01 9.520985889602000263e-02 1.091478389227468759e-01
8.676468915452220654e-02 8.681323896692524911e-02 1.010741664663012407e-01 9.061257943663196535e-02 8.692377894309172293e-02 8.068181582780611927e-02 1.219513548698124977e-01 1.236862232612671170e-01 8.661138029144452299e-02 1.348807727821973446e-01
8.858732972884575396e-02 9.147741374587292640e-02 1.011632019307317915e-01 9.372753883501427907e-02 9.241872477505201633e-02 7.063536421293556411e-02 1.195190688159145226e-01 1.206683157043634408e-01 8.842769508996596584e-02 1.333753471613037256e-01
9.238468943457732452e-02 9.252463812524461262e-02 1.016960997607105760e-01 9.358348345013242642e-02 9.329873678338981846e-02 8.034517425573738103e-02 1.241998759057186125e-01 1.259456401466736430e-01 9.219895279532303034e-02 1.038227093424925057e-01
8.896451072641109459e-02 8.805477705168472669e-02 9.623814154611577687e-02 9.069818895180413454e-02 8.875004231233221685e-02 7.957566011447647636e-02 1.271382426801918597e-01 1.288345401160489734e-01 8.886295091733639739e-02 1.228829455835983436e-01
8.984124143772745374e-02 8.772858936299259003e-02 9.901088384900331996e-02 9.130764474119704155e-02 8.836228574413379500e-02 7.569205740148031436e-02 1.245431609590131050e-01 1.263665749993536647e-01 8.973365105032737876e-02 1.274139104547713230e-01
9.214272399781937850e-02 8.992063298831431961e-02 9.994163375027945162e-02 9.173712609884600300e-02 9.112794339308388780e-02 8.158164941069366571e-02 1.228356680757576591e-01 1.246833613384442235e-01 9.196498797721890106e-02 1.140642729695425239e-01
9.171338597581661645e-02 9.065002322445625538e-02 1.006819382950415454e-01 9.451425551662048785e-02 9.149394731409933590e-02 8.088857252950304444e-02 1.171873056456797790e-01 1.189770924648815981e-01 9.154432244063771817e-02 1.223491565932636055e-01
9.169116609474932400e-02 8.963305630801782220e-02 1.007453199439080210e-01 9.496294208227647193e-02 9.011283909238476664e-02 8.344019274574840384e-02 1.241836380358190273e-01 1.254324978649074829e-01 9.155555435215538551e-02 1.082427934800333086e-01
9.167384295154917817e-02 9.193446638543044391e-02 1.023009283536598785e-01 9.309006238206964101e-02 9.261524341120951076e-02 7.771683305774131079e-02 1.203300173804809359e-01 1.224082103980638908e-01 9.140765340807703587e-02 1.165227422717181743e-01
9.163585534690803225e-02 9.484286369981766163e-02 1.048029512958057463e-01 9.427065395935074754e-02 9.637701106364063297e-02 7.634782944363162349e-02 1.171418295057633369e-01 1.184602868994284741e-01 9.146098704094123011e-02 1.146597317447125147e-01
9.142796184012101646e-02 9.232881316247155967e-02 1.042688774635357890e-01 9.630103997757534506e-02 9.301891631027418839e-02 8.387114780414167692e-02 1.187405636351293869e-01 1.195618918921542984e-01 9.136981739462202157e-02 1.091109705199746621e-01
9.091663649712558581e-02 9.304735588379302313e-02 1.018763992246248251e-01 9.081361815279763439e-02 9.365067247481172197e-02 7.188932058792502078e-02 1.205786284748928266e-01 1.213120452281274270e-01 9.078988700821526148e-02 1.251254364676866737e-01
8.961309070601979065e-02 9.240243149744283013e-02 1.030973680195289427e-01 9.387892839060270334e-02 9.279751584537872244e-02 7.692161529354402116e-02 1.237028940614303268e-01 1.253581744152446609e-01 8.945344208725507229e-02 1.127745396835529434e-01
9.310061152466461709e-02 9.345876193208169092e-02 1.020012790404851016e-01 9.356764164064355904e-02 9.502897565177537142e-02 8.267780762425892827e-02 1.173997474636508526e-01 1.185020048188606817e-01 9.299993813903802142e-02 1.112632321645410649e-01
9.194908617555243302e-02 9.407905936837343552e-02 1.058332514177512951e-01 9.798409659516064962e-02 9.489060656073658451e-02 7.819173305078409852e-02 1.167662815868654169e-01 1.179439944435799331e-01 9.181984296662917822e-02 1.105420478345669616e-01
9.738995753653266474e-02 9.604640582066836796e-02 1.047670409134265762e-01 1.008028900989258736e-01 9.806485019026379979e-02 9.064749432091337433e-02 1.043305054754715133e-01 1.045517946569892581e-01 9.744846260377081071e-02 1.059505983830377612e-01
9.169994695367969517e-02 9.254901448113928009e-02 1.026838899974417824e-01 9.710117959002137478e-02 9.319496945823363410e-02 8.318690943937123716e-02 1.179978885670995153e-01 1.196758558849432968e-01 9.144931390907468094e-02 1.104610317189955032e-01
9.455142481299302903e-02 9.523243314783602642e-02 1.056779564138216748e-01 9.994796909054043388e-02 9.714677037561396389e-02 8.326295285985542416e-02 1.120152544640116848e-01 1.134779984937274722e-01 9.432506983788338517e-02 1.043621705037169473e-01
9.556246564441917002e-02 9.313932414793953118e-02 1.009196007053714955e-01 9.904247574391986109e-02 9.269523808334338699e-02 8.547339349985763612e-02 1.127530577553673141e-01 1.148938815117204332e-01 9.524816272788305671e-02 1.102724001801782122e-01
8.747405038110953046e-02 9.025338447386133112e-02 9.958415543770902933e-02 9.265212470839795378e-02 9.150917198728895918e-02 7.882360582734211640e-02 1.229983441511628833e-01 1.249170940414268960e-01 8.733220697693369616e-02 1.244558620147676459e-01
8.964409344847173999e-02 9.137510175885173169e-02 1.023452906510810417e-01 9.080536119347480672e-02 9.233881194145283910e-02 7.221150790118864571e-02 1.233774020805454424e-01 1.247557212009709621e-01 8.947715485100823929e-02 1.236695549729545651e-01
8.642437982932887897e-02 8.774139731835514655e-02 9.997143512679090849e-02 9.174153311209244654e-02 8.887321444943330206e-02 7.834636032000923123e-02 1.248849581064964687e-01 1.267185772919149356e-01 8.636003741586965876e-02 1.289381070297090370e-01
8.884165815961346524e-02 8.916529244475206173e-02 1.000144945449273071e-01 8.955424624590749283e-02 8.955933228885301634e-02 7.513385420523853442e-02 1.214587978575178279e-01 1.223248353629293461e-01 8.876164841398782868e-02 1.351858404762731058e-01
9.267532418094846791e-02 9.268337577882060363e-02 1.021100876629578158e-01 9.455568828370654322e-02 9.310848285052684969e-02 7.845652583639250999e-02 1.197180959705339831e-01 1.210311770034148970e-01 9.251484166025239486e-02 1.131464007724458654e-01
9.248775701700023832e-02 9.574294173363358251e-02 1.041460114757532668e-01 9.464256824390296363e-02 9.737516581928690185e-02 8.285600299248545297e-02 1.136801856912906528e-01 1.146312094774499940e-01 9.240371834117619421e-02 1.120344392080207252e-01
8.949035480791886488e-02 8.793743892396106709e-02 9.880697004908001180e-02 9.420180606311291671e-02 8.878649762552141833e-02 8.224694952219278876e-02 1.267594362914253314e-01 1.287971965118966666e-01 8.937789526121897588e-02 1.135954549436720140e-01
9.426001951387799616e-02 9.488649706903022618e-02 1.059576038174979695e-01 9.742922536712068926e-02 9.706819757936163695e-02 8.579274251070659330e-02 1.093763050176418394e-01 1.098665053984213963e-01 9.427579411001127396e-02 1.110871096163304067e-01
9.261135009310667021e-02 9.191017016615647683e-02 9.856780206419088475e-02 9.332847654126452674e-02 9.267110758055263631e-02 8.406979712992208864e-02 1.193925460738000793e-01 1.216908904315161521e-01 9.235439890834340471e-02 1.134034610111470803e-01
9.193688697787455455e-02 9.423904310156455688e-02 1.028837280997811077e-01 9.632165897765684881e-02 9.507545634974978732e-02 7.844735627073576301e-02 1.196765870190473341e-01 1.217105616597355944e-01 9.167964391928921930e-02 1.080290776245653311e-01
9.628034263610507626e-02 8.883312982786513434e-02 9.777356695387602603e-02 9.763910787190888119e-02 8.928925735106219008e-02 9.089310666164603092e-02 1.139172958500778710e-01 1.145777414688199936e-01 9.629744692587333121e-02 1.144990044527654099e-01
9.231829880434071212e-02 9.379607463666556066e-02 1.032689745467385012e-01 9.585369010722917527e-02 9.366621401800973024e-02 7.945882581816972323e-02 1.219994691195844666e-01 1.228873245936278058e-01 9.223381374876798988e-02 1.045173146068663628e-01
9.027490318922205825e-02 9.425876527590230924e-02 1.041044937817729166e-01 9.130270570497721339e-02 9.639866026731071236e-02 7.872098715000669378e-02 1.155176754229137182e-01 1.165667656946555025e-01 9.023695305939480327e-02 1.226180904538441280e-01
9.151622544188070529e-02 9.248770577375400870e-02 9.972756005188129769e-02 9.301670551231211448e-02 9.295461601877560986e-02 8.199295584857999031e-02 1.152522432025304827e-01 1.165799992963248988e-01 9.133194088478456540e-02 1.251400479691763823e-01
9.218801323553514615e-02 9.213726293364989106e-02 1.018595324546333059e-01 9.396239577152024069e-02 9.406560959894286200e-02 7.923396233789317677e-02 1.181798711220713310e-01 1.193450928616532902e-01 9.202796448431527221e-02 1.170002951997854979e-01
9.367558980484128051e-02 9.390096632533402599e-02 1.030115138981917422e-01 9.599880001828589582e-02 9.422540334667840745e-02 8.449764970230827510e-02 1.179321863373765100e-01 1.187597965401261946e-01 9.354905313370147357e-02 1.044490408931561393e-01
9.050832572075583060e-02 9.050300263525479227e-02 1.029944062350054423e-01 9.617712414164565626e-02 9.184287626660074533e-02 8.434272020585571739e-02 1.165618499156686472e-01 1.175530733033263858e-01 9.050623614034399023e-02 1.190103854355427510e-01
9.101036374125999473e-02 9.099916542300494349e-02 9.953654497601281681e-02 9.368018130243345454e-02 9.203783292153408513e-02 7.896156177654316266e-02 1.206040056017582962e-01 1.224992282206360944e-01 9.076930456144029213e-02 1.199018114753769015e-01
9.093685623208719315e-02 9.316478614852800877e-02 1.003035167264356015e-01 9.144371510139791270e-02 9.455774900469179900e-02 8.110387321985414177e-02 1.143222198128602124e-01 1.159090320558654880e-01 9.077222279118188353e-02 1.274860289070977315e-01
8.772014390511782833e-02 9.131664203397125978e-02 1.023401084394287563e-01 9.290104140609166394e-02 9.216018566352794650e-02 7.503610699415991236e-02 1.192297747544623088e-01 1.204717265279427879e-01 8.763289276611083145e-02 1.311913775091866907e-01
8.901603993402053272e-02 8.951656491421337847e-02 9.887303727934265707e-02 8.993965453708281654e-02 9.040468090351298780e-02 7.763090944818125394e-02 1.227478629797375265e-01 1.238256110091111861e-01 8.897256474418617500e-02 1.290730742506115136e-01
8.820906225905880693e-02 9.260656879401581165e-02 9.897129506796650822e-02 9.233550607759133388e-02 9.304706812639866598e-02 7.805254120931746920e-02 1.264721758644790084e-01 1.279168367923262384e-01 8.818462973133579796e-02 1.142043160775103039e-01
8.887067399025783132e-02 8.970508124064428823e-02 1.016252253825133817e-01 9.128319963103935508e-02 9.046590157035562518e-02 7.637092773670997592e-02 1.230442814352652181e-01 1.245623721885298490e-01 8.879470370514362665e-02 1.252776331195409043e-01
9.228831667423637031e-02 9.031604329563786004e-02 9.972101173357313109e-02 9.716121488529198824e-02 9.126171798049985406e-02 8.279961525178915205e-02 1.182519969528178089e-01 1.203953096082468616e-01 9.203576109437011654e-02 1.157690125235368295e-01
9.241739105723174863e-02 9.302966369192480767e-02 1.130271949730555087e-01 9.752403252149151325e-02 9.447616996295868375e-02 5.025349648213374432e-02 1.410217747273147526e-01 1.441470619735544800e-01 9.165588640616886829e-02 8.244732820416593444e-02
9.257930747563657137e-02 9.402039423576848132e-02 1.053538738977354977e-01 9.479250374606534857e-02 9.582198499550750870e-02 7.775185626288534657e-02 1.159475526300239728e-01 1.173254323727639103e-01 9.242140450249038131e-02 1.139856898811229396e-01
9.227593734899929012e-02 9.326679266040607819e-02 1.021923890899284620e-01 9.374161451455162442e-02 9.464997730755814187e-02 7.945107145964501461e-02 1.183264220151755836e-01 1.200801747074459053e-01 9.202675863391621136e-02 1.139888622623737302e-01
9.261597988574928053e-02 9.022070283228729448e-02 1.001455886772546072e-01 9.433761532379016101e-02 9.045071532159645877e-02 8.194615290790327466e-02 1.218616094337125477e-01 1.234965348306170940e-01 9.249335517319735855e-02 1.124317456138920340e-01
9.150946981037683114e-02 8.719596020115699675e-02 9.681440986968802009e-02 9.385976477826823983e-02 8.773961775995417489e-02 8.214574246091171927e-02 1.191872596619924229e-01 1.206551058382943770e-01 9.142739859014364923e-02 1.294652710292135966e-01
8.869446633638232436e-02 9.088439124020485094e-02 1.037501835100509556e-01 9.192054667272185620e-02 9.183446632222673489e-02 7.595727911113443753e-02 1.234128666841601968e-01 1.253273975595860235e-01 8.848227368171455998e-02 1.197361288818180464e-01
9.206670374645564703e-02 9.522606059924586253e-02 1.035012066685160881e-01 9.083447303380963456e-02 9.654494260510709802e-02 7.888247235422576886e-02 1.155677585933208573e-01 1.166387904300267009e-01 9.197066632194955682e-02 1.187669256473427859e-01
9.173905494365616753e-02 9.144407252453702617e-02 1.020765855291822927e-01 9.497201161303506223e-02 9.281862085391455464e-02 7.254329311934527846e-02 1.228655405968388931e-01 1.250833561526493720e-01 9.139839153054847565e-02 1.150590731362929053e-01
9.247382061649098151e-02 9.340885781935577559e-02 9.672660767204396826e-02 9.274491636969703356e-02 9.358593828074679433e-02 8.645055224588399367e-02 1.198553388012137122e-01 1.216560527423830168e-01 9.233812816907994991e-02 1.107597872831047464e-01
9.021704997609950039e-02 8.984906861160921188e-02 1.018946894465153630e-01 9.328793286517220174e-02 9.078581303575132544e-02 7.719097508667384366e-02 1.230694412436043744e-01 1.258690803518048573e-01 8.989259648180933371e-02 1.179433529009600162e-01
9.214351456804073526e-02 9.606716420186628413e-02 1.000543092228218245e-01 9.631245277859785958e-02 9.592532544071269429e-02 8.599518840320818924e-02 1.132299949315319632e-01 1.145473598857302822e-01 9.198916919977138951e-02 1.137355213677188337e-01
9.257344992280615303e-02 9.120768042786675522e-02 1.059488456622489083e-01 9.614659491635937916e-02 9.187151258883352600e-02 7.580304126226064532e-02 1.219290681228336198e-01 1.233784858335212342e-01 9.238823302982734909e-02 1.087530882334424298e-01
9.017585278011765182e-02 9.464427575995942865e-02 1.032811752328971350e-01 9.265031884936493489e-02 9.576146736251857361e-02 7.731245396690132610e-02 1.187443554680168434e-01 1.200483641645662680e-01 9.000100390132097228e-02 1.173807325143368246e-01
8.750767748623088094e-02 9.117884225124323061e-02 1.003356890664017509e-01 9.242992603412089614e-02 9.210553188526131307e-02 7.858768391692549926e-02 1.197443446840635445e-01 1.216885437647723944e-01 8.734465829436310891e-02 1.290771026166173396e-01
9.364981980038633580e-02 9.617544380947574967e-02 1.045689647859173177e-01 9.789285776539302653e-02 9.843053094960713123e-02 8.343858383889565800e-02 1.121612927163250506e-01 1.131164017039730102e-01 9.358616329198299333e-02 1.069799413380437686e-01
9.158501347451020180e-02 9.135410185060253985e-02 1.007690856532090090e-01 9.329782184961442348e-02 9.149318767161970789e-02 7.918536255074824781e-02 1.224940828309431518e-01 1.243251002686700940e-01 9.141797089283094924e-02 1.140782729572516890e-01
9.232714824366190787e-02 9.163589076541600598e-02 1.051270595589622603e-01 9.677129121411089108e-02 9.226543708694145973e-02 8.408218976406357792e-02 1.160482459872522326e-01 1.172075281783921258e-01 9.220788121876978549e-02 1.123273279824297116e-01
9.246496323172138931e-02 9.177165037865540886e-02 9.987869618585622222e-02 9.346795222148887583e-02 9.239025036558586035e-02 8.352238662542825487e-02 1.217952541819316004e-01 1.234333496502545979e-01 9.229883946586471544e-02 1.089766576932131165e-01
9.055113065834094477e-02 9.356373381263183298e-02 1.056474369582900558e-01 9.839097853299119678e-02 9.513516748200791240e-02 8.035711371250452151e-02 1.136385425933910398e-01 1.146888097674711865e-01 9.046053091916453348e-02 1.175665555632067899e-01
9.092033477467054148e-02 8.981011140752491462e-02 1.018335502409235677e-01 9.316739722941419499e-02 9.046391348407364918e-02 7.963575428051783422e-02 1.258528951033540400e-01 1.279868642437213822e-01 9.078851620813689627e-02 1.095406630276630211e-01
8.937202529188366384e-02 8.797227955551752132e-02 9.672456401118303959e-02 9.285740354446531120e-02 8.855972141161412570e-02 8.393260445326455876e-02 1.263834922497004687e-01 1.285704743158662677e-01 8.923041838347126053e-02 1.163970167830337410e-01
9.409182407187741126e-02 8.771292121816061382e-02 1.013489337584418393e-01 9.836835201747437529e-02 8.816679729905245455e-02 8.633465246355048750e-02 1.175894133411096998e-01 1.187777313279474167e-01 9.394507775090389645e-02 1.136642967514817359e-01
9.098073616946474040e-02 9.454018178663080307e-02 1.016026866947019602e-01 9.452495226704037135e-02 9.564601666641138478e-02 7.475877818400603059e-02 1.220558123274502332e-01 1.237316203550782728e-01 9.076836325533099714e-02 1.113908522938851925e-01
9.165937322499229101e-02 9.399294365092747405e-02 1.041632344151593031e-01 9.312505378726212979e-02 9.533726656189664417e-02 9.005091142691322437e-02 1.133932773125307797e-01 1.141977243495929245e-01 9.164533278483215362e-02 1.124348824858931173e-01
8.978491074499179991e-02 8.729702702008966531e-02 9.735870875056404361e-02 9.418523555441296602e-02 8.762663677104659543e-02 8.092909527782331247e-02 1.246969528520933401e-01 1.268307068691356676e-01 8.969699169269909622e-02 1.215937344671435133e-01
9.141673880001523200e-02 9.218181104777389834e-02 9.907334259025328549e-02 9.089669292680017942e-02 9.307182395843495437e-02 7.321104540550879558e-02 1.266495026185983086e-01 1.289366445867931865e-01 9.113394336707887622e-02 1.134284546987433251e-01
9.365358502888439240e-02 9.392129828924758450e-02 1.017206195084317116e-01 9.468377800207107564e-02 9.412458724554194356e-02 7.530607690008581101e-02 1.222976543059284965e-01 1.237840059137365334e-01 9.335171714536368015e-02 1.071566776607087018e-01
9.113646336130941383e-02 9.237740273205753694e-02 9.953420584576595787e-02 9.491832099263190770e-02 9.288422095118382960e-02 7.254171461030196888e-02 1.222418650523116879e-01 1.241458873233898114e-01 9.084474677909232243e-02 1.193751723519555635e-01
9.944127380302179853e-02 1.009650755575254022e-01 1.045149752757128375e-01 1.044967733635305818e-01 1.020432575500215128e-01 9.281714811519162223e-02 9.945079110149304680e-02 9.901271356026002113e-02 9.954919394170537450e-02 9.770879773153778869e-02
1.025742197672337569e-01 9.592572246094999144e-02 9.379701011866288518e-02 9.905921916362696311e-02 9.432560614749238570e-02 1.007554910128487663e-01 1.030274890712818969e-01 1.026908226937231078e-01 1.026763519769084421e-01 1.051680675872717768e-01
9.004344746006784361e-02 9.369551921450396115e-02 1.017141373514208608e-01 9.082335306155019106e-02 9.439575249474255192e-02 8.567166211721306823e-02 1.124811628444707667e-01 1.132080394503186677e-01 9.006004982359669397e-02 1.279068761821154088e-01
9.268754895596141574e-02 9.486561647978331013e-02 1.004061329466432312e-01 9.050495609123745955e-02 9.490311053720182355e-02 8.543459725443371122e-02 1.146813884981916914e-01 1.157025685552914435e-01 9.259706993091033900e-02 1.182170107503455470e-01
9.133147803425610556e-02 9.290331850195224228e-02 9.945285110555522612e-02 9.130478338378028580e-02 9.396079897121391300e-02 7.749683858173032902e-02 1.178886315822734038e-01 1.193400371430675538e-01 9.114515287524205256e-02 1.251761098209288881e-01
9.337107782693400415e-02 9.280215973348249214e-02 1.017690710637597501e-01 9.601646865776083950e-02 9.319498470551024205e-02 8.258091853979504515e-02 1.177662242216014760e-01 1.196005242312962735e-01 9.307707094629996680e-02 1.098215000735598412e-01
9.035589614662116464e-02 9.238349824639439933e-02 1.039023737933943842e-01 9.459437456868192984e-02 9.388070949152289846e-02 7.728218651095662695e-02 1.191276781160710563e-01 1.207568070805034866e-01 9.013228054037263071e-02 1.175841955054815063e-01
9.194194592520263387e-02 9.214366309695957991e-02 1.026546825571618554e-01 9.644865018189428818e-02 9.244714084528095344e-02 8.100486161253420136e-02 1.197942089099009039e-01 1.207414072491391072e-01 9.185557075020338302e-02 1.109678688717230383e-01
9.174461030795484640e-02 9.281979618674940369e-02 1.030791047844455133e-01 9.464256082532701564e-02 9.305133672651805243e-02 7.526026789227274749e-02 1.249957136136766594e-01 1.273275748390838291e-01 9.144212277149176005e-02 1.056369120524802419e-01
9.161547849114411168e-02 8.938072569106382537e-02 1.016269432937628725e-01 9.321037083437520854e-02 8.996626824284403856e-02 7.959987783731466149e-02 1.155398522154642421e-01 1.162925065499293004e-01 9.156270236176319854e-02 1.312052744823385408e-01
9.263436960101967266e-02 9.251238144564663535e-02 1.046452745740462931e-01 9.583109067534900660e-02 9.394151177590842616e-02 8.223170160986853494e-02 1.158003573574681866e-01 1.164372846900680047e-01 9.255092042134113739e-02 1.134151078492841580e-01
9.181228719065638588e-02 8.932557428945167577e-02 1.026867010334844982e-01 9.549319379390680540e-02 8.979145020267620403e-02 7.754580967528526547e-02 1.241633687571532529e-01 1.260245066260158864e-01 9.156165180137762483e-02 1.115954566299923456e-01
9.167976588168391672e-02 9.131357686058877432e-02 1.021560707777224575e-01 9.717750424486450156e-02 9.253163119524203395e-02 7.998666799748085920e-02 1.198280676734419375e-01 1.219883709551008028e-01 9.141685324686517344e-02 1.119214911670095569e-01
9.020210795728028641e-02 9.094758821317203146e-02 9.964893882840299144e-02 9.449544049221828002e-02 9.197701594184620744e-02 7.746753084963305114e-02 1.245602657094432436e-01 1.267443795487947777e-01 9.001272475669527817e-02 1.139440077025138387e-01
8.915380808638931343e-02 8.933745009877967769e-02 9.662371629605927270e-02 8.877559733471752923e-02 8.992450786712022359e-02 8.298031396149284367e-02 1.278425531927286085e-01 1.294925712607804258e-01 8.915541798947917984e-02 1.167140639124529256e-01
9.026431084998570720e-02 8.818324492474846621e-02 9.976338263611742030e-02 9.471362098187967316e-02 8.857479120510196313e-02 8.329406232284441991e-02 1.197557691872648267e-01 1.210894424552181464e-01 9.020012553773262831e-02 1.241612498991067903e-01
8.902248440433573051e-02 8.979521848468358103e-02 9.738220788551998908e-02 8.982501849797244753e-02 9.044758166585022130e-02 7.476601178017582006e-02 1.261282034470663505e-01 1.283659227314210560e-01 8.882640072390213248e-02 1.254409503790726299e-01
9.580289944692610415e-02 9.617904877487724880e-02 1.027463482742143885e-01 9.663246602963689036e-02 9.644176503555669522e-02 8.041081881182059188e-02 1.155649731695490012e-01 1.174062677433345830e-01 9.548041312818514315e-02 1.033349995858993120e-01
9.011460154583701698e-02 8.829341627502274026e-02 1.003423489299790500e-01 9.461475677524164296e-02 8.860075984841217500e-02 7.323412880101637379e-02 1.256413701071369127e-01 1.273298702189951392e-01 8.988454971647064085e-02 1.219441977818882944e-01
9.488574979387659480e-02 9.394301446031282088e-02 1.022168288520277774e-01 9.791401233978565266e-02 9.406306137349874918e-02 8.756863404502243653e-02 1.159885468444398909e-01 1.171511633621364901e-01 9.469838191240080583e-02 1.015706070164988095e-01
9.642938531119985002e-02 9.214605218573097833e-02 1.029418456070675392e-01 9.671396750039144841e-02 9.300920130411029219e-02 8.441811842058190296e-02 1.127208296390237036e-01 1.137948564052676248e-01 9.624073743158877148e-02 1.115850061950379030e-01
8.615713767719135330e-02 8.667523351497156969e-02 9.589652230690584589e-02 8.852409999770335935e-02 8.758600321089006491e-02 7.865723220152798234e-02 1.284528459005210288e-01 1.305232808693479740e-01 8.609569035350038424e-02 1.314319539674404791e-01
9.628237671836925582e-02 8.998046627563456579e-02 9.748362082607776868e-02 9.752032413414640777e-02 9.043512469470796344e-02 9.104309203909149995e-02 1.150200602438137681e-01 1.162471150199074904e-01 9.623860102639336667e-02 1.097492190218579272e-01
9.839103506536665822e-02 9.124939498727291376e-02 1.034317567571477331e-01 9.579647503080186699e-02 9.197955712203027823e-02 8.687560931463282621e-02 1.123011976516632565e-01 1.132984605000428580e-01 9.821345204364731463e-02 1.084630615273942805e-01
9.104176128376237354e-02 9.220415080706749478e-02 1.043646296830986614e-01 9.558047005892755799e-02 9.401310969432455367e-02 7.786700044095899720e-02 1.194004326560539203e-01 1.210315543877411165e-01 9.087722008675956642e-02 1.136196709013057443e-01
9.354660677087368870e-02 9.277530065247215074e-02 1.001793743758875588e-01 9.307888516294633707e-02 9.325678999393048618e-02 8.532705503227654142e-02 1.175978123338475984e-01 1.180132707750099486e-01 9.358313034200399505e-02 1.126417745607517229e-01
8.926547726688896511e-02 8.925950915716443501e-02 9.957036785155760905e-02 9.062139999581617089e-02 9.014574600661520720e-02 7.467208006108450036e-02 1.214334263717316009e-01 1.230852914871155557e-01 8.918119840299043588e-02 1.327655033990355338e-01
9.001446040499058721e-02 8.987339839653958606e-02 1.039561705725190049e-01 9.320758764040487643e-02 9.101689500897471030e-02 7.681376417074932406e-02 1.228356627467242085e-01 1.248896953102626994e-01 8.980225192432997328e-02 1.175901138245049882e-01
9.561060529680394382e-02 8.876210788846604360e-02 9.948241136246706307e-02 9.617649274477986510e-02 8.898011037036719639e-02 8.914523428246554082e-02 1.107024319260235534e-01 1.115915210855320666e-01 9.556052686035762522e-02 1.239885581827371297e-01
9.422680189447533994e-02 9.358550965050459192e-02 1.083598869577461626e-01 1.021465458636191259e-01 9.437657625770233538e-02 8.679091266572287744e-02 1.113461855326209893e-01 1.115392193211950933e-01 9.432818540151066689e-02 1.033001764549028451e-01
9.555890722842272367e-02 9.469695109671215361e-02 1.020762868048899208e-01 9.296214722872486735e-02 9.531220979548737926e-02 8.569189655928520499e-02 1.149347035104284764e-01 1.156964592795906160e-01 9.547125666839316460e-02 1.075991818280654794e-01
9.058880757777214299e-02 9.408632145695958182e-02 1.013654902684805320e-01 9.805378427101854588e-02 9.619647409173613661e-02 7.804960536691989137e-02 1.174315675602829595e-01 1.190478182864007223e-01 9.040366916452005630e-02 1.147764619559094312e-01
9.141188067090144642e-02 8.904613119987507541e-02 1.017352417512034507e-01 9.324399574444507122e-02 8.962337692728239436e-02 8.026554390051771071e-02 1.216270300443749869e-01 1.236747412733430196e-01 9.122918255859346903e-02 1.181428759294634173e-01
9.340416585014714446e-02 9.288831911930746366e-02 1.013385946330224580e-01 9.487619249156285794e-02 9.363445187527569269e-02 7.428086321859937724e-02 1.161964742118752059e-01 1.183583414975475229e-01 9.304116274168680589e-02 1.219814343609754437e-01
9.363844342911535612e-02 9.386112035355008432e-02 1.024065586140052997e-01 9.597583312114853216e-02 9.405259497048200357e-02 8.220360290155373506e-02 1.182925181032662421e-01 1.196628657449715083e-01 9.343858263429337396e-02 1.064678801276139342e-01
9.344660371061865034e-02 9.392891499191806381e-02 1.033990642561329054e-01 9.256261029816305330e-02 9.477706952783404581e-02 7.953056182612491809e-02 1.186862938119332689e-01 1.202837429599122876e-01 9.324939799647995187e-02 1.101357406208828549e-01
9.172003879643275681e-02 9.486563150844555536e-02 1.019062398762483473e-01 9.410668360930241061e-02 9.627508704098672321e-02 8.290027186817451599e-02 1.142310949094995642e-01 1.157700072135192798e-01 9.157950498149682039e-02 1.166454401958940124e-01
9.313852504504521734e-02 9.428532780639846400e-02 1.029862420149842139e-01 9.349309164080976675e-02 9.547322907615880816e-02 8.578958391496672997e-02 1.174940171921700777e-01 1.190382630119927454e-01 9.291993628431322039e-02 1.053817840131607703e-01
9.402703411150735435e-02 9.482282956871872226e-02 1.014544740321547539e-01 9.341685051770533266e-02 9.576507995502338277e-02 8.095183566764342642e-02 1.180462511062392028e-01 1.192085095705136960e-01 9.382684297562539355e-02 1.084802924948687214e-01
9.353015306808856733e-02 9.185976184627572816e-02 9.951927446126965227e-02 9.427119635669320430e-02 9.185420271279329252e-02 8.599604750922697216e-02 1.208295267941416340e-01 1.215673203996607971e-01 9.353637308662134109e-02 1.070361437652287973e-01
9.364539313581983493e-02 9.397987199218396648e-02 1.020518529159751275e-01 9.468511192406087185e-02 9.385927913482063067e-02 8.174772755611657560e-02 1.199780503433344192e-01 1.206330432240556721e-01 9.357486657404180674e-02 1.058448031995910810e-01
9.087062593820763312e-02 8.930038084896235739e-02 9.702381355029252030e-02 9.195266796142856358e-02 8.969528295836536047e-02 8.384460508300883852e-02 1.186501991640625392e-01 1.202159005511654888e-01 9.074749297412641746e-02 1.276990309703803228e-01
8.736731202138273145e-02 8.766740817789704654e-02 9.845583312248627761e-02 9.075875829679906637e-02 8.800963224704766441e-02 8.073340293128851430e-02 1.181732172413935411e-01 1.196136133510092847e-01 8.730813551451581389e-02 1.419126870961799902e-01
9.353195676973484474e-02 9.822660348275946696e-02 1.029609052980329092e-01 9.539493156555441111e-02 1.008700233348332892e-01 8.010585150250396080e-02 1.154183634195645458e-01 1.161490394306253365e-01 9.343934709107887260e-02 1.039029781053123908e-01
9.027618528532160846e-02 9.123513267999859566e-02 9.990318273875983812e-02 9.179120797495710082e-02 9.150824567892834605e-02 7.820978973864718686e-02 1.234179102593986471e-01 1.244221038392406137e-01 9.018770611445958707e-02 1.190485356902885039e-01
9.156632723398136497e-02 9.265426185343765553e-02 1.014496384807170720e-01 9.475314344569589486e-02 9.320619653523577741e-02 7.957225323727833144e-02 1.182039546339443969e-01 1.195429160846844668e-01 9.136274984117624676e-02 1.176885586538487238e-01
9.258722985309186804e-02 9.244404629424740616e-02 1.029141461633050897e-01 9.283499706378159355e-02 9.273581891714614833e-02 8.217672069194568996e-02 1.148343143830453383e-01 1.152706215911093041e-01 9.253658513695074694e-02 1.216655199053768427e-01
9.333268089333021655e-02 9.395307907430434924e-02 1.051342136427146218e-01 9.677077847468480709e-02 9.527498417066837533e-02 7.446894911124596339e-02 1.217129740445880431e-01 1.238802495290711875e-01 9.296925363636937556e-02 1.025028374230230743e-01
9.140330307919747321e-02 9.099402151726150578e-02 1.009969931235463747e-01 9.266827320627397946e-02 9.093883934962707083e-02 7.694511604815285066e-02 1.238233986889753779e-01 1.247237466802817718e-01 9.131921238821298636e-02 1.161870959184705676e-01
8.931141901948387585e-02 9.013243502647630412e-02 9.676706330270809508e-02 9.343600795644996237e-02 9.080314082360221861e-02 8.490072461604061815e-02 1.215875613454733273e-01 1.232677167413778058e-01 8.926407234932670631e-02 1.205298588190611142e-01
9.435253594598219662e-02 9.426341504264849902e-02 1.031436153198563160e-01 9.529262650303133020e-02 9.524719805674439210e-02 8.143370418914316899e-02 1.149001372805470850e-01 1.163991127766405148e-01 9.412743046677531089e-02 1.108402244186312280e-01
8.961847698599460788e-02 9.025384801438408877e-02 9.655211441066380296e-02 9.303018899598504421e-02 9.095408463610302197e-02 7.809234289671362905e-02 1.205609263150015931e-01 1.222875693812703057e-01 8.946186738012025519e-02 1.291885809837637067e-01
9.821777073964375881e-02 9.353173815747024833e-02 9.593949686392921894e-02 9.890310182366983394e-02 9.210858905102428662e-02 9.567375500825649193e-02 1.106052183012973256e-01 1.112387248138765189e-01 9.820815356401847718e-02 1.055734516768138259e-01
9.209664709866473287e-02 9.392180617588587188e-02 1.023800390459785326e-01 9.460146623014324685e-02 9.499043333149827240e-02 7.724811460528994977e-02 1.155583688567450029e-01 1.169407996247351506e-01 9.198490293972508280e-02 1.202774220913341852e-01
