9.283226675518954640e-02 1.109262223860672941e-01 7.474740133192540881e-02 1.172072365508047970e-01 9.366967382561838806e-02 9.566214124452047940e-02 1.013440995082334067e-01 1.170522706724835132e-01 1.170529858959225983e-01 7.950570182923456797e-02
9.386281551135865209e-02 1.157989019289304145e-01 7.973057084634317671e-02 1.133390100382381110e-01 9.366595863855506354e-02 9.525387195287883524e-02 1.000117472851096978e-01 1.130929742212532785e-01 1.131488904758855829e-01 8.209525910144715999e-02
9.382581353998852014e-02 1.104347562542888489e-01 8.218785224141969548e-02 1.109827460187709919e-01 9.673081113505473116e-02 9.510575557251703394e-02 1.014474024601390717e-01 1.108281920678654414e-01 1.108523174796509358e-01 8.760435323030477117e-02
8.889765676800302774e-02 1.226364344501404691e-01 7.234430979006624407e-02 1.162865068726177536e-01 8.912493272106712661e-02 1.049459372993426232e-01 9.911465382329584517e-02 1.160249908846917311e-01 1.160595190678491567e-01 7.456505832292599500e-02
9.258794677597825817e-02 1.196993594847005210e-01 7.588441019180554303e-02 1.144156323066146119e-01 9.219268568208853487e-02 9.565086482583719241e-02 9.906712889588889515e-02 1.142663199782594646e-01 1.143471192638825656e-01 8.188853259494439929e-02
9.473930692003959542e-02 1.184892709443113867e-01 9.207549423720444437e-02 1.059678895038689422e-01 9.172274008254582833e-02 9.912618311279178251e-02 9.666546192111215297e-02 1.060004949054796364e-01 1.060723018960555153e-01 8.914085647659074352e-02
9.083041032301603090e-02 1.157291969175982954e-01 7.364972128351952863e-02 1.145401235802044893e-01 9.100935926434729206e-02 9.777988777666804521e-02 1.020896719617472304e-01 1.144303088146133851e-01 1.144248153451363076e-01 8.551650473314940937e-02
9.170997639888549269e-02 1.232652421968028766e-01 7.496110232335927159e-02 1.121579282308316494e-01 8.954735272841349292e-02 1.024311548627876711e-01 9.672978659837005999e-02 1.119606324568086647e-01 1.119843495528394517e-01 8.525247465090128596e-02
9.426904438237167227e-02 1.091968807044324669e-01 8.321805334737453208e-02 1.123412876766652913e-01 9.368516477162501521e-02 9.468246240973063332e-02 1.005479285930348521e-01 1.121800543452130677e-01 1.121560570303130194e-01 8.772306673923942200e-02
9.251622228545705595e-02 1.152298078874512827e-01 7.696888279492727913e-02 1.156216691799248630e-01 9.183340366660008858e-02 9.795490522859194582e-02 1.012812935328179093e-01 1.153559571431119896e-01 1.154233237373133714e-01 7.781453454380422852e-02
9.068523818775631185e-02 1.244588016119500817e-01 7.847343438532161652e-02 1.108613863497178997e-01 8.906828375965779310e-02 1.005039065617512328e-01 9.908138032073229851e-02 1.106160658156919996e-01 1.106910707950524431e-01 8.556043221236833696e-02
8.836923580979209880e-02 1.171419302836441828e-01 7.214050439040604890e-02 1.206395566422433785e-01 9.039120337708833608e-02 9.608043624332739119e-02 9.937067330299513557e-02 1.202705609214975435e-01 1.203456404167013993e-01 7.525025861230449920e-02
8.872901993701301504e-02 1.146836806983864837e-01 7.603522086831336624e-02 1.175403244997385716e-01 8.622416226335631595e-02 9.909586217298115007e-02 9.702933554948502126e-02 1.174480073782492862e-01 1.174952983060298939e-01 8.571908832644685450e-02
8.498064343231312434e-02 1.309885002807761323e-01 6.777630289933617158e-02 1.192090623041019287e-01 8.518472642565826092e-02 1.046855613604575630e-01 9.537287029586043186e-02 1.188399783755215294e-01 1.189477847205952371e-01 7.401456990537957914e-02
8.800107785399619020e-02 1.261370639366389546e-01 6.928189564161654768e-02 1.164577209864217922e-01 8.733102969262429571e-02 1.027976416280563243e-01 9.757927182700298907e-02 1.162198479621381342e-01 1.162792961985880530e-01 7.991515427291676077e-02
8.907977495999876150e-02 1.218460767101688380e-01 7.524873337827277242e-02 1.159688447782954712e-01 9.071463940261373371e-02 9.780926781169349549e-02 9.842202966948394860e-02 1.157097511457685912e-01 1.158147504400679761e-01 7.938613170363639782e-02
9.193044415041162765e-02 1.152200316537509150e-01 7.715597145154247383e-02 1.147238407821790929e-01 9.157982159577762737e-02 9.832141685626745453e-02 9.867107465224668472e-02 1.144355017647321893e-01 1.145222728984530841e-01 8.343962419463883673e-02
9.576252087389300338e-02 1.110772341598117718e-01 7.644118617173935315e-02 1.122858013665577609e-01 9.688230350814457104e-02 9.817045171811561444e-02 1.034684298963629984e-01 1.120493172490334005e-01 1.119905838332276998e-01 8.187217122311384043e-02
9.347901714822376418e-02 1.090004376035221406e-01 7.100985048010180489e-02 1.199361524411025476e-01 9.321049032007432122e-02 9.212848035633852684e-02 1.047008840737667923e-01 1.196780598559815390e-01 1.196654954041107138e-01 7.719113231677790510e-02
8.996143321934195469e-02 1.225341569486760318e-01 7.432491993360568205e-02 1.152000809614969340e-01 8.607041958049187202e-02 1.025127292199889822e-01 9.838824047578081933e-02 1.150100537451955729e-01 1.150356071610622727e-01 8.096235875435985052e-02
9.258039013585270260e-02 1.150168258073235583e-01 7.508739942666040057e-02 1.164648709533880472e-01 9.111328745731460399e-02 9.392326961184427336e-02 1.007040239038284740e-01 1.162497202020509740e-01 1.163033365843330891e-01 8.255687591740394626e-02
9.260523289536955194e-02 1.188629123387414666e-01 7.911210408756370882e-02 1.102830861913423749e-01 9.254506724070793444e-02 1.019758478551359010e-01 9.966290170932295966e-02 1.100170176093939189e-01 1.100649106890968787e-01 8.487091938332530505e-02
9.104775633077255570e-02 1.182810870231464223e-01 7.981904970871323002e-02 1.132726612811556371e-01 9.246297967216235425e-02 9.736529869376343849e-02 9.719880591718153828e-02 1.130560176834385366e-01 1.131292918237993134e-01 8.436705186586697380e-02
9.001361370687044339e-02 1.299639407118246270e-01 7.126619267133509072e-02 1.131877868202509629e-01 8.788360099076600318e-02 1.049975603690211090e-01 9.572895075446354041e-02 1.129570603102605375e-01 1.129888338477061244e-01 8.101245981750147818e-02
9.193483428574111826e-02 1.098896317212687407e-01 8.172271473692825638e-02 1.176756031434364191e-01 9.221070977289433368e-02 9.076712174999203298e-02 9.859869030198364914e-02 1.175284311263798953e-01 1.175910301048581214e-01 8.208123305651744694e-02
7.897171138211045438e-02 1.774857031546953068e-01 5.966794460932967059e-02 1.054443580146303960e-01 8.044861941660823301e-02 1.360557917390508298e-01 8.818014383272461398e-02 1.052045228346999012e-01 1.051978989599619274e-01 6.334330605618870846e-02
9.444688833725675692e-02 1.075922162692709572e-01 8.061221284690614497e-02 1.140953843029573339e-01 9.548114812879177071e-02 9.309583247578324949e-02 1.010197498802532512e-01 1.138943200738180839e-01 1.139240357575094925e-01 8.583821192745295925e-02
9.160542904494005378e-02 1.139182877126010685e-01 8.024220909123941370e-02 1.107714852132957867e-01 9.376344034146628925e-02 1.020155167676767699e-01 1.032138330819819677e-01 1.106789517456326782e-01 1.107302280729156180e-01 8.306061892825032655e-02
9.070787624899538659e-02 1.170072815780667658e-01 7.778458343959145094e-02 1.141486937934469148e-01 9.016148930459039201e-02 9.927305172158513991e-02 1.002982112071729576e-01 1.139204354282577908e-01 1.139952246469273095e-01 8.270315263136587824e-02
8.948740478691774580e-02 1.196695227431654185e-01 8.058644766920634861e-02 1.108516776811948462e-01 9.060915059587855425e-02 1.038607322754048767e-01 9.805070270796062415e-02 1.106756926715471712e-01 1.107017201717103855e-01 8.550694869701405687e-02
9.079673643264249416e-02 1.168700233108734970e-01 7.383751274558029987e-02 1.168689491698120114e-01 9.176215176761273740e-02 9.680361322486671916e-02 1.022111022557258553e-01 1.166745565794554129e-01 1.167384567240367099e-01 7.743689778939420731e-02
9.089434116886990767e-02 1.140828001354481647e-01 7.514382835445537756e-02 1.162897994650400335e-01 9.276237736098198738e-02 9.760180739998716715e-02 1.003188969218872795e-01 1.159714659184283292e-01 1.160623389529820415e-01 8.087234432191964251e-02
9.188932661533708024e-02 1.155748699659671086e-01 7.331618087414733254e-02 1.181547997902763769e-01 9.037749576268769292e-02 9.769616923549238885e-02 9.970090767789008268e-02 1.178346431003555600e-01 1.179387347483746712e-01 7.751687222947171996e-02
9.355473894778060240e-02 1.041565106033004312e-01 8.499777475101728819e-02 1.043551111172843771e-01 1.047359926184546486e-01 1.046755794615745194e-01 1.061013077061951498e-01 1.042776474032024031e-01 1.042904636580524597e-01 8.885487373313814830e-02
9.571013751360665789e-02 1.165039556552875666e-01 8.590503538991225985e-02 1.085304341124505301e-01 9.442047287685148560e-02 9.849918590682062158e-02 9.749828328272809597e-02 1.084982813882335584e-01 1.085314021178447885e-01 8.590281175626442167e-02
8.326304543343449049e-02 1.324695020756551933e-01 7.417173071503681270e-02 1.142441351548712791e-01 8.317876618430014579e-02 1.080693797831504543e-01 9.667810613215528648e-02 1.140162830117196491e-01 1.140918937543591860e-01 7.981715775531747492e-02
8.638534388843061018e-02 1.272356393071759628e-01 6.661402778523604906e-02 1.184975216978838286e-01 8.979593776191506505e-02 1.066412528258007253e-01 9.826566670744002474e-02 1.182950542790597165e-01 1.183340032328564773e-01 6.993555251420155439e-02
9.289381718318971692e-02 1.102735574468596824e-01 7.797598074569221660e-02 1.175506575796188141e-01 9.356127197009411756e-02 9.136123484374328307e-02 1.019515081921340410e-01 1.173395335523884364e-01 1.173770915923705999e-01 7.971534689390906425e-02
8.781952945322178683e-02 1.301262444856509382e-01 7.477688903492632488e-02 1.168533279491974636e-01 8.740378422240717426e-02 9.792277930264023378e-02 9.476099168510930537e-02 1.166847793716646736e-01 1.167604029163521878e-01 7.689127157882991170e-02
8.771585103967773078e-02 1.270600246320210680e-01 6.965858396176577427e-02 1.190349745469765630e-01 8.612759883212503520e-02 1.003132889647571635e-01 9.647941216407639187e-02 1.188086855099496908e-01 1.189362736963148343e-01 7.586530665233580384e-02
9.164842879309421930e-02 1.214064965266450219e-01 7.604704344168304597e-02 1.140446274088224993e-01 9.044398255910351958e-02 9.865778049272173889e-02 9.916041102752903846e-02 1.138359899649321466e-01 1.138860971957611629e-01 8.086914258970759328e-02
9.028737817256998754e-02 1.209607211585721070e-01 7.443445285837954617e-02 1.150160876902281276e-01 8.994488009441094223e-02 1.032013780921339496e-01 9.894303192174194739e-02 1.147592082803700758e-01 1.148646511416263893e-01 7.758821058996696884e-02
9.217729800733147350e-02 1.159188073670244790e-01 7.861197990164510430e-02 1.164279723949990797e-01 9.032341700336804502e-02 9.479131512553300165e-02 1.009537947076873804e-01 1.162929030024669186e-01 1.163039301503995399e-01 7.819858233954493643e-02
9.046053073692179869e-02 1.174248455976055067e-01 7.341471983604325180e-02 1.162173154804952702e-01 9.112670613369387718e-02 9.957202784438151655e-02 1.006112209441892835e-01 1.159118338407869181e-01 1.159615561075526130e-01 7.929924347832992271e-02
9.051889475328385448e-02 1.134893664650313272e-01 7.167100428017786351e-02 1.152864041926005834e-01 9.494770588851966786e-02 1.014149313228825122e-01 1.032167361471235945e-01 1.150807941975324766e-01 1.151252956932235089e-01 7.924886705962461142e-02
9.049788525481966550e-02 1.127566588422894006e-01 8.209693399791416490e-02 1.121084833807177994e-01 9.188477775218120702e-02 9.927043186270462227e-02 1.029756873193938133e-01 1.120290863530036679e-01 1.120660727122971267e-01 8.431398252467851850e-02
8.894915570896305690e-02 1.190974041414199214e-01 6.629772862903166031e-02 1.205972471190863843e-01 9.128749976924252496e-02 1.005167833738013911e-01 9.928674212522500819e-02 1.204515786692356566e-01 1.204717474813658817e-01 7.304411298262854235e-02
8.835537878544193202e-02 1.117201028855106110e-01 7.372854270413047029e-02 1.211101651534142315e-01 9.122916322185821436e-02 9.376185819418193790e-02 1.013215011889286865e-01 1.208676436202688609e-01 1.209473842238002472e-01 7.695826002246483610e-02
9.272474103236616472e-02 1.169440603420441038e-01 7.790336745083140113e-02 1.106301660502478912e-01 9.448579082982376531e-02 1.014908208708120985e-01 1.013991248671803624e-01 1.105141410850565553e-01 1.105517428212852982e-01 8.335604465035242883e-02
9.117447785427873486e-02 1.166100942067913038e-01 7.612550447477893500e-02 1.086545713331423524e-01 9.389364759585391851e-02 1.054264931613151518e-01 1.046880932165651090e-01 1.085282741045819899e-01 1.085497849811600524e-01 8.634905907153245241e-02
9.686958511780481562e-02 1.074143857627484627e-01 8.609383560687837444e-02 1.019637549877733945e-01 9.763223224679035139e-02 1.078168654725757541e-01 1.042984798854349748e-01 1.019637558486052170e-01 1.020202735531847149e-01 9.392683151820394039e-02
9.133829031197901460e-02 1.147486280211171272e-01 8.104067906350441441e-02 1.124432519104123646e-01 9.253503578102151295e-02 9.973345401427721746e-02 1.019144632392862959e-01 1.122091041685028268e-01 1.122149541016941310e-01 8.182213938820506738e-02
9.475489073336972046e-02 1.057310168278180473e-01 8.089081526214318696e-02 1.111206969612544004e-01 9.717741118115272303e-02 9.957115047344008985e-02 1.056699941389981634e-01 1.108936823476319444e-01 1.109322546330030052e-01 8.325808744118869120e-02
9.564548804138110760e-02 1.150227613129830712e-01 7.960932887224289600e-02 1.086985080745927340e-01 9.265096957626084428e-02 1.023160791724754964e-01 1.008227210244636296e-01 1.083994119607718798e-01 1.084459186832899408e-01 8.838881328153844197e-02
8.560779068429998084e-02 1.266505208637967173e-01 7.476268988107845348e-02 1.157387039489615604e-01 8.934406595112802385e-02 1.017117981820536282e-01 9.720063256488814529e-02 1.155054852842435087e-01 1.156008816159456998e-01 7.787743102360424052e-02
8.760843813698108995e-02 1.221303443914182885e-01 6.744863464649772378e-02 1.188663740263635471e-01 8.992311455355288252e-02 1.010299958144867533e-01 9.963731614440322903e-02 1.186614475527148077e-01 1.186973867311290204e-01 7.599694800245264392e-02
8.382387715871686407e-02 1.303812601608210775e-01 7.289574951861040042e-02 1.162450041664521289e-01 8.606094655471169252e-02 1.032755410803221641e-01 9.678271694737074216e-02 1.160508280422907490e-01 1.161922497690570932e-01 7.829182660164710206e-02
8.524337909031945437e-02 1.270789273871327230e-01 6.886159483472729936e-02 1.182763278969673343e-01 8.567477310739657348e-02 1.036475620187117391e-01 9.565756709968950555e-02 1.181386663785837787e-01 1.182028333699715605e-01 7.921836881650005935e-02
9.191587601042375266e-02 1.138953755223377634e-01 7.508666755787136993e-02 1.167239546964301128e-01 9.211218083092753695e-02 9.735562109122015972e-02 1.009888055553207625e-01 1.165341254979386232e-01 1.165774571260008580e-01 7.880993611152906086e-02
9.171214709835548429e-02 1.139273712257332372e-01 7.979210489950637475e-02 1.098330670024496580e-01 9.642099048586326437e-02 1.041540154954579411e-01 1.031062579691883890e-01 1.097175194859335845e-01 1.097704228112341418e-01 8.156610352627796656e-02
8.901315494120862204e-02 1.251436026050856132e-01 8.104553235622925789e-02 1.136764766268091031e-01 8.816258427786652363e-02 9.752125184398417745e-02 9.808510930584866949e-02 1.134972965829523228e-01 1.135785334300589422e-01 8.027645802995676816e-02
9.300809000824612760e-02 1.092218330463409492e-01 8.146379043189101721e-02 1.083110785654009117e-01 9.576966670392897396e-02 1.056957471966452483e-01 1.045265097409625726e-01 1.082577744206172643e-01 1.083400760793529899e-01 8.540543380661395900e-02
9.238383859784624064e-02 1.187514462879516036e-01 7.879520318324943762e-02 1.136326795991115801e-01 9.226838195369402307e-02 9.772742243812169993e-02 9.810522538981178431e-02 1.133330229788666182e-01 1.134019618895307641e-01 8.160081768181629003e-02
9.184985150712862700e-02 1.140372726898955524e-01 7.731014076760574227e-02 1.129562001834498730e-01 9.472628417588049854e-02 9.807797250919808585e-02 1.024651111473608434e-01 1.126926422252350346e-01 1.127226429683604453e-01 8.316188182588526989e-02
9.530422622981721270e-02 1.172471949273198449e-01 8.592878735639924992e-02 1.090986841298086790e-01 8.840089288580603444e-02 1.003513876728041876e-01 9.679203792840923581e-02 1.090500199942177478e-01 1.091282940373908689e-01 8.869847483802696664e-02
9.211755737396039312e-02 1.062477803319380465e-01 7.606357817697047274e-02 1.188919446889856318e-01 9.322192975376222823e-02 9.104008237045720098e-02 1.027594695134978336e-01 1.187781412612919085e-01 1.188190153603728566e-01 8.206050116876344169e-02
8.732306005764295387e-02 1.131818909490597547e-01 7.369167926836306393e-02 1.170378453281183950e-01 9.314941157064784982e-02 1.017887677240030125e-01 1.005785061909993533e-01 1.168692822125180497e-01 1.170175917324493969e-01 7.936196496619828122e-02
8.911583167640083070e-02 1.196279952121056256e-01 7.608741747835617852e-02 1.140930621439576048e-01 9.029113821699051579e-02 1.027438532002776933e-01 9.684385119805442865e-02 1.138692687243797741e-01 1.139240647372902482e-01 8.340351741218707260e-02
9.110247226534071152e-02 1.184747805297996087e-01 7.401090919780561883e-02 1.136949650235947601e-01 9.270179913742401800e-02 1.018391749052988265e-01 1.003573561869322561e-01 1.135313424927490988e-01 1.135522950448820262e-01 8.073490521617315840e-02
9.364954981863637951e-02 1.077575750249827463e-01 8.360798007055562919e-02 1.136748324819517736e-01 9.394735877315596451e-02 9.469863805464695528e-02 1.026848708417265471e-01 1.135663498093639201e-01 1.135675519254309984e-01 8.284529319954905824e-02
8.833506855355387211e-02 1.237133469103235683e-01 8.003080226801018160e-02 1.070210333612547221e-01 8.958414353032788380e-02 1.085747944040676982e-01 1.004429984872342863e-01 1.069508815030883603e-01 1.070344965396787251e-01 8.831243444246072993e-02
9.003566156309933399e-02 1.233906981222686605e-01 7.430122829703229848e-02 1.146227304757730520e-01 9.077666071743341336e-02 1.011845826544751359e-01 9.813832085339316280e-02 1.143626055539182923e-01 1.143942388195658827e-01 7.879327294304074025e-02
8.846869007320698475e-02 1.211755785046944034e-01 7.464710365007623527e-02 1.137912229403844622e-01 9.184540982664710085e-02 1.053188403041197957e-01 9.740077201703536969e-02 1.135381287185395494e-01 1.136435140885968254e-01 8.017073987669930124e-02
8.459434540553810444e-02 1.229998499899623426e-01 7.001374614015286324e-02 1.178625292923714263e-01 8.867175923985015640e-02 1.048111324529682198e-01 9.844158622355203558e-02 1.176697934830563674e-01 1.177823815772383736e-01 7.715287619531006891e-02
8.623149916135730564e-02 1.274514353375590658e-01 7.281260256011948262e-02 1.163673585892656404e-01 8.739498313932514417e-02 1.018151067218250466e-01 9.556833732170436080e-02 1.162467170107967518e-01 1.163375137362324535e-01 7.977444642181477641e-02
8.733977438513164382e-02 1.219819824891810733e-01 8.054664804258640509e-02 1.156793484976779279e-01 9.197906352753067172e-02 9.581039327345625134e-02 9.782658925209163081e-02 1.155688794137900155e-01 1.156707200973578487e-01 7.759660102119651792e-02
8.608558119247312901e-02 1.207749945359392896e-01 6.990826155958825006e-02 1.195988333728868341e-01 8.747457179876239053e-02 9.949908530049031419e-02 9.823937150890418857e-02 1.193959859684038116e-01 1.195329382952869807e-01 7.949037646726479778e-02
9.170228872020123878e-02 1.227061275783389999e-01 7.869556732884495920e-02 1.104273668011594017e-01 9.049965059342088280e-02 1.026637858413159132e-01 9.884741761753884637e-02 1.101623023411255342e-01 1.102081944034208755e-01 8.408729877463336222e-02
9.713976039605892732e-02 8.992526400519662566e-02 5.123408487088250418e-02 1.392931327303346123e-01 9.813338059510988420e-02 7.567932857683874748e-02 1.172586018657330170e-01 1.386693246992844741e-01 1.383016054744517220e-01 5.436551678610956895e-02
9.151968625479500741e-02 1.136573466972978508e-01 7.294953611079198208e-02 1.135960437086570018e-01 9.454561991245882813e-02 1.030410083785230080e-01 1.039160587752910730e-01 1.133956615199329804e-01 1.134590457326697388e-01 7.991999290958247404e-02
9.158912060911167385e-02 1.149299761694956984e-01 7.599908006561947871e-02 1.154978716617117845e-01 9.367136099704162500e-02 9.912729230361624899e-02 1.010988587979385761e-01 1.152302850865749850e-01 1.152644027465195009e-01 7.759175156237041460e-02
9.178060743488369866e-02 1.172993463752719789e-01 7.633585971534175008e-02 1.145732171414362982e-01 8.950323602427069647e-02 9.657030961880214148e-02 9.906919567693317497e-02 1.143911406229834171e-01 1.144697538376790030e-01 8.600733355239788269e-02
8.932421133779885891e-02 1.263400375091890682e-01 7.321201810260999365e-02 1.163871611989754085e-01 8.556295192352177115e-02 1.015408881496688842e-01 9.439187011335795074e-02 1.161924604445984249e-01 1.163218526177094564e-01 8.072654860257018339e-02
8.700335920360532938e-02 1.188278685837132059e-01 7.242188884110056790e-02 1.193816135744679291e-01 8.977742814250305736e-02 9.978959069739376520e-02 1.013811306051724259e-01 1.190985053357903889e-01 1.191592424751172774e-01 7.315937254113605293e-02
9.023278931023469285e-02 1.152012204774221782e-01 7.402074170203488956e-02 1.143261037894391652e-01 9.446555149077405511e-02 1.029036290545530113e-01 1.012519271645912350e-01 1.141658610917093419e-01 1.142475177864732960e-01 7.918465813276813481e-02
9.154203790344114799e-02 1.198744466226513844e-01 7.004520326211664816e-02 1.171165791613674179e-01 9.223269712673010101e-02 9.943941045896920183e-02 1.013817443760502424e-01 1.167914057826767993e-01 1.167801990855818761e-01 7.479627622041518098e-02
9.258017975969397295e-02 1.198608158251217998e-01 8.240230851122241906e-02 1.110838123523867071e-01 9.358747601893835366e-02 9.659616243793182899e-02 9.671324366638497927e-02 1.109004811725823741e-01 1.109737312411826216e-01 8.530178901455492957e-02
8.934955743581569909e-02 1.233644324999448871e-01 7.216924151604328652e-02 1.155245706707398179e-01 8.963716712285405008e-02 1.015051340051495998e-01 1.005461167958079799e-01 1.151522362392596310e-01 1.152051303728700155e-01 7.754641334151503307e-02
9.187608277451679573e-02 1.153064496805226297e-01 7.992888996616454023e-02 1.110618013687661998e-01 9.548691991378420452e-02 1.015119799551296442e-01 9.957718614646435262e-02 1.108757071968616281e-01 1.109324829186799921e-01 8.344250007911005462e-02
9.141736969630774590e-02 1.060360305329616781e-01 7.220264751550921345e-02 1.218425197446337815e-01 9.045947746990111449e-02 9.285599896655333252e-02 1.042754138327568886e-01 1.216001048979659938e-01 1.216586250424647325e-01 7.765181230094551912e-02
8.908369492425538549e-02 1.183480686853462666e-01 7.389091533659475353e-02 1.146063564044066674e-01 9.429916042003919086e-02 1.026558533521090694e-01 1.016758370194432437e-01 1.144171382947835741e-01 1.144412295175046140e-01 7.658174604551722109e-02
8.512598822032704793e-02 1.281930422348616649e-01 7.373683475207930271e-02 1.141611550056983587e-01 8.939849716931323742e-02 1.060595630756156899e-01 9.735501875525728877e-02 1.139027164156179578e-01 1.140036557099509268e-01 7.806352866127853896e-02
9.364676774269493909e-02 1.120738277087400675e-01 8.003961014093941007e-02 1.070727116358836106e-01 9.835887034606446977e-02 1.043097476081808056e-01 1.044752376035947006e-01 1.069772239391522384e-01 1.070320593986011232e-01 8.601394387614867687e-02
9.062721101903017940e-02 1.174957403185150073e-01 7.501387937226033920e-02 1.163071628248517342e-01 9.034757904226926872e-02 9.678936174730930209e-02 9.947542884106706784e-02 1.160786289574175650e-01 1.161533356808391454e-01 8.171167219644039081e-02
9.074546039113659535e-02 1.096090507456683599e-01 8.110641205116944641e-02 1.148169025905006052e-01 9.052535520417949455e-02 9.932250412100458725e-02 1.031086154827807883e-01 1.146407355842344183e-01 1.147149685286803361e-01 8.140999530064535472e-02
9.251010837691128752e-02 1.145852421557517903e-01 8.022999180894826998e-02 1.156092445218207948e-01 9.222973856636644541e-02 9.445375677403894388e-02 9.967900163691337245e-02 1.154110480036312780e-01 1.154600550950338200e-01 7.983181306058399762e-02
8.944693783577679913e-02 1.210324282909845811e-01 7.714101727498393068e-02 1.077494508915707722e-01 9.382522026093734202e-02 1.119144101285233089e-01 1.041634182739608894e-01 1.076316087864347959e-01 1.076799191342258794e-01 7.941558912260172909e-02
9.091248750232067133e-02 1.199060326224614392e-01 7.762776984057433161e-02 1.146698246238539165e-01 9.032283511820121680e-02 9.737094075155983131e-02 1.016393622067544578e-01 1.144657368418234150e-01 1.145546839320224913e-01 7.853032656042815973e-02
8.942898049916651881e-02 1.306344709498336865e-01 8.011262131260134256e-02 1.128909606141970806e-01 8.845075794018442128e-02 9.934808476928196075e-02 9.657945832641220973e-02 1.126954089520382646e-01 1.127644836578856891e-01 7.709477297839888166e-02
9.338248439347168750e-02 1.157110522614554354e-01 7.944394860038284101e-02 1.136019466151815954e-01 8.733351622616476739e-02 9.966400062400943005e-02 1.003552430805227796e-01 1.134413581019660527e-01 1.134781233506231002e-01 8.358832674622232450e-02
9.071025504964067010e-02 1.138549108495728324e-01 7.253425059679927123e-02 1.183212551969081983e-01 9.504588932999254169e-02 9.521432109160400670e-02 1.009374883574210569e-01 1.180792132554360635e-01 1.181118620553700399e-01 7.719055421725525001e-02
9.030685164668103559e-02 1.158095551469958545e-01 9.021171566956498467e-02 1.068672909292627121e-01 9.386532243040959789e-02 1.060949037504535369e-01 1.025388842265394229e-01 1.068013897132695511e-01 1.068692678008422298e-01 8.063481868598104674e-02
8.843800210988597699e-02 1.283824509537933867e-01 7.613052175083168116e-02 1.148955801857737963e-01 8.624811929958632606e-02 9.948398785807135991e-02 9.580158896545779013e-02 1.146844512238262004e-01 1.148242726596787056e-01 8.111102499309480462e-02
9.146533177601051667e-02 1.205989461451494604e-01 7.010573800262576150e-02 1.187950213279115458e-01 9.277468882878926737e-02 9.471831482046132178e-02 9.872388261207057369e-02 1.184968253644773789e-01 1.185115620740082032e-01 7.580968904849598455e-02
9.437734816110715519e-02 1.123479026556420679e-01 7.367083427995699263e-02 1.176822863893186716e-01 9.441645180775719293e-02 9.412352228587549108e-02 1.019996202232699295e-01 1.174502960401384993e-01 1.173923918094436220e-01 7.653934634749033628e-02
9.045430230719536668e-02 1.211886717834845806e-01 6.920934263118347363e-02 1.182944718219266361e-01 9.181367055362682494e-02 9.841550908701594824e-02 9.835184238092865849e-02 1.179985581873173733e-01 1.179999438019676550e-01 7.627368744535349687e-02
1.005573217001685393e-01 1.019996760889764348e-01 9.271050738452635276e-02 9.731887573722315665e-02 1.032422856183144166e-01 1.073419627793269632e-01 1.057506303888587212e-01 9.741055802789079510e-02 9.739895578403580390e-02 9.626922649067878868e-02
1.037605981787782655e-01 1.088906112653874603e-01 9.468006122402389257e-02 1.018122233815032529e-01 9.549506877809602057e-02 9.915888565358506324e-02 9.497340510037509398e-02 1.018881336747125693e-01 1.018912446298246843e-01 9.744976811371373893e-02
8.671627765071446281e-02 1.203940112792691031e-01 7.767510053043011342e-02 1.105956379972247855e-01 9.086307429355885978e-02 1.081434124816564452e-01 9.789808375566447229e-02 1.105050125726571436e-01 1.106299846110858215e-01 8.657940482773882063e-02
9.118000026633830968e-02 1.166028705580435532e-01 7.722626253587128176e-02 1.124327436560251525e-01 9.322734459843104449e-02 1.017227287477558556e-01 9.861808176469222254e-02 1.122906570823765243e-01 1.123623132979601896e-01 8.433699749250588018e-02
8.976858263795374493e-02 1.256638733785812867e-01 7.360973861206382418e-02 1.133496575411920559e-01 9.210573539004013321e-02 1.049602881499801521e-01 9.746615254172884268e-02 1.131422810787958699e-01 1.131799417897763338e-01 7.675374887988775652e-02
9.249314355605434135e-02 1.115238857666885075e-01 7.943958651018534489e-02 1.136478217567192806e-01 9.203279967106978154e-02 9.639828706428395233e-02 1.004566622637694112e-01 1.133696988154011959e-01 1.133807791718234592e-01 8.725733542400469778e-02
8.926932578963592269e-02 1.171851250114948062e-01 7.322395589484072265e-02 1.164360326668160139e-01 9.244748537543062694e-02 1.019388710694453942e-01 1.022748299404609568e-01 1.161823305154548042e-01 1.162168754827241496e-01 7.482516825369658897e-02
9.130881288887800207e-02 1.146386780133281241e-01 7.688125801828234185e-02 1.139209888693341610e-01 9.160348508220153563e-02 9.850297802533364289e-02 1.016956841734084488e-01 1.138161007482394044e-01 1.138502563406593587e-01 8.378175784033499440e-02
9.260697755273336607e-02 1.135650551183735452e-01 7.320665751776046781e-02 1.178286129220257467e-01 9.358404480516512025e-02 9.436441290632492651e-02 1.036186460059412145e-01 1.175229840479459498e-01 1.175315766011289370e-01 7.617103252260069846e-02
8.829015632437926808e-02 1.169060783173080653e-01 7.169345424985731907e-02 1.199379393737693977e-01 8.655922755147014980e-02 1.024200942352923721e-01 9.775719281249675707e-02 1.197777889437054433e-01 1.198998193503865578e-01 7.675824884133468362e-02
9.196249938630182696e-02 1.169556256372849129e-01 7.784225049334338176e-02 1.103131922001913540e-01 9.304249346137899446e-02 1.055171021478497062e-01 1.036208040531671620e-01 1.102426597654638935e-01 1.102483007513376662e-01 8.025507210368115762e-02
9.137227792703017659e-02 1.155565436012906538e-01 7.347168902189782358e-02 1.182771999137963576e-01 8.904584737451663734e-02 9.599873911745816779e-02 1.017850615116540208e-01 1.180174842494964432e-01 1.180300884089439672e-01 7.844506887391580752e-02
9.142610969851124036e-02 1.181903489812951152e-01 7.667933217712684379e-02 1.128183189948541582e-01 9.203892019268061775e-02 1.004761415723295082e-01 1.015656738196321213e-01 1.125404436483188886e-01 1.125788737323028255e-01 8.168583718294866736e-02
8.991488714200791821e-02 1.221926039605297776e-01 7.416379966081410036e-02 1.152687450929288093e-01 9.147139694886359529e-02 9.771456162629359177e-02 9.906975760282422938e-02 1.150235391458726830e-01 1.150905870005723280e-01 8.009012181929298091e-02
8.820888776600280257e-02 1.244243167129484989e-01 7.932431786741037105e-02 1.172102413208999522e-01 8.890336087870012727e-02 9.432346081688802730e-02 9.551866352104573799e-02 1.170861166177132873e-01 1.172319944220831522e-01 7.776864007630802933e-02
8.803037440515669443e-02 1.241749786861944121e-01 7.624382670158759423e-02 1.138782152601053033e-01 8.627357352012977876e-02 1.026971571886677037e-01 9.714782895702693544e-02 1.137258113740985677e-01 1.138304829325524625e-01 8.399775097448054784e-02
8.761964726795218317e-02 1.318988382694730732e-01 7.009464187750695519e-02 1.162990259962795175e-01 8.877647515649518539e-02 1.007315631072039780e-01 9.555492881080285272e-02 1.160378078771963500e-01 1.161054233534287716e-01 7.688164828366111925e-02
9.601520855040689140e-02 1.045030233227586536e-01 7.809246185772343585e-02 1.148224825726135295e-01 9.639303784246659734e-02 9.317757821336378199e-02 1.026534196078285194e-01 1.145201831468125736e-01 1.145384361597969053e-01 8.528416872622908429e-02
8.839259891656908730e-02 1.204513312405950110e-01 6.807294173309916263e-02 1.218919003218543878e-01 8.655432923904721187e-02 9.630365405410643009e-02 9.798470151299934483e-02 1.216240007130755807e-01 1.216455102824633011e-01 7.707903198619053819e-02
9.543810278099579270e-02 1.064814814509282836e-01 8.592401175453033557e-02 1.115071754369505175e-01 9.438511753327237519e-02 9.427797473137575213e-02 1.025372943086608202e-01 1.113519871065091066e-01 1.113517541604885641e-01 8.674510073628850793e-02
9.563437050369028025e-02 1.104449275191796975e-01 7.843737732048407241e-02 1.119793975754763832e-01 9.207354808028983539e-02 1.007040687314037647e-01 1.018719158885442871e-01 1.118007595958823708e-01 1.118260698581151347e-01 8.522756492693414621e-02
8.417864234340627361e-02 1.403531075403501860e-01 7.352569116939702831e-02 1.152946710251080004e-01 8.543880695627673050e-02 1.028124739759571082e-01 9.352796349832978584e-02 1.151145741811745865e-01 1.152453390165226882e-01 7.450873029347754306e-02
9.588039585135262055e-02 1.147634577786373761e-01 8.700842077510605177e-02 1.093259922134186546e-01 9.009938491868016430e-02 9.718487354402485789e-02 9.710696106381294657e-02 1.092080188357242437e-01 1.093051077301193247e-01 9.011738728912377372e-02
9.703067848675062113e-02 1.021454702838645867e-01 7.991530743874970810e-02 1.163394562651510478e-01 9.058119742400537466e-02 9.424365722186769934e-02 1.018232039350958212e-01 1.161343305575175677e-01 1.161930642083365134e-01 8.559363417866104606e-02
9.052106815425584041e-02 1.198309103272571369e-01 7.466007828686831160e-02 1.118364211897059091e-01 9.327010873698407534e-02 1.043849463065755767e-01 1.035027194819447688e-01 1.116467781897995531e-01 1.116921106707342431e-01 7.865485865587455716e-02
9.215176643091078923e-02 1.146476670732311520e-01 8.212263799357567839e-02 1.117966287461599484e-01 9.177641160617978910e-02 9.788611164869295833e-02 9.858692345725537931e-02 1.117831092435760537e-01 1.118451336296201748e-01 8.740361017079806283e-02
8.650768362880285889e-02 1.311538254422584537e-01 6.938854664147471596e-02 1.155241895109123396e-01 8.724224763323666643e-02 1.060641783240170305e-01 9.633972240155459776e-02 1.153246274100684921e-01 1.154537465114089112e-01 7.700123249626596167e-02
8.870526572485680494e-02 1.201975358349978429e-01 7.269931375235585969e-02 1.165715131488766210e-01 8.944815109192731650e-02 1.014634289572884929e-01 1.021152341177039985e-01 1.162992623750848525e-01 1.163638474445316262e-01 7.613644755237658490e-02
9.319135060593244924e-02 1.189754973054779896e-01 7.736523111139714803e-02 1.096439118456561529e-01 8.673448305875551545e-02 1.061545878200343407e-01 9.695030488306062566e-02 1.095179191653299910e-01 1.096166635320792032e-01 9.185005067227657027e-02
9.327804398251267337e-02 1.034454851418158267e-01 8.487523395447550689e-02 1.088380084298246897e-01 9.345410499671258364e-02 1.007947229006869727e-01 1.072905529050893203e-01 1.088530755016665630e-01 1.089422213534061851e-01 9.022855083380962316e-02
9.513879364227623148e-02 1.055817052588095550e-01 8.068432798350409774e-02 1.160632949289313182e-01 9.474778300229984296e-02 9.421828685219328647e-02 1.014560412829344366e-01 1.159381451770074845e-01 1.159955469369450681e-01 8.017607493509863736e-02
9.029797175717446667e-02 1.219010109649078938e-01 7.684978252604514337e-02 1.098913705871216312e-01 9.565456021962404076e-02 1.045838755996384983e-01 1.007687304185285460e-01 1.096999698790681738e-01 1.097299890523445592e-01 8.062273899554701917e-02
8.946808283816704011e-02 1.173311473109182740e-01 7.471480824652597386e-02 1.173914101872715887e-01 8.756378716237114834e-02 9.800849956437029942e-02 9.935481884798820496e-02 1.171099845288292862e-01 1.172191209269060758e-01 8.183834038665213639e-02
9.227186669557903287e-02 1.199233298547733584e-01 7.064566784238730801e-02 1.153947915080999059e-01 9.220189549528863548e-02 1.037201472862944174e-01 9.973879088436672646e-02 1.150272512832991728e-01 1.150544229665225182e-01 7.602183618338889670e-02
9.378244963691906300e-02 1.114483872265503023e-01 7.977486954268782349e-02 1.129717038014997482e-01 9.394563160425203896e-02 9.676209727912143954e-02 1.022582356939142345e-01 1.127902747557263802e-01 1.127976792035453590e-01 8.346867125578359692e-02
9.215706221756204963e-02 1.058787743543014442e-01 7.632696031254060376e-02 1.202922836900237186e-01 9.326043348012244549e-02 9.271933996523828991e-02 1.017101480311645295e-01 1.200172423126982385e-01 1.201040805296366143e-01 7.753367510671207996e-02
9.010041482376600352e-02 1.132542265840551510e-01 7.786522182149996363e-02 1.136916144625004510e-01 9.446470416808741555e-02 1.006957333336452737e-01 9.996550579259198821e-02 1.134598032779686322e-01 1.135712787470019025e-01 8.293149698888321875e-02
9.354792508174265830e-02 1.122235633277652300e-01 8.280291603513798004e-02 1.109808616640756973e-01 9.564329849664816863e-02 9.846781412437330405e-02 1.031357613903490511e-01 1.107868194496646058e-01 1.107934882587412878e-01 8.161755217150205854e-02
9.416964958201939906e-02 1.131445411260925682e-01 7.793703278716226923e-02 1.130827311534920443e-01 9.561562824651848036e-02 9.745670213462710729e-02 1.012727930149491667e-01 1.129216469725493610e-01 1.129081864465538987e-01 8.149108853603576064e-02
9.356360449572052873e-02 1.144333559977353948e-01 8.161358901688947620e-02 1.125911323874325687e-01 9.178727380571100047e-02 9.489803147673668560e-02 9.944014633638968703e-02 1.125562007325530273e-01 1.126113116478031084e-01 8.650535410302846728e-02
9.376634432068031710e-02 1.079637320407227791e-01 7.901360558516908050e-02 1.173541626637245733e-01 9.375418500456181303e-02 9.273729182079659683e-02 1.019234406307545776e-01 1.172719674519332733e-01 1.172978991330239917e-01 7.891737134863298364e-02
8.848970864618496690e-02 1.228169739637868241e-01 7.736735940750953666e-02 1.169345336523774093e-01 8.721504185470541071e-02 9.959565680814282118e-02 9.431938758781445442e-02 1.167043862449150676e-01 1.168240312359602878e-01 7.973292059860326297e-02
8.371793852605137476e-02 1.361749119678030973e-01 7.344682145634462422e-02 1.129913050744853348e-01 8.422907550116397191e-02 1.110775585843444963e-01 9.420387534756761994e-02 1.128114176044685280e-01 1.129472640589208599e-01 7.839983187885009308e-02
9.432322869778993202e-02 1.082923570204182145e-01 7.832744417557292727e-02 1.121688317565145421e-01 1.015003618713961747e-01 9.699112731368714213e-02 1.035967860021552722e-01 1.120815924053474438e-01 1.120960368259972667e-01 8.062223393112111225e-02
8.873187568798174274e-02 1.180714452530919750e-01 7.356297506779974071e-02 1.197106247606758156e-01 8.968514758211222626e-02 9.588948466554132744e-02 9.789656719933780005e-02 1.195740844190097824e-01 1.196292844607323852e-01 7.724851090371724627e-02
9.039435156262309867e-02 1.202150153501058555e-01 7.644918340387660272e-02 1.125216059784301670e-01 9.172000390997109287e-02 1.026968121753184665e-01 9.980091258202974935e-02 1.123329918981015307e-01 1.123365725053939723e-01 8.153255063414950599e-02
9.017161890377686784e-02 1.114184891393670829e-01 7.544418679975226083e-02 1.185690860663562857e-01 9.012240189397741075e-02 9.988807118152320808e-02 9.999740685424506059e-02 1.184621773999150335e-01 1.185324993330974658e-01 7.739406242798935187e-02
9.398518826889967759e-02 1.058514886248067277e-01 7.296173115154233613e-02 1.190864778955970649e-01 9.554201184269217606e-02 9.213068935559744210e-02 1.053717723076681712e-01 1.187418917485723313e-01 1.187293096074288901e-01 7.759943919719511363e-02
8.995321487685251083e-02 1.149114549456447670e-01 7.283312966445479320e-02 1.207233369524716021e-01 8.924074616985820663e-02 9.437256237902859335e-02 9.909267777023791912e-02 1.205972562095676409e-01 1.206472664268796874e-01 7.762835460500430718e-02
8.853942468722995895e-02 1.300265195228684778e-01 8.099732032351553146e-02 1.111648105750886600e-01 8.995486608239469661e-02 1.023983962641328294e-01 9.584982820768114808e-02 1.110237455832406295e-01 1.111356769884837697e-01 7.890941176536432622e-02
9.366228903103668291e-02 1.091603250159195598e-01 7.823012934273181063e-02 1.150334052353465947e-01 9.434542918478919238e-02 9.795790064914919326e-02 1.021312498470344221e-01 1.147837467141703538e-01 1.148338297944900832e-01 7.986169518533207945e-02
8.808651858607537133e-02 1.343597439555082595e-01 7.287360510192061880e-02 1.122758236396909776e-01 8.919904404047283852e-02 1.057133837586658048e-01 9.466839221300468732e-02 1.120739177272241649e-01 1.121341737690856322e-01 7.861539720835164502e-02
9.920580326786468395e-02 1.106736632646684593e-01 8.921847503140076241e-02 1.077394408249408991e-01 9.307239651398550861e-02 9.611212149389825043e-02 9.693975551077879671e-02 1.076873831461795383e-01 1.077455927082351522e-01 9.160536823804796280e-02
8.995331733950505393e-02 1.144397339375335942e-01 7.266005574745322548e-02 1.159390679304370536e-01 9.267275109247823106e-02 1.010762975618941795e-01 9.985794752702145671e-02 1.157224537095062900e-01 1.158447303188971517e-01 8.183364483527381938e-02
