1.385302267825119504e-01 9.482847572172788120e-02 9.054162035660354158e-02 9.473717741277550008e-02 9.409682774924908732e-02 1.077975695215984547e-01 1.029578879371149253e-01 1.208965211807591089e-01 7.702537737837672482e-02 7.858831595928285341e-02
1.497395676442165313e-01 9.138810685134972356e-02 8.809106053538594272e-02 9.125502032394876284e-02 9.195813083988173264e-02 1.040691528116940989e-01 9.787455434127360909e-02 1.217487039261054144e-01 8.249524363482850509e-02 8.138045909131563782e-02
1.306371693514793986e-01 9.551029952674466861e-02 9.016179806469526437e-02 9.541218914743933299e-02 9.351195519368946107e-02 1.054687854085619714e-01 1.011234856654723430e-01 1.194722713991158147e-01 8.382536859808667473e-02 8.487667764471504284e-02
1.493573829824529908e-01 9.151320364186205092e-02 8.811775964533659355e-02 9.137733625020272310e-02 9.201802354323489197e-02 1.078052872074368590e-01 1.026683406558105277e-01 1.207379164324185739e-01 7.838511121437062579e-02 7.801963842687417716e-02
1.471529420877306649e-01 9.107145342661113196e-02 8.849949163846643208e-02 9.102551372965085597e-02 9.237868608921136204e-02 1.081654618014639968e-01 9.885617999054556460e-02 1.260799296555005222e-01 7.795520208360309788e-02 7.881513949721634382e-02
1.379426196556628459e-01 8.988278607453412117e-02 8.983299139814863998e-02 8.995671197859105017e-02 9.206735453824034521e-02 1.090991714806925361e-01 9.401358238663486133e-02 1.126678096879678709e-01 9.286577757140679346e-02 9.167119522812096355e-02
1.420325657253188045e-01 9.299611406699642702e-02 9.053714940706532321e-02 9.293354685214004485e-02 9.285877193511404837e-02 1.057703930843793827e-01 1.046403540149521694e-01 1.253811857027290200e-01 7.566397132811711335e-02 7.718594788318763888e-02
1.279870941105766269e-01 9.307648427133104196e-02 8.916549743306236009e-02 9.296442492162010351e-02 9.586972559411213735e-02 1.108317519279480162e-01 1.011897261603144915e-01 1.223432182299631077e-01 8.269631826713874645e-02 8.387575908393334057e-02
1.356880724898513468e-01 9.403545375092282887e-02 9.158078315291062754e-02 9.391377210009935195e-02 9.414535679826906145e-02 1.038099737966790004e-01 1.005789931794522779e-01 1.175984603525697531e-01 8.321868228351306240e-02 8.543045209573268961e-02
1.527296385415052582e-01 9.080588934109272425e-02 8.759406960429175215e-02 9.067653448839256558e-02 9.212842324484804557e-02 1.025878944276210486e-01 1.007554338376236147e-01 1.207773431276809029e-01 8.154202044019082107e-02 8.040275294675329476e-02
1.514499541361131740e-01 8.859940504502109015e-02 8.753670023276151346e-02 8.848306943599408558e-02 9.090906223546940668e-02 1.047899073633971473e-01 9.916067294678389266e-02 1.249166864769918062e-01 8.257026061309523379e-02 8.158428151437263631e-02
1.455285826907722346e-01 9.251950410056464236e-02 8.618096604039962583e-02 9.234119805776871970e-02 9.077526108377637071e-02 1.073796353160833411e-01 1.020402414219021836e-01 1.272137716410345343e-01 7.820063155005531341e-02 7.782020809764307601e-02
1.564224413144775505e-01 8.833046048215656421e-02 8.675300715509369487e-02 8.831834263456674050e-02 9.091111069713932180e-02 1.098412639067691265e-01 9.972160198242939477e-02 1.155796692095772543e-01 8.262077307995913111e-02 8.150132953783126299e-02
1.638985330617429848e-01 8.863004173781460771e-02 8.349262551655516063e-02 8.848148824026660919e-02 8.901803806964479759e-02 1.092061235463414048e-01 9.986051858874414600e-02 1.256059541462240803e-01 7.646102783000711944e-02 7.534564926265911733e-02
1.602232247825549349e-01 8.978840545784119720e-02 8.646659546461626933e-02 8.968512453756788405e-02 9.062299190839000207e-02 1.091841322299745703e-01 1.005676126271003584e-01 1.242282378901503753e-01 7.470919871620654296e-02 7.452447638559790699e-02
1.523414039770493444e-01 9.134850149235272665e-02 8.586532861756970836e-02 9.124400160162286777e-02 9.001330084292817613e-02 1.061014489631134511e-01 9.936713180897664699e-02 1.261111191260220754e-01 7.808797974945544396e-02 7.951978382090957309e-02
1.421511525047863267e-01 9.214634782435077165e-02 8.615732267273777667e-02 9.200658499149264036e-02 9.294234780367648108e-02 1.067145733506595084e-01 9.959925485976434123e-02 1.186101060872443019e-01 8.585685482660068701e-02 8.381545507868723432e-02
1.303817986669052464e-01 9.696159999093265092e-02 9.420425779393321042e-02 9.675174022667910878e-02 9.598383758784558017e-02 1.048749854615850102e-01 1.038042334857087884e-01 1.192081680176776959e-01 7.973474815753749112e-02 7.809463061119521765e-02
1.624139943874655101e-01 9.010491754755033111e-02 8.661486581793045869e-02 8.995444845002206757e-02 9.150534643633760623e-02 1.055998076685350784e-01 1.026365117123097248e-01 1.247424485474321609e-01 7.332555307505825293e-02 7.310210635735876761e-02
1.578758078838138623e-01 8.789530450533471206e-02 8.493436466297085707e-02 8.780732013531981905e-02 9.147835939017527618e-02 1.088861941840808534e-01 1.001994807821883632e-01 1.204246621703243675e-01 7.943638684657584881e-02 8.106211943921606822e-02
1.496606989086138317e-01 9.055718795572077762e-02 8.754485495108477178e-02 9.045877658784441666e-02 9.251360961152915729e-02 1.065040607966221964e-01 1.006546247075786049e-01 1.262253836758224501e-01 7.687525115817810117e-02 7.900555164700563682e-02
1.274268489474739974e-01 9.388710584621023925e-02 9.038692279922409811e-02 9.372403559583677990e-02 9.459253868732786508e-02 1.082136844142269905e-01 1.016210578784701724e-01 1.201264350233757355e-01 8.561300252132925115e-02 8.440836828652489854e-02
1.397159489068448557e-01 9.348138028145022704e-02 8.801175416412441999e-02 9.337823058229466344e-02 9.250815819947642848e-02 1.058673778910367153e-01 9.871696166523288851e-02 1.216190496374222330e-01 8.161190853538267953e-02 8.508923013673487523e-02
1.480181435208012264e-01 9.093025349473382590e-02 8.701905795623827988e-02 9.080757531059989451e-02 9.357773733195659527e-02 1.076649703521369156e-01 9.958800292237787732e-02 1.233847086655891767e-01 7.977036882971838549e-02 7.923918161584785069e-02
1.609688136092994881e-01 8.977932213600481326e-02 8.591825503478606185e-02 8.973109587675238974e-02 8.969619117542165787e-02 1.042958575865948201e-01 9.634134787511171305e-02 1.189999921696600349e-01 8.113753690302133448e-02 8.313158763334768664e-02
1.766086162672027005e-01 9.026662104951967136e-02 8.529918475541993506e-02 9.011122129518059354e-02 8.913225722776046966e-02 1.050838619693052062e-01 9.973503300106018044e-02 1.235021077674108569e-01 7.011717455339668004e-02 7.014392211374369246e-02
1.237017548837614916e-01 9.640811413527539120e-02 9.184233432751214010e-02 9.628494988117848596e-02 9.525441018231781132e-02 1.068143749460745279e-01 1.018953376718097492e-01 1.200104045714957407e-01 8.356655546083498198e-02 8.422176393973966613e-02
1.359625762842292251e-01 9.402268756667192529e-02 8.996240004560966674e-02 9.399367510001015169e-02 9.321667307548898995e-02 1.027297458425204812e-01 1.050672595113326252e-01 1.183558402930124931e-01 8.217893284234308038e-02 8.451020943878136127e-02
1.472456521901030213e-01 9.065356410003885812e-02 8.865073442946820592e-02 9.055239892743330299e-02 9.156754324491302166e-02 1.064754656118243742e-01 1.011769936011484572e-01 1.211025864208760822e-01 8.155832030294338231e-02 8.101674117125126640e-02
1.366351193389044039e-01 9.299135276464647049e-02 8.870969400771394620e-02 9.288964903742195911e-02 9.176355543368311385e-02 1.072805724424700236e-01 1.006218746835590427e-01 1.164661769012021314e-01 8.719114957081636197e-02 8.545085581958257459e-02
1.581620479865321893e-01 9.002358410461976101e-02 8.668090770699857228e-02 8.994473100836834767e-02 8.980964093189547359e-02 1.069195027995360481e-01 1.011418328919101856e-01 1.246057234549267229e-01 7.717356398347582913e-02 7.553846513173685662e-02
1.414128007592603264e-01 9.298561483715263309e-02 8.765058090558155990e-02 9.283004686124174398e-02 9.242529115259255634e-02 1.069559391891225231e-01 1.018354708296687200e-01 1.214073978210145899e-01 8.216742868775803177e-02 8.032942895660734328e-02
1.494886177680934958e-01 9.066250112351000034e-02 8.754672737165294927e-02 9.052597515921209648e-02 9.321965778282438608e-02 1.078728982311846357e-01 1.009844767145425259e-01 1.217456741431703765e-01 7.913268372886290980e-02 7.882078797694661021e-02
1.241200780307641499e-01 1.036294346975726866e-01 9.303461961761033683e-02 1.035564808459520647e-01 9.381597538712799222e-02 9.821887667497768148e-02 1.063359451419571278e-01 1.062845589667095747e-01 8.499872061387031552e-02 8.600531002345804255e-02
1.356628085375208292e-01 9.172598305279665298e-02 9.101434753258841326e-02 9.172932107233089383e-02 9.411892204940079665e-02 1.098884310591400210e-01 9.599808161970709020e-02 1.140818133580194654e-01 8.850786288195461315e-02 8.727242883654126593e-02
1.575387114641475517e-01 8.753499129088553043e-02 8.378115589370850602e-02 8.745003828527470047e-02 8.751387730444583346e-02 1.077176737869636469e-01 1.016947511916284352e-01 1.246377330664042715e-01 8.077618878616230069e-02 8.135487893037923746e-02
1.683259415891176780e-01 9.213121794277992493e-02 8.624503998591893927e-02 9.204009352469520733e-02 8.925481566676531087e-02 1.089917358478904724e-01 1.017637063386464535e-01 1.214225320517980794e-01 6.873526313328637283e-02 7.108965391910161691e-02
1.532656677084676400e-01 9.108539067557830382e-02 8.772474871782214023e-02 9.097965472986853375e-02 9.097960412869533775e-02 1.041857346142287949e-01 9.992270670326915127e-02 1.238982658741875076e-01 7.887098336541828458e-02 7.908724348246427838e-02
1.636012659542641634e-01 8.774548664626441452e-02 8.426551052902922501e-02 8.769688314048258715e-02 8.866984438769398569e-02 1.068751747508909916e-01 9.584644241172313173e-02 1.283505771483031410e-01 7.768713299771634606e-02 7.926168203363205544e-02
1.567974726840112853e-01 8.844583627320695696e-02 8.500562178131552959e-02 8.839031691646302702e-02 9.059155365269744298e-02 1.103058602964155366e-01 9.966741222304867365e-02 1.273824113223931964e-01 7.712248059820901724e-02 7.629103425223932033e-02
1.461893309291984189e-01 9.027246658333983043e-02 8.639120391350434136e-02 9.017331964901072194e-02 9.252994979704269596e-02 1.052378460190704634e-01 1.001255105616702806e-01 1.250980253073653292e-01 8.206927060873983604e-02 8.191307663105806824e-02
1.473530388116204570e-01 9.130625311785478537e-02 8.598047846636326652e-02 9.120328676053678085e-02 9.240336769555886065e-02 1.061428171181488800e-01 1.011261923744320307e-01 1.197938382493176496e-01 8.318778850617877807e-02 8.150293889998852515e-02
1.633440384903471487e-01 8.773081118771258735e-02 8.394295854637189025e-02 8.766798653302911026e-02 8.976704066767636492e-02 1.040359974542968413e-01 9.853463819009086744e-02 1.226853458534374053e-01 8.066726810891793054e-02 8.162391496811982616e-02
1.436949364088619119e-01 9.294686234242491296e-02 8.854284190184606718e-02 9.278113626955353244e-02 9.272845722971981286e-02 1.050688394235209655e-01 1.030734175784770307e-01 1.236241777642086287e-01 7.893587766622231494e-02 7.860345341516480899e-02
1.378084929481069310e-01 9.693630524151188033e-02 8.872196104955364093e-02 9.682422926361552995e-02 9.369492131768433762e-02 1.049170557139761928e-01 1.068659469427624409e-01 1.209908512506172457e-01 7.520170697443823160e-02 7.803852929773365255e-02
1.436453406362822038e-01 9.162361336848799664e-02 8.985833611570381851e-02 9.160064003469103877e-02 9.074371600670640137e-02 1.043053665006407477e-01 1.033982215231411123e-01 1.186282419889927858e-01 8.301184654839356691e-02 8.318467727696031433e-02
1.594000534101787381e-01 9.354429500540187292e-02 8.576064324921148230e-02 9.348148139377696064e-02 9.143085254641450388e-02 1.058056402667960638e-01 1.024021329680019632e-01 1.218558926311650026e-01 7.410981948983623446e-02 7.220918903921721976e-02
1.636700958876013412e-01 9.085432952417499264e-02 8.567587609319662900e-02 9.076042481731008693e-02 8.814419693444007498e-02 1.054594540565957778e-01 1.011722139781888602e-01 1.231830587417226397e-01 7.546749650566847434e-02 7.561285346110110939e-02
1.434143047904638812e-01 9.372385756183142236e-02 8.809522306141347181e-02 9.366834967501075360e-02 9.338362487086790398e-02 1.019510619529312989e-01 1.021614737078914842e-01 1.188089144851384726e-01 8.188472349731756861e-02 8.290846639713371491e-02
1.231579591802679646e-01 9.639155629330503627e-02 9.255683132035340266e-02 9.631252607966443724e-02 9.423640681235047334e-02 1.058536765043881500e-01 1.082058456493784487e-01 1.207928963717367632e-01 8.235185088173871404e-02 8.014045090681658212e-02
1.268930214628190001e-01 9.578637167574896583e-02 9.254288220500773987e-02 9.582403079859522221e-02 9.711461523269593332e-02 9.734809631704835486e-02 1.044089516321511507e-01 1.043315691282089286e-01 9.536397065779987636e-02 9.038649088992486980e-02
1.432751059054493403e-01 9.218559962346609127e-02 8.940009788449874983e-02 9.203329004520138801e-02 9.138340161942754003e-02 1.054176368847384165e-01 1.019810737738039708e-01 1.190712092141332917e-01 8.234690586425301440e-02 8.290567918502818323e-02
1.192545329656939240e-01 9.648372954940270807e-02 9.278630254226077900e-02 9.633672529129394535e-02 9.583211235710081821e-02 1.066750740731868263e-01 1.066786165145049842e-01 1.148827800724745718e-01 8.666483984524030182e-02 8.440528678884114122e-02
1.274155212064368714e-01 9.416640895272233858e-02 8.949881303873991056e-02 9.396741671068924162e-02 9.666145898377044576e-02 1.033589377145402582e-01 1.015654768535016739e-01 1.160520972684941365e-01 9.080410581392030223e-02 8.650976345718486282e-02
1.547560095700029892e-01 9.110780038424878824e-02 8.557979424906315968e-02 9.101960566446994083e-02 8.833197452581990905e-02 1.067917734614139830e-01 1.003195513229128283e-01 1.260575961346807328e-01 7.648221784338350704e-02 7.955367684400417583e-02
1.622280665272934630e-01 9.184710100784677922e-02 8.593364068769161757e-02 9.175389749397180883e-02 9.014071268232765055e-02 1.038744710771957180e-01 1.027325128833120327e-01 1.252908058017817294e-01 7.367647751058954697e-02 7.252231432798963984e-02
1.584055370730760026e-01 8.885593868920511895e-02 8.387320332899396436e-02 8.882252260038016323e-02 8.753722113180459341e-02 1.056318208299874967e-01 1.010851412443184855e-01 1.283549053097260972e-01 7.811597279206568267e-02 7.931773700044235376e-02
1.607404184733637054e-01 9.024005652004792044e-02 8.574644736927922173e-02 9.020882769209843943e-02 8.993056252895276215e-02 1.080100525348454688e-01 1.012141222430819054e-01 1.237411383044976082e-01 7.419812831747200910e-02 7.597024601636094554e-02
1.409236371578587443e-01 9.359632819947054372e-02 9.021542121987231877e-02 9.350529219091678612e-02 9.361687614767959242e-02 1.076130385295727548e-01 1.029506806366845273e-01 1.221419678744589815e-01 7.622004825911762871e-02 7.921670978436819166e-02
1.228075192563118784e-01 9.851116799237402688e-02 9.241265398328009362e-02 9.845778250194238412e-02 9.518331493865439530e-02 1.003752079951016063e-01 1.069839838299581347e-01 1.179340074585081138e-01 8.214284436470283002e-02 8.519151767916657847e-02
1.496751350740027908e-01 8.691425137588812411e-02 8.772235185304630423e-02 8.685536233303917109e-02 8.846622621765840022e-02 1.119774073370281148e-01 9.749792217521333071e-02 1.272859835601233836e-01 8.230704383481578235e-02 8.129831623918461203e-02
1.315832459184038683e-01 9.561820989310799990e-02 9.126850424132855466e-02 9.563289090733761988e-02 9.498680225745566308e-02 9.935236482731682472e-02 1.066610630779910168e-01 1.107594677787307746e-01 8.769491626493784719e-02 8.644253483338980304e-02
1.342614611810832581e-01 9.320464828987151673e-02 8.798293894868101928e-02 9.304134801842456337e-02 9.395635109598891865e-02 1.065459591469394146e-01 9.961588615717248407e-02 1.233107775915925353e-01 8.276412489672657635e-02 8.531650467351969969e-02
1.298982141427093007e-01 9.564824004815458691e-02 9.217224197422400900e-02 9.547860469543495432e-02 9.335858872199366554e-02 1.069448828832844783e-01 1.040620434657163751e-01 1.234133400361162869e-01 7.936411510287587345e-02 7.965972892949053918e-02
1.372168273629454927e-01 8.773039365181801996e-02 9.065124978743399620e-02 8.775136051335336029e-02 9.506988055457042675e-02 1.112057866803674022e-01 9.656735548128565771e-02 1.131950180487478058e-01 9.084142671911049627e-02 8.977070120036732825e-02
1.426192046767820187e-01 9.360577952680744496e-02 8.827505397606585924e-02 9.356728148900415876e-02 9.215078750083652293e-02 1.063479039065893667e-01 1.030189898444299340e-01 1.225912974020517549e-01 7.856059346698847368e-02 7.926310821044448007e-02
1.428671006024279655e-01 9.469871037681050485e-02 8.768330235542552697e-02 9.467649452898342644e-02 9.071113820428702845e-02 1.059995311394002909e-01 1.044329678445686110e-01 1.171425158557827528e-01 8.271742464181683352e-02 7.907081445049708723e-02
1.330786515797332814e-01 9.389241809148353435e-02 8.840220150827071688e-02 9.377994311992410292e-02 9.293991632835764405e-02 1.084016305573991951e-01 1.010447015354142830e-01 1.182613673343833327e-01 8.695440879046599514e-02 8.324476115456790060e-02
1.362482336390017923e-01 9.378507876212795191e-02 8.844068522991653525e-02 9.369529480519819820e-02 9.386580115108643374e-02 1.065885566449508992e-01 1.035296557351684521e-01 1.213885843055809849e-01 8.183990157991453962e-02 8.061820814705421279e-02
1.407749218310076489e-01 9.286429203287691059e-02 9.185303243185562183e-02 9.279996344767295346e-02 9.266529188407426898e-02 1.041933957770243557e-01 1.017928358911169145e-01 1.173714810705349526e-01 8.213529717132901642e-02 8.354948846250738470e-02
1.375080591959133569e-01 9.190719415773529466e-02 8.932773099850586929e-02 9.191372647374396188e-02 9.191479010342254452e-02 1.034991533326779373e-01 1.044808545814707446e-01 1.194289394886341726e-01 8.438939622792535067e-02 8.563015543997080925e-02
1.492070926336445114e-01 9.148747175446197977e-02 8.684029197648371334e-02 9.134272980452064206e-02 9.153968779983870374e-02 1.072000135212586858e-01 9.981465212096901629e-02 1.230293254212375398e-01 8.013550177794113993e-02 7.940323318964408184e-02
1.402084498970709026e-01 9.485837268722982496e-02 8.734787536475731307e-02 9.474818332240857177e-02 9.262145196067314568e-02 1.028788891288059115e-01 1.018538604027184324e-01 1.179729437591360425e-01 8.489048056594020175e-02 8.261949291125962602e-02
1.509463482763598041e-01 9.286119461234376704e-02 8.626153108734350983e-02 9.281164220892744454e-02 8.922714056645210390e-02 1.095022375703205431e-01 1.039250912303864849e-01 1.224863519278150403e-01 7.570097527682233263e-02 7.627748724322892804e-02
1.386876115716119684e-01 9.228120122683769466e-02 8.883516250712658602e-02 9.226858327514385338e-02 9.177692297056627702e-02 1.104961085563659351e-01 1.019186413789014423e-01 1.276477862694212484e-01 7.613706135643270867e-02 7.995092088759227222e-02
1.562309878960523313e-01 9.005295163909834977e-02 8.997052433082280976e-02 9.004570816847032311e-02 8.579062063581588404e-02 1.152816896921681489e-01 9.621685761964912653e-02 1.244369645619303605e-01 7.610415332496972551e-02 7.586954213102301003e-02
1.598193841976929264e-01 8.979675740825539265e-02 8.379690132425932081e-02 8.975818981897878968e-02 8.897762534124502298e-02 1.089756648344982620e-01 1.015885218953037211e-01 1.246893700296734658e-01 7.619742608638443992e-02 7.640015906370868637e-02
1.416453548911808524e-01 9.059139310473163231e-02 8.838474034631178811e-02 9.043900994482649558e-02 9.260736957909135314e-02 1.078383749022584076e-01 9.967904230971322277e-02 1.206615835135451120e-01 8.503820974799626564e-02 8.311492166034487039e-02
1.937553370468894642e-01 8.946984354769507708e-02 8.644167447216477562e-02 8.903743406224932933e-02 8.900808432782354729e-02 1.104321910714268079e-01 1.081279066628215157e-01 1.378623613542544202e-01 4.759908359715669252e-02 4.826608385751840480e-02
1.451688441701642351e-01 9.463281123678433937e-02 8.812524563264448330e-02 9.453422041965932332e-02 9.321175181066364279e-02 1.028063029586274019e-01 1.057567911803249661e-01 1.180345987773072647e-01 7.947340061035969294e-02 7.825603320346463665e-02
1.474301104374063642e-01 9.319708555250041937e-02 8.876880113357803193e-02 9.304291951725396359e-02 9.225028083171081528e-02 1.046851201107286966e-01 1.018149417226149461e-01 1.198655429014595653e-01 7.952483287914847987e-02 7.942036491359874550e-02
1.454616159185346536e-01 9.071129730968136018e-02 8.723034097357536265e-02 9.064517956079717886e-02 9.313679767823332400e-02 1.056884383917074816e-01 1.005238297760240179e-01 1.241399181894880244e-01 8.007257485046745393e-02 8.239000735149110133e-02
1.584348907915684446e-01 8.718613740863617734e-02 8.306949678817639182e-02 8.714770333159566063e-02 9.150606702564256789e-02 1.101912012054747092e-01 9.669341963186695033e-02 1.206405629258304329e-01 8.298708182888805962e-02 8.214343906232064729e-02
1.562542496134112502e-01 9.080461143645844613e-02 8.616244732030799158e-02 9.067564857353675734e-02 8.865691107368736668e-02 1.073085991147963991e-01 1.033712317357401433e-01 1.250993046362542105e-01 7.578365338675810414e-02 7.588334310904928937e-02
1.364191295619592015e-01 9.702146918142615095e-02 8.962094526120976956e-02 9.696157207314594351e-02 9.382571095539712913e-02 1.020806728570278904e-01 1.052842853609989721e-01 1.188181260479207330e-01 7.961519603270425516e-02 8.035289266820994092e-02
1.559824976546146935e-01 9.153632590483029574e-02 8.878951054315652180e-02 9.133203449572667443e-02 9.188840742355784685e-02 1.068448385256741406e-01 1.018214296334673669e-01 1.249962869841576424e-01 7.417456995594626235e-02 7.263409887886859706e-02
1.304758596720607400e-01 9.399192277541398854e-02 8.846282213152054097e-02 9.390496499914188777e-02 9.307519530479957393e-02 1.060477490214117996e-01 9.716291113159408743e-02 1.224029633632290476e-01 8.746012854169103734e-02 8.701548305913729686e-02
1.481690305994655399e-01 9.116839562592228552e-02 8.610745794481421134e-02 9.096399335377701456e-02 9.159483520520753097e-02 1.061047885332509766e-01 1.029158406362250949e-01 1.275543535755588043e-01 7.703632621230810384e-02 7.838497831347041034e-02
1.224488822364841190e-01 9.866538124597296067e-02 8.800670303533407457e-02 9.855807494412388570e-02 9.466896204864409803e-02 1.033368384791029382e-01 1.025441116547417958e-01 1.176014491502164333e-01 8.582236379255729630e-02 8.834723341282238462e-02
1.537311429812312225e-01 9.021971030924791357e-02 8.821316851401841963e-02 9.012043563285114522e-02 9.160085867304647300e-02 1.084217671525342097e-01 1.045678929840588300e-01 1.219364861809002637e-01 7.622539082096303764e-02 7.496314675114852666e-02
1.441523402650153607e-01 9.580466020326748600e-02 8.829600793999055341e-02 9.569363563160598884e-02 9.132011748717971944e-02 1.033165102510871930e-01 1.043492533540057166e-01 1.214237066085944033e-01 7.740174334779384435e-02 7.824202491145972049e-02
1.531813968579952001e-01 9.225029889878702538e-02 8.534391096093896234e-02 9.214189307141512630e-02 8.857022083011126257e-02 1.050881878395161784e-01 1.012390266402112826e-01 1.230707391114998911e-01 7.959442692790535956e-02 7.951989886161972554e-02
1.405652893296031603e-01 9.606740157908823241e-02 8.957482180280229578e-02 9.602613492293385344e-02 9.356020554016822310e-02 9.842174662383000594e-02 1.042614147730981100e-01 1.130037454434941607e-01 8.518196448810114174e-02 8.333727549688081659e-02
1.505975241955819499e-01 9.100515092257183136e-02 8.717661476240702589e-02 9.090766160253406503e-02 9.126323342356211510e-02 1.068750908188576404e-01 1.001684641102868617e-01 1.237903548535748965e-01 7.933596412394060271e-02 7.887994118668299748e-02
1.393967617976153983e-01 9.150399560177242819e-02 9.054741346548003667e-02 9.143862660507177942e-02 9.221418722310867344e-02 1.060827134223406298e-01 1.047572091808001565e-01 1.169961176867023583e-01 8.312834247322697934e-02 8.393463254388161543e-02
1.513727118443209951e-01 9.054164626267473259e-02 8.751368494457099911e-02 9.044830923165483871e-02 9.125284899133147276e-02 1.037223264585387800e-01 9.837126604333133739e-02 1.217106491683928038e-01 8.267582121314291654e-02 8.239073584204108236e-02
1.493327780576597652e-01 9.387642627238294846e-02 8.826782248019585109e-02 9.382100901477426202e-02 9.087538926471572243e-02 1.011021098231377063e-01 1.057752508335987468e-01 1.150562698703383180e-01 8.127283215059903643e-02 8.062011223259760162e-02
1.515769510804128861e-01 8.898589242790647114e-02 8.780943949290784256e-02 8.891092787499996208e-02 9.010625114920230161e-02 1.077882067319329146e-01 1.006587697000458081e-01 1.267974505330903279e-01 7.847847930555322538e-02 7.888763170394824664e-02
1.512109349482558540e-01 8.807455399806758678e-02 8.527688917607181840e-02 8.799558609713205304e-02 8.949803711057435773e-02 1.065581596178995921e-01 9.666982261709622382e-02 1.286876039599790245e-01 8.199914278748603180e-02 8.402926968743747171e-02
1.489071412296811558e-01 8.714729861940088973e-02 8.639413446206656300e-02 8.707972488508372577e-02 9.349994543084227949e-02 1.073412127754401063e-01 1.005396391674748535e-01 1.179356000621939460e-01 8.536554057346479318e-02 8.578976279435171493e-02
1.357472590773067256e-01 9.618327984507146766e-02 9.009677474176350231e-02 9.604701996158497568e-02 9.260516401854117230e-02 1.093400835228333506e-01 1.031526402690396693e-01 1.257650253433002796e-01 7.501827442198066853e-02 7.604447879857824388e-02
1.188511068116815950e-01 9.526340415287021246e-02 9.457973724054982712e-02 9.525905634350997908e-02 9.290651765979475452e-02 1.018359069035833647e-01 1.054480011954098684e-01 1.157793913928000379e-01 8.884503954821092175e-02 9.123183875158942524e-02
1.519103073144751348e-01 8.714742573397489533e-02 8.541467863563641238e-02 8.709969531417902089e-02 8.964149993213620105e-02 1.111039651454365507e-01 9.701547754799175194e-02 1.266430522381964130e-01 8.321608307365525870e-02 8.080781506431831962e-02
1.632086461761219909e-01 9.159266394710391390e-02 8.672105808732796794e-02 9.142247908534412160e-02 9.088130771604596703e-02 1.046641658268229608e-01 9.819363372075756713e-02 1.279461053113182534e-01 7.262868645482604968e-02 7.274125367433122158e-02
1.548219988776023959e-01 9.275882444035526975e-02 8.982291561545847902e-02 9.258637075586809151e-02 9.254663964965717526e-02 1.069499994276103538e-01 1.002697859248711104e-01 1.220394645358346686e-01 7.384112056503608357e-02 7.436288020770645546e-02
1.440182239200940573e-01 9.454903074785775408e-02 8.952386085783552161e-02 9.436784824410700268e-02 9.333181702193071860e-02 1.086759279194792482e-01 1.016233671527177890e-01 1.268749045245010643e-01 7.280173466475794997e-02 7.423328494671888045e-02
1.057412894879114634e-01 1.017913923257154907e-01 9.904004946021185973e-02 1.018675622029663330e-01 1.002423121879044143e-01 9.559702552299115252e-02 1.054560264144962373e-01 9.987137120280416280e-02 9.684495878700068172e-02 9.354801240799819062e-02
1.094351449556537625e-01 9.457554279903968020e-02 9.376359164310410499e-02 9.464450895823640908e-02 1.011031644649953154e-01 1.096054992486218821e-01 9.267546920194748294e-02 1.012831698141246073e-01 1.035793687023945919e-01 9.933454021188214966e-02
1.395787779058904887e-01 9.512839355437352484e-02 8.593199437202668489e-02 9.514397027998250378e-02 9.142624234843758912e-02 1.010670286511710786e-01 1.031985694759917221e-01 1.150011007583256611e-01 8.656590801011287972e-02 8.695801464368789480e-02
1.610314411498990350e-01 9.303858890603033949e-02 8.322772791617735755e-02 9.298553716036765671e-02 9.092210623798878399e-02 9.878397215590838110e-02 9.835867957730810851e-02 1.134589300920384042e-01 8.442105958980249125e-02 8.377195721447942833e-02
1.510314864390193412e-01 9.373096212135093031e-02 8.898243092738108984e-02 9.361708707633278892e-02 9.218015898826777133e-02 1.062904815904837236e-01 1.001559178096433633e-01 1.203120220743700147e-01 7.552795494226657858e-02 7.817149803088437043e-02
1.353654955156362860e-01 9.323775622205156266e-02 9.108898595568946932e-02 9.305919234814515051e-02 9.385742627634439950e-02 1.080386124407199527e-01 1.019148231163706508e-01 1.200059807356649993e-01 8.040874225193625491e-02 8.302298513744127417e-02
1.416769380884171925e-01 9.393818078779893332e-02 8.799336890868028616e-02 9.379854411503325828e-02 9.191882605108922522e-02 1.065085578963722579e-01 1.053560809694850386e-01 1.226632983278470451e-01 7.755797587418537808e-02 7.858822898109139865e-02
1.406484632114816113e-01 9.250430183516104854e-02 8.808130538749758820e-02 9.246394269534759236e-02 9.231937946643418991e-02 1.075362911040260300e-01 1.029819995816545625e-01 1.211729581760999513e-01 8.100208621353981175e-02 8.128927232875757247e-02
1.504278089151707132e-01 9.231655731290545897e-02 8.782305772268383937e-02 9.213027214224245309e-02 9.129928661894319564e-02 1.055778651181033811e-01 1.021666104744064774e-01 1.264656203332339690e-01 7.692582955860756411e-02 7.486709180370298977e-02
1.436508850455221475e-01 9.121079114110237918e-02 8.700654994376083584e-02 9.119303088355282250e-02 9.349900830471639945e-02 1.078271751972334352e-01 1.036425051923058893e-01 1.186542321697395125e-01 8.212781343849408222e-02 8.118800868357248235e-02
1.419588901280068871e-01 9.324621815561354166e-02 8.889873538641439310e-02 9.320907715135576255e-02 9.338601710069542594e-02 1.031840012204932461e-01 1.053948603974215886e-01 1.173090695948740270e-01 8.056625925088707618e-02 8.284687161423809343e-02
1.616079459957654452e-01 8.828409814648603693e-02 8.618703612895740884e-02 8.814882442597354872e-02 9.078071836864198829e-02 1.073863180042156640e-01 1.012344161774295787e-01 1.243986567815017069e-01 7.532565428888050862e-02 7.664633168214816938e-02
1.456018781563814257e-01 9.203485249748998009e-02 8.870045946433582906e-02 9.187201433768914238e-02 9.244686305055564712e-02 1.054248852554069138e-01 1.025875783797114138e-01 1.228323548813259336e-01 7.783111276546876567e-02 8.066800121163490711e-02
1.362224437892920192e-01 9.280685814709667414e-02 8.825639766660418883e-02 9.268893401416153366e-02 9.208005844679008345e-02 1.121901509862517771e-01 1.014352210175396007e-01 1.292651336314046828e-01 7.598991224986378912e-02 7.906489005099562317e-02
1.698383883050860188e-01 8.706210144346475388e-02 8.391370018314950330e-02 8.707199771051932213e-02 8.688530279720725613e-02 1.064494131283893336e-01 9.414902965076236974e-02 1.262783734049693907e-01 7.755119605383277437e-02 8.080049732261933293e-02
1.345232017422432480e-01 8.982610984979688684e-02 8.609428727480247789e-02 8.979710979203407717e-02 9.195483403387716415e-02 1.113329406887953454e-01 1.015048213615549200e-01 1.233501007058579041e-01 8.678957857646091290e-02 8.482701597457707743e-02
1.640808229312698541e-01 9.028575011106089454e-02 8.503831669249706238e-02 9.016787314894111893e-02 8.954389121247019467e-02 1.051948242700894431e-01 9.771179875469682141e-02 1.289799838440925106e-01 7.383634546018495726e-02 7.516039357469715687e-02
1.276567449067676219e-01 9.661191025488424788e-02 9.316127389727490993e-02 9.640626477015977469e-02 9.628722730433911248e-02 1.084078045729435918e-01 1.028250436768300274e-01 1.177837147000434931e-01 8.002975866510382563e-02 8.083025725165338127e-02
1.699269154679267924e-01 8.762985435842023108e-02 8.447891167982907179e-02 8.750918261808457443e-02 8.947530335556874714e-02 1.109673133235218878e-01 9.942518667508620789e-02 1.262061848085798965e-01 7.172724748696472641e-02 7.265390022601787845e-02
1.374294229486955343e-01 9.299276386663318794e-02 9.166322537622202671e-02 9.288702399877929450e-02 9.395630909939539643e-02 1.036164797047835068e-01 1.010002424721631875e-01 1.158716775527073167e-01 8.387912470799539777e-02 8.670373027262516519e-02
1.317398270306606722e-01 9.293366109540626696e-02 9.074756949435539011e-02 9.283119596631031478e-02 9.727818329043126655e-02 1.066131591960221420e-01 1.035970325783752422e-01 1.146766142366451025e-01 8.443179138697981534e-02 8.515096572481378745e-02
1.565766571846807509e-01 8.847512801740591015e-02 8.405867972319716608e-02 8.844498333903388909e-02 8.795962039617144512e-02 1.057792949003124594e-01 9.779465564782340026e-02 1.332704132736624303e-01 7.739983508933767631e-02 8.024073242837488629e-02
1.330218498861266974e-01 8.890752713241613370e-02 9.114117553856890264e-02 8.888721898628706986e-02 9.512915626116608125e-02 1.098396969527254269e-01 9.621443366759158122e-02 1.148978375076622066e-01 9.197049492304834595e-02 8.999060914440761005e-02
1.350855184884439952e-01 9.020269765580339605e-02 9.031733879319413238e-02 9.011455318733142816e-02 9.727930299793495494e-02 1.093675060761279821e-01 1.020318918172204992e-01 1.119170547371898250e-01 8.777959518942159145e-02 8.590454105733219548e-02
1.442502160925456522e-01 9.339082693561438775e-02 8.881320166186723597e-02 9.328969226600576647e-02 9.224400220784167992e-02 1.038814832797289728e-01 1.054263855328509691e-01 1.225270488626041127e-01 7.730437202112279416e-02 7.887277113981838728e-02
2.126299812971843561e-01 8.445197289465859736e-02 8.321986172959608408e-02 8.448643267603483942e-02 8.515047290717953077e-02 9.445363590452190983e-02 9.126679736617686334e-02 1.074619189690236148e-01 7.927047563059209934e-02 7.760845062503211877e-02
1.743666876065478322e-01 8.859285135474555262e-02 8.474848036614859859e-02 8.854713729296294356e-02 8.861389715841254400e-02 1.059880977101911037e-01 9.866938331510412274e-02 1.221728894559156592e-01 7.421735082937493122e-02 7.408322491059671222e-02
1.484928490775406507e-01 9.065550531267622947e-02 8.706643228546596947e-02 9.052878879417271263e-02 9.083390988220998996e-02 1.075119682130901144e-01 1.045283739835788234e-01 1.258755567590634783e-01 7.701086370635273903e-02 7.749575198584923719e-02
1.273966298694847732e-01 9.095281914139921597e-02 8.672067960146581656e-02 9.093169072876962356e-02 9.796586504436190224e-02 1.075389755850209156e-01 1.018110882364961362e-01 1.143557648786514419e-01 9.096239826322038979e-02 9.136408865112975730e-02
1.219055222940074318e-01 9.448165675586062129e-02 9.399927978365543724e-02 9.455527612728736875e-02 9.511360290824688590e-02 1.049279476459809152e-01 1.093742242632480682e-01 1.126947717009919858e-01 8.535991117182932519e-02 8.758780734889194675e-02
1.420886726745248241e-01 9.416429184135058361e-02 8.964875758594360866e-02 9.412034934440847989e-02 9.503615307741788976e-02 1.018019554965421819e-01 1.014246685268374026e-01 1.150125073473168280e-01 8.152194924400422982e-02 8.518069486165393001e-02
1.317094198437464558e-01 9.649522642470605149e-02 9.191865168596032032e-02 9.637122120624240507e-02 9.294625525823123346e-02 1.053570475495650138e-01 1.037014707021309823e-01 1.220212856976822247e-01 7.942453835937557383e-02 8.005488327235986412e-02
1.522156164017704760e-01 8.845469932249348799e-02 8.613950678583311149e-02 8.835062373533866809e-02 9.083087694372497800e-02 1.091288380509213563e-01 1.007637489241288709e-01 1.227938017903706935e-01 8.157381958306120229e-02 7.974846846235723874e-02
1.389791439377867088e-01 9.508856414933844481e-02 9.184820797686930882e-02 9.485747800108164374e-02 9.567613954554696210e-02 1.096336176428411441e-01 1.032940535428114454e-01 1.209736474966715825e-01 7.356998896887041728e-02 7.607915873818228703e-02
1.462015247774226534e-01 9.299706526368907433e-02 8.987412360712042358e-02 9.288075714330651378e-02 9.281085680973361063e-02 1.042747977681400401e-01 1.012586631045671037e-01 1.184591276100982749e-01 7.979091867072392319e-02 8.145216524519842405e-02
1.455912507440293158e-01 9.280838558697108998e-02 8.982645067074110368e-02 9.268967092780476535e-02 9.236540405090803985e-02 1.055881110248634985e-01 1.019013420815329252e-01 1.187668596751792344e-01 8.186981038270706168e-02 7.859271485526293788e-02
1.374428339998625959e-01 9.527706537475541526e-02 8.791289052902707957e-02 9.518022161226905031e-02 9.214636180366023166e-02 1.049993125732714278e-01 1.020700059491148753e-01 1.162547386028535273e-01 8.541550902200430173e-02 8.330106053318156456e-02
1.391681566866131148e-01 9.422656303209725470e-02 8.940111687215707148e-02 9.409165568270821955e-02 9.311915958832471529e-02 1.003444876266120223e-01 1.026514019770855407e-01 1.188607751553126812e-01 8.237455900505921691e-02 8.576212437403023248e-02
1.294962669146827727e-01 9.567806429959364867e-02 9.112188429483701613e-02 9.556080367368938178e-02 9.491177043970487615e-02 1.058577106672884127e-01 1.022201416097620608e-01 1.201653355993135414e-01 8.333283569865113094e-02 8.165518680247717265e-02
1.453264980140569207e-01 9.120049507487086593e-02 8.794287989450645660e-02 9.121878347887604765e-02 9.285797030782294570e-02 1.045883725443565032e-01 9.885271650455032533e-02 1.207259154878263518e-01 8.195017249841758666e-02 8.533619619471594087e-02
1.478151075494296141e-01 9.280464260221470141e-02 8.921939196627295954e-02 9.277758365735182255e-02 9.248995471660508005e-02 1.054853637350971068e-01 1.007828421102424099e-01 1.190799844279528119e-01 7.885759990150592591e-02 8.068752933332755395e-02
1.514681102549329805e-01 8.939571959757722230e-02 8.603948953961712554e-02 8.932737313577798766e-02 9.098618850540411696e-02 1.049901690800448262e-01 9.698116837105330568e-02 1.203156639390631638e-01 8.654835177805271507e-02 8.394776579847655629e-02
1.506339906317301358e-01 8.984235689801504943e-02 8.486806175993456824e-02 8.981170565315246823e-02 8.954700379257027332e-02 1.056009141980851357e-01 1.007577090139347986e-01 1.226010174033758254e-01 8.361751574171229218e-02 8.271972490748943918e-02
1.258998980855714489e-01 1.001527912873333287e-01 9.244564732243119864e-02 1.000969713554528684e-01 9.539210392766221680e-02 1.027221982988456572e-01 1.049049473743452060e-01 1.183882034897954377e-01 7.837122154346058689e-02 8.162601731510209235e-02
1.684480323877083630e-01 8.941887951084445674e-02 8.457389588942555714e-02 8.938092114631246421e-02 8.849854568965340174e-02 1.055991673182800905e-01 9.790616695429626981e-02 1.218921949686348621e-01 7.768661649726030238e-02 7.659557963758426014e-02
1.359170700772542040e-01 9.411064248038936153e-02 9.054042750932327077e-02 9.398930898915178189e-02 9.304351621823733764e-02 1.083472867837576570e-01 1.028505459681690465e-01 1.213014390330376807e-01 7.906066505769958341e-02 8.083909788298009047e-02
1.481107887358200925e-01 9.233100514473430165e-02 8.695973897422465404e-02 9.231611459763294780e-02 9.248565834690285203e-02 1.029805441777308650e-01 1.027772558358160532e-01 1.150938953076001692e-01 8.492639248677380515e-02 8.201860639276421783e-02
1.403676682068977777e-01 9.450305277705908780e-02 9.135411509161717181e-02 9.427731022845470266e-02 9.394085469997642823e-02 1.082183211798297129e-01 1.053244373083665891e-01 1.243855970838417119e-01 7.270396834040090961e-02 7.492467508355586669e-02
1.637410022281713395e-01 8.958842392589964898e-02 8.647440491939230311e-02 8.955624798869317449e-02 9.000834056320416998e-02 1.080134200110001857e-01 9.944006000775325316e-02 1.227397083947364409e-01 7.475056202655513959e-02 7.568782993459437225e-02
1.434733627731211991e-01 9.075417426523180175e-02 8.648972803836491030e-02 9.072765562441209575e-02 8.993784135712461214e-02 1.061536108548274543e-01 9.732705726415867564e-02 1.241695830466257588e-01 8.550262219760280946e-02 8.546436457853071045e-02
1.457693492107104138e-01 9.347023426823430903e-02 9.046169310054949508e-02 9.333300503946415083e-02 9.359531762782388742e-02 1.043591294102521327e-01 1.019766055648672065e-01 1.153235013248612717e-01 8.094704289035550837e-02 8.076412156288159672e-02
1.471267643846492224e-01 9.237123983285196183e-02 8.686287269599708705e-02 9.227673472182336412e-02 9.174980938622540050e-02 1.067358643501273019e-01 9.866052395787834606e-02 1.250969680885701263e-01 7.919965826760540228e-02 7.991956431427174601e-02
1.212784379727080142e-01 9.204978611352486462e-02 8.902293286845133768e-02 9.204963090738417508e-02 9.665476885335395896e-02 1.129145026646785066e-01 9.442241942119528053e-02 1.095075485148683386e-01 9.788307008556279554e-02 9.421690259827272818e-02
1.477154129795923421e-01 9.397023667310222539e-02 8.854160961685504649e-02 9.389880565041792970e-02 9.216618568877882334e-02 1.082578217132854903e-01 1.022081830120736556e-01 1.169915087467847947e-01 7.895239888693147967e-02 7.729783703217818491e-02
